Project Name,Package Name,Type Name,NOF,NOPF,NOM,NOPM,LOC,WMC,NC,DIT,LCOM,FANIN,FANOUT,File path,Line no
hadoop,org.apache.hadoop.yarn.applications.distributedshell,TestDSSleepingAppMaster,2,0,1,1,35,4,0,1,0.0,0,0,/Users/eashraf/hadoop/hadoop-yarn-project/hadoop-yarn/hadoop-yarn-applications/hadoop-yarn-applications-distributedshell/src/test/java/org/apache/hadoop/yarn/applications/distributedshell/TestDSSleepingAppMaster.java,24
hadoop,org.apache.hadoop.yarn.applications.distributedshell,TestDistributedShellWithNodeLabels,5,0,3,2,72,4,0,0,0.0,0,6,/Users/eashraf/hadoop/hadoop-yarn-project/hadoop-yarn/hadoop-yarn-applications/hadoop-yarn-applications-distributedshell/src/test/java/org/apache/hadoop/yarn/applications/distributedshell/TestDistributedShellWithNodeLabels.java,37
hadoop,org.apache.hadoop.yarn.applications.distributedshell,TestDistributedShellWithNodeLabels.NMContainerMonitor,2,0,0,0,27,0,0,0,-1.0,0,0,/Users/eashraf/hadoop/hadoop-yarn-project/hadoop-yarn/hadoop-yarn-applications/hadoop-yarn-applications-distributedshell/src/test/java/org/apache/hadoop/yarn/applications/distributedshell/TestDistributedShellWithNodeLabels.java,131
hadoop,org.apache.hadoop.yarn.applications.distributedshell,TestDSFailedAppMaster,1,0,2,2,43,7,0,1,0.0,0,0,/Users/eashraf/hadoop/hadoop-yarn-project/hadoop-yarn/hadoop-yarn-applications/hadoop-yarn-applications-distributedshell/src/test/java/org/apache/hadoop/yarn/applications/distributedshell/TestDSFailedAppMaster.java,27
hadoop,org.apache.hadoop.yarn.applications.distributedshell,ContainerLaunchFailAppMaster,1,0,3,2,42,5,0,1,1.0,0,1,/Users/eashraf/hadoop/hadoop-yarn-project/hadoop-yarn/hadoop-yarn-applications/hadoop-yarn-applications-distributedshell/src/test/java/org/apache/hadoop/yarn/applications/distributedshell/ContainerLaunchFailAppMaster.java,28
hadoop,org.apache.hadoop.yarn.applications.distributedshell,ContainerLaunchFailAppMaster.FailContainerLaunchNMCallbackHandler,0,0,0,0,8,0,0,1,-1.0,0,1,/Users/eashraf/hadoop/hadoop-yarn-project/hadoop-yarn/hadoop-yarn-applications/hadoop-yarn-applications-distributedshell/src/test/java/org/apache/hadoop/yarn/applications/distributedshell/ContainerLaunchFailAppMaster.java,42
hadoop,org.apache.hadoop.yarn.applications.distributedshell,TestDistributedShell,5,0,22,16,457,58,0,0,0.09090909090909091,1,13,/Users/eashraf/hadoop/hadoop-yarn-project/hadoop-yarn/hadoop-yarn-applications/hadoop-yarn-applications-distributedshell/src/test/java/org/apache/hadoop/yarn/applications/distributedshell/TestDistributedShell.java,57
hadoop,org.apache.hadoop.yarn.applications.distributedshell,Client,35,1,11,5,465,62,0,0,0.18181818181818182,3,36,/Users/eashraf/hadoop/hadoop-yarn-project/hadoop-yarn/hadoop-yarn-applications/hadoop-yarn-applications-distributedshell/src/main/java/org/apache/hadoop/yarn/applications/distributedshell/Client.java,82
hadoop,org.apache.hadoop.yarn.applications.distributedshell,Log4jPropertyHelper,0,0,1,1,23,2,0,0,-1.0,2,0,/Users/eashraf/hadoop/hadoop-yarn-project/hadoop-yarn/hadoop-yarn-applications/hadoop-yarn-applications-distributedshell/src/main/java/org/apache/hadoop/yarn/applications/distributedshell/Log4jPropertyHelper.java,31
hadoop,org.apache.hadoop.yarn.applications.distributedshell,ApplicationMaster,40,0,19,8,624,58,4,0,0.0,4,36,/Users/eashraf/hadoop/hadoop-yarn-project/hadoop-yarn/hadoop-yarn-applications/hadoop-yarn-applications-distributedshell/src/main/java/org/apache/hadoop/yarn/applications/distributedshell/ApplicationMaster.java,104
hadoop,org.apache.hadoop.yarn.applications.distributedshell,ApplicationMaster.DSEvent,0,0,0,0,1,0,0,0,-1.0,0,0,/Users/eashraf/hadoop/hadoop-yarn-project/hadoop-yarn/hadoop-yarn-applications/hadoop-yarn-applications-distributedshell/src/main/java/org/apache/hadoop/yarn/applications/distributedshell/ApplicationMaster.java,171
hadoop,org.apache.hadoop.yarn.applications.distributedshell,ApplicationMaster.DSEntity,0,0,0,0,1,0,0,0,-1.0,0,0,/Users/eashraf/hadoop/hadoop-yarn-project/hadoop-yarn/hadoop-yarn-applications/hadoop-yarn-applications-distributedshell/src/main/java/org/apache/hadoop/yarn/applications/distributedshell/ApplicationMaster.java,177
hadoop,org.apache.hadoop.yarn.applications.distributedshell,ApplicationMaster.RMCallbackHandler,0,0,0,0,62,0,0,0,-1.0,0,2,/Users/eashraf/hadoop/hadoop-yarn-project/hadoop-yarn/hadoop-yarn-applications/hadoop-yarn-applications-distributedshell/src/main/java/org/apache/hadoop/yarn/applications/distributedshell/ApplicationMaster.java,702
hadoop,org.apache.hadoop.yarn.applications.distributedshell,ApplicationMaster.NMCallbackHandler,2,0,0,0,46,0,0,0,-1.0,0,1,/Users/eashraf/hadoop/hadoop-yarn-project/hadoop-yarn/hadoop-yarn-applications/hadoop-yarn-applications-distributedshell/src/main/java/org/apache/hadoop/yarn/applications/distributedshell/ApplicationMaster.java,817
hadoop,org.apache.hadoop.yarn.applications.distributedshell,ApplicationMaster.LaunchContainerRunnable,2,0,0,0,67,0,0,0,-1.0,0,5,/Users/eashraf/hadoop/hadoop-yarn-project/hadoop-yarn/hadoop-yarn-applications/hadoop-yarn-applications-distributedshell/src/main/java/org/apache/hadoop/yarn/applications/distributedshell/ApplicationMaster.java,888
hadoop,org.apache.hadoop.yarn.applications.distributedshell,DSConstants,4,4,0,0,21,0,0,0,-1.0,2,0,/Users/eashraf/hadoop/hadoop-yarn-project/hadoop-yarn/hadoop-yarn-applications/hadoop-yarn-applications-distributedshell/src/main/java/org/apache/hadoop/yarn/applications/distributedshell/DSConstants.java,24
hadoop,org.apache.hadoop.yarn.applications.unmanagedamlauncher,TestUnmanagedAMLauncher,3,0,7,6,115,14,0,0,0.2857142857142857,0,13,/Users/eashraf/hadoop/hadoop-yarn-project/hadoop-yarn/hadoop-yarn-applications/hadoop-yarn-applications-unmanaged-am-launcher/src/test/java/org/apache/hadoop/yarn/applications/unmanagedamlauncher/TestUnmanagedAMLauncher.java,51
hadoop,org.apache.hadoop.yarn.applications.unmanagedamlauncher,UnmanagedAMLauncher,10,0,11,8,297,37,0,0,0.18181818181818182,1,20,/Users/eashraf/hadoop/hadoop-yarn-project/hadoop-yarn/hadoop-yarn-applications/hadoop-yarn-applications-unmanaged-am-launcher/src/main/java/org/apache/hadoop/yarn/applications/unmanagedamlauncher/UnmanagedAMLauncher.java,64
hadoop,org.apache.hadoop.yarn.util,Records,1,0,1,1,9,1,0,0,0.0,190,1,/Users/eashraf/hadoop/hadoop-yarn-project/hadoop-yarn/hadoop-yarn-api/src/main/java/org/apache/hadoop/yarn/util/Records.java,25
hadoop,org.apache.hadoop.yarn.util,TestFSDownload,3,0,22,13,442,58,0,0,0.18181818181818182,0,16,/Users/eashraf/hadoop/hadoop-yarn-project/hadoop-yarn/hadoop-yarn-common/src/test/java/org/apache/hadoop/yarn/util/TestFSDownload.java,84
hadoop,org.apache.hadoop.yarn.util,TestFSDownload.TEST_FILE_TYPE,0,0,0,0,1,0,0,0,-1.0,0,0,/Users/eashraf/hadoop/hadoop-yarn-project/hadoop-yarn/hadoop-yarn-common/src/test/java/org/apache/hadoop/yarn/util/TestFSDownload.java,89
hadoop,org.apache.hadoop.yarn.util,TestYarnVersionInfo,0,0,1,1,18,1,0,0,-1.0,0,1,/Users/eashraf/hadoop/hadoop-yarn-project/hadoop-yarn/hadoop-yarn-common/src/test/java/org/apache/hadoop/yarn/util/TestYarnVersionInfo.java,27
hadoop,org.apache.hadoop.yarn.util,TestWindowsResourceCalculatorPlugin,1,0,3,3,42,3,0,0,0.0,0,0,/Users/eashraf/hadoop/hadoop-yarn-project/hadoop-yarn/hadoop-yarn-common/src/test/java/org/apache/hadoop/yarn/util/TestWindowsResourceCalculatorPlugin.java,24
hadoop,org.apache.hadoop.yarn.util,TestWindowsResourceCalculatorPlugin.WindowsResourceCalculatorPluginTester,1,0,0,0,6,0,0,2,-1.0,0,0,/Users/eashraf/hadoop/hadoop-yarn-project/hadoop-yarn/hadoop-yarn-common/src/test/java/org/apache/hadoop/yarn/util/TestWindowsResourceCalculatorPlugin.java,27
hadoop,org.apache.hadoop.yarn.util,TestProcfsBasedProcessTree,16,0,23,12,586,50,0,0,0.0,1,7,/Users/eashraf/hadoop/hadoop-yarn-project/hadoop-yarn/hadoop-yarn-common/src/test/java/org/apache/hadoop/yarn/util/TestProcfsBasedProcessTree.java,56
hadoop,org.apache.hadoop.yarn.util,TestProcfsBasedProcessTree.RogueTaskThread,0,0,0,0,24,0,0,0,-1.0,0,0,/Users/eashraf/hadoop/hadoop-yarn-project/hadoop-yarn/hadoop-yarn-common/src/test/java/org/apache/hadoop/yarn/util/TestProcfsBasedProcessTree.java,72
hadoop,org.apache.hadoop.yarn.util,TestProcfsBasedProcessTree.ProcessStatInfo,9,0,0,0,29,0,0,0,-1.0,0,0,/Users/eashraf/hadoop/hadoop-yarn-project/hadoop-yarn/hadoop-yarn-common/src/test/java/org/apache/hadoop/yarn/util/TestProcfsBasedProcessTree.java,292
hadoop,org.apache.hadoop.yarn.util,TestLinuxResourceCalculatorPlugin,10,0,3,2,105,4,0,0,0.0,0,1,/Users/eashraf/hadoop/hadoop-yarn-project/hadoop-yarn/hadoop-yarn-common/src/test/java/org/apache/hadoop/yarn/util/TestLinuxResourceCalculatorPlugin.java,31
hadoop,org.apache.hadoop.yarn.util,TestLinuxResourceCalculatorPlugin.FakeLinuxResourceCalculatorPlugin,1,0,0,0,15,0,0,2,-1.0,0,0,/Users/eashraf/hadoop/hadoop-yarn-project/hadoop-yarn/hadoop-yarn-common/src/test/java/org/apache/hadoop/yarn/util/TestLinuxResourceCalculatorPlugin.java,36
hadoop,org.apache.hadoop.yarn.util,TestWindowsBasedProcessTree,2,0,1,1,41,2,0,0,0.0,0,2,/Users/eashraf/hadoop/hadoop-yarn-project/hadoop-yarn/hadoop-yarn-common/src/test/java/org/apache/hadoop/yarn/util/TestWindowsBasedProcessTree.java,28
hadoop,org.apache.hadoop.yarn.util,TestWindowsBasedProcessTree.WindowsBasedProcessTreeTester,1,0,0,0,9,0,0,2,-1.0,0,0,/Users/eashraf/hadoop/hadoop-yarn-project/hadoop-yarn/hadoop-yarn-common/src/test/java/org/apache/hadoop/yarn/util/TestWindowsBasedProcessTree.java,32
hadoop,org.apache.hadoop.yarn.util,ControlledClock,2,0,4,4,19,5,0,1,0.0,7,1,/Users/eashraf/hadoop/hadoop-yarn-project/hadoop-yarn/hadoop-yarn-common/src/test/java/org/apache/hadoop/yarn/util/ControlledClock.java,21
hadoop,org.apache.hadoop.yarn.util,TestConverterUtils,0,0,9,9,60,9,0,0,-1.0,0,6,/Users/eashraf/hadoop/hadoop-yarn-project/hadoop-yarn/hadoop-yarn-common/src/test/java/org/apache/hadoop/yarn/util/TestConverterUtils.java,32
hadoop,org.apache.hadoop.yarn.util,TestRackResolver,4,1,1,1,46,1,0,0,0.0,0,6,/Users/eashraf/hadoop/hadoop-yarn-project/hadoop-yarn/hadoop-yarn-common/src/test/java/org/apache/hadoop/yarn/util/TestRackResolver.java,36
hadoop,org.apache.hadoop.yarn.util,TestRackResolver.MyResolver,2,1,0,0,25,0,0,0,-1.0,0,0,/Users/eashraf/hadoop/hadoop-yarn-project/hadoop-yarn/hadoop-yarn-common/src/test/java/org/apache/hadoop/yarn/util/TestRackResolver.java,42
hadoop,org.apache.hadoop.yarn.util,TestTimes,0,0,5,5,30,5,0,0,-1.0,0,1,/Users/eashraf/hadoop/hadoop-yarn-project/hadoop-yarn/hadoop-yarn-common/src/test/java/org/apache/hadoop/yarn/util/TestTimes.java,24
hadoop,org.apache.hadoop.yarn.util,TestResourceCalculatorProcessTree,0,0,2,2,40,2,0,0,-1.0,0,2,/Users/eashraf/hadoop/hadoop-yarn-project/hadoop-yarn/hadoop-yarn-common/src/test/java/org/apache/hadoop/yarn/util/TestResourceCalculatorProcessTree.java,26
hadoop,org.apache.hadoop.yarn.util,TestResourceCalculatorProcessTree.EmptyProcessTree,0,0,0,0,22,0,0,1,-1.0,0,0,/Users/eashraf/hadoop/hadoop-yarn-project/hadoop-yarn/hadoop-yarn-common/src/test/java/org/apache/hadoop/yarn/util/TestResourceCalculatorProcessTree.java,31
hadoop,org.apache.hadoop.yarn.util,TestRackResolverScriptBasedMapping,0,0,1,1,9,1,0,0,-1.0,0,5,/Users/eashraf/hadoop/hadoop-yarn-project/hadoop-yarn/hadoop-yarn-common/src/test/java/org/apache/hadoop/yarn/util/TestRackResolverScriptBasedMapping.java,28
hadoop,org.apache.hadoop.yarn.util,ProcfsBasedProcessTree,49,6,18,13,682,68,0,1,0.0,4,3,/Users/eashraf/hadoop/hadoop-yarn-project/hadoop-yarn/hadoop-yarn-common/src/main/java/org/apache/hadoop/yarn/util/ProcfsBasedProcessTree.java,48
hadoop,org.apache.hadoop.yarn.util,ProcfsBasedProcessTree.MemInfo,1,0,0,0,13,0,0,0,-1.0,0,0,/Users/eashraf/hadoop/hadoop-yarn-project/hadoop-yarn/hadoop-yarn-common/src/main/java/org/apache/hadoop/yarn/util/ProcfsBasedProcessTree.java,70
hadoop,org.apache.hadoop.yarn.util,ProcfsBasedProcessTree.ProcessInfo,13,0,0,0,134,0,0,0,-1.0,0,0,/Users/eashraf/hadoop/hadoop-yarn-project/hadoop-yarn/hadoop-yarn-common/src/main/java/org/apache/hadoop/yarn/util/ProcfsBasedProcessTree.java,555
hadoop,org.apache.hadoop.yarn.util,ProcfsBasedProcessTree.ProcessTreeSmapMemInfo,2,0,0,0,25,0,0,0,-1.0,0,0,/Users/eashraf/hadoop/hadoop-yarn-project/hadoop-yarn/hadoop-yarn-common/src/main/java/org/apache/hadoop/yarn/util/ProcfsBasedProcessTree.java,780
hadoop,org.apache.hadoop.yarn.util,ProcfsBasedProcessTree.ProcessSmapMemoryInfo,10,0,0,0,102,0,0,0,-1.0,0,0,/Users/eashraf/hadoop/hadoop-yarn-project/hadoop-yarn/hadoop-yarn-common/src/main/java/org/apache/hadoop/yarn/util/ProcfsBasedProcessTree.java,810
hadoop,org.apache.hadoop.yarn.util,ApplicationClassLoader,0,0,2,2,11,2,0,0,-1.0,0,0,/Users/eashraf/hadoop/hadoop-yarn-project/hadoop-yarn/hadoop-yarn-common/src/main/java/org/apache/hadoop/yarn/util/ApplicationClassLoader.java,28
hadoop,org.apache.hadoop.yarn.util,ConverterUtils,3,3,17,14,157,29,0,0,0.7647058823529411,89,12,/Users/eashraf/hadoop/hadoop-yarn-project/hadoop-yarn/hadoop-yarn-common/src/main/java/org/apache/hadoop/yarn/util/ConverterUtils.java,47
hadoop,org.apache.hadoop.yarn.util,Apps,2,2,9,9,72,17,0,0,0.3333333333333333,6,4,/Users/eashraf/hadoop/hadoop-yarn-project/hadoop-yarn/hadoop-yarn-common/src/main/java/org/apache/hadoop/yarn/util/Apps.java,40
hadoop,org.apache.hadoop.yarn.util,RackResolver,3,0,5,3,63,8,0,0,0.0,8,6,/Users/eashraf/hadoop/hadoop-yarn-project/hadoop-yarn/hadoop-yarn-common/src/main/java/org/apache/hadoop/yarn/util/RackResolver.java,40
hadoop,org.apache.hadoop.yarn.util,ResourceCalculatorPlugin,0,0,9,9,68,12,2,0,-1.0,13,3,/Users/eashraf/hadoop/hadoop-yarn-project/hadoop-yarn/hadoop-yarn-common/src/main/java/org/apache/hadoop/yarn/util/ResourceCalculatorPlugin.java,28
hadoop,org.apache.hadoop.yarn.util,TrackingUriPlugin,0,0,1,1,12,1,0,0,-1.0,1,1,/Users/eashraf/hadoop/hadoop-yarn-project/hadoop-yarn/hadoop-yarn-common/src/main/java/org/apache/hadoop/yarn/util/TrackingUriPlugin.java,29
hadoop,org.apache.hadoop.yarn.util,FSDownload,12,0,17,8,300,51,0,0,0.0,3,15,/Users/eashraf/hadoop/hadoop-yarn-project/hadoop-yarn/hadoop-yarn-common/src/main/java/org/apache/hadoop/yarn/util/FSDownload.java,58
hadoop,org.apache.hadoop.yarn.util,SystemClock,0,0,1,1,8,1,0,1,-1.0,4,0,/Users/eashraf/hadoop/hadoop-yarn-project/hadoop-yarn/hadoop-yarn-common/src/main/java/org/apache/hadoop/yarn/util/SystemClock.java,23
hadoop,org.apache.hadoop.yarn.util,LinuxResourceCalculatorPlugin,32,1,16,11,325,32,1,1,0.0,3,1,/Users/eashraf/hadoop/hadoop-yarn-project/hadoop-yarn/hadoop-yarn-common/src/main/java/org/apache/hadoop/yarn/util/LinuxResourceCalculatorPlugin.java,35
hadoop,org.apache.hadoop.yarn.util,RMHAUtils,0,0,3,2,48,10,0,0,-1.0,3,4,/Users/eashraf/hadoop/hadoop-yarn-project/hadoop-yarn/hadoop-yarn-common/src/main/java/org/apache/hadoop/yarn/util/RMHAUtils.java,33
hadoop,org.apache.hadoop.yarn.util,AuxiliaryServiceHelper,1,1,3,2,18,4,0,0,0.0,2,0,/Users/eashraf/hadoop/hadoop-yarn-project/hadoop-yarn/hadoop-yarn-common/src/main/java/org/apache/hadoop/yarn/util/AuxiliaryServiceHelper.java,27
hadoop,org.apache.hadoop.yarn.util,WindowsResourceCalculatorPlugin,12,0,12,9,129,16,1,1,0.0,0,3,/Users/eashraf/hadoop/hadoop-yarn-project/hadoop-yarn/hadoop-yarn-common/src/main/java/org/apache/hadoop/yarn/util/WindowsResourceCalculatorPlugin.java,30
hadoop,org.apache.hadoop.yarn.util,UTCClock,1,0,1,1,9,1,0,1,0.0,0,0,/Users/eashraf/hadoop/hadoop-yarn-project/hadoop-yarn/hadoop-yarn-common/src/main/java/org/apache/hadoop/yarn/util/UTCClock.java,26
hadoop,org.apache.hadoop.yarn.util,Times,2,0,4,3,41,8,0,0,0.75,20,0,/Users/eashraf/hadoop/hadoop-yarn-project/hadoop-yarn/hadoop-yarn-common/src/main/java/org/apache/hadoop/yarn/util/Times.java,28
hadoop,org.apache.hadoop.yarn.util,YarnVersionInfo,2,0,10,9,70,10,0,0,0.2,12,0,/Users/eashraf/hadoop/hadoop-yarn-project/hadoop-yarn/hadoop-yarn-common/src/main/java/org/apache/hadoop/yarn/util/YarnVersionInfo.java,27
hadoop,org.apache.hadoop.yarn.util,WindowsBasedProcessTree,10,0,10,8,141,26,1,1,0.2,3,2,/Users/eashraf/hadoop/hadoop-yarn-project/hadoop-yarn/hadoop-yarn-common/src/main/java/org/apache/hadoop/yarn/util/WindowsBasedProcessTree.java,32
hadoop,org.apache.hadoop.yarn.util,WindowsBasedProcessTree.ProcessInfo,6,0,0,0,8,0,0,0,-1.0,0,0,/Users/eashraf/hadoop/hadoop-yarn-project/hadoop-yarn/hadoop-yarn-common/src/main/java/org/apache/hadoop/yarn/util/WindowsBasedProcessTree.java,38
hadoop,org.apache.hadoop.yarn.util,AbstractLivelinessMonitor,8,1,10,5,81,13,0,0,0.4,0,1,/Users/eashraf/hadoop/hadoop-yarn-project/hadoop-yarn/hadoop-yarn-common/src/main/java/org/apache/hadoop/yarn/util/AbstractLivelinessMonitor.java,31
hadoop,org.apache.hadoop.yarn.util,AbstractLivelinessMonitor.PingChecker,0,0,0,0,25,0,0,0,-1.0,0,0,/Users/eashraf/hadoop/hadoop-yarn-project/hadoop-yarn/hadoop-yarn-common/src/main/java/org/apache/hadoop/yarn/util/AbstractLivelinessMonitor.java,110
hadoop,org.apache.hadoop.yarn.util,StringHelper,10,9,14,13,139,18,0,0,0.8571428571428571,6,0,/Users/eashraf/hadoop/hadoop-yarn-project/hadoop-yarn/hadoop-yarn-common/src/main/java/org/apache/hadoop/yarn/util/StringHelper.java,27
hadoop,org.apache.hadoop.yarn.util,Clock,0,0,1,0,6,1,3,0,-1.0,36,0,/Users/eashraf/hadoop/hadoop-yarn-project/hadoop-yarn/hadoop-yarn-common/src/main/java/org/apache/hadoop/yarn/util/Clock.java,24
hadoop,org.apache.hadoop.yarn.util,ResourceCalculatorProcessTree,1,0,10,10,84,13,3,0,0.8,4,3,/Users/eashraf/hadoop/hadoop-yarn-project/hadoop-yarn/hadoop-yarn-common/src/main/java/org/apache/hadoop/yarn/util/ResourceCalculatorProcessTree.java,29
hadoop,org.apache.hadoop.yarn.server.api,ApplicationInitializationContext,3,0,4,4,34,4,0,0,0.0,2,1,/Users/eashraf/hadoop/hadoop-yarn-project/hadoop-yarn/hadoop-yarn-api/src/main/java/org/apache/hadoop/yarn/server/api/ApplicationInitializationContext.java,32
hadoop,org.apache.hadoop.yarn.server.api,AuxiliaryService,1,0,8,6,50,8,0,0,0.875,1,5,/Users/eashraf/hadoop/hadoop-yarn-project/hadoop-yarn/hadoop-yarn-api/src/main/java/org/apache/hadoop/yarn/server/api/AuxiliaryService.java,32
hadoop,org.apache.hadoop.yarn.server.api,SCMAdminProtocolPB,0,0,0,0,2,0,0,0,-1.0,1,0,/Users/eashraf/hadoop/hadoop-yarn-project/hadoop-yarn/hadoop-yarn-api/src/main/java/org/apache/hadoop/yarn/server/api/SCMAdminProtocolPB.java,25
hadoop,org.apache.hadoop.yarn.server.api,ApplicationTerminationContext,1,0,2,2,16,2,0,0,0.0,2,1,/Users/eashraf/hadoop/hadoop-yarn-project/hadoop-yarn/hadoop-yarn-api/src/main/java/org/apache/hadoop/yarn/server/api/ApplicationTerminationContext.java,27
hadoop,org.apache.hadoop.yarn.server.api,ContainerTerminationContext,0,0,1,1,8,1,0,1,-1.0,1,2,/Users/eashraf/hadoop/hadoop-yarn-project/hadoop-yarn/hadoop-yarn-api/src/main/java/org/apache/hadoop/yarn/server/api/ContainerTerminationContext.java,28
hadoop,org.apache.hadoop.yarn.server.api,ContainerContext,3,0,4,4,34,4,2,0,0.0,0,2,/Users/eashraf/hadoop/hadoop-yarn-project/hadoop-yarn/hadoop-yarn-api/src/main/java/org/apache/hadoop/yarn/server/api/ContainerContext.java,28
hadoop,org.apache.hadoop.yarn.server.api,ContainerInitializationContext,0,0,1,1,8,1,0,1,-1.0,1,2,/Users/eashraf/hadoop/hadoop-yarn-project/hadoop-yarn/hadoop-yarn-api/src/main/java/org/apache/hadoop/yarn/server/api/ContainerInitializationContext.java,28
hadoop,org.apache.hadoop.yarn.server.api,SCMAdminProtocol,0,0,1,1,13,1,0,0,-1.0,4,1,/Users/eashraf/hadoop/hadoop-yarn-project/hadoop-yarn/hadoop-yarn-api/src/main/java/org/apache/hadoop/yarn/server/api/SCMAdminProtocol.java,29
hadoop,org.apache.hadoop.yarn.server.api,ResourceManagerAdministrationProtocol,0,0,10,10,19,10,0,0,-1.0,6,10,/Users/eashraf/hadoop/hadoop-yarn-project/hadoop-yarn/hadoop-yarn-api/src/main/java/org/apache/hadoop/yarn/server/api/ResourceManagerAdministrationProtocol.java,54
hadoop,org.apache.hadoop.yarn.server.api,ResourceManagerConstants,1,1,0,0,6,0,0,0,-1.0,2,0,/Users/eashraf/hadoop/hadoop-yarn-project/hadoop-yarn/hadoop-yarn-server/hadoop-yarn-server-common/src/main/java/org/apache/hadoop/yarn/server/api/ResourceManagerConstants.java,21
hadoop,org.apache.hadoop.yarn.server.api,ApplicationContext,0,0,7,0,57,7,0,0,-1.0,9,3,/Users/eashraf/hadoop/hadoop-yarn-project/hadoop-yarn/hadoop-yarn-server/hadoop-yarn-server-common/src/main/java/org/apache/hadoop/yarn/server/api/ApplicationContext.java,32
hadoop,org.apache.hadoop.yarn.server.api,SCMUploaderProtocolPB,0,0,0,0,2,0,0,0,-1.0,1,0,/Users/eashraf/hadoop/hadoop-yarn-project/hadoop-yarn/hadoop-yarn-server/hadoop-yarn-server-common/src/main/java/org/apache/hadoop/yarn/server/api/SCMUploaderProtocolPB.java,23
hadoop,org.apache.hadoop.yarn.server.api,ResourceTracker,0,0,2,2,4,2,0,0,-1.0,13,2,/Users/eashraf/hadoop/hadoop-yarn-project/hadoop-yarn/hadoop-yarn-server/hadoop-yarn-server-common/src/main/java/org/apache/hadoop/yarn/server/api/ResourceTracker.java,30
hadoop,org.apache.hadoop.yarn.server.api,ServerRMProxy,2,0,4,1,31,5,0,0,1.0,2,2,/Users/eashraf/hadoop/hadoop-yarn-project/hadoop-yarn/hadoop-yarn-server/hadoop-yarn-server-common/src/main/java/org/apache/hadoop/yarn/server/api/ServerRMProxy.java,33
hadoop,org.apache.hadoop.yarn.server.api,ResourceTrackerPB,0,0,0,0,2,0,0,0,-1.0,1,0,/Users/eashraf/hadoop/hadoop-yarn-project/hadoop-yarn/hadoop-yarn-server/hadoop-yarn-server-common/src/main/java/org/apache/hadoop/yarn/server/api/ResourceTrackerPB.java,23
hadoop,org.apache.hadoop.yarn.server.api,SCMUploaderProtocol,0,0,2,2,21,2,0,0,-1.0,6,2,/Users/eashraf/hadoop/hadoop-yarn-project/hadoop-yarn/hadoop-yarn-server/hadoop-yarn-server-common/src/main/java/org/apache/hadoop/yarn/server/api/SCMUploaderProtocol.java,31
hadoop,org.apache.hadoop.yarn.server.api,ResourceManagerAdministrationProtocolPB,0,0,0,0,2,0,0,0,-1.0,1,0,/Users/eashraf/hadoop/hadoop-yarn-project/hadoop-yarn/hadoop-yarn-common/src/main/java/org/apache/hadoop/yarn/server/api/ResourceManagerAdministrationProtocolPB.java,25
hadoop,org.apache.hadoop.yarn.server.api.protocolrecords,RemoveFromClusterNodeLabelsRequest,0,0,3,3,9,3,0,0,-1.0,5,1,/Users/eashraf/hadoop/hadoop-yarn-project/hadoop-yarn/hadoop-yarn-api/src/main/java/org/apache/hadoop/yarn/server/api/protocolrecords/RemoveFromClusterNodeLabelsRequest.java,27
hadoop,org.apache.hadoop.yarn.server.api.protocolrecords,RefreshUserToGroupsMappingsResponse,0,0,1,1,6,1,0,0,-1.0,3,1,/Users/eashraf/hadoop/hadoop-yarn-project/hadoop-yarn/hadoop-yarn-api/src/main/java/org/apache/hadoop/yarn/server/api/protocolrecords/RefreshUserToGroupsMappingsResponse.java,26
hadoop,org.apache.hadoop.yarn.server.api.protocolrecords,RunSharedCacheCleanerTaskRequest,0,0,0,0,5,0,0,0,-1.0,5,0,/Users/eashraf/hadoop/hadoop-yarn-project/hadoop-yarn/hadoop-yarn-api/src/main/java/org/apache/hadoop/yarn/server/api/protocolrecords/RunSharedCacheCleanerTaskRequest.java,24
hadoop,org.apache.hadoop.yarn.server.api.protocolrecords,UpdateNodeResourceRequest,0,0,3,3,21,3,0,0,-1.0,6,1,/Users/eashraf/hadoop/hadoop-yarn-project/hadoop-yarn/hadoop-yarn-api/src/main/java/org/apache/hadoop/yarn/server/api/protocolrecords/UpdateNodeResourceRequest.java,29
hadoop,org.apache.hadoop.yarn.server.api.protocolrecords,RefreshQueuesResponse,0,0,1,1,6,1,0,0,-1.0,3,1,/Users/eashraf/hadoop/hadoop-yarn-project/hadoop-yarn/hadoop-yarn-api/src/main/java/org/apache/hadoop/yarn/server/api/protocolrecords/RefreshQueuesResponse.java,26
hadoop,org.apache.hadoop.yarn.server.api.protocolrecords,RefreshNodesResponse,0,0,1,1,6,1,0,0,-1.0,3,1,/Users/eashraf/hadoop/hadoop-yarn-project/hadoop-yarn/hadoop-yarn-api/src/main/java/org/apache/hadoop/yarn/server/api/protocolrecords/RefreshNodesResponse.java,26
hadoop,org.apache.hadoop.yarn.server.api.protocolrecords,RefreshQueuesRequest,0,0,1,1,6,1,0,0,-1.0,7,1,/Users/eashraf/hadoop/hadoop-yarn-project/hadoop-yarn/hadoop-yarn-api/src/main/java/org/apache/hadoop/yarn/server/api/protocolrecords/RefreshQueuesRequest.java,26
hadoop,org.apache.hadoop.yarn.server.api.protocolrecords,AddToClusterNodeLabelsRequest,0,0,3,3,9,3,0,0,-1.0,6,1,/Users/eashraf/hadoop/hadoop-yarn-project/hadoop-yarn/hadoop-yarn-api/src/main/java/org/apache/hadoop/yarn/server/api/protocolrecords/AddToClusterNodeLabelsRequest.java,27
hadoop,org.apache.hadoop.yarn.server.api.protocolrecords,UpdateNodeResourceResponse,0,0,1,1,10,1,0,0,-1.0,3,1,/Users/eashraf/hadoop/hadoop-yarn-project/hadoop-yarn/hadoop-yarn-api/src/main/java/org/apache/hadoop/yarn/server/api/protocolrecords/UpdateNodeResourceResponse.java,25
hadoop,org.apache.hadoop.yarn.server.api.protocolrecords,RefreshAdminAclsRequest,0,0,1,1,6,1,0,0,-1.0,7,1,/Users/eashraf/hadoop/hadoop-yarn-project/hadoop-yarn/hadoop-yarn-api/src/main/java/org/apache/hadoop/yarn/server/api/protocolrecords/RefreshAdminAclsRequest.java,26
hadoop,org.apache.hadoop.yarn.server.api.protocolrecords,RefreshNodesRequest,0,0,1,1,6,1,0,0,-1.0,7,1,/Users/eashraf/hadoop/hadoop-yarn-project/hadoop-yarn/hadoop-yarn-api/src/main/java/org/apache/hadoop/yarn/server/api/protocolrecords/RefreshNodesRequest.java,26
hadoop,org.apache.hadoop.yarn.server.api.protocolrecords,RunSharedCacheCleanerTaskResponse,0,0,2,2,15,2,0,0,-1.0,4,0,/Users/eashraf/hadoop/hadoop-yarn-project/hadoop-yarn/hadoop-yarn-api/src/main/java/org/apache/hadoop/yarn/server/api/protocolrecords/RunSharedCacheCleanerTaskResponse.java,24
hadoop,org.apache.hadoop.yarn.server.api.protocolrecords,RefreshSuperUserGroupsConfigurationResponse,0,0,1,1,6,1,0,0,-1.0,3,1,/Users/eashraf/hadoop/hadoop-yarn-project/hadoop-yarn/hadoop-yarn-api/src/main/java/org/apache/hadoop/yarn/server/api/protocolrecords/RefreshSuperUserGroupsConfigurationResponse.java,26
hadoop,org.apache.hadoop.yarn.server.api.protocolrecords,ReplaceLabelsOnNodeRequest,0,0,3,3,9,3,0,0,-1.0,5,1,/Users/eashraf/hadoop/hadoop-yarn-project/hadoop-yarn/hadoop-yarn-api/src/main/java/org/apache/hadoop/yarn/server/api/protocolrecords/ReplaceLabelsOnNodeRequest.java,29
hadoop,org.apache.hadoop.yarn.server.api.protocolrecords,AddToClusterNodeLabelsResponse,0,0,1,1,5,1,0,0,-1.0,3,1,/Users/eashraf/hadoop/hadoop-yarn-project/hadoop-yarn/hadoop-yarn-api/src/main/java/org/apache/hadoop/yarn/server/api/protocolrecords/AddToClusterNodeLabelsResponse.java,25
hadoop,org.apache.hadoop.yarn.server.api.protocolrecords,RefreshServiceAclsRequest,0,0,1,1,6,1,0,0,-1.0,7,1,/Users/eashraf/hadoop/hadoop-yarn-project/hadoop-yarn/hadoop-yarn-api/src/main/java/org/apache/hadoop/yarn/server/api/protocolrecords/RefreshServiceAclsRequest.java,26
hadoop,org.apache.hadoop.yarn.server.api.protocolrecords,RefreshUserToGroupsMappingsRequest,0,0,1,1,6,1,0,0,-1.0,7,1,/Users/eashraf/hadoop/hadoop-yarn-project/hadoop-yarn/hadoop-yarn-api/src/main/java/org/apache/hadoop/yarn/server/api/protocolrecords/RefreshUserToGroupsMappingsRequest.java,26
hadoop,org.apache.hadoop.yarn.server.api.protocolrecords,RefreshSuperUserGroupsConfigurationRequest,0,0,1,1,6,1,0,0,-1.0,7,1,/Users/eashraf/hadoop/hadoop-yarn-project/hadoop-yarn/hadoop-yarn-api/src/main/java/org/apache/hadoop/yarn/server/api/protocolrecords/RefreshSuperUserGroupsConfigurationRequest.java,26
hadoop,org.apache.hadoop.yarn.server.api.protocolrecords,RefreshAdminAclsResponse,0,0,1,1,6,1,0,0,-1.0,3,1,/Users/eashraf/hadoop/hadoop-yarn-project/hadoop-yarn/hadoop-yarn-api/src/main/java/org/apache/hadoop/yarn/server/api/protocolrecords/RefreshAdminAclsResponse.java,26
hadoop,org.apache.hadoop.yarn.server.api.protocolrecords,RemoveFromClusterNodeLabelsResponse,0,0,1,1,5,1,0,0,-1.0,2,1,/Users/eashraf/hadoop/hadoop-yarn-project/hadoop-yarn/hadoop-yarn-api/src/main/java/org/apache/hadoop/yarn/server/api/protocolrecords/RemoveFromClusterNodeLabelsResponse.java,25
hadoop,org.apache.hadoop.yarn.server.api.protocolrecords,RefreshServiceAclsResponse,0,0,1,1,6,1,0,0,-1.0,3,1,/Users/eashraf/hadoop/hadoop-yarn-project/hadoop-yarn/hadoop-yarn-api/src/main/java/org/apache/hadoop/yarn/server/api/protocolrecords/RefreshServiceAclsResponse.java,26
hadoop,org.apache.hadoop.yarn.server.api.protocolrecords,ReplaceLabelsOnNodeResponse,0,0,1,1,5,1,0,0,-1.0,2,1,/Users/eashraf/hadoop/hadoop-yarn-project/hadoop-yarn/hadoop-yarn-api/src/main/java/org/apache/hadoop/yarn/server/api/protocolrecords/ReplaceLabelsOnNodeResponse.java,25
hadoop,org.apache.hadoop.yarn.server.api.protocolrecords,TestProtocolRecords,0,0,3,3,51,3,0,0,-1.0,0,15,/Users/eashraf/hadoop/hadoop-yarn-project/hadoop-yarn/hadoop-yarn-server/hadoop-yarn-server-common/src/test/java/org/apache/hadoop/yarn/server/api/protocolrecords/TestProtocolRecords.java,48
hadoop,org.apache.hadoop.yarn.server.api.protocolrecords,TestRegisterNodeManagerRequest,0,0,2,2,17,2,0,0,-1.0,0,9,/Users/eashraf/hadoop/hadoop-yarn-project/hadoop-yarn/hadoop-yarn-server/hadoop-yarn-server-common/src/test/java/org/apache/hadoop/yarn/server/api/protocolrecords/TestRegisterNodeManagerRequest.java,34
hadoop,org.apache.hadoop.yarn.server.api.protocolrecords,TestRegisterNodeManagerResponse,1,0,2,2,43,2,0,0,0.0,0,5,/Users/eashraf/hadoop/hadoop-yarn-project/hadoop-yarn/hadoop-yarn-server/hadoop-yarn-server-common/src/test/java/org/apache/hadoop/yarn/server/api/protocolrecords/TestRegisterNodeManagerResponse.java,36
hadoop,org.apache.hadoop.yarn.server.api.protocolrecords,RegisterNodeManagerRequest,0,0,13,13,32,13,0,0,-1.0,17,3,/Users/eashraf/hadoop/hadoop-yarn-project/hadoop-yarn/hadoop-yarn-server/hadoop-yarn-server-common/src/main/java/org/apache/hadoop/yarn/server/api/protocolrecords/RegisterNodeManagerRequest.java,28
hadoop,org.apache.hadoop.yarn.server.api.protocolrecords,RegisterNodeManagerResponse,0,0,12,0,14,12,0,0,-1.0,9,2,/Users/eashraf/hadoop/hadoop-yarn-project/hadoop-yarn/hadoop-yarn-server/hadoop-yarn-server-common/src/main/java/org/apache/hadoop/yarn/server/api/protocolrecords/RegisterNodeManagerResponse.java,24
hadoop,org.apache.hadoop.yarn.server.api.protocolrecords,NodeHeartbeatResponse,0,0,20,0,22,20,0,0,-1.0,24,2,/Users/eashraf/hadoop/hadoop-yarn-project/hadoop-yarn/hadoop-yarn-server/hadoop-yarn-server-common/src/main/java/org/apache/hadoop/yarn/server/api/protocolrecords/NodeHeartbeatResponse.java,30
hadoop,org.apache.hadoop.yarn.server.api.protocolrecords,SCMUploaderCanUploadRequest,0,0,2,2,15,2,0,0,-1.0,3,0,/Users/eashraf/hadoop/hadoop-yarn-project/hadoop-yarn/hadoop-yarn-server/hadoop-yarn-server-common/src/main/java/org/apache/hadoop/yarn/server/api/protocolrecords/SCMUploaderCanUploadRequest.java,24
hadoop,org.apache.hadoop.yarn.server.api.protocolrecords,NodeHeartbeatRequest,0,0,7,7,15,7,0,0,-1.0,13,3,/Users/eashraf/hadoop/hadoop-yarn-project/hadoop-yarn/hadoop-yarn-server/hadoop-yarn-server-common/src/main/java/org/apache/hadoop/yarn/server/api/protocolrecords/NodeHeartbeatRequest.java,25
hadoop,org.apache.hadoop.yarn.server.api.protocolrecords,SCMUploaderNotifyRequest,0,0,4,4,25,4,0,0,-1.0,6,0,/Users/eashraf/hadoop/hadoop-yarn-project/hadoop-yarn/hadoop-yarn-server/hadoop-yarn-server-common/src/main/java/org/apache/hadoop/yarn/server/api/protocolrecords/SCMUploaderNotifyRequest.java,24
hadoop,org.apache.hadoop.yarn.server.api.protocolrecords,NMContainerStatus,0,0,15,15,53,15,0,0,-1.0,17,5,/Users/eashraf/hadoop/hadoop-yarn-project/hadoop-yarn/hadoop-yarn-server/hadoop-yarn-server-common/src/main/java/org/apache/hadoop/yarn/server/api/protocolrecords/NMContainerStatus.java,28
hadoop,org.apache.hadoop.yarn.server.api.protocolrecords,SCMUploaderCanUploadResponse,0,0,2,2,15,2,0,0,-1.0,2,0,/Users/eashraf/hadoop/hadoop-yarn-project/hadoop-yarn/hadoop-yarn-server/hadoop-yarn-server-common/src/main/java/org/apache/hadoop/yarn/server/api/protocolrecords/SCMUploaderCanUploadResponse.java,24
hadoop,org.apache.hadoop.yarn.server.api.protocolrecords,SCMUploaderNotifyResponse,0,0,2,2,15,2,0,0,-1.0,3,0,/Users/eashraf/hadoop/hadoop-yarn-project/hadoop-yarn/hadoop-yarn-server/hadoop-yarn-server-common/src/main/java/org/apache/hadoop/yarn/server/api/protocolrecords/SCMUploaderNotifyResponse.java,24
hadoop,org.apache.hadoop.yarn.exceptions,YarnException,1,0,4,4,18,4,12,0,1.0,5,0,/Users/eashraf/hadoop/hadoop-yarn-project/hadoop-yarn/hadoop-yarn-api/src/main/java/org/apache/hadoop/yarn/exceptions/YarnException.java,24
hadoop,org.apache.hadoop.yarn.exceptions,ApplicationAttemptNotFoundException,1,0,3,3,15,3,0,1,1.0,0,0,/Users/eashraf/hadoop/hadoop-yarn-project/hadoop-yarn/hadoop-yarn-api/src/main/java/org/apache/hadoop/yarn/exceptions/ApplicationAttemptNotFoundException.java,28
hadoop,org.apache.hadoop.yarn.exceptions,InvalidResourceBlacklistRequestException,1,0,3,3,15,3,0,1,1.0,0,0,/Users/eashraf/hadoop/hadoop-yarn-project/hadoop-yarn/hadoop-yarn-api/src/main/java/org/apache/hadoop/yarn/exceptions/InvalidResourceBlacklistRequestException.java,26
hadoop,org.apache.hadoop.yarn.exceptions,ContainerNotFoundException,1,0,3,3,15,3,0,1,1.0,0,0,/Users/eashraf/hadoop/hadoop-yarn-project/hadoop-yarn/hadoop-yarn-api/src/main/java/org/apache/hadoop/yarn/exceptions/ContainerNotFoundException.java,26
hadoop,org.apache.hadoop.yarn.exceptions,InvalidApplicationMasterRequestException,1,0,3,3,15,3,0,1,1.0,0,0,/Users/eashraf/hadoop/hadoop-yarn-project/hadoop-yarn/hadoop-yarn-api/src/main/java/org/apache/hadoop/yarn/exceptions/InvalidApplicationMasterRequestException.java,25
hadoop,org.apache.hadoop.yarn.exceptions,InvalidResourceRequestException,1,0,3,3,15,3,0,1,1.0,0,0,/Users/eashraf/hadoop/hadoop-yarn-project/hadoop-yarn/hadoop-yarn-api/src/main/java/org/apache/hadoop/yarn/exceptions/InvalidResourceRequestException.java,25
hadoop,org.apache.hadoop.yarn.exceptions,InvalidContainerReleaseException,1,0,3,3,15,3,0,1,1.0,0,0,/Users/eashraf/hadoop/hadoop-yarn-project/hadoop-yarn/hadoop-yarn-api/src/main/java/org/apache/hadoop/yarn/exceptions/InvalidContainerReleaseException.java,24
hadoop,org.apache.hadoop.yarn.exceptions,NMNotYetReadyException,1,0,1,1,9,1,0,1,0.0,0,0,/Users/eashraf/hadoop/hadoop-yarn-project/hadoop-yarn/hadoop-yarn-api/src/main/java/org/apache/hadoop/yarn/exceptions/NMNotYetReadyException.java,24
hadoop,org.apache.hadoop.yarn.exceptions,ApplicationMasterNotRegisteredException,1,0,3,3,15,3,0,1,1.0,0,0,/Users/eashraf/hadoop/hadoop-yarn-project/hadoop-yarn/hadoop-yarn-api/src/main/java/org/apache/hadoop/yarn/exceptions/ApplicationMasterNotRegisteredException.java,25
hadoop,org.apache.hadoop.yarn.exceptions,YarnRuntimeException,1,0,3,3,15,3,0,0,1.0,3,0,/Users/eashraf/hadoop/hadoop-yarn-project/hadoop-yarn/hadoop-yarn-api/src/main/java/org/apache/hadoop/yarn/exceptions/YarnRuntimeException.java,24
hadoop,org.apache.hadoop.yarn.exceptions,ApplicationNotFoundException,1,0,3,3,15,3,0,1,1.0,0,0,/Users/eashraf/hadoop/hadoop-yarn-project/hadoop-yarn/hadoop-yarn-api/src/main/java/org/apache/hadoop/yarn/exceptions/ApplicationNotFoundException.java,26
hadoop,org.apache.hadoop.yarn.exceptions,ApplicationIdNotProvidedException,1,0,3,3,15,3,0,1,1.0,0,0,/Users/eashraf/hadoop/hadoop-yarn-project/hadoop-yarn/hadoop-yarn-api/src/main/java/org/apache/hadoop/yarn/exceptions/ApplicationIdNotProvidedException.java,26
hadoop,org.apache.hadoop.yarn.exceptions,InvalidContainerException,1,0,1,1,9,1,0,1,0.0,0,0,/Users/eashraf/hadoop/hadoop-yarn-project/hadoop-yarn/hadoop-yarn-api/src/main/java/org/apache/hadoop/yarn/exceptions/InvalidContainerException.java,24
hadoop,org.apache.hadoop.yarn.exceptions,InvalidAuxServiceException,1,0,1,1,9,1,0,1,0.0,0,0,/Users/eashraf/hadoop/hadoop-yarn-project/hadoop-yarn/hadoop-yarn-api/src/main/java/org/apache/hadoop/yarn/exceptions/InvalidAuxServiceException.java,24
hadoop,org.apache.hadoop.yarn.factories,RecordFactory,0,0,1,1,3,1,0,0,-1.0,106,0,/Users/eashraf/hadoop/hadoop-yarn-project/hadoop-yarn/hadoop-yarn-api/src/main/java/org/apache/hadoop/yarn/factories/RecordFactory.java,24
hadoop,org.apache.hadoop.yarn.factories,RpcClientFactory,0,0,2,2,4,2,0,0,-1.0,1,1,/Users/eashraf/hadoop/hadoop-yarn-project/hadoop-yarn/hadoop-yarn-common/src/main/java/org/apache/hadoop/yarn/factories/RpcClientFactory.java,26
hadoop,org.apache.hadoop.yarn.factories,RpcServerFactory,0,0,1,1,3,1,0,0,-1.0,1,2,/Users/eashraf/hadoop/hadoop-yarn-project/hadoop-yarn/hadoop-yarn-common/src/main/java/org/apache/hadoop/yarn/factories/RpcServerFactory.java,29
hadoop,org.apache.hadoop.yarn.api.records,LogAggregationContext,0,0,5,5,32,5,0,0,-1.0,19,1,/Users/eashraf/hadoop/hadoop-yarn-project/hadoop-yarn/hadoop-yarn-api/src/main/java/org/apache/hadoop/yarn/api/records/LogAggregationContext.java,26
hadoop,org.apache.hadoop.yarn.api.records,PreemptionMessage,0,0,5,5,21,5,0,0,-1.0,11,3,/Users/eashraf/hadoop/hadoop-yarn-project/hadoop-yarn/hadoop-yarn-api/src/main/java/org/apache/hadoop/yarn/api/records/PreemptionMessage.java,26
hadoop,org.apache.hadoop.yarn.api.records,ContainerStatus,0,0,9,9,37,9,0,0,-1.0,59,3,/Users/eashraf/hadoop/hadoop-yarn-project/hadoop-yarn/hadoop-yarn-api/src/main/java/org/apache/hadoop/yarn/api/records/ContainerStatus.java,27
hadoop,org.apache.hadoop.yarn.api.records,NodeState,0,0,1,1,25,1,0,0,-1.0,42,0,/Users/eashraf/hadoop/hadoop-yarn-project/hadoop-yarn/hadoop-yarn-api/src/main/java/org/apache/hadoop/yarn/api/records/NodeState.java,24
hadoop,org.apache.hadoop.yarn.api.records,YarnApplicationState,0,0,0,0,28,0,0,0,-1.0,74,0,/Users/eashraf/hadoop/hadoop-yarn-project/hadoop-yarn/hadoop-yarn-api/src/main/java/org/apache/hadoop/yarn/api/records/YarnApplicationState.java,24
hadoop,org.apache.hadoop.yarn.api.records,ApplicationAttemptId,2,1,11,8,68,17,0,0,0.2727272727272727,259,2,/Users/eashraf/hadoop/hadoop-yarn-project/hadoop-yarn/hadoop-yarn-api/src/main/java/org/apache/hadoop/yarn/api/records/ApplicationAttemptId.java,29
hadoop,org.apache.hadoop.yarn.api.records,StrictPreemptionContract,0,0,3,3,17,3,0,0,-1.0,7,1,/Users/eashraf/hadoop/hadoop-yarn-project/hadoop-yarn/hadoop-yarn-api/src/main/java/org/apache/hadoop/yarn/api/records/StrictPreemptionContract.java,28
hadoop,org.apache.hadoop.yarn.api.records,ResourceBlacklistRequest,0,0,5,5,33,5,0,0,-1.0,8,1,/Users/eashraf/hadoop/hadoop-yarn-project/hadoop-yarn/hadoop-yarn-api/src/main/java/org/apache/hadoop/yarn/api/records/ResourceBlacklistRequest.java,27
hadoop,org.apache.hadoop.yarn.api.records,ApplicationAttemptReport,0,0,17,17,65,17,0,0,-1.0,18,4,/Users/eashraf/hadoop/hadoop-yarn-project/hadoop-yarn/hadoop-yarn-api/src/main/java/org/apache/hadoop/yarn/api/records/ApplicationAttemptReport.java,26
hadoop,org.apache.hadoop.yarn.api.records,ContainerLaunchContext,0,0,13,13,76,13,0,0,-1.0,64,1,/Users/eashraf/hadoop/hadoop-yarn-project/hadoop-yarn/hadoop-yarn-api/src/main/java/org/apache/hadoop/yarn/api/records/ContainerLaunchContext.java,32
hadoop,org.apache.hadoop.yarn.api.records,ReservationRequest,1,0,13,13,107,23,0,0,0.23076923076923078,13,2,/Users/eashraf/hadoop/hadoop-yarn-project/hadoop-yarn/hadoop-yarn-api/src/main/java/org/apache/hadoop/yarn/api/records/ReservationRequest.java,27
hadoop,org.apache.hadoop.yarn.api.records,ReservationRequest.ReservationRequestComparator,1,0,0,0,13,0,0,0,-1.0,0,0,/Users/eashraf/hadoop/hadoop-yarn-project/hadoop-yarn/hadoop-yarn-api/src/main/java/org/apache/hadoop/yarn/api/records/ReservationRequest.java,70
hadoop,org.apache.hadoop.yarn.api.records,ContainerState,0,0,0,0,13,0,0,0,-1.0,99,0,/Users/eashraf/hadoop/hadoop-yarn-project/hadoop-yarn/hadoop-yarn-api/src/main/java/org/apache/hadoop/yarn/api/records/ContainerState.java,24
hadoop,org.apache.hadoop.yarn.api.records,NMToken,0,0,7,7,46,16,0,0,-1.0,5,3,/Users/eashraf/hadoop/hadoop-yarn-project/hadoop-yarn/hadoop-yarn-api/src/main/java/org/apache/hadoop/yarn/api/records/NMToken.java,28
hadoop,org.apache.hadoop.yarn.api.records,Resource,0,0,8,8,53,12,0,0,-1.0,260,1,/Users/eashraf/hadoop/hadoop-yarn-project/hadoop-yarn/hadoop-yarn-api/src/main/java/org/apache/hadoop/yarn/api/records/Resource.java,27
hadoop,org.apache.hadoop.yarn.api.records,ApplicationSubmissionContext,0,0,41,41,231,41,0,0,-1.0,41,8,/Users/eashraf/hadoop/hadoop-yarn-project/hadoop-yarn/hadoop-yarn-api/src/main/java/org/apache/hadoop/yarn/api/records/ApplicationSubmissionContext.java,35
hadoop,org.apache.hadoop.yarn.api.records,QueueUserACLInfo,0,0,5,5,25,5,0,0,-1.0,6,1,/Users/eashraf/hadoop/hadoop-yarn-project/hadoop-yarn/hadoop-yarn-api/src/main/java/org/apache/hadoop/yarn/api/records/QueueUserACLInfo.java,30
hadoop,org.apache.hadoop.yarn.api.records,SerializedException,0,0,10,9,52,11,0,0,-1.0,11,1,/Users/eashraf/hadoop/hadoop-yarn-project/hadoop-yarn/hadoop-yarn-api/src/main/java/org/apache/hadoop/yarn/api/records/SerializedException.java,25
hadoop,org.apache.hadoop.yarn.api.records,URL,0,0,11,11,63,11,0,0,-1.0,25,1,/Users/eashraf/hadoop/hadoop-yarn-project/hadoop-yarn/hadoop-yarn-api/src/main/java/org/apache/hadoop/yarn/api/records/URL.java,25
hadoop,org.apache.hadoop.yarn.api.records,QueueState,0,0,0,0,12,0,0,0,-1.0,17,0,/Users/eashraf/hadoop/hadoop-yarn-project/hadoop-yarn/hadoop-yarn-api/src/main/java/org/apache/hadoop/yarn/api/records/QueueState.java,25
hadoop,org.apache.hadoop.yarn.api.records,ContainerId,6,1,17,12,138,26,0,0,0.23529411764705882,300,3,/Users/eashraf/hadoop/hadoop-yarn-project/hadoop-yarn/hadoop-yarn-api/src/main/java/org/apache/hadoop/yarn/api/records/ContainerId.java,33
hadoop,org.apache.hadoop.yarn.api.records,ApplicationReport,0,0,41,41,153,41,0,0,-1.0,50,7,/Users/eashraf/hadoop/hadoop-yarn-project/hadoop-yarn/hadoop-yarn-api/src/main/java/org/apache/hadoop/yarn/api/records/ApplicationReport.java,30
hadoop,org.apache.hadoop.yarn.api.records,LocalResourceVisibility,0,0,0,0,17,0,0,0,-1.0,39,0,/Users/eashraf/hadoop/hadoop-yarn-project/hadoop-yarn/hadoop-yarn-api/src/main/java/org/apache/hadoop/yarn/api/records/LocalResourceVisibility.java,25
hadoop,org.apache.hadoop.yarn.api.records,ReservationRequestInterpreter,0,0,0,0,16,0,0,0,-1.0,12,0,/Users/eashraf/hadoop/hadoop-yarn-project/hadoop-yarn/hadoop-yarn-api/src/main/java/org/apache/hadoop/yarn/api/records/ReservationRequestInterpreter.java,24
hadoop,org.apache.hadoop.yarn.api.records,QueueACL,0,0,0,0,12,0,0,0,-1.0,36,0,/Users/eashraf/hadoop/hadoop-yarn-project/hadoop-yarn/hadoop-yarn-api/src/main/java/org/apache/hadoop/yarn/api/records/QueueACL.java,25
hadoop,org.apache.hadoop.yarn.api.records,ResourceRequest,2,1,19,19,178,38,0,0,0.21052631578947367,59,3,/Users/eashraf/hadoop/hadoop-yarn-project/hadoop-yarn/hadoop-yarn-api/src/main/java/org/apache/hadoop/yarn/api/records/ResourceRequest.java,29
hadoop,org.apache.hadoop.yarn.api.records,ResourceRequest.ResourceRequestComparator,1,0,0,0,15,0,0,0,-1.0,0,0,/Users/eashraf/hadoop/hadoop-yarn-project/hadoop-yarn/hadoop-yarn-api/src/main/java/org/apache/hadoop/yarn/api/records/ResourceRequest.java,93
hadoop,org.apache.hadoop.yarn.api.records,Container,0,0,13,13,56,13,0,0,-1.0,105,6,/Users/eashraf/hadoop/hadoop-yarn-project/hadoop-yarn/hadoop-yarn-api/src/main/java/org/apache/hadoop/yarn/api/records/Container.java,29
hadoop,org.apache.hadoop.yarn.api.records,ContainerResourceIncreaseRequest,0,0,7,7,39,12,0,0,-1.0,3,3,/Users/eashraf/hadoop/hadoop-yarn-project/hadoop-yarn/hadoop-yarn-api/src/main/java/org/apache/hadoop/yarn/api/records/ContainerResourceIncreaseRequest.java,24
hadoop,org.apache.hadoop.yarn.api.records,YarnClusterMetrics,0,0,3,3,16,3,0,0,-1.0,7,1,/Users/eashraf/hadoop/hadoop-yarn-project/hadoop-yarn/hadoop-yarn-api/src/main/java/org/apache/hadoop/yarn/api/records/YarnClusterMetrics.java,27
hadoop,org.apache.hadoop.yarn.api.records,PreemptionResourceRequest,0,0,3,3,17,3,0,0,-1.0,3,2,/Users/eashraf/hadoop/hadoop-yarn-project/hadoop-yarn/hadoop-yarn-api/src/main/java/org/apache/hadoop/yarn/api/records/PreemptionResourceRequest.java,27
hadoop,org.apache.hadoop.yarn.api.records,ContainerResourceDecrease,0,0,7,7,39,12,0,0,-1.0,3,3,/Users/eashraf/hadoop/hadoop-yarn-project/hadoop-yarn/hadoop-yarn-api/src/main/java/org/apache/hadoop/yarn/api/records/ContainerResourceDecrease.java,24
hadoop,org.apache.hadoop.yarn.api.records,ApplicationId,2,1,11,8,63,17,0,0,0.2727272727272727,309,1,/Users/eashraf/hadoop/hadoop-yarn-project/hadoop-yarn/hadoop-yarn-api/src/main/java/org/apache/hadoop/yarn/api/records/ApplicationId.java,29
hadoop,org.apache.hadoop.yarn.api.records,PreemptionContract,0,0,5,5,25,5,0,0,-1.0,7,1,/Users/eashraf/hadoop/hadoop-yarn-project/hadoop-yarn/hadoop-yarn-api/src/main/java/org/apache/hadoop/yarn/api/records/PreemptionContract.java,30
hadoop,org.apache.hadoop.yarn.api.records,FinalApplicationStatus,0,0,0,0,16,0,0,0,-1.0,76,0,/Users/eashraf/hadoop/hadoop-yarn-project/hadoop-yarn/hadoop-yarn-api/src/main/java/org/apache/hadoop/yarn/api/records/FinalApplicationStatus.java,24
hadoop,org.apache.hadoop.yarn.api.records,ApplicationAccessType,0,0,0,0,10,0,0,0,-1.0,31,0,/Users/eashraf/hadoop/hadoop-yarn-project/hadoop-yarn/hadoop-yarn-api/src/main/java/org/apache/hadoop/yarn/api/records/ApplicationAccessType.java,23
hadoop,org.apache.hadoop.yarn.api.records,PreemptionContainer,0,0,3,3,17,3,0,0,-1.0,6,2,/Users/eashraf/hadoop/hadoop-yarn-project/hadoop-yarn/hadoop-yarn-api/src/main/java/org/apache/hadoop/yarn/api/records/PreemptionContainer.java,26
hadoop,org.apache.hadoop.yarn.api.records,NodeId,0,0,10,7,57,18,0,0,-1.0,153,1,/Users/eashraf/hadoop/hadoop-yarn-project/hadoop-yarn/hadoop-yarn-api/src/main/java/org/apache/hadoop/yarn/api/records/NodeId.java,27
hadoop,org.apache.hadoop.yarn.api.records,QueueInfo,0,0,19,19,77,19,0,0,-1.0,26,2,/Users/eashraf/hadoop/hadoop-yarn-project/hadoop-yarn/hadoop-yarn-api/src/main/java/org/apache/hadoop/yarn/api/records/QueueInfo.java,31
hadoop,org.apache.hadoop.yarn.api.records,ResourceOption,0,0,7,4,25,7,0,0,-1.0,13,2,/Users/eashraf/hadoop/hadoop-yarn-project/hadoop-yarn/hadoop-yarn-api/src/main/java/org/apache/hadoop/yarn/api/records/ResourceOption.java,26
hadoop,org.apache.hadoop.yarn.api.records,ReservationDefinition,0,0,9,9,54,9,0,0,-1.0,16,2,/Users/eashraf/hadoop/hadoop-yarn-project/hadoop-yarn/hadoop-yarn-api/src/main/java/org/apache/hadoop/yarn/api/records/ReservationDefinition.java,26
hadoop,org.apache.hadoop.yarn.api.records,LocalResource,0,0,18,18,99,18,0,0,-1.0,38,4,/Users/eashraf/hadoop/hadoop-yarn-project/hadoop-yarn/hadoop-yarn-api/src/main/java/org/apache/hadoop/yarn/api/records/LocalResource.java,27
hadoop,org.apache.hadoop.yarn.api.records,ReservationId,4,1,12,9,83,21,0,0,0.16666666666666666,39,1,/Users/eashraf/hadoop/hadoop-yarn-project/hadoop-yarn/hadoop-yarn-api/src/main/java/org/apache/hadoop/yarn/api/records/ReservationId.java,29
hadoop,org.apache.hadoop.yarn.api.records,ContainerResourceIncrease,0,0,9,9,42,14,0,0,-1.0,3,4,/Users/eashraf/hadoop/hadoop-yarn-project/hadoop-yarn/hadoop-yarn-api/src/main/java/org/apache/hadoop/yarn/api/records/ContainerResourceIncrease.java,24
hadoop,org.apache.hadoop.yarn.api.records,Token,0,0,9,9,37,9,0,0,-1.0,71,1,/Users/eashraf/hadoop/hadoop-yarn-project/hadoop-yarn/hadoop-yarn-api/src/main/java/org/apache/hadoop/yarn/api/records/Token.java,29
hadoop,org.apache.hadoop.yarn.api.records,ContainerExitStatus,10,10,0,0,39,0,0,0,-1.0,40,0,/Users/eashraf/hadoop/hadoop-yarn-project/hadoop-yarn/hadoop-yarn-api/src/main/java/org/apache/hadoop/yarn/api/records/ContainerExitStatus.java,24
hadoop,org.apache.hadoop.yarn.api.records,ReservationRequests,0,0,5,5,32,5,0,0,-1.0,10,2,/Users/eashraf/hadoop/hadoop-yarn-project/hadoop-yarn/hadoop-yarn-api/src/main/java/org/apache/hadoop/yarn/api/records/ReservationRequests.java,27
hadoop,org.apache.hadoop.yarn.api.records,YarnApplicationAttemptState,0,0,0,0,37,0,0,0,-1.0,26,0,/Users/eashraf/hadoop/hadoop-yarn-project/hadoop-yarn/hadoop-yarn-api/src/main/java/org/apache/hadoop/yarn/api/records/YarnApplicationAttemptState.java,24
hadoop,org.apache.hadoop.yarn.api.records,LocalResourceType,0,0,0,0,17,0,0,0,-1.0,30,0,/Users/eashraf/hadoop/hadoop-yarn-project/hadoop-yarn/hadoop-yarn-api/src/main/java/org/apache/hadoop/yarn/api/records/LocalResourceType.java,25
hadoop,org.apache.hadoop.yarn.api.records,ContainerReport,0,0,21,21,79,21,0,0,-1.0,18,6,/Users/eashraf/hadoop/hadoop-yarn-project/hadoop-yarn/hadoop-yarn-api/src/main/java/org/apache/hadoop/yarn/api/records/ContainerReport.java,26
hadoop,org.apache.hadoop.yarn.api.records,NodeReport,0,0,22,22,83,22,0,0,-1.0,10,4,/Users/eashraf/hadoop/hadoop-yarn-project/hadoop-yarn/hadoop-yarn-api/src/main/java/org/apache/hadoop/yarn/api/records/NodeReport.java,30
hadoop,org.apache.hadoop.yarn.api.records,Priority,1,1,7,7,41,11,0,0,0.2857142857142857,103,1,/Users/eashraf/hadoop/hadoop-yarn-project/hadoop-yarn/hadoop-yarn-api/src/main/java/org/apache/hadoop/yarn/api/records/Priority.java,25
hadoop,org.apache.hadoop.yarn.api.records,AMCommand,0,0,0,0,11,0,0,0,-1.0,5,0,/Users/eashraf/hadoop/hadoop-yarn-project/hadoop-yarn/hadoop-yarn-api/src/main/java/org/apache/hadoop/yarn/api/records/AMCommand.java,29
hadoop,org.apache.hadoop.yarn.api.records,ApplicationResourceUsageReport,0,0,15,15,74,15,0,0,-1.0,22,2,/Users/eashraf/hadoop/hadoop-yarn-project/hadoop-yarn/hadoop-yarn-api/src/main/java/org/apache/hadoop/yarn/api/records/ApplicationResourceUsageReport.java,27
hadoop,org.apache.hadoop.yarn.api.records.timeline,TimelineEvent,3,0,13,13,101,21,0,0,0.15384615384615385,10,0,/Users/eashraf/hadoop/hadoop-yarn-project/hadoop-yarn/hadoop-yarn-api/src/main/java/org/apache/hadoop/yarn/api/records/timeline/TimelineEvent.java,33
hadoop,org.apache.hadoop.yarn.api.records.timeline,TimelineEntities,1,0,5,5,36,5,0,0,0.4,16,1,/Users/eashraf/hadoop/hadoop-yarn-project/hadoop-yarn/hadoop-yarn-api/src/main/java/org/apache/hadoop/yarn/api/records/timeline/TimelineEntities.java,32
hadoop,org.apache.hadoop.yarn.api.records.timeline,TimelineDomains,1,0,5,5,36,5,0,0,0.4,6,1,/Users/eashraf/hadoop/hadoop-yarn-project/hadoop-yarn/hadoop-yarn-api/src/main/java/org/apache/hadoop/yarn/api/records/timeline/TimelineDomains.java,32
hadoop,org.apache.hadoop.yarn.api.records.timeline,TimelinePutResponse,10,6,5,5,111,5,0,0,0.4,11,0,/Users/eashraf/hadoop/hadoop-yarn-project/hadoop-yarn/hadoop-yarn-api/src/main/java/org/apache/hadoop/yarn/api/records/timeline/TimelinePutResponse.java,30
hadoop,org.apache.hadoop.yarn.api.records.timeline,TimelinePutResponse.TimelinePutError,9,6,0,0,74,0,0,0,-1.0,0,0,/Users/eashraf/hadoop/hadoop-yarn-project/hadoop-yarn/hadoop-yarn-api/src/main/java/org/apache/hadoop/yarn/api/records/timeline/TimelinePutResponse.java,89
hadoop,org.apache.hadoop.yarn.api.records.timeline,TimelineEntity,8,0,31,31,302,67,0,0,0.0967741935483871,24,1,/Users/eashraf/hadoop/hadoop-yarn-project/hadoop-yarn/hadoop-yarn-api/src/main/java/org/apache/hadoop/yarn/api/records/timeline/TimelineEntity.java,38
hadoop,org.apache.hadoop.yarn.api.records.timeline,TimelineDelegationTokenResponse,2,0,5,5,21,5,0,0,0.6,0,0,/Users/eashraf/hadoop/hadoop-yarn-project/hadoop-yarn/hadoop-yarn-api/src/main/java/org/apache/hadoop/yarn/api/records/timeline/TimelineDelegationTokenResponse.java,29
hadoop,org.apache.hadoop.yarn.api.records.timeline,TimelineEvents,4,0,5,5,103,5,0,0,0.4,4,0,/Users/eashraf/hadoop/hadoop-yarn-project/hadoop-yarn/hadoop-yarn-api/src/main/java/org/apache/hadoop/yarn/api/records/timeline/TimelineEvents.java,32
hadoop,org.apache.hadoop.yarn.api.records.timeline,TimelineEvents.EventsOfOneEntity,3,0,0,0,66,0,0,0,-1.0,0,0,/Users/eashraf/hadoop/hadoop-yarn-project/hadoop-yarn/hadoop-yarn-api/src/main/java/org/apache/hadoop/yarn/api/records/timeline/TimelineEvents.java,90
hadoop,org.apache.hadoop.yarn.api.records.timeline,TimelineDomain,7,0,15,15,112,15,0,0,0.5333333333333333,16,0,/Users/eashraf/hadoop/hadoop-yarn-project/hadoop-yarn/hadoop-yarn-api/src/main/java/org/apache/hadoop/yarn/api/records/timeline/TimelineDomain.java,29
hadoop,org.apache.hadoop.yarn.api.records.timeline,TestTimelineRecords,1,0,9,5,238,19,0,0,0.2222222222222222,0,8,/Users/eashraf/hadoop/hadoop-yarn-project/hadoop-yarn/hadoop-yarn-common/src/test/java/org/apache/hadoop/yarn/api/records/timeline/TestTimelineRecords.java,37
hadoop,org.apache.hadoop.yarn.api,ContainerManagementProtocol,0,0,3,0,30,3,0,0,-1.0,19,3,/Users/eashraf/hadoop/hadoop-yarn-project/hadoop-yarn/hadoop-yarn-api/src/main/java/org/apache/hadoop/yarn/api/ContainerManagementProtocol.java,39
hadoop,org.apache.hadoop.yarn.api,ApplicationConstants,11,10,0,0,133,0,0,0,-1.0,22,2,/Users/eashraf/hadoop/hadoop-yarn-project/hadoop-yarn/hadoop-yarn-api/src/main/java/org/apache/hadoop/yarn/api/ApplicationConstants.java,27
hadoop,org.apache.hadoop.yarn.api,ApplicationConstants.Environment,1,0,0,0,94,0,0,0,-1.0,0,1,/Users/eashraf/hadoop/hadoop-yarn-project/hadoop-yarn/hadoop-yarn-api/src/main/java/org/apache/hadoop/yarn/api/ApplicationConstants.java,106
hadoop,org.apache.hadoop.yarn.api,ApplicationHistoryProtocol,0,0,9,9,77,9,0,0,-1.0,3,9,/Users/eashraf/hadoop/hadoop-yarn-project/hadoop-yarn/hadoop-yarn-api/src/main/java/org/apache/hadoop/yarn/api/ApplicationHistoryProtocol.java,53
hadoop,org.apache.hadoop.yarn.api,ClientSCMProtocolPB,0,0,0,0,2,0,0,0,-1.0,1,0,/Users/eashraf/hadoop/hadoop-yarn-project/hadoop-yarn/hadoop-yarn-api/src/main/java/org/apache/hadoop/yarn/api/ClientSCMProtocolPB.java,23
hadoop,org.apache.hadoop.yarn.api,ClientSCMProtocol,0,0,2,2,21,2,0,0,-1.0,5,2,/Users/eashraf/hadoop/hadoop-yarn-project/hadoop-yarn/hadoop-yarn-api/src/main/java/org/apache/hadoop/yarn/api/ClientSCMProtocol.java,32
hadoop,org.apache.hadoop.yarn.api,ApplicationClientProtocol,0,0,23,23,194,23,0,0,-1.0,18,23,/Users/eashraf/hadoop/hadoop-yarn-project/hadoop-yarn/hadoop-yarn-api/src/main/java/org/apache/hadoop/yarn/api/ApplicationClientProtocol.java,92
hadoop,org.apache.hadoop.yarn.api,ApplicationMasterProtocol,0,0,3,3,39,3,0,0,-1.0,15,3,/Users/eashraf/hadoop/hadoop-yarn-project/hadoop-yarn/hadoop-yarn-api/src/main/java/org/apache/hadoop/yarn/api/ApplicationMasterProtocol.java,41
hadoop,org.apache.hadoop.yarn.api,TestContainerId,0,0,2,2,40,2,0,0,-1.0,2,3,/Users/eashraf/hadoop/hadoop-yarn-project/hadoop-yarn/hadoop-yarn-common/src/test/java/org/apache/hadoop/yarn/api/TestContainerId.java,29
hadoop,org.apache.hadoop.yarn.api,TestAllocateResponse,0,0,2,2,33,6,0,0,-1.0,0,5,/Users/eashraf/hadoop/hadoop-yarn-project/hadoop-yarn/hadoop-yarn-common/src/test/java/org/apache/hadoop/yarn/api/TestAllocateResponse.java,38
hadoop,org.apache.hadoop.yarn.api,TestApplicationAttemptId,0,0,3,2,33,3,0,0,-1.0,0,2,/Users/eashraf/hadoop/hadoop-yarn-project/hadoop-yarn/hadoop-yarn-common/src/test/java/org/apache/hadoop/yarn/api/TestApplicationAttemptId.java,28
hadoop,org.apache.hadoop.yarn.api,TestApplicationId,0,0,1,1,21,1,0,0,-1.0,0,1,/Users/eashraf/hadoop/hadoop-yarn-project/hadoop-yarn/hadoop-yarn-common/src/test/java/org/apache/hadoop/yarn/api/TestApplicationId.java,26
hadoop,org.apache.hadoop.yarn.api,TestAllocateRequest,0,0,2,2,23,4,0,0,-1.0,0,3,/Users/eashraf/hadoop/hadoop-yarn-project/hadoop-yarn/hadoop-yarn-common/src/test/java/org/apache/hadoop/yarn/api/TestAllocateRequest.java,33
hadoop,org.apache.hadoop.yarn.api,TestPBImplRecords,9,5,118,114,588,158,0,0,0.9661016949152542,0,1,/Users/eashraf/hadoop/hadoop-yarn-project/hadoop-yarn/hadoop-yarn-common/src/test/java/org/apache/hadoop/yarn/api/TestPBImplRecords.java,59
hadoop,org.apache.hadoop.yarn.api,TestPBImplRecords.GetSetPair,5,5,0,0,10,0,0,0,-1.0,0,0,/Users/eashraf/hadoop/hadoop-yarn-project/hadoop-yarn/hadoop-yarn-common/src/test/java/org/apache/hadoop/yarn/api/TestPBImplRecords.java,229
hadoop,org.apache.hadoop.yarn.api,TestNodeId,0,0,1,1,18,1,0,0,-1.0,0,1,/Users/eashraf/hadoop/hadoop-yarn-project/hadoop-yarn/hadoop-yarn-common/src/test/java/org/apache/hadoop/yarn/api/TestNodeId.java,26
hadoop,org.apache.hadoop.yarn.api,TestContainerResourceDecrease,0,0,2,2,18,2,0,0,-1.0,0,5,/Users/eashraf/hadoop/hadoop-yarn-project/hadoop-yarn/hadoop-yarn-common/src/test/java/org/apache/hadoop/yarn/api/TestContainerResourceDecrease.java,32
hadoop,org.apache.hadoop.yarn.api,TestContainerResourceIncreaseRequest,0,0,2,2,18,2,0,0,-1.0,0,5,/Users/eashraf/hadoop/hadoop-yarn-project/hadoop-yarn/hadoop-yarn-common/src/test/java/org/apache/hadoop/yarn/api/TestContainerResourceIncreaseRequest.java,32
hadoop,org.apache.hadoop.yarn.api,TestApplicatonReport,0,0,2,1,23,2,0,0,-1.0,0,6,/Users/eashraf/hadoop/hadoop-yarn-project/hadoop-yarn/hadoop-yarn-common/src/test/java/org/apache/hadoop/yarn/api/TestApplicatonReport.java,30
hadoop,org.apache.hadoop.yarn.api,TestContainerResourceIncrease,0,0,2,2,22,2,0,0,-1.0,0,6,/Users/eashraf/hadoop/hadoop-yarn-project/hadoop-yarn/hadoop-yarn-common/src/test/java/org/apache/hadoop/yarn/api/TestContainerResourceIncrease.java,35
hadoop,org.apache.hadoop.yarn.api,TestGetApplicationsRequest,0,0,1,1,39,1,0,0,-1.0,0,3,/Users/eashraf/hadoop/hadoop-yarn-project/hadoop-yarn/hadoop-yarn-common/src/test/java/org/apache/hadoop/yarn/api/TestGetApplicationsRequest.java,32
hadoop,org.apache.hadoop.yarn.api,ContainerManagementProtocolPB,0,0,0,0,2,0,0,0,-1.0,2,0,/Users/eashraf/hadoop/hadoop-yarn-project/hadoop-yarn/hadoop-yarn-common/src/main/java/org/apache/hadoop/yarn/api/ContainerManagementProtocolPB.java,25
hadoop,org.apache.hadoop.yarn.api,ApplicationClientProtocolPB,0,0,0,0,2,0,0,0,-1.0,1,0,/Users/eashraf/hadoop/hadoop-yarn-project/hadoop-yarn/hadoop-yarn-common/src/main/java/org/apache/hadoop/yarn/api/ApplicationClientProtocolPB.java,25
hadoop,org.apache.hadoop.yarn.api,ApplicationHistoryProtocolPB,0,0,0,0,2,0,0,0,-1.0,1,0,/Users/eashraf/hadoop/hadoop-yarn-project/hadoop-yarn/hadoop-yarn-common/src/main/java/org/apache/hadoop/yarn/api/ApplicationHistoryProtocolPB.java,26
hadoop,org.apache.hadoop.yarn.api,ApplicationMasterProtocolPB,0,0,0,0,2,0,0,0,-1.0,1,0,/Users/eashraf/hadoop/hadoop-yarn-project/hadoop-yarn/hadoop-yarn-common/src/main/java/org/apache/hadoop/yarn/api/ApplicationMasterProtocolPB.java,25
hadoop,org.apache.hadoop.yarn.api.protocolrecords,ReservationDeleteResponse,0,0,1,1,10,1,0,0,-1.0,4,1,/Users/eashraf/hadoop/hadoop-yarn-project/hadoop-yarn/hadoop-yarn-api/src/main/java/org/apache/hadoop/yarn/api/protocolrecords/ReservationDeleteResponse.java,27
hadoop,org.apache.hadoop.yarn.api.protocolrecords,GetApplicationReportRequest,0,0,3,3,22,3,0,0,-1.0,18,2,/Users/eashraf/hadoop/hadoop-yarn-project/hadoop-yarn/hadoop-yarn-api/src/main/java/org/apache/hadoop/yarn/api/protocolrecords/GetApplicationReportRequest.java,28
hadoop,org.apache.hadoop.yarn.api.protocolrecords,GetContainerReportResponse,0,0,3,3,16,3,0,0,-1.0,11,2,/Users/eashraf/hadoop/hadoop-yarn-project/hadoop-yarn/hadoop-yarn-api/src/main/java/org/apache/hadoop/yarn/api/protocolrecords/GetContainerReportResponse.java,26
hadoop,org.apache.hadoop.yarn.api.protocolrecords,RenewDelegationTokenResponse,0,0,3,3,12,3,0,0,-1.0,4,1,/Users/eashraf/hadoop/hadoop-yarn-project/hadoop-yarn/hadoop-yarn-api/src/main/java/org/apache/hadoop/yarn/api/protocolrecords/RenewDelegationTokenResponse.java,25
hadoop,org.apache.hadoop.yarn.api.protocolrecords,GetClusterNodeLabelsResponse,0,0,3,3,9,3,0,0,-1.0,3,1,/Users/eashraf/hadoop/hadoop-yarn-project/hadoop-yarn/hadoop-yarn-api/src/main/java/org/apache/hadoop/yarn/api/protocolrecords/GetClusterNodeLabelsResponse.java,27
hadoop,org.apache.hadoop.yarn.api.protocolrecords,GetLabelsToNodesRequest,0,0,4,4,12,4,0,0,-1.0,5,1,/Users/eashraf/hadoop/hadoop-yarn-project/hadoop-yarn/hadoop-yarn-api/src/main/java/org/apache/hadoop/yarn/api/protocolrecords/GetLabelsToNodesRequest.java,25
hadoop,org.apache.hadoop.yarn.api.protocolrecords,KillApplicationResponse,0,0,3,3,19,3,0,0,-1.0,8,1,/Users/eashraf/hadoop/hadoop-yarn-project/hadoop-yarn/hadoop-yarn-api/src/main/java/org/apache/hadoop/yarn/api/protocolrecords/KillApplicationResponse.java,28
hadoop,org.apache.hadoop.yarn.api.protocolrecords,RenewDelegationTokenRequest,0,0,3,3,16,3,0,0,-1.0,9,2,/Users/eashraf/hadoop/hadoop-yarn-project/hadoop-yarn/hadoop-yarn-api/src/main/java/org/apache/hadoop/yarn/api/protocolrecords/RenewDelegationTokenRequest.java,26
hadoop,org.apache.hadoop.yarn.api.protocolrecords,MoveApplicationAcrossQueuesRequest,0,0,5,5,32,5,0,0,-1.0,7,2,/Users/eashraf/hadoop/hadoop-yarn-project/hadoop-yarn/hadoop-yarn-api/src/main/java/org/apache/hadoop/yarn/api/protocolrecords/MoveApplicationAcrossQueuesRequest.java,26
hadoop,org.apache.hadoop.yarn.api.protocolrecords,GetNewApplicationRequest,0,0,1,1,10,1,0,0,-1.0,13,1,/Users/eashraf/hadoop/hadoop-yarn-project/hadoop-yarn/hadoop-yarn-api/src/main/java/org/apache/hadoop/yarn/api/protocolrecords/GetNewApplicationRequest.java,27
hadoop,org.apache.hadoop.yarn.api.protocolrecords,GetClusterNodesResponse,0,0,3,3,18,3,0,0,-1.0,4,1,/Users/eashraf/hadoop/hadoop-yarn-project/hadoop-yarn/hadoop-yarn-api/src/main/java/org/apache/hadoop/yarn/api/protocolrecords/GetClusterNodesResponse.java,31
hadoop,org.apache.hadoop.yarn.api.protocolrecords,GetQueueInfoResponse,0,0,3,3,18,3,0,0,-1.0,5,2,/Users/eashraf/hadoop/hadoop-yarn-project/hadoop-yarn/hadoop-yarn-api/src/main/java/org/apache/hadoop/yarn/api/protocolrecords/GetQueueInfoResponse.java,29
hadoop,org.apache.hadoop.yarn.api.protocolrecords,GetQueueInfoRequest,0,0,9,9,54,9,0,0,-1.0,7,1,/Users/eashraf/hadoop/hadoop-yarn-project/hadoop-yarn/hadoop-yarn-api/src/main/java/org/apache/hadoop/yarn/api/protocolrecords/GetQueueInfoRequest.java,26
hadoop,org.apache.hadoop.yarn.api.protocolrecords,KillApplicationRequest,0,0,3,3,17,3,0,0,-1.0,13,2,/Users/eashraf/hadoop/hadoop-yarn-project/hadoop-yarn/hadoop-yarn-api/src/main/java/org/apache/hadoop/yarn/api/protocolrecords/KillApplicationRequest.java,27
hadoop,org.apache.hadoop.yarn.api.protocolrecords,ApplicationsRequestScope,0,0,0,0,13,0,0,0,-1.0,6,0,/Users/eashraf/hadoop/hadoop-yarn-project/hadoop-yarn/hadoop-yarn-api/src/main/java/org/apache/hadoop/yarn/api/protocolrecords/ApplicationsRequestScope.java,24
hadoop,org.apache.hadoop.yarn.api.protocolrecords,GetQueueUserAclsInfoRequest,0,0,1,1,10,1,0,0,-1.0,5,1,/Users/eashraf/hadoop/hadoop-yarn-project/hadoop-yarn/hadoop-yarn-api/src/main/java/org/apache/hadoop/yarn/api/protocolrecords/GetQueueUserAclsInfoRequest.java,26
hadoop,org.apache.hadoop.yarn.api.protocolrecords,GetApplicationAttemptsResponse,0,0,3,3,22,3,0,0,-1.0,11,1,/Users/eashraf/hadoop/hadoop-yarn-project/hadoop-yarn/hadoop-yarn-api/src/main/java/org/apache/hadoop/yarn/api/protocolrecords/GetApplicationAttemptsResponse.java,29
hadoop,org.apache.hadoop.yarn.api.protocolrecords,GetContainersRequest,0,0,3,3,21,3,0,0,-1.0,9,2,/Users/eashraf/hadoop/hadoop-yarn-project/hadoop-yarn/hadoop-yarn-api/src/main/java/org/apache/hadoop/yarn/api/protocolrecords/GetContainersRequest.java,27
hadoop,org.apache.hadoop.yarn.api.protocolrecords,GetDelegationTokenRequest,0,0,3,3,12,3,0,0,-1.0,11,1,/Users/eashraf/hadoop/hadoop-yarn-project/hadoop-yarn/hadoop-yarn-api/src/main/java/org/apache/hadoop/yarn/api/protocolrecords/GetDelegationTokenRequest.java,25
hadoop,org.apache.hadoop.yarn.api.protocolrecords,GetContainersResponse,0,0,3,3,22,3,0,0,-1.0,11,1,/Users/eashraf/hadoop/hadoop-yarn-project/hadoop-yarn/hadoop-yarn-api/src/main/java/org/apache/hadoop/yarn/api/protocolrecords/GetContainersResponse.java,29
hadoop,org.apache.hadoop.yarn.api.protocolrecords,UseSharedCacheResourceResponse,0,0,2,2,15,2,0,0,-1.0,4,0,/Users/eashraf/hadoop/hadoop-yarn-project/hadoop-yarn/hadoop-yarn-api/src/main/java/org/apache/hadoop/yarn/api/protocolrecords/UseSharedCacheResourceResponse.java,24
hadoop,org.apache.hadoop.yarn.api.protocolrecords,SubmitApplicationRequest,0,0,3,3,21,3,0,0,-1.0,14,2,/Users/eashraf/hadoop/hadoop-yarn-project/hadoop-yarn/hadoop-yarn-api/src/main/java/org/apache/hadoop/yarn/api/protocolrecords/SubmitApplicationRequest.java,29
hadoop,org.apache.hadoop.yarn.api.protocolrecords,GetApplicationAttemptsRequest,0,0,3,3,21,3,0,0,-1.0,9,2,/Users/eashraf/hadoop/hadoop-yarn-project/hadoop-yarn/hadoop-yarn-api/src/main/java/org/apache/hadoop/yarn/api/protocolrecords/GetApplicationAttemptsRequest.java,27
hadoop,org.apache.hadoop.yarn.api.protocolrecords,CancelDelegationTokenRequest,0,0,3,3,16,3,0,0,-1.0,9,2,/Users/eashraf/hadoop/hadoop-yarn-project/hadoop-yarn/hadoop-yarn-api/src/main/java/org/apache/hadoop/yarn/api/protocolrecords/CancelDelegationTokenRequest.java,26
hadoop,org.apache.hadoop.yarn.api.protocolrecords,GetApplicationReportResponse,0,0,3,3,17,3,0,0,-1.0,16,2,/Users/eashraf/hadoop/hadoop-yarn-project/hadoop-yarn/hadoop-yarn-api/src/main/java/org/apache/hadoop/yarn/api/protocolrecords/GetApplicationReportResponse.java,29
hadoop,org.apache.hadoop.yarn.api.protocolrecords,StartContainersRequest,0,0,3,3,21,3,0,0,-1.0,20,1,/Users/eashraf/hadoop/hadoop-yarn-project/hadoop-yarn/hadoop-yarn-api/src/main/java/org/apache/hadoop/yarn/api/protocolrecords/StartContainersRequest.java,29
hadoop,org.apache.hadoop.yarn.api.protocolrecords,UseSharedCacheResourceRequest,0,0,4,4,25,4,0,0,-1.0,6,1,/Users/eashraf/hadoop/hadoop-yarn-project/hadoop-yarn/hadoop-yarn-api/src/main/java/org/apache/hadoop/yarn/api/protocolrecords/UseSharedCacheResourceRequest.java,25
hadoop,org.apache.hadoop.yarn.api.protocolrecords,GetClusterNodeLabelsRequest,0,0,1,1,5,1,0,0,-1.0,5,1,/Users/eashraf/hadoop/hadoop-yarn-project/hadoop-yarn/hadoop-yarn-api/src/main/java/org/apache/hadoop/yarn/api/protocolrecords/GetClusterNodeLabelsRequest.java,25
hadoop,org.apache.hadoop.yarn.api.protocolrecords,RegisterApplicationMasterRequest,0,0,7,7,47,7,0,0,-1.0,14,1,/Users/eashraf/hadoop/hadoop-yarn-project/hadoop-yarn/hadoop-yarn-api/src/main/java/org/apache/hadoop/yarn/api/protocolrecords/RegisterApplicationMasterRequest.java,26
hadoop,org.apache.hadoop.yarn.api.protocolrecords,ReservationSubmissionRequest,0,0,5,5,32,5,0,0,-1.0,10,2,/Users/eashraf/hadoop/hadoop-yarn-project/hadoop-yarn/hadoop-yarn-api/src/main/java/org/apache/hadoop/yarn/api/protocolrecords/ReservationSubmissionRequest.java,27
hadoop,org.apache.hadoop.yarn.api.protocolrecords,StartContainerRequest,0,0,5,5,30,5,0,0,-1.0,22,3,/Users/eashraf/hadoop/hadoop-yarn-project/hadoop-yarn/hadoop-yarn-api/src/main/java/org/apache/hadoop/yarn/api/protocolrecords/StartContainerRequest.java,29
hadoop,org.apache.hadoop.yarn.api.protocolrecords,GetClusterMetricsResponse,0,0,3,3,18,3,0,0,-1.0,4,2,/Users/eashraf/hadoop/hadoop-yarn-project/hadoop-yarn/hadoop-yarn-api/src/main/java/org/apache/hadoop/yarn/api/protocolrecords/GetClusterMetricsResponse.java,29
hadoop,org.apache.hadoop.yarn.api.protocolrecords,RegisterApplicationMasterResponse,0,0,15,15,80,15,0,0,-1.0,12,2,/Users/eashraf/hadoop/hadoop-yarn-project/hadoop-yarn/hadoop-yarn-api/src/main/java/org/apache/hadoop/yarn/api/protocolrecords/RegisterApplicationMasterResponse.java,38
hadoop,org.apache.hadoop.yarn.api.protocolrecords,GetClusterMetricsRequest,0,0,1,1,10,1,0,0,-1.0,6,1,/Users/eashraf/hadoop/hadoop-yarn-project/hadoop-yarn/hadoop-yarn-api/src/main/java/org/apache/hadoop/yarn/api/protocolrecords/GetClusterMetricsRequest.java,26
hadoop,org.apache.hadoop.yarn.api.protocolrecords,GetNodesToLabelsRequest,0,0,1,1,5,1,0,0,-1.0,5,1,/Users/eashraf/hadoop/hadoop-yarn-project/hadoop-yarn/hadoop-yarn-api/src/main/java/org/apache/hadoop/yarn/api/protocolrecords/GetNodesToLabelsRequest.java,23
hadoop,org.apache.hadoop.yarn.api.protocolrecords,StartContainersResponse,0,0,7,7,38,7,0,0,-1.0,10,1,/Users/eashraf/hadoop/hadoop-yarn-project/hadoop-yarn/hadoop-yarn-api/src/main/java/org/apache/hadoop/yarn/api/protocolrecords/StartContainersResponse.java,34
hadoop,org.apache.hadoop.yarn.api.protocolrecords,GetApplicationsRequest,0,0,27,27,192,31,0,0,-1.0,17,2,/Users/eashraf/hadoop/hadoop-yarn-project/hadoop-yarn/hadoop-yarn-api/src/main/java/org/apache/hadoop/yarn/api/protocolrecords/GetApplicationsRequest.java,33
hadoop,org.apache.hadoop.yarn.api.protocolrecords,GetLabelsToNodesResponse,0,0,3,3,9,3,0,0,-1.0,5,1,/Users/eashraf/hadoop/hadoop-yarn-project/hadoop-yarn/hadoop-yarn-api/src/main/java/org/apache/hadoop/yarn/api/protocolrecords/GetLabelsToNodesResponse.java,29
hadoop,org.apache.hadoop.yarn.api.protocolrecords,GetClusterNodesRequest,0,0,4,4,23,4,0,0,-1.0,6,1,/Users/eashraf/hadoop/hadoop-yarn-project/hadoop-yarn/hadoop-yarn-api/src/main/java/org/apache/hadoop/yarn/api/protocolrecords/GetClusterNodesRequest.java,29
hadoop,org.apache.hadoop.yarn.api.protocolrecords,AllocateResponse,0,0,27,27,110,27,0,0,-1.0,31,5,/Users/eashraf/hadoop/hadoop-yarn-project/hadoop-yarn/hadoop-yarn-api/src/main/java/org/apache/hadoop/yarn/api/protocolrecords/AllocateResponse.java,41
hadoop,org.apache.hadoop.yarn.api.protocolrecords,ReservationDeleteRequest,0,0,3,3,21,3,0,0,-1.0,10,2,/Users/eashraf/hadoop/hadoop-yarn-project/hadoop-yarn/hadoop-yarn-api/src/main/java/org/apache/hadoop/yarn/api/protocolrecords/ReservationDeleteRequest.java,27
hadoop,org.apache.hadoop.yarn.api.protocolrecords,GetApplicationsResponse,0,0,3,3,18,3,0,0,-1.0,16,1,/Users/eashraf/hadoop/hadoop-yarn-project/hadoop-yarn/hadoop-yarn-api/src/main/java/org/apache/hadoop/yarn/api/protocolrecords/GetApplicationsResponse.java,31
hadoop,org.apache.hadoop.yarn.api.protocolrecords,FinishApplicationMasterRequest,0,0,7,7,43,7,0,0,-1.0,15,2,/Users/eashraf/hadoop/hadoop-yarn-project/hadoop-yarn/hadoop-yarn-api/src/main/java/org/apache/hadoop/yarn/api/protocolrecords/FinishApplicationMasterRequest.java,27
hadoop,org.apache.hadoop.yarn.api.protocolrecords,GetContainerStatusesResponse,0,0,5,5,29,5,0,0,-1.0,7,1,/Users/eashraf/hadoop/hadoop-yarn-project/hadoop-yarn/hadoop-yarn-api/src/main/java/org/apache/hadoop/yarn/api/protocolrecords/GetContainerStatusesResponse.java,34
hadoop,org.apache.hadoop.yarn.api.protocolrecords,MoveApplicationAcrossQueuesResponse,0,0,1,1,10,1,0,0,-1.0,2,1,/Users/eashraf/hadoop/hadoop-yarn-project/hadoop-yarn/hadoop-yarn-api/src/main/java/org/apache/hadoop/yarn/api/protocolrecords/MoveApplicationAcrossQueuesResponse.java,26
hadoop,org.apache.hadoop.yarn.api.protocolrecords,ReservationUpdateResponse,0,0,1,1,10,1,0,0,-1.0,4,1,/Users/eashraf/hadoop/hadoop-yarn-project/hadoop-yarn/hadoop-yarn-api/src/main/java/org/apache/hadoop/yarn/api/protocolrecords/ReservationUpdateResponse.java,27
hadoop,org.apache.hadoop.yarn.api.protocolrecords,GetContainerReportRequest,0,0,3,3,20,3,0,0,-1.0,9,2,/Users/eashraf/hadoop/hadoop-yarn-project/hadoop-yarn/hadoop-yarn-api/src/main/java/org/apache/hadoop/yarn/api/protocolrecords/GetContainerReportRequest.java,27
hadoop,org.apache.hadoop.yarn.api.protocolrecords,GetNewApplicationResponse,0,0,5,5,24,5,0,0,-1.0,11,3,/Users/eashraf/hadoop/hadoop-yarn-project/hadoop-yarn/hadoop-yarn-api/src/main/java/org/apache/hadoop/yarn/api/protocolrecords/GetNewApplicationResponse.java,30
hadoop,org.apache.hadoop.yarn.api.protocolrecords,ReleaseSharedCacheResourceRequest,0,0,4,4,25,4,0,0,-1.0,6,1,/Users/eashraf/hadoop/hadoop-yarn-project/hadoop-yarn/hadoop-yarn-api/src/main/java/org/apache/hadoop/yarn/api/protocolrecords/ReleaseSharedCacheResourceRequest.java,25
hadoop,org.apache.hadoop.yarn.api.protocolrecords,GetNodesToLabelsResponse,0,0,3,3,9,3,0,0,-1.0,3,1,/Users/eashraf/hadoop/hadoop-yarn-project/hadoop-yarn/hadoop-yarn-api/src/main/java/org/apache/hadoop/yarn/api/protocolrecords/GetNodesToLabelsResponse.java,29
hadoop,org.apache.hadoop.yarn.api.protocolrecords,StopContainersResponse,0,0,5,5,29,5,0,0,-1.0,7,1,/Users/eashraf/hadoop/hadoop-yarn-project/hadoop-yarn/hadoop-yarn-api/src/main/java/org/apache/hadoop/yarn/api/protocolrecords/StopContainersResponse.java,33
hadoop,org.apache.hadoop.yarn.api.protocolrecords,GetContainerStatusesRequest,0,0,3,3,21,3,0,0,-1.0,14,1,/Users/eashraf/hadoop/hadoop-yarn-project/hadoop-yarn/hadoop-yarn-api/src/main/java/org/apache/hadoop/yarn/api/protocolrecords/GetContainerStatusesRequest.java,30
hadoop,org.apache.hadoop.yarn.api.protocolrecords,FinishApplicationMasterResponse,0,0,3,3,19,3,0,0,-1.0,7,1,/Users/eashraf/hadoop/hadoop-yarn-project/hadoop-yarn/hadoop-yarn-api/src/main/java/org/apache/hadoop/yarn/api/protocolrecords/FinishApplicationMasterResponse.java,28
hadoop,org.apache.hadoop.yarn.api.protocolrecords,SubmitApplicationResponse,0,0,1,1,10,1,0,0,-1.0,2,1,/Users/eashraf/hadoop/hadoop-yarn-project/hadoop-yarn/hadoop-yarn-api/src/main/java/org/apache/hadoop/yarn/api/protocolrecords/SubmitApplicationResponse.java,28
hadoop,org.apache.hadoop.yarn.api.protocolrecords,CancelDelegationTokenResponse,0,0,1,1,9,1,0,0,-1.0,3,1,/Users/eashraf/hadoop/hadoop-yarn-project/hadoop-yarn/hadoop-yarn-api/src/main/java/org/apache/hadoop/yarn/api/protocolrecords/CancelDelegationTokenResponse.java,25
hadoop,org.apache.hadoop.yarn.api.protocolrecords,ReservationUpdateRequest,0,0,5,5,32,5,0,0,-1.0,10,3,/Users/eashraf/hadoop/hadoop-yarn-project/hadoop-yarn/hadoop-yarn-api/src/main/java/org/apache/hadoop/yarn/api/protocolrecords/ReservationUpdateRequest.java,27
hadoop,org.apache.hadoop.yarn.api.protocolrecords,ReleaseSharedCacheResourceResponse,0,0,0,0,5,0,0,0,-1.0,2,0,/Users/eashraf/hadoop/hadoop-yarn-project/hadoop-yarn/hadoop-yarn-api/src/main/java/org/apache/hadoop/yarn/api/protocolrecords/ReleaseSharedCacheResourceResponse.java,24
hadoop,org.apache.hadoop.yarn.api.protocolrecords,StopContainersRequest,0,0,3,3,21,3,0,0,-1.0,14,1,/Users/eashraf/hadoop/hadoop-yarn-project/hadoop-yarn/hadoop-yarn-api/src/main/java/org/apache/hadoop/yarn/api/protocolrecords/StopContainersRequest.java,29
hadoop,org.apache.hadoop.yarn.api.protocolrecords,ReservationSubmissionResponse,0,0,3,3,21,3,0,0,-1.0,4,2,/Users/eashraf/hadoop/hadoop-yarn-project/hadoop-yarn/hadoop-yarn-api/src/main/java/org/apache/hadoop/yarn/api/protocolrecords/ReservationSubmissionResponse.java,28
hadoop,org.apache.hadoop.yarn.api.protocolrecords,GetApplicationAttemptReportRequest,0,0,3,3,22,3,0,0,-1.0,9,2,/Users/eashraf/hadoop/hadoop-yarn-project/hadoop-yarn/hadoop-yarn-api/src/main/java/org/apache/hadoop/yarn/api/protocolrecords/GetApplicationAttemptReportRequest.java,28
hadoop,org.apache.hadoop.yarn.api.protocolrecords,GetApplicationAttemptReportResponse,0,0,3,3,22,3,0,0,-1.0,11,2,/Users/eashraf/hadoop/hadoop-yarn-project/hadoop-yarn/hadoop-yarn-api/src/main/java/org/apache/hadoop/yarn/api/protocolrecords/GetApplicationAttemptReportResponse.java,27
hadoop,org.apache.hadoop.yarn.api.protocolrecords,GetDelegationTokenResponse,0,0,3,3,15,3,0,0,-1.0,8,2,/Users/eashraf/hadoop/hadoop-yarn-project/hadoop-yarn/hadoop-yarn-api/src/main/java/org/apache/hadoop/yarn/api/protocolrecords/GetDelegationTokenResponse.java,30
hadoop,org.apache.hadoop.yarn.api.protocolrecords,AllocateRequest,0,0,14,14,81,14,0,0,-1.0,21,2,/Users/eashraf/hadoop/hadoop-yarn-project/hadoop-yarn/hadoop-yarn-api/src/main/java/org/apache/hadoop/yarn/api/protocolrecords/AllocateRequest.java,33
hadoop,org.apache.hadoop.yarn.api.protocolrecords,GetQueueUserAclsInfoResponse,0,0,3,3,19,3,0,0,-1.0,3,1,/Users/eashraf/hadoop/hadoop-yarn-project/hadoop-yarn/hadoop-yarn-api/src/main/java/org/apache/hadoop/yarn/api/protocolrecords/GetQueueUserAclsInfoResponse.java,32
hadoop,org.apache.hadoop.yarn.conf,ConfigurationProviderFactory,0,0,1,1,18,1,0,0,-1.0,1,4,/Users/eashraf/hadoop/hadoop-yarn-project/hadoop-yarn/hadoop-yarn-api/src/main/java/org/apache/hadoop/yarn/conf/ConfigurationProviderFactory.java,27
hadoop,org.apache.hadoop.yarn.conf,ConfigurationProvider,0,0,5,5,25,5,0,0,-1.0,3,1,/Users/eashraf/hadoop/hadoop-yarn-project/hadoop-yarn/hadoop-yarn-api/src/main/java/org/apache/hadoop/yarn/conf/ConfigurationProvider.java,29
hadoop,org.apache.hadoop.yarn.conf,HAUtil,2,1,22,11,210,42,0,0,0.22727272727272727,23,3,/Users/eashraf/hadoop/hadoop-yarn-project/hadoop-yarn/hadoop-yarn-api/src/main/java/org/apache/hadoop/yarn/conf/HAUtil.java,33
hadoop,org.apache.hadoop.yarn.conf,YarnConfiguration,493,488,9,8,1197,19,0,0,0.6666666666666666,391,5,/Users/eashraf/hadoop/hadoop-yarn-project/hadoop-yarn/hadoop-yarn-api/src/main/java/org/apache/hadoop/yarn/conf/YarnConfiguration.java,37
hadoop,org.apache.hadoop.yarn.conf,TestYarnConfiguration,0,0,5,5,66,5,0,0,-1.0,0,3,/Users/eashraf/hadoop/hadoop-yarn-project/hadoop-yarn/hadoop-yarn-common/src/test/java/org/apache/hadoop/yarn/conf/TestYarnConfiguration.java,33
hadoop,org.apache.hadoop.yarn.conf,TestYarnConfigurationFields,0,0,1,1,35,1,0,0,-1.0,0,1,/Users/eashraf/hadoop/hadoop-yarn-project/hadoop-yarn/hadoop-yarn-common/src/test/java/org/apache/hadoop/yarn/conf/TestYarnConfigurationFields.java,25
hadoop,org.apache.hadoop.yarn.conf,TestHAUtil,12,0,5,5,111,10,0,0,0.0,0,4,/Users/eashraf/hadoop/hadoop-yarn-project/hadoop-yarn/hadoop-yarn-common/src/test/java/org/apache/hadoop/yarn/conf/TestHAUtil.java,36
hadoop,org.apache.hadoop.yarn.factory.providers,RecordFactoryProvider,1,0,3,1,35,4,0,0,0.6666666666666666,24,2,/Users/eashraf/hadoop/hadoop-yarn-project/hadoop-yarn/hadoop-yarn-api/src/main/java/org/apache/hadoop/yarn/factory/providers/RecordFactoryProvider.java,31
hadoop,org.apache.hadoop.yarn.factory.providers,RpcFactoryProvider,0,0,4,2,38,5,0,0,-1.0,2,2,/Users/eashraf/hadoop/hadoop-yarn-project/hadoop-yarn/hadoop-yarn-common/src/main/java/org/apache/hadoop/yarn/factory/providers/RpcFactoryProvider.java,31
hadoop,org.apache.hadoop.yarn.server.sharedcachemanager.metrics,TestCleanerMetrics,2,0,4,3,26,4,0,0,0.0,0,2,/Users/eashraf/hadoop/hadoop-yarn-project/hadoop-yarn/hadoop-yarn-server/hadoop-yarn-server-sharedcachemanager/src/test/java/org/apache/hadoop/yarn/server/sharedcachemanager/metrics/TestCleanerMetrics.java,26
hadoop,org.apache.hadoop.yarn.server.sharedcachemanager.metrics,CleanerMetrics,10,1,13,11,83,13,0,0,0.3076923076923077,5,8,/Users/eashraf/hadoop/hadoop-yarn-project/hadoop-yarn/hadoop-yarn-server/hadoop-yarn-server-sharedcachemanager/src/main/java/org/apache/hadoop/yarn/server/sharedcachemanager/metrics/CleanerMetrics.java,35
hadoop,org.apache.hadoop.yarn.server.sharedcachemanager.metrics,ClientSCMMetrics,6,0,9,7,51,9,0,0,0.6666666666666666,3,4,/Users/eashraf/hadoop/hadoop-yarn-project/hadoop-yarn/hadoop-yarn-server/hadoop-yarn-server-sharedcachemanager/src/main/java/org/apache/hadoop/yarn/server/sharedcachemanager/metrics/ClientSCMMetrics.java,31
hadoop,org.apache.hadoop.yarn.server.sharedcachemanager.metrics,SharedCacheUploaderMetrics,5,0,7,5,41,7,0,0,0.7142857142857143,3,4,/Users/eashraf/hadoop/hadoop-yarn-project/hadoop-yarn/hadoop-yarn-server/hadoop-yarn-server-sharedcachemanager/src/main/java/org/apache/hadoop/yarn/server/sharedcachemanager/metrics/SharedCacheUploaderMetrics.java,31
hadoop,org.apache.hadoop.yarn.server.sharedcachemanager,TestCleanerTask,3,0,5,4,59,5,0,0,0.0,0,7,/Users/eashraf/hadoop/hadoop-yarn-project/hadoop-yarn/hadoop-yarn-server/hadoop-yarn-server-sharedcachemanager/src/test/java/org/apache/hadoop/yarn/server/sharedcachemanager/TestCleanerTask.java,42
hadoop,org.apache.hadoop.yarn.server.sharedcachemanager,TestSCMAdminProtocolService,7,0,5,4,56,7,0,0,0.0,0,12,/Users/eashraf/hadoop/hadoop-yarn-project/hadoop-yarn/hadoop-yarn-server/hadoop-yarn-server-sharedcachemanager/src/test/java/org/apache/hadoop/yarn/server/sharedcachemanager/TestSCMAdminProtocolService.java,52
hadoop,org.apache.hadoop.yarn.server.sharedcachemanager,TestClientSCMProtocolService,5,0,12,11,134,16,0,0,0.0,0,15,/Users/eashraf/hadoop/hadoop-yarn-project/hadoop-yarn/hadoop-yarn-server/hadoop-yarn-server-sharedcachemanager/src/test/java/org/apache/hadoop/yarn/server/sharedcachemanager/TestClientSCMProtocolService.java,52
hadoop,org.apache.hadoop.yarn.server.sharedcachemanager,TestRemoteAppChecker,1,0,4,3,43,5,0,0,0.0,0,5,/Users/eashraf/hadoop/hadoop-yarn-project/hadoop-yarn/hadoop-yarn-server/hadoop-yarn-server-sharedcachemanager/src/test/java/org/apache/hadoop/yarn/server/sharedcachemanager/TestRemoteAppChecker.java,38
hadoop,org.apache.hadoop.yarn.server.sharedcachemanager,TestRemoteAppChecker.DummyYarnClientImpl,0,0,0,0,8,0,0,0,-1.0,0,0,/Users/eashraf/hadoop/hadoop-yarn-project/hadoop-yarn/hadoop-yarn-server/hadoop-yarn-server-sharedcachemanager/src/test/java/org/apache/hadoop/yarn/server/sharedcachemanager/TestRemoteAppChecker.java,91
hadoop,org.apache.hadoop.yarn.server.sharedcachemanager,DummyAppChecker,0,0,2,2,11,2,0,1,-1.0,2,1,/Users/eashraf/hadoop/hadoop-yarn-project/hadoop-yarn/hadoop-yarn-server/hadoop-yarn-server-sharedcachemanager/src/test/java/org/apache/hadoop/yarn/server/sharedcachemanager/DummyAppChecker.java,28
hadoop,org.apache.hadoop.yarn.server.sharedcachemanager,TestSharedCacheUploaderService,5,0,7,7,82,11,0,0,0.0,0,12,/Users/eashraf/hadoop/hadoop-yarn-project/hadoop-yarn/hadoop-yarn-server/hadoop-yarn-server-sharedcachemanager/src/test/java/org/apache/hadoop/yarn/server/sharedcachemanager/TestSharedCacheUploaderService.java,51
hadoop,org.apache.hadoop.yarn.server.sharedcachemanager,ClientProtocolService,8,0,8,3,80,11,0,0,0.0,2,16,/Users/eashraf/hadoop/hadoop-yarn-project/hadoop-yarn/hadoop-yarn-server/hadoop-yarn-server-sharedcachemanager/src/main/java/org/apache/hadoop/yarn/server/sharedcachemanager/ClientProtocolService.java,49
hadoop,org.apache.hadoop.yarn.server.sharedcachemanager,SharedCacheManager,3,1,11,2,82,11,0,0,0.36363636363636365,4,13,/Users/eashraf/hadoop/hadoop-yarn-project/hadoop-yarn/hadoop-yarn-server/hadoop-yarn-server-sharedcachemanager/src/main/java/org/apache/hadoop/yarn/server/sharedcachemanager/SharedCacheManager.java,40
hadoop,org.apache.hadoop.yarn.server.sharedcachemanager,RemoteAppChecker,2,0,5,3,47,7,0,1,0.4,1,5,/Users/eashraf/hadoop/hadoop-yarn-project/hadoop-yarn/hadoop-yarn-server/hadoop-yarn-server-sharedcachemanager/src/main/java/org/apache/hadoop/yarn/server/sharedcachemanager/RemoteAppChecker.java,37
hadoop,org.apache.hadoop.yarn.server.sharedcachemanager,CleanerService,7,1,9,1,112,14,0,0,0.0,3,8,/Users/eashraf/hadoop/hadoop-yarn-project/hadoop-yarn/hadoop-yarn-server/hadoop-yarn-server-sharedcachemanager/src/main/java/org/apache/hadoop/yarn/server/sharedcachemanager/CleanerService.java,47
hadoop,org.apache.hadoop.yarn.server.sharedcachemanager,CleanerTask,10,0,7,2,197,23,0,0,0.0,2,8,/Users/eashraf/hadoop/hadoop-yarn-project/hadoop-yarn/hadoop-yarn-server/hadoop-yarn-server-sharedcachemanager/src/main/java/org/apache/hadoop/yarn/server/sharedcachemanager/CleanerTask.java,38
hadoop,org.apache.hadoop.yarn.server.sharedcachemanager,CleanerTask.ResourceStatus,0,0,0,0,13,0,0,0,-1.0,0,0,/Users/eashraf/hadoop/hadoop-yarn-project/hadoop-yarn/hadoop-yarn-server/hadoop-yarn-server-sharedcachemanager/src/main/java/org/apache/hadoop/yarn/server/sharedcachemanager/CleanerTask.java,295
hadoop,org.apache.hadoop.yarn.server.sharedcachemanager,SharedCacheUploaderService,5,0,7,3,55,9,0,0,0.0,2,12,/Users/eashraf/hadoop/hadoop-yarn-project/hadoop-yarn/hadoop-yarn-server/hadoop-yarn-server-sharedcachemanager/src/main/java/org/apache/hadoop/yarn/server/sharedcachemanager/SharedCacheUploaderService.java,40
hadoop,org.apache.hadoop.yarn.server.sharedcachemanager,AppChecker,0,0,4,4,23,4,2,0,-1.0,6,1,/Users/eashraf/hadoop/hadoop-yarn-project/hadoop-yarn/hadoop-yarn-server/hadoop-yarn-server-sharedcachemanager/src/main/java/org/apache/hadoop/yarn/server/sharedcachemanager/AppChecker.java,29
hadoop,org.apache.hadoop.yarn.server.sharedcachemanager,SCMAdminProtocolService,6,0,7,2,59,9,0,0,0.0,2,12,/Users/eashraf/hadoop/hadoop-yarn-project/hadoop-yarn/hadoop-yarn-server/hadoop-yarn-server-sharedcachemanager/src/main/java/org/apache/hadoop/yarn/server/sharedcachemanager/SCMAdminProtocolService.java,45
hadoop,org.apache.hadoop.yarn.server.sharedcachemanager.store,TestInMemorySCMStore,2,0,20,15,200,28,0,1,0.1,0,7,/Users/eashraf/hadoop/hadoop-yarn-project/hadoop-yarn/hadoop-yarn-server/hadoop-yarn-server-sharedcachemanager/src/test/java/org/apache/hadoop/yarn/server/sharedcachemanager/store/TestInMemorySCMStore.java,55
hadoop,org.apache.hadoop.yarn.server.sharedcachemanager.store,SCMStoreBaseTest,0,0,2,1,12,2,1,0,-1.0,0,1,/Users/eashraf/hadoop/hadoop-yarn-project/hadoop-yarn/hadoop-yarn-server/hadoop-yarn-server-sharedcachemanager/src/test/java/org/apache/hadoop/yarn/server/sharedcachemanager/store/SCMStoreBaseTest.java,25
hadoop,org.apache.hadoop.yarn.server.sharedcachemanager.store,SharedCacheResourceReference,2,0,5,5,44,14,0,0,0.0,4,1,/Users/eashraf/hadoop/hadoop-yarn-project/hadoop-yarn/hadoop-yarn-server/hadoop-yarn-server-sharedcachemanager/src/main/java/org/apache/hadoop/yarn/server/sharedcachemanager/store/SharedCacheResourceReference.java,25
hadoop,org.apache.hadoop.yarn.server.sharedcachemanager.store,SCMStore,1,0,12,9,103,17,1,0,0.5833333333333334,9,6,/Users/eashraf/hadoop/hadoop-yarn-project/hadoop-yarn/hadoop-yarn-server/hadoop-yarn-server-sharedcachemanager/src/main/java/org/apache/hadoop/yarn/server/sharedcachemanager/store/SCMStore.java,39
hadoop,org.apache.hadoop.yarn.server.sharedcachemanager.store,InMemorySCMStore,10,0,20,10,303,43,0,1,0.15,1,10,/Users/eashraf/hadoop/hadoop-yarn-project/hadoop-yarn/hadoop-yarn-server/hadoop-yarn-server-sharedcachemanager/src/main/java/org/apache/hadoop/yarn/server/sharedcachemanager/store/InMemorySCMStore.java,55
hadoop,org.apache.hadoop.yarn.server.sharedcachemanager.store,InMemorySCMStore.AppCheckTask,1,0,0,0,34,0,0,0,-1.0,0,1,/Users/eashraf/hadoop/hadoop-yarn-project/hadoop-yarn/hadoop-yarn-server/hadoop-yarn-server-sharedcachemanager/src/main/java/org/apache/hadoop/yarn/server/sharedcachemanager/store/InMemorySCMStore.java,473
hadoop,org.apache.hadoop.yarn.server.sharedcachemanager.store,SharedCacheResource,3,0,6,0,28,6,0,0,0.0,1,1,/Users/eashraf/hadoop/hadoop-yarn-project/hadoop-yarn/hadoop-yarn-server/hadoop-yarn-server-sharedcachemanager/src/main/java/org/apache/hadoop/yarn/server/sharedcachemanager/store/SharedCacheResource.java,27
hadoop,org.apache.hadoop.yarn.server.sharedcachemanager.webapp,SCMWebServer,5,0,5,1,42,6,0,0,0.0,1,5,/Users/eashraf/hadoop/hadoop-yarn-project/hadoop-yarn/hadoop-yarn-server/hadoop-yarn-server-sharedcachemanager/src/main/java/org/apache/hadoop/yarn/server/sharedcachemanager/webapp/SCMWebServer.java,32
hadoop,org.apache.hadoop.yarn.server.sharedcachemanager.webapp,SCMWebServer.SCMWebApp,1,0,0,0,12,0,0,0,-1.0,0,1,/Users/eashraf/hadoop/hadoop-yarn-project/hadoop-yarn/hadoop-yarn-server/hadoop-yarn-server-sharedcachemanager/src/main/java/org/apache/hadoop/yarn/server/sharedcachemanager/webapp/SCMWebServer.java,76
hadoop,org.apache.hadoop.yarn.server.sharedcachemanager.webapp,SCMOverviewPage,1,0,3,0,32,3,0,0,1.0,1,1,/Users/eashraf/hadoop/hadoop-yarn-project/hadoop-yarn/hadoop-yarn-server/hadoop-yarn-server-sharedcachemanager/src/main/java/org/apache/hadoop/yarn/server/sharedcachemanager/webapp/SCMOverviewPage.java,39
hadoop,org.apache.hadoop.yarn.server.sharedcachemanager.webapp,SCMOverviewPage.SCMOverviewNavBlock,0,0,0,0,5,0,0,0,-1.0,0,0,/Users/eashraf/hadoop/hadoop-yarn-project/hadoop-yarn/hadoop-yarn-server/hadoop-yarn-server-sharedcachemanager/src/main/java/org/apache/hadoop/yarn/server/sharedcachemanager/webapp/SCMOverviewPage.java,60
hadoop,org.apache.hadoop.yarn.server.sharedcachemanager.webapp,SCMOverviewPage.SCMOverviewBlock,1,0,0,0,12,0,0,0,-1.0,0,1,/Users/eashraf/hadoop/hadoop-yarn-project/hadoop-yarn/hadoop-yarn-server/hadoop-yarn-server-sharedcachemanager/src/main/java/org/apache/hadoop/yarn/server/sharedcachemanager/webapp/SCMOverviewPage.java,69
hadoop,org.apache.hadoop.yarn.server.sharedcachemanager.webapp,SCMController,0,0,2,2,14,2,0,0,-1.0,0,1,/Users/eashraf/hadoop/hadoop-yarn-project/hadoop-yarn/hadoop-yarn-server/hadoop-yarn-server-sharedcachemanager/src/main/java/org/apache/hadoop/yarn/server/sharedcachemanager/webapp/SCMController.java,25
hadoop,org.apache.hadoop.yarn.server.sharedcachemanager.webapp,SCMMetricsInfo,7,0,9,9,44,9,0,0,0.2222222222222222,0,3,/Users/eashraf/hadoop/hadoop-yarn-project/hadoop-yarn/hadoop-yarn-server/hadoop-yarn-server-sharedcachemanager/src/main/java/org/apache/hadoop/yarn/server/sharedcachemanager/webapp/SCMMetricsInfo.java,31
hadoop,org.apache.hadoop.test,YarnTestDriver,1,0,4,4,31,4,0,0,0.75,0,2,/Users/eashraf/hadoop/hadoop-yarn-project/hadoop-yarn/hadoop-yarn-server/hadoop-yarn-server-resourcemanager/src/test/java/org/apache/hadoop/test/YarnTestDriver.java,24
hadoop,org.apache.hadoop.test,MockitoMaker,4,1,2,2,85,2,0,0,1.0,0,0,/Users/eashraf/hadoop/hadoop-common-project/hadoop-common/src/test/java/org/apache/hadoop/test/MockitoMaker.java,22
hadoop,org.apache.hadoop.test,MockitoMaker.StubBuilder,4,1,0,0,60,0,0,0,-1.0,0,0,/Users/eashraf/hadoop/hadoop-common-project/hadoop-common/src/test/java/org/apache/hadoop/test/MockitoMaker.java,57
hadoop,org.apache.hadoop.test,TestMultithreadedTestUtil,1,0,8,8,80,9,0,0,0.875,0,1,/Users/eashraf/hadoop/hadoop-common-project/hadoop-common/src/test/java/org/apache/hadoop/test/TestMultithreadedTestUtil.java,31
hadoop,org.apache.hadoop.test,TestTimedOutTestsListener,7,0,2,1,125,5,0,0,0.0,0,1,/Users/eashraf/hadoop/hadoop-common-project/hadoop-common/src/test/java/org/apache/hadoop/test/TestTimedOutTestsListener.java,31
hadoop,org.apache.hadoop.test,TestTimedOutTestsListener.Deadlock,7,0,0,0,98,0,0,0,-1.0,0,0,/Users/eashraf/hadoop/hadoop-common-project/hadoop-common/src/test/java/org/apache/hadoop/test/TestTimedOutTestsListener.java,33
hadoop,org.apache.hadoop.test,TestTimedOutTestsListener.DeadlockThread,5,0,0,0,70,0,0,0,-1.0,0,0,/Users/eashraf/hadoop/hadoop-common-project/hadoop-common/src/test/java/org/apache/hadoop/test/TestTimedOutTestsListener.java,61
hadoop,org.apache.hadoop.test,TestTimedOutTestsListener.Monitor,1,0,0,0,6,0,0,0,-1.0,0,0,/Users/eashraf/hadoop/hadoop-common-project/hadoop-common/src/test/java/org/apache/hadoop/test/TestTimedOutTestsListener.java,137
hadoop,org.apache.hadoop.test,UnitTestcaseTimeLimit,2,2,0,0,7,0,0,0,-1.0,0,0,/Users/eashraf/hadoop/hadoop-common-project/hadoop-common/src/test/java/org/apache/hadoop/test/UnitTestcaseTimeLimit.java,24
hadoop,org.apache.hadoop.test,TestJUnitSetup,1,1,1,1,13,1,0,0,0.0,0,0,/Users/eashraf/hadoop/hadoop-common-project/hadoop-common/src/test/java/org/apache/hadoop/test/TestJUnitSetup.java,26
hadoop,org.apache.hadoop.test,GenericTestUtils,16,0,20,20,265,27,0,0,0.55,130,4,/Users/eashraf/hadoop/hadoop-common-project/hadoop-common/src/test/java/org/apache/hadoop/test/GenericTestUtils.java,53
hadoop,org.apache.hadoop.test,GenericTestUtils.LogCapturer,3,0,0,0,22,0,0,0,-1.0,0,0,/Users/eashraf/hadoop/hadoop-common-project/hadoop-common/src/test/java/org/apache/hadoop/test/GenericTestUtils.java,170
hadoop,org.apache.hadoop.test,GenericTestUtils.DelayAnswer,8,0,0,0,81,0,0,0,-1.0,0,0,/Users/eashraf/hadoop/hadoop-common-project/hadoop-common/src/test/java/org/apache/hadoop/test/GenericTestUtils.java,200
hadoop,org.apache.hadoop.test,GenericTestUtils.DelegateAnswer,2,0,0,0,25,0,0,0,-1.0,0,0,/Users/eashraf/hadoop/hadoop-common-project/hadoop-common/src/test/java/org/apache/hadoop/test/GenericTestUtils.java,299
hadoop,org.apache.hadoop.test,GenericTestUtils.SleepAnswer,2,0,0,0,27,0,0,0,-1.0,0,0,/Users/eashraf/hadoop/hadoop-common-project/hadoop-common/src/test/java/org/apache/hadoop/test/GenericTestUtils.java,341
hadoop,org.apache.hadoop.test,CoreTestDriver,1,0,4,4,34,4,0,0,0.75,0,5,/Users/eashraf/hadoop/hadoop-common-project/hadoop-common/src/test/java/org/apache/hadoop/test/CoreTestDriver.java,27
hadoop,org.apache.hadoop.test,MoreAsserts,0,0,2,2,38,4,0,0,-1.0,0,0,/Users/eashraf/hadoop/hadoop-common-project/hadoop-common/src/test/java/org/apache/hadoop/test/MoreAsserts.java,24
hadoop,org.apache.hadoop.test,MultithreadedTestUtil,7,1,0,0,142,0,0,0,-1.0,2,0,/Users/eashraf/hadoop/hadoop-common-project/hadoop-common/src/test/java/org/apache/hadoop/test/MultithreadedTestUtil.java,27
hadoop,org.apache.hadoop.test,MultithreadedTestUtil.TestContext,4,0,0,0,87,0,0,0,-1.0,0,0,/Users/eashraf/hadoop/hadoop-common-project/hadoop-common/src/test/java/org/apache/hadoop/test/MultithreadedTestUtil.java,66
hadoop,org.apache.hadoop.test,MultithreadedTestUtil.TestingThread,2,0,0,0,27,0,0,0,-1.0,0,0,/Users/eashraf/hadoop/hadoop-common-project/hadoop-common/src/test/java/org/apache/hadoop/test/MultithreadedTestUtil.java,174
hadoop,org.apache.hadoop.test,MultithreadedTestUtil.RepeatingTestThread,0,0,0,0,21,0,0,0,-1.0,0,0,/Users/eashraf/hadoop/hadoop-common-project/hadoop-common/src/test/java/org/apache/hadoop/test/MultithreadedTestUtil.java,207
hadoop,org.apache.hadoop.test,TimedOutTestsListener,3,0,9,4,107,23,0,0,0.0,2,1,/Users/eashraf/hadoop/hadoop-common-project/hadoop-common/src/test/java/org/apache/hadoop/test/TimedOutTestsListener.java,36
hadoop,org.apache.hadoop.test,MetricsAsserts,3,0,30,29,259,35,0,0,0.1,5,7,/Users/eashraf/hadoop/hadoop-common-project/hadoop-common/src/test/java/org/apache/hadoop/test/MetricsAsserts.java,49
hadoop,org.apache.hadoop.test,MetricsAsserts.InfoWithSameName,1,0,0,0,12,0,0,0,-1.0,0,0,/Users/eashraf/hadoop/hadoop-common-project/hadoop-common/src/test/java/org/apache/hadoop/test/MetricsAsserts.java,108
hadoop,org.apache.hadoop.test,MetricsAsserts.AnyInfo,0,0,0,0,5,0,0,0,-1.0,0,0,/Users/eashraf/hadoop/hadoop-common-project/hadoop-common/src/test/java/org/apache/hadoop/test/MetricsAsserts.java,133
hadoop,org.apache.hadoop.test,MockitoUtil,0,0,3,3,29,7,0,0,-1.0,3,0,/Users/eashraf/hadoop/hadoop-common-project/hadoop-common/src/test/java/org/apache/hadoop/test/MockitoUtil.java,27
hadoop,org.apache.hadoop.test,MapredTestDriver,1,0,4,4,56,4,0,0,0.75,0,27,/Users/eashraf/hadoop/hadoop-mapreduce-project/hadoop-mapreduce-client/hadoop-mapreduce-client-jobclient/src/test/java/org/apache/hadoop/test/MapredTestDriver.java,50
hadoop,org.apache.hadoop.test,TestDirHelper,4,1,6,4,99,16,1,0,0.3333333333333333,14,0,/Users/eashraf/hadoop/hadoop-hdfs-project/hadoop-hdfs-httpfs/src/test/java/org/apache/hadoop/test/TestDirHelper.java,30
hadoop,org.apache.hadoop.test,TestJettyHelper,6,0,8,7,114,15,0,0,0.0,8,0,/Users/eashraf/hadoop/hadoop-hdfs-project/hadoop-hdfs-httpfs/src/test/java/org/apache/hadoop/test/TestJettyHelper.java,36
hadoop,org.apache.hadoop.test,TestHFSTestCase,0,0,18,18,113,18,0,2,-1.0,0,6,/Users/eashraf/hadoop/hadoop-hdfs-project/hadoop-hdfs-httpfs/src/test/java/org/apache/hadoop/test/TestHFSTestCase.java,45
hadoop,org.apache.hadoop.test,TestHFSTestCase.MyServlet,0,0,0,0,5,0,0,0,-1.0,0,0,/Users/eashraf/hadoop/hadoop-hdfs-project/hadoop-hdfs-httpfs/src/test/java/org/apache/hadoop/test/TestHFSTestCase.java,158
hadoop,org.apache.hadoop.test,TestExceptionHelper,0,0,3,3,37,11,0,0,-1.0,0,0,/Users/eashraf/hadoop/hadoop-hdfs-project/hadoop-hdfs-httpfs/src/test/java/org/apache/hadoop/test/TestExceptionHelper.java,29
hadoop,org.apache.hadoop.test,TestHTestCase,0,0,15,15,91,15,0,1,-1.0,0,3,/Users/eashraf/hadoop/hadoop-hdfs-project/hadoop-hdfs-httpfs/src/test/java/org/apache/hadoop/test/TestHTestCase.java,40
hadoop,org.apache.hadoop.test,TestHTestCase.MyServlet,0,0,0,0,5,0,0,0,-1.0,0,0,/Users/eashraf/hadoop/hadoop-hdfs-project/hadoop-hdfs-httpfs/src/test/java/org/apache/hadoop/test/TestHTestCase.java,125
hadoop,org.apache.hadoop.test,TestHdfsHelper,7,1,5,4,103,11,0,1,1.0,5,7,/Users/eashraf/hadoop/hadoop-hdfs-project/hadoop-hdfs-httpfs/src/test/java/org/apache/hadoop/test/TestHdfsHelper.java,33
hadoop,org.apache.hadoop.test,TestHdfsHelper.HdfsStatement,3,0,0,0,38,0,0,0,-1.0,0,0,/Users/eashraf/hadoop/hadoop-hdfs-project/hadoop-hdfs-httpfs/src/test/java/org/apache/hadoop/test/TestHdfsHelper.java,55
hadoop,org.apache.hadoop.test,KerberosTestUtils,6,4,8,8,78,9,0,0,0.375,1,0,/Users/eashraf/hadoop/hadoop-hdfs-project/hadoop-hdfs-httpfs/src/test/java/org/apache/hadoop/test/KerberosTestUtils.java,34
hadoop,org.apache.hadoop.test,KerberosTestUtils.KerberosConfiguration,1,0,0,0,24,0,0,0,-1.0,0,0,/Users/eashraf/hadoop/hadoop-hdfs-project/hadoop-hdfs-httpfs/src/test/java/org/apache/hadoop/test/KerberosTestUtils.java,70
hadoop,org.apache.hadoop.test,HadoopUsersConfTestHelper,6,4,7,7,83,14,0,0,0.2857142857142857,6,2,/Users/eashraf/hadoop/hadoop-hdfs-project/hadoop-hdfs-httpfs/src/test/java/org/apache/hadoop/test/HadoopUsersConfTestHelper.java,26
hadoop,org.apache.hadoop.test,HFSTestCase,1,1,0,0,3,0,1,1,-1.0,0,0,/Users/eashraf/hadoop/hadoop-hdfs-project/hadoop-hdfs-httpfs/src/test/java/org/apache/hadoop/test/HFSTestCase.java,23
hadoop,org.apache.hadoop.test,HTestCase,6,4,5,0,90,9,2,0,0.0,0,1,/Users/eashraf/hadoop/hadoop-hdfs-project/hadoop-hdfs-httpfs/src/test/java/org/apache/hadoop/test/HTestCase.java,28
hadoop,org.apache.hadoop.test,HTestCase.Predicate,0,0,0,0,11,0,0,0,-1.0,0,0,/Users/eashraf/hadoop/hadoop-hdfs-project/hadoop-hdfs-httpfs/src/test/java/org/apache/hadoop/test/HTestCase.java,82
hadoop,org.apache.hadoop.test,SysPropsForTestsLoader,1,1,1,1,40,1,0,0,0.0,0,0,/Users/eashraf/hadoop/hadoop-hdfs-project/hadoop-hdfs-httpfs/src/test/java/org/apache/hadoop/test/SysPropsForTestsLoader.java,27
hadoop,org.apache.hadoop.test,HdfsTestDriver,1,0,4,4,32,4,0,0,0.75,0,3,/Users/eashraf/hadoop/hadoop-hdfs-project/hadoop-hdfs/src/test/java/org/apache/hadoop/test/HdfsTestDriver.java,24
hadoop,org.apache.hadoop.test,MiniDFSClusterManager,10,0,8,3,154,22,0,0,0.0,1,2,/Users/eashraf/hadoop/hadoop-hdfs-project/hadoop-hdfs/src/test/java/org/apache/hadoop/test/MiniDFSClusterManager.java,43
hadoop,org.apache.hadoop.test,PathUtils,0,0,6,6,24,7,0,0,-1.0,16,0,/Users/eashraf/hadoop/hadoop-hdfs-project/hadoop-hdfs/src/test/java/org/apache/hadoop/test/PathUtils.java,25
hadoop,org.apache.hadoop.yarn.server.resourcemanager.metrics,TestSystemMetricsPublisher,3,0,8,5,197,26,0,0,0.0,0,27,/Users/eashraf/hadoop/hadoop-yarn-project/hadoop-yarn/hadoop-yarn-server/hadoop-yarn-server-resourcemanager/src/test/java/org/apache/hadoop/yarn/server/resourcemanager/metrics/TestSystemMetricsPublisher.java,61
hadoop,org.apache.hadoop.yarn.server.resourcemanager.metrics,AppAttemptRegisteredEvent,6,0,8,8,38,8,0,1,0.0,1,3,/Users/eashraf/hadoop/hadoop-yarn-project/hadoop-yarn/hadoop-yarn-server/hadoop-yarn-server-resourcemanager/src/main/java/org/apache/hadoop/yarn/server/resourcemanager/metrics/AppAttemptRegisteredEvent.java,24
hadoop,org.apache.hadoop.yarn.server.resourcemanager.metrics,AppAttemptFinishedEvent,6,0,8,8,38,8,0,1,0.0,1,4,/Users/eashraf/hadoop/hadoop-yarn-project/hadoop-yarn/hadoop-yarn-server/hadoop-yarn-server-resourcemanager/src/main/java/org/apache/hadoop/yarn/server/resourcemanager/metrics/AppAttemptFinishedEvent.java,25
hadoop,org.apache.hadoop.yarn.server.resourcemanager.metrics,ContainerFinishedEvent,4,0,6,6,28,6,0,1,0.0,1,3,/Users/eashraf/hadoop/hadoop-yarn-project/hadoop-yarn/hadoop-yarn-server/hadoop-yarn-server-resourcemanager/src/main/java/org/apache/hadoop/yarn/server/resourcemanager/metrics/ContainerFinishedEvent.java,24
hadoop,org.apache.hadoop.yarn.server.resourcemanager.metrics,ApplicationCreatedEvent,6,0,8,8,38,8,0,1,0.0,1,2,/Users/eashraf/hadoop/hadoop-yarn-project/hadoop-yarn/hadoop-yarn-server/hadoop-yarn-server-resourcemanager/src/main/java/org/apache/hadoop/yarn/server/resourcemanager/metrics/ApplicationCreatedEvent.java,23
hadoop,org.apache.hadoop.yarn.server.resourcemanager.metrics,ApplicationFinishedEvent,6,0,8,8,38,8,0,1,0.0,1,6,/Users/eashraf/hadoop/hadoop-yarn-project/hadoop-yarn/hadoop-yarn-server/hadoop-yarn-server-resourcemanager/src/main/java/org/apache/hadoop/yarn/server/resourcemanager/metrics/ApplicationFinishedEvent.java,27
hadoop,org.apache.hadoop.yarn.server.resourcemanager.metrics,ContainerCreatedEvent,4,0,6,6,28,6,0,1,0.0,1,5,/Users/eashraf/hadoop/hadoop-yarn-project/hadoop-yarn/hadoop-yarn-server/hadoop-yarn-server-resourcemanager/src/main/java/org/apache/hadoop/yarn/server/resourcemanager/metrics/ContainerCreatedEvent.java,26
hadoop,org.apache.hadoop.yarn.server.resourcemanager.metrics,ApplicationACLsUpdatedEvent,2,0,3,3,15,3,0,1,0.0,1,2,/Users/eashraf/hadoop/hadoop-yarn-project/hadoop-yarn/hadoop-yarn-server/hadoop-yarn-server-resourcemanager/src/main/java/org/apache/hadoop/yarn/server/resourcemanager/metrics/ApplicationACLsUpdatedEvent.java,24
hadoop,org.apache.hadoop.yarn.server.resourcemanager.metrics,SystemMetricsEvent,0,0,2,2,8,2,7,0,-1.0,1,1,/Users/eashraf/hadoop/hadoop-yarn-project/hadoop-yarn/hadoop-yarn-server/hadoop-yarn-server-resourcemanager/src/main/java/org/apache/hadoop/yarn/server/resourcemanager/metrics/SystemMetricsEvent.java,23
hadoop,org.apache.hadoop.yarn.server.resourcemanager.metrics,SystemMetricsPublisher,5,0,22,8,261,39,0,0,0.09090909090909091,13,29,/Users/eashraf/hadoop/hadoop-yarn-project/hadoop-yarn/hadoop-yarn-server/hadoop-yarn-server-resourcemanager/src/main/java/org/apache/hadoop/yarn/server/resourcemanager/metrics/SystemMetricsPublisher.java,55
hadoop,org.apache.hadoop.yarn.server.resourcemanager.metrics,SystemMetricsPublisher.ForwardingEventHandler,0,0,0,0,8,0,0,0,-1.0,0,0,/Users/eashraf/hadoop/hadoop-yarn-project/hadoop-yarn/hadoop-yarn-server/hadoop-yarn-server-resourcemanager/src/main/java/org/apache/hadoop/yarn/server/resourcemanager/metrics/SystemMetricsPublisher.java,440
hadoop,org.apache.hadoop.yarn.server.resourcemanager.metrics,SystemMetricsPublisher.MultiThreadedDispatcher,1,0,0,0,33,0,0,0,-1.0,0,0,/Users/eashraf/hadoop/hadoop-yarn-project/hadoop-yarn/hadoop-yarn-server/hadoop-yarn-server-resourcemanager/src/main/java/org/apache/hadoop/yarn/server/resourcemanager/metrics/SystemMetricsPublisher.java,455
hadoop,org.apache.hadoop.yarn.server.resourcemanager.metrics,SystemMetricsPublisher.CompositEventHandler,0,0,0,0,6,0,0,0,-1.0,0,0,/Users/eashraf/hadoop/hadoop-yarn-project/hadoop-yarn/hadoop-yarn-server/hadoop-yarn-server-resourcemanager/src/main/java/org/apache/hadoop/yarn/server/resourcemanager/metrics/SystemMetricsPublisher.java,489
hadoop,org.apache.hadoop.yarn.server.resourcemanager.metrics,SystemMetricsEventType,0,0,0,0,1,0,0,0,-1.0,9,0,/Users/eashraf/hadoop/hadoop-yarn-project/hadoop-yarn/hadoop-yarn-server/hadoop-yarn-server-resourcemanager/src/main/java/org/apache/hadoop/yarn/server/resourcemanager/metrics/SystemMetricsEventType.java,22
hadoop,org.apache.hadoop.yarn.server.resourcemanager,TestContainerResourceUsage,1,0,8,6,197,22,0,0,0.25,0,18,/Users/eashraf/hadoop/hadoop-yarn-project/hadoop-yarn/hadoop-yarn-server/hadoop-yarn-server-resourcemanager/src/test/java/org/apache/hadoop/yarn/server/resourcemanager/TestContainerResourceUsage.java,54
hadoop,org.apache.hadoop.yarn.server.resourcemanager,TestClusterMetrics,1,0,3,3,26,4,0,0,0.6666666666666666,0,3,/Users/eashraf/hadoop/hadoop-yarn-project/hadoop-yarn/hadoop-yarn-server/hadoop-yarn-server-resourcemanager/src/test/java/org/apache/hadoop/yarn/server/resourcemanager/TestClusterMetrics.java,28
hadoop,org.apache.hadoop.yarn.server.resourcemanager,TestRM,3,0,21,17,409,48,0,1,0.42857142857142855,0,30,/Users/eashraf/hadoop/hadoop-yarn-project/hadoop-yarn/hadoop-yarn-server/hadoop-yarn-server-resourcemanager/src/test/java/org/apache/hadoop/yarn/server/resourcemanager/TestRM.java,85
hadoop,org.apache.hadoop.yarn.server.resourcemanager,TestRM.EventArgMatcher,0,0,0,0,10,0,0,0,-1.0,0,1,/Users/eashraf/hadoop/hadoop-yarn-project/hadoop-yarn/hadoop-yarn-server/hadoop-yarn-server-resourcemanager/src/test/java/org/apache/hadoop/yarn/server/resourcemanager/TestRM.java,577
hadoop,org.apache.hadoop.yarn.server.resourcemanager,TestRM.EventArgMatcher,0,0,0,0,10,0,0,0,-1.0,0,1,/Users/eashraf/hadoop/hadoop-yarn-project/hadoop-yarn/hadoop-yarn-server/hadoop-yarn-server-resourcemanager/src/test/java/org/apache/hadoop/yarn/server/resourcemanager/TestRM.java,658
hadoop,org.apache.hadoop.yarn.server.resourcemanager,TestRM.EventArgMatcher,0,0,0,0,10,0,0,0,-1.0,0,1,/Users/eashraf/hadoop/hadoop-yarn-project/hadoop-yarn/hadoop-yarn-server/hadoop-yarn-server-resourcemanager/src/test/java/org/apache/hadoop/yarn/server/resourcemanager/TestRM.java,712
hadoop,org.apache.hadoop.yarn.server.resourcemanager,RMDelegationTokenIdentifierForTest,1,0,6,6,61,14,0,0,0.3333333333333333,1,1,/Users/eashraf/hadoop/hadoop-yarn-project/hadoop-yarn/hadoop-yarn-server/hadoop-yarn-server-resourcemanager/src/test/java/org/apache/hadoop/yarn/server/resourcemanager/RMDelegationTokenIdentifierForTest.java,30
hadoop,org.apache.hadoop.yarn.server.resourcemanager,TestWorkPreservingRMRestart,9,0,27,19,526,40,0,1,0.18518518518518517,0,38,/Users/eashraf/hadoop/hadoop-yarn-project/hadoop-yarn/hadoop-yarn-server/hadoop-yarn-server-resourcemanager/src/test/java/org/apache/hadoop/yarn/server/resourcemanager/TestWorkPreservingRMRestart.java,98
hadoop,org.apache.hadoop.yarn.server.resourcemanager,MockNM,9,0,16,16,108,19,0,0,0.125,33,17,/Users/eashraf/hadoop/hadoop-yarn-project/hadoop-yarn/hadoop-yarn-server/hadoop-yarn-server-resourcemanager/src/test/java/org/apache/hadoop/yarn/server/resourcemanager/MockNM.java,47
hadoop,org.apache.hadoop.yarn.server.resourcemanager,TestRMRestart,15,2,52,33,1176,89,0,1,0.19230769230769232,1,54,/Users/eashraf/hadoop/hadoop-yarn-project/hadoop-yarn/hadoop-yarn-server/hadoop-yarn-server-resourcemanager/src/test/java/org/apache/hadoop/yarn/server/resourcemanager/TestRMRestart.java,117
hadoop,org.apache.hadoop.yarn.server.resourcemanager,TestRMRestart.TestRMAppManager,0,0,0,0,8,0,0,1,-1.0,0,0,/Users/eashraf/hadoop/hadoop-yarn-project/hadoop-yarn/hadoop-yarn-server/hadoop-yarn-server-resourcemanager/src/test/java/org/apache/hadoop/yarn/server/resourcemanager/TestRMRestart.java,1641
hadoop,org.apache.hadoop.yarn.server.resourcemanager,TestRMRestart.TestRMAppManager,1,0,0,0,11,0,0,1,-1.0,0,1,/Users/eashraf/hadoop/hadoop-yarn-project/hadoop-yarn/hadoop-yarn-server/hadoop-yarn-server-resourcemanager/src/test/java/org/apache/hadoop/yarn/server/resourcemanager/TestRMRestart.java,1696
hadoop,org.apache.hadoop.yarn.server.resourcemanager,TestRMRestart.TestMemoryRMStateStore,3,2,0,0,13,0,0,0,-1.0,0,0,/Users/eashraf/hadoop/hadoop-yarn-project/hadoop-yarn/hadoop-yarn-server/hadoop-yarn-server-resourcemanager/src/test/java/org/apache/hadoop/yarn/server/resourcemanager/TestRMRestart.java,1998
hadoop,org.apache.hadoop.yarn.server.resourcemanager,TestRMRestart.TestSecurityMockRM,0,0,0,0,20,0,0,2,-1.0,0,1,/Users/eashraf/hadoop/hadoop-yarn-project/hadoop-yarn/hadoop-yarn-server/hadoop-yarn-server-resourcemanager/src/test/java/org/apache/hadoop/yarn/server/resourcemanager/TestRMRestart.java,2022
hadoop,org.apache.hadoop.yarn.server.resourcemanager,Application,15,0,23,17,229,50,0,0,0.13043478260869565,5,29,/Users/eashraf/hadoop/hadoop-yarn-project/hadoop-yarn/hadoop-yarn-server/hadoop-yarn-server-resourcemanager/src/test/java/org/apache/hadoop/yarn/server/resourcemanager/Application.java,65
hadoop,org.apache.hadoop.yarn.server.resourcemanager,MockRMWithCustomAMLauncher,1,0,6,2,29,6,1,2,0.3333333333333333,1,8,/Users/eashraf/hadoop/hadoop-yarn-project/hadoop-yarn/hadoop-yarn-server/hadoop-yarn-server-resourcemanager/src/test/java/org/apache/hadoop/yarn/server/resourcemanager/MockRMWithCustomAMLauncher.java,35
hadoop,org.apache.hadoop.yarn.server.resourcemanager,TestResourceManager,2,0,11,7,173,19,0,0,0.36363636363636365,0,18,/Users/eashraf/hadoop/hadoop-yarn-project/hadoop-yarn/hadoop-yarn-server/hadoop-yarn-server-resourcemanager/src/test/java/org/apache/hadoop/yarn/server/resourcemanager/TestResourceManager.java,52
hadoop,org.apache.hadoop.yarn.server.resourcemanager,TestApplicationACLs,16,0,17,7,211,21,0,0,0.11764705882352941,0,28,/Users/eashraf/hadoop/hadoop-yarn-project/hadoop-yarn/hadoop-yarn-server/hadoop-yarn-server-resourcemanager/src/test/java/org/apache/hadoop/yarn/server/resourcemanager/TestApplicationACLs.java,71
hadoop,org.apache.hadoop.yarn.server.resourcemanager,TestRMProxyUsersConf,4,0,3,3,51,7,0,0,0.6666666666666666,0,4,/Users/eashraf/hadoop/hadoop-yarn-project/hadoop-yarn/hadoop-yarn-server/hadoop-yarn-server-resourcemanager/src/test/java/org/apache/hadoop/yarn/server/resourcemanager/TestRMProxyUsersConf.java,34
hadoop,org.apache.hadoop.yarn.server.resourcemanager,TestApplicationCleanup,2,0,20,12,328,31,0,0,0.3,0,26,/Users/eashraf/hadoop/hadoop-yarn-project/hadoop-yarn/hadoop-yarn-server/hadoop-yarn-server-resourcemanager/src/test/java/org/apache/hadoop/yarn/server/resourcemanager/TestApplicationCleanup.java,63
hadoop,org.apache.hadoop.yarn.server.resourcemanager,TestResourceTrackerService,3,0,23,16,418,32,0,0,0.21739130434782608,0,33,/Users/eashraf/hadoop/hadoop-yarn-project/hadoop-yarn/hadoop-yarn-server/hadoop-yarn-server-resourcemanager/src/test/java/org/apache/hadoop/yarn/server/resourcemanager/TestResourceTrackerService.java,68
hadoop,org.apache.hadoop.yarn.server.resourcemanager,RMHATestBase,9,0,9,2,94,12,2,0,0.3333333333333333,0,13,/Users/eashraf/hadoop/hadoop-yarn-project/hadoop-yarn/hadoop-yarn-server/hadoop-yarn-server-resourcemanager/src/test/java/org/apache/hadoop/yarn/server/resourcemanager/RMHATestBase.java,48
hadoop,org.apache.hadoop.yarn.server.resourcemanager,RMHATestBase.MyRMAppManager,2,0,0,0,13,0,0,1,-1.0,0,2,/Users/eashraf/hadoop/hadoop-yarn-project/hadoop-yarn/hadoop-yarn-server/hadoop-yarn-server-resourcemanager/src/test/java/org/apache/hadoop/yarn/server/resourcemanager/RMHATestBase.java,131
hadoop,org.apache.hadoop.yarn.server.resourcemanager,MockRM,3,0,66,47,378,87,3,1,0.6515151515151515,53,52,/Users/eashraf/hadoop/hadoop-yarn-project/hadoop-yarn/hadoop-yarn-server/hadoop-yarn-server-resourcemanager/src/test/java/org/apache/hadoop/yarn/server/resourcemanager/MockRM.java,93
hadoop,org.apache.hadoop.yarn.server.resourcemanager,TestAMAuthorization,4,1,9,7,162,16,0,0,0.2222222222222222,0,19,/Users/eashraf/hadoop/hadoop-yarn-project/hadoop-yarn/hadoop-yarn-server/hadoop-yarn-server-resourcemanager/src/test/java/org/apache/hadoop/yarn/server/resourcemanager/TestAMAuthorization.java,68
hadoop,org.apache.hadoop.yarn.server.resourcemanager,TestAMAuthorization.MyContainerManager,1,1,0,0,23,0,0,0,-1.0,0,0,/Users/eashraf/hadoop/hadoop-yarn-project/hadoop-yarn/hadoop-yarn-server/hadoop-yarn-server-resourcemanager/src/test/java/org/apache/hadoop/yarn/server/resourcemanager/TestAMAuthorization.java,98
hadoop,org.apache.hadoop.yarn.server.resourcemanager,TestAMAuthorization.MockRMWithAMS,0,0,0,0,19,0,0,3,-1.0,0,1,/Users/eashraf/hadoop/hadoop-yarn-project/hadoop-yarn/hadoop-yarn-server/hadoop-yarn-server-resourcemanager/src/test/java/org/apache/hadoop/yarn/server/resourcemanager/TestAMAuthorization.java,135
hadoop,org.apache.hadoop.yarn.server.resourcemanager,TestSubmitApplicationWithRMHA,1,1,7,6,84,10,0,1,0.5714285714285714,0,7,/Users/eashraf/hadoop/hadoop-yarn-project/hadoop-yarn/hadoop-yarn-server/hadoop-yarn-server-resourcemanager/src/test/java/org/apache/hadoop/yarn/server/resourcemanager/TestSubmitApplicationWithRMHA.java,35
hadoop,org.apache.hadoop.yarn.server.resourcemanager,TestApplicationMasterLauncher,8,0,2,2,122,4,0,0,1.0,0,12,/Users/eashraf/hadoop/hadoop-yarn-project/hadoop-yarn/hadoop-yarn-server/hadoop-yarn-server-resourcemanager/src/test/java/org/apache/hadoop/yarn/server/resourcemanager/TestApplicationMasterLauncher.java,61
hadoop,org.apache.hadoop.yarn.server.resourcemanager,TestApplicationMasterLauncher.MyContainerManagerImpl,7,0,0,0,38,0,0,0,-1.0,0,1,/Users/eashraf/hadoop/hadoop-yarn-project/hadoop-yarn/hadoop-yarn-server/hadoop-yarn-server-resourcemanager/src/test/java/org/apache/hadoop/yarn/server/resourcemanager/TestApplicationMasterLauncher.java,66
hadoop,org.apache.hadoop.yarn.server.resourcemanager,TestRMNodeTransitions,6,0,27,20,368,31,0,0,0.07407407407407407,0,30,/Users/eashraf/hadoop/hadoop-yarn-project/hadoop-yarn/hadoop-yarn-server/hadoop-yarn-server-resourcemanager/src/test/java/org/apache/hadoop/yarn/server/resourcemanager/TestRMNodeTransitions.java,72
hadoop,org.apache.hadoop.yarn.server.resourcemanager,TestRMNodeTransitions.TestSchedulerEventDispatcher,0,0,0,0,5,0,0,0,-1.0,0,0,/Users/eashraf/hadoop/hadoop-yarn-project/hadoop-yarn/hadoop-yarn-server/hadoop-yarn-server-resourcemanager/src/test/java/org/apache/hadoop/yarn/server/resourcemanager/TestRMNodeTransitions.java,82
hadoop,org.apache.hadoop.yarn.server.resourcemanager,TestRMNodeTransitions.TestNodeListManagerEventDispatcher,0,0,0,0,5,0,0,0,-1.0,0,0,/Users/eashraf/hadoop/hadoop-yarn-project/hadoop-yarn/hadoop-yarn-server/hadoop-yarn-server-resourcemanager/src/test/java/org/apache/hadoop/yarn/server/resourcemanager/TestRMNodeTransitions.java,92
hadoop,org.apache.hadoop.yarn.server.resourcemanager,TestMoveApplication,3,0,7,7,95,9,0,0,0.2857142857142857,0,15,/Users/eashraf/hadoop/hadoop-yarn-project/hadoop-yarn/hadoop-yarn-server/hadoop-yarn-server-resourcemanager/src/test/java/org/apache/hadoop/yarn/server/resourcemanager/TestMoveApplication.java,43
hadoop,org.apache.hadoop.yarn.server.resourcemanager,TestMoveApplication.FifoSchedulerWithMove,0,0,0,0,11,0,0,0,-1.0,0,1,/Users/eashraf/hadoop/hadoop-yarn-project/hadoop-yarn/hadoop-yarn-server/hadoop-yarn-server-resourcemanager/src/test/java/org/apache/hadoop/yarn/server/resourcemanager/TestMoveApplication.java,166
hadoop,org.apache.hadoop.yarn.server.resourcemanager,TestRMEmbeddedElector,8,0,4,2,79,5,0,0,0.0,0,4,/Users/eashraf/hadoop/hadoop-yarn-project/hadoop-yarn/hadoop-yarn-server/hadoop-yarn-server-resourcemanager/src/test/java/org/apache/hadoop/yarn/server/resourcemanager/TestRMEmbeddedElector.java,33
hadoop,org.apache.hadoop.yarn.server.resourcemanager,TestRMEmbeddedElector.MockRMWithElector,1,0,0,0,32,0,0,2,-1.0,0,0,/Users/eashraf/hadoop/hadoop-yarn-project/hadoop-yarn/hadoop-yarn-server/hadoop-yarn-server-resourcemanager/src/test/java/org/apache/hadoop/yarn/server/resourcemanager/TestRMEmbeddedElector.java,102
hadoop,org.apache.hadoop.yarn.server.resourcemanager,NodeManager,14,0,14,13,171,32,0,0,0.0,5,28,/Users/eashraf/hadoop/hadoop-yarn-project/hadoop-yarn/hadoop-yarn-server/hadoop-yarn-server-resourcemanager/src/test/java/org/apache/hadoop/yarn/server/resourcemanager/NodeManager.java,63
hadoop,org.apache.hadoop.yarn.server.resourcemanager,TestApplicationMasterService,3,0,6,6,186,17,0,0,0.0,0,17,/Users/eashraf/hadoop/hadoop-yarn-project/hadoop-yarn/hadoop-yarn-server/hadoop-yarn-server-resourcemanager/src/test/java/org/apache/hadoop/yarn/server/resourcemanager/TestApplicationMasterService.java,57
hadoop,org.apache.hadoop.yarn.server.resourcemanager,TestClientRMService,16,0,60,43,890,75,0,0,0.25,0,99,/Users/eashraf/hadoop/hadoop-yarn-project/hadoop-yarn/hadoop-yarn-server/hadoop-yarn-server-resourcemanager/src/test/java/org/apache/hadoop/yarn/server/resourcemanager/TestClientRMService.java,158
hadoop,org.apache.hadoop.yarn.server.resourcemanager,MockNodes,13,0,15,11,173,22,0,0,0.13333333333333333,12,5,/Users/eashraf/hadoop/hadoop-yarn-project/hadoop-yarn/hadoop-yarn-server/hadoop-yarn-server-resourcemanager/src/test/java/org/apache/hadoop/yarn/server/resourcemanager/MockNodes.java,42
hadoop,org.apache.hadoop.yarn.server.resourcemanager,MockNodes.MockRMNodeImpl,11,0,0,0,85,0,0,0,-1.0,0,4,/Users/eashraf/hadoop/hadoop-yarn-project/hadoop-yarn/hadoop-yarn-server/hadoop-yarn-server-resourcemanager/src/test/java/org/apache/hadoop/yarn/server/resourcemanager/MockNodes.java,99
hadoop,org.apache.hadoop.yarn.server.resourcemanager,MockAM,8,0,26,26,185,35,0,0,0.0,23,19,/Users/eashraf/hadoop/hadoop-yarn-project/hadoop-yarn/hadoop-yarn-server/hadoop-yarn-server-resourcemanager/src/test/java/org/apache/hadoop/yarn/server/resourcemanager/MockAM.java,48
hadoop,org.apache.hadoop.yarn.server.resourcemanager,Task,9,0,15,14,83,21,0,0,0.0,4,7,/Users/eashraf/hadoop/hadoop-yarn-project/hadoop-yarn/hadoop-yarn-server/hadoop-yarn-server-resourcemanager/src/test/java/org/apache/hadoop/yarn/server/resourcemanager/Task.java,35
hadoop,org.apache.hadoop.yarn.server.resourcemanager,Task.State,0,0,0,0,1,0,0,0,-1.0,0,0,/Users/eashraf/hadoop/hadoop-yarn-project/hadoop-yarn/hadoop-yarn-server/hadoop-yarn-server-resourcemanager/src/test/java/org/apache/hadoop/yarn/server/resourcemanager/Task.java,38
hadoop,org.apache.hadoop.yarn.server.resourcemanager,ParameterizedSchedulerTestBase,4,0,6,5,46,8,3,0,0.3333333333333333,0,2,/Users/eashraf/hadoop/hadoop-yarn-project/hadoop-yarn/hadoop-yarn-server/hadoop-yarn-server-resourcemanager/src/test/java/org/apache/hadoop/yarn/server/resourcemanager/ParameterizedSchedulerTestBase.java,38
hadoop,org.apache.hadoop.yarn.server.resourcemanager,ParameterizedSchedulerTestBase.SchedulerType,0,0,0,0,1,0,0,0,-1.0,0,0,/Users/eashraf/hadoop/hadoop-yarn-project/hadoop-yarn/hadoop-yarn-server/hadoop-yarn-server-resourcemanager/src/test/java/org/apache/hadoop/yarn/server/resourcemanager/ParameterizedSchedulerTestBase.java,48
hadoop,org.apache.hadoop.yarn.server.resourcemanager,TestRMHA,15,0,23,13,439,30,0,0,0.2608695652173913,0,16,/Users/eashraf/hadoop/hadoop-yarn-project/hadoop-yarn/hadoop-yarn-server/hadoop-yarn-server-resourcemanager/src/test/java/org/apache/hadoop/yarn/server/resourcemanager/TestRMHA.java,66
hadoop,org.apache.hadoop.yarn.server.resourcemanager,TestRMHA.MyCountingDispatcher,2,0,0,0,24,0,0,0,-1.0,0,0,/Users/eashraf/hadoop/hadoop-yarn-project/hadoop-yarn/hadoop-yarn-server/hadoop-yarn-server-resourcemanager/src/test/java/org/apache/hadoop/yarn/server/resourcemanager/TestRMHA.java,680
hadoop,org.apache.hadoop.yarn.server.resourcemanager,TestFifoScheduler,3,0,13,12,336,20,0,0,0.15384615384615385,0,30,/Users/eashraf/hadoop/hadoop-yarn-project/hadoop-yarn/hadoop-yarn-server/hadoop-yarn-server-resourcemanager/src/test/java/org/apache/hadoop/yarn/server/resourcemanager/TestFifoScheduler.java,72
hadoop,org.apache.hadoop.yarn.server.resourcemanager,QueueACLsTestBase,13,0,14,5,136,18,0,0,0.21428571428571427,0,20,/Users/eashraf/hadoop/hadoop-yarn-project/hadoop-yarn/hadoop-yarn-server/hadoop-yarn-server-resourcemanager/src/test/java/org/apache/hadoop/yarn/server/resourcemanager/QueueACLsTestBase.java,55
hadoop,org.apache.hadoop.yarn.server.resourcemanager,TestRMAdminService,6,0,22,17,482,39,0,0,0.0,0,24,/Users/eashraf/hadoop/hadoop-yarn-project/hadoop-yarn/hadoop-yarn-server/hadoop-yarn-server-resourcemanager/src/test/java/org/apache/hadoop/yarn/server/resourcemanager/TestRMAdminService.java,63
hadoop,org.apache.hadoop.yarn.server.resourcemanager,TestRMAdminService.MockUnixGroupsMapping,1,0,0,0,22,0,0,0,-1.0,0,0,/Users/eashraf/hadoop/hadoop-yarn-project/hadoop-yarn/hadoop-yarn-server/hadoop-yarn-server-resourcemanager/src/test/java/org/apache/hadoop/yarn/server/resourcemanager/TestRMAdminService.java,807
hadoop,org.apache.hadoop.yarn.server.resourcemanager,TestKillApplicationWithRMHA,2,1,9,4,100,10,0,1,0.0,0,14,/Users/eashraf/hadoop/hadoop-yarn-project/hadoop-yarn/hadoop-yarn-server/hadoop-yarn-server-resourcemanager/src/test/java/org/apache/hadoop/yarn/server/resourcemanager/TestKillApplicationWithRMHA.java,46
hadoop,org.apache.hadoop.yarn.server.resourcemanager,TestKillApplicationWithRMHA.MyClientRMService,1,0,0,0,21,0,0,1,-1.0,0,1,/Users/eashraf/hadoop/hadoop-yarn-project/hadoop-yarn/hadoop-yarn-server/hadoop-yarn-server-resourcemanager/src/test/java/org/apache/hadoop/yarn/server/resourcemanager/TestKillApplicationWithRMHA.java,207
hadoop,org.apache.hadoop.yarn.server.resourcemanager,TestRMAuditLogger,8,0,9,4,154,18,0,0,0.2222222222222222,0,8,/Users/eashraf/hadoop/hadoop-yarn-project/hadoop-yarn/hadoop-yarn-server/hadoop-yarn-server-resourcemanager/src/test/java/org/apache/hadoop/yarn/server/resourcemanager/TestRMAuditLogger.java,41
hadoop,org.apache.hadoop.yarn.server.resourcemanager,TestRMAuditLogger.MyTestRPCServer,0,0,0,0,9,0,0,0,-1.0,0,0,/Users/eashraf/hadoop/hadoop-yarn-project/hadoop-yarn/hadoop-yarn-server/hadoop-yarn-server-resourcemanager/src/test/java/org/apache/hadoop/yarn/server/resourcemanager/TestRMAuditLogger.java,205
hadoop,org.apache.hadoop.yarn.server.resourcemanager,TestAppManager,7,0,24,19,348,33,0,0,0.125,0,27,/Users/eashraf/hadoop/hadoop-yarn-project/hadoop-yarn/hadoop-yarn-server/hadoop-yarn-server-resourcemanager/src/test/java/org/apache/hadoop/yarn/server/resourcemanager/TestAppManager.java,78
hadoop,org.apache.hadoop.yarn.server.resourcemanager,TestAppManager.TestAppManagerDispatcher,0,0,0,0,6,0,0,0,-1.0,0,0,/Users/eashraf/hadoop/hadoop-yarn-project/hadoop-yarn/hadoop-yarn-server/hadoop-yarn-server-resourcemanager/src/test/java/org/apache/hadoop/yarn/server/resourcemanager/TestAppManager.java,131
hadoop,org.apache.hadoop.yarn.server.resourcemanager,TestAppManager.TestDispatcher,0,0,0,0,8,0,0,0,-1.0,0,0,/Users/eashraf/hadoop/hadoop-yarn-project/hadoop-yarn/hadoop-yarn-server/hadoop-yarn-server-resourcemanager/src/test/java/org/apache/hadoop/yarn/server/resourcemanager/TestAppManager.java,144
hadoop,org.apache.hadoop.yarn.server.resourcemanager,TestAppManager.TestRMAppManager,0,0,0,0,23,0,0,1,-1.0,0,0,/Users/eashraf/hadoop/hadoop-yarn-project/hadoop-yarn/hadoop-yarn-server/hadoop-yarn-server-resourcemanager/src/test/java/org/apache/hadoop/yarn/server/resourcemanager/TestAppManager.java,160
hadoop,org.apache.hadoop.yarn.server.resourcemanager,TestClientRMTokens,1,0,18,11,274,26,0,0,0.3888888888888889,0,25,/Users/eashraf/hadoop/hadoop-yarn-project/hadoop-yarn/hadoop-yarn-server/hadoop-yarn-server-resourcemanager/src/test/java/org/apache/hadoop/yarn/server/resourcemanager/TestClientRMTokens.java,78
hadoop,org.apache.hadoop.yarn.server.resourcemanager,TestClientRMTokens.YarnBadRPC,0,0,0,0,11,0,0,0,-1.0,0,0,/Users/eashraf/hadoop/hadoop-yarn-project/hadoop-yarn/hadoop-yarn-server/hadoop-yarn-server-resourcemanager/src/test/java/org/apache/hadoop/yarn/server/resourcemanager/TestClientRMTokens.java,376
hadoop,org.apache.hadoop.yarn.server.resourcemanager,TestClientRMTokens.ClientRMServiceForTest,0,0,0,0,14,0,0,1,-1.0,0,1,/Users/eashraf/hadoop/hadoop-yarn-project/hadoop-yarn/hadoop-yarn-server/hadoop-yarn-server-resourcemanager/src/test/java/org/apache/hadoop/yarn/server/resourcemanager/TestClientRMTokens.java,474
hadoop,org.apache.hadoop.yarn.server.resourcemanager,RMAuditLogger,20,15,13,8,198,28,0,0,0.0,11,4,/Users/eashraf/hadoop/hadoop-yarn-project/hadoop-yarn/hadoop-yarn-server/hadoop-yarn-server-resourcemanager/src/main/java/org/apache/hadoop/yarn/server/resourcemanager/RMAuditLogger.java,29
hadoop,org.apache.hadoop.yarn.server.resourcemanager,RMAuditLogger.Keys,0,0,0,0,1,0,0,0,-1.0,0,0,/Users/eashraf/hadoop/hadoop-yarn-project/hadoop-yarn/hadoop-yarn-server/hadoop-yarn-server-resourcemanager/src/main/java/org/apache/hadoop/yarn/server/resourcemanager/RMAuditLogger.java,37
hadoop,org.apache.hadoop.yarn.server.resourcemanager,RMAuditLogger.AuditConstants,19,15,0,0,21,0,0,0,-1.0,0,0,/Users/eashraf/hadoop/hadoop-yarn-project/hadoop-yarn/hadoop-yarn-server/hadoop-yarn-server-resourcemanager/src/main/java/org/apache/hadoop/yarn/server/resourcemanager/RMAuditLogger.java,40
hadoop,org.apache.hadoop.yarn.server.resourcemanager,ResourceTrackerService,15,0,11,5,212,35,0,0,0.0,13,38,/Users/eashraf/hadoop/hadoop-yarn-project/hadoop-yarn/hadoop-yarn-server/hadoop-yarn-server-resourcemanager/src/main/java/org/apache/hadoop/yarn/server/resourcemanager/ResourceTrackerService.java,76
hadoop,org.apache.hadoop.yarn.server.resourcemanager,RMAppManagerEventType,0,0,0,0,1,0,0,0,-1.0,5,0,/Users/eashraf/hadoop/hadoop-yarn-project/hadoop-yarn/hadoop-yarn-server/hadoop-yarn-server-resourcemanager/src/main/java/org/apache/hadoop/yarn/server/resourcemanager/RMAppManagerEventType.java,21
hadoop,org.apache.hadoop.yarn.server.resourcemanager,NMLivelinessMonitor,1,0,3,2,16,3,0,0,0.6666666666666666,4,6,/Users/eashraf/hadoop/hadoop-yarn-project/hadoop-yarn/hadoop-yarn-server/hadoop-yarn-server-resourcemanager/src/main/java/org/apache/hadoop/yarn/server/resourcemanager/NMLivelinessMonitor.java,31
hadoop,org.apache.hadoop.yarn.server.resourcemanager,AdminService,10,0,36,19,368,63,0,0,0.08333333333333333,6,50,/Users/eashraf/hadoop/hadoop-yarn-project/hadoop-yarn/hadoop-yarn-server/hadoop-yarn-server-resourcemanager/src/main/java/org/apache/hadoop/yarn/server/resourcemanager/AdminService.java,90
hadoop,org.apache.hadoop.yarn.server.resourcemanager,NodesListManagerEvent,1,0,2,2,10,2,0,0,0.0,2,2,/Users/eashraf/hadoop/hadoop-yarn-project/hadoop-yarn/hadoop-yarn-server/hadoop-yarn-server-resourcemanager/src/main/java/org/apache/hadoop/yarn/server/resourcemanager/NodesListManagerEvent.java,24
hadoop,org.apache.hadoop.yarn.server.resourcemanager,ClientRMService,17,0,44,31,712,113,2,0,0.045454545454545456,14,102,/Users/eashraf/hadoop/hadoop-yarn-project/hadoop-yarn/hadoop-yarn-server/hadoop-yarn-server-resourcemanager/src/main/java/org/apache/hadoop/yarn/server/resourcemanager/ClientRMService.java,156
hadoop,org.apache.hadoop.yarn.server.resourcemanager,RMActiveServiceContext,31,0,51,37,219,54,0,0,0.3333333333333333,3,20,/Users/eashraf/hadoop/hadoop-yarn-project/hadoop-yarn/hadoop-yarn-server/hadoop-yarn-server-resourcemanager/src/main/java/org/apache/hadoop/yarn/server/resourcemanager/RMActiveServiceContext.java,53
hadoop,org.apache.hadoop.yarn.server.resourcemanager,RMServerUtils,1,1,9,9,132,46,0,0,0.8888888888888888,11,19,/Users/eashraf/hadoop/hadoop-yarn-project/hadoop-yarn/hadoop-yarn-server/hadoop-yarn-server-resourcemanager/src/main/java/org/apache/hadoop/yarn/server/resourcemanager/RMServerUtils.java,57
hadoop,org.apache.hadoop.yarn.server.resourcemanager,ApplicationMasterService,9,0,16,10,372,57,0,0,0.0,14,48,/Users/eashraf/hadoop/hadoop-yarn-project/hadoop-yarn/hadoop-yarn-server/hadoop-yarn-server-resourcemanager/src/main/java/org/apache/hadoop/yarn/server/resourcemanager/ApplicationMasterService.java,101
hadoop,org.apache.hadoop.yarn.server.resourcemanager,ApplicationMasterService.AllocateResponseLock,1,0,0,0,12,0,0,0,-1.0,0,1,/Users/eashraf/hadoop/hadoop-yarn-project/hadoop-yarn/hadoop-yarn-server/hadoop-yarn-server-resourcemanager/src/main/java/org/apache/hadoop/yarn/server/resourcemanager/ApplicationMasterService.java,700
hadoop,org.apache.hadoop.yarn.server.resourcemanager,RMNMInfoBeans,0,0,1,1,3,1,1,0,-1.0,0,0,/Users/eashraf/hadoop/hadoop-yarn-project/hadoop-yarn/hadoop-yarn-server/hadoop-yarn-server-resourcemanager/src/main/java/org/apache/hadoop/yarn/server/resourcemanager/RMNMInfoBeans.java,21
hadoop,org.apache.hadoop.yarn.server.resourcemanager,RMZKUtils,1,0,2,2,39,3,0,0,0.0,2,3,/Users/eashraf/hadoop/hadoop-yarn-project/hadoop-yarn/hadoop-yarn-server/hadoop-yarn-server-resourcemanager/src/main/java/org/apache/hadoop/yarn/server/resourcemanager/RMZKUtils.java,32
hadoop,org.apache.hadoop.yarn.server.resourcemanager,RMNMInfo,4,0,2,2,56,4,0,1,0.0,1,4,/Users/eashraf/hadoop/hadoop-yarn-project/hadoop-yarn/hadoop-yarn-server/hadoop-yarn-server-resourcemanager/src/main/java/org/apache/hadoop/yarn/server/resourcemanager/RMNMInfo.java,38
hadoop,org.apache.hadoop.yarn.server.resourcemanager,RMNMInfo.InfoMap,1,0,0,0,3,0,0,0,-1.0,0,0,/Users/eashraf/hadoop/hadoop-yarn-project/hadoop-yarn/hadoop-yarn-server/hadoop-yarn-server-resourcemanager/src/main/java/org/apache/hadoop/yarn/server/resourcemanager/RMNMInfo.java,67
hadoop,org.apache.hadoop.yarn.server.resourcemanager,RMContext,0,0,37,1,42,37,1,0,-1.0,91,9,/Users/eashraf/hadoop/hadoop-yarn-project/hadoop-yarn/hadoop-yarn-server/hadoop-yarn-server-resourcemanager/src/main/java/org/apache/hadoop/yarn/server/resourcemanager/RMContext.java,47
hadoop,org.apache.hadoop.yarn.server.resourcemanager,RMAppManagerEvent,1,0,2,2,10,2,0,0,0.0,1,2,/Users/eashraf/hadoop/hadoop-yarn-project/hadoop-yarn/hadoop-yarn-server/hadoop-yarn-server-resourcemanager/src/main/java/org/apache/hadoop/yarn/server/resourcemanager/RMAppManagerEvent.java,24
hadoop,org.apache.hadoop.yarn.server.resourcemanager,EmbeddedElectorService,5,0,12,6,99,17,0,0,0.16666666666666666,2,10,/Users/eashraf/hadoop/hadoop-yarn-project/hadoop-yarn/hadoop-yarn-server/hadoop-yarn-server-resourcemanager/src/main/java/org/apache/hadoop/yarn/server/resourcemanager/EmbeddedElectorService.java,43
hadoop,org.apache.hadoop.yarn.server.resourcemanager,ResourceManager,40,1,52,14,812,88,1,0,0.1346153846153846,61,49,/Users/eashraf/hadoop/hadoop-yarn-project/hadoop-yarn/hadoop-yarn-server/hadoop-yarn-server-resourcemanager/src/main/java/org/apache/hadoop/yarn/server/resourcemanager/ResourceManager.java,110
hadoop,org.apache.hadoop.yarn.server.resourcemanager,ResourceManager.RMActiveServices,7,0,0,0,169,0,0,0,-1.0,0,8,/Users/eashraf/hadoop/hadoop-yarn-project/hadoop-yarn/hadoop-yarn-server/hadoop-yarn-server-resourcemanager/src/main/java/org/apache/hadoop/yarn/server/resourcemanager/ResourceManager.java,384
hadoop,org.apache.hadoop.yarn.server.resourcemanager,ResourceManager.SchedulerEventDispatcher,5,0,0,0,76,0,0,0,-1.0,0,1,/Users/eashraf/hadoop/hadoop-yarn-project/hadoop-yarn/hadoop-yarn-server/hadoop-yarn-server-resourcemanager/src/main/java/org/apache/hadoop/yarn/server/resourcemanager/ResourceManager.java,633
hadoop,org.apache.hadoop.yarn.server.resourcemanager,ResourceManager.EventProcessor,0,0,0,0,28,0,0,0,-1.0,0,0,/Users/eashraf/hadoop/hadoop-yarn-project/hadoop-yarn/hadoop-yarn-server/hadoop-yarn-server-resourcemanager/src/main/java/org/apache/hadoop/yarn/server/resourcemanager/ResourceManager.java,665
hadoop,org.apache.hadoop.yarn.server.resourcemanager,ResourceManager.RMFatalEventDispatcher,0,0,0,0,6,0,0,0,-1.0,0,0,/Users/eashraf/hadoop/hadoop-yarn-project/hadoop-yarn/hadoop-yarn-server/hadoop-yarn-server-resourcemanager/src/main/java/org/apache/hadoop/yarn/server/resourcemanager/ResourceManager.java,732
hadoop,org.apache.hadoop.yarn.server.resourcemanager,ResourceManager.ApplicationEventDispatcher,1,0,0,0,18,0,0,0,-1.0,0,1,/Users/eashraf/hadoop/hadoop-yarn-project/hadoop-yarn/hadoop-yarn-server/hadoop-yarn-server-resourcemanager/src/main/java/org/apache/hadoop/yarn/server/resourcemanager/ResourceManager.java,760
hadoop,org.apache.hadoop.yarn.server.resourcemanager,ResourceManager.RMContainerPreemptEventDispatcher,1,0,0,0,18,0,0,0,-1.0,0,0,/Users/eashraf/hadoop/hadoop-yarn-project/hadoop-yarn/hadoop-yarn-server/hadoop-yarn-server-resourcemanager/src/main/java/org/apache/hadoop/yarn/server/resourcemanager/ResourceManager.java,785
hadoop,org.apache.hadoop.yarn.server.resourcemanager,ResourceManager.ApplicationAttemptEventDispatcher,1,0,0,0,22,0,0,0,-1.0,0,1,/Users/eashraf/hadoop/hadoop-yarn-project/hadoop-yarn/hadoop-yarn-server/hadoop-yarn-server-resourcemanager/src/main/java/org/apache/hadoop/yarn/server/resourcemanager/ResourceManager.java,815
hadoop,org.apache.hadoop.yarn.server.resourcemanager,ResourceManager.NodeEventDispatcher,1,0,0,0,18,0,0,0,-1.0,0,1,/Users/eashraf/hadoop/hadoop-yarn-project/hadoop-yarn/hadoop-yarn-server/hadoop-yarn-server-resourcemanager/src/main/java/org/apache/hadoop/yarn/server/resourcemanager/ResourceManager.java,844
hadoop,org.apache.hadoop.yarn.server.resourcemanager,ClusterMetrics,11,0,21,19,91,24,0,0,0.38095238095238093,12,6,/Users/eashraf/hadoop/hadoop-yarn-project/hadoop-yarn/hadoop-yarn-server/hadoop-yarn-server-resourcemanager/src/main/java/org/apache/hadoop/yarn/server/resourcemanager/ClusterMetrics.java,36
hadoop,org.apache.hadoop.yarn.server.resourcemanager,RMAppManager,14,0,13,4,235,30,4,0,0.0,7,26,/Users/eashraf/hadoop/hadoop-yarn-project/hadoop-yarn/hadoop-yarn-server/hadoop-yarn-server-resourcemanager/src/main/java/org/apache/hadoop/yarn/server/resourcemanager/RMAppManager.java,63
hadoop,org.apache.hadoop.yarn.server.resourcemanager,RMAppManager.ApplicationSummary,4,0,0,0,56,0,0,0,-1.0,0,1,/Users/eashraf/hadoop/hadoop-yarn-project/hadoop-yarn/hadoop-yarn-server/hadoop-yarn-server-resourcemanager/src/main/java/org/apache/hadoop/yarn/server/resourcemanager/RMAppManager.java,102
hadoop,org.apache.hadoop.yarn.server.resourcemanager,RMAppManager.SummaryBuilder,1,0,0,0,23,0,0,0,-1.0,0,1,/Users/eashraf/hadoop/hadoop-yarn-project/hadoop-yarn/hadoop-yarn-server/hadoop-yarn-server-resourcemanager/src/main/java/org/apache/hadoop/yarn/server/resourcemanager/RMAppManager.java,113
hadoop,org.apache.hadoop.yarn.server.resourcemanager,RMSecretManagerService,6,0,9,4,73,13,0,0,0.2222222222222222,1,9,/Users/eashraf/hadoop/hadoop-yarn-project/hadoop-yarn/hadoop-yarn-server/hadoop-yarn-server-resourcemanager/src/main/java/org/apache/hadoop/yarn/server/resourcemanager/RMSecretManagerService.java,34
hadoop,org.apache.hadoop.yarn.server.resourcemanager,NodesListManager,7,0,11,6,124,22,0,0,0.0,10,9,/Users/eashraf/hadoop/hadoop-yarn-project/hadoop-yarn/hadoop-yarn-server/hadoop-yarn-server-resourcemanager/src/main/java/org/apache/hadoop/yarn/server/resourcemanager/NodesListManager.java,47
hadoop,org.apache.hadoop.yarn.server.resourcemanager,RMFatalEvent,1,0,3,3,14,3,0,0,0.0,0,2,/Users/eashraf/hadoop/hadoop-yarn-project/hadoop-yarn/hadoop-yarn-server/hadoop-yarn-server-resourcemanager/src/main/java/org/apache/hadoop/yarn/server/resourcemanager/RMFatalEvent.java,23
hadoop,org.apache.hadoop.yarn.server.resourcemanager,RMContextImpl,7,0,66,47,217,66,0,1,0.09090909090909091,10,25,/Users/eashraf/hadoop/hadoop-yarn-project/hadoop-yarn/hadoop-yarn-server/hadoop-yarn-server-resourcemanager/src/main/java/org/apache/hadoop/yarn/server/resourcemanager/RMContextImpl.java,54
hadoop,org.apache.hadoop.yarn.server.resourcemanager,RMFatalEventType,0,0,0,0,1,0,0,0,-1.0,4,0,/Users/eashraf/hadoop/hadoop-yarn-project/hadoop-yarn/hadoop-yarn-server/hadoop-yarn-server-resourcemanager/src/main/java/org/apache/hadoop/yarn/server/resourcemanager/RMFatalEventType.java,23
hadoop,org.apache.hadoop.yarn.server.resourcemanager,NodesListManagerEventType,0,0,0,0,1,0,0,0,-1.0,8,0,/Users/eashraf/hadoop/hadoop-yarn-project/hadoop-yarn/hadoop-yarn-server/hadoop-yarn-server-resourcemanager/src/main/java/org/apache/hadoop/yarn/server/resourcemanager/NodesListManagerEventType.java,21
hadoop,org.apache.hadoop.yarn.server.resourcemanager.monitor.capacity,TestProportionalCapacityPreemptionPolicy,26,1,37,27,522,59,0,0,0.08108108108108109,0,26,/Users/eashraf/hadoop/hadoop-yarn-project/hadoop-yarn/hadoop-yarn-server/hadoop-yarn-server-resourcemanager/src/test/java/org/apache/hadoop/yarn/server/resourcemanager/monitor/capacity/TestProportionalCapacityPreemptionPolicy.java,93
hadoop,org.apache.hadoop.yarn.server.resourcemanager.monitor.capacity,TestProportionalCapacityPreemptionPolicy.priority,1,0,0,0,8,0,0,0,-1.0,0,0,/Users/eashraf/hadoop/hadoop-yarn-project/hadoop-yarn/hadoop-yarn-server/hadoop-yarn-server-resourcemanager/src/test/java/org/apache/hadoop/yarn/server/resourcemanager/monitor/capacity/TestProportionalCapacityPreemptionPolicy.java,126
hadoop,org.apache.hadoop.yarn.server.resourcemanager.monitor.capacity,TestProportionalCapacityPreemptionPolicy.IsPreemptionRequestFor,2,0,0,0,17,0,0,0,-1.0,0,2,/Users/eashraf/hadoop/hadoop-yarn-project/hadoop-yarn/hadoop-yarn-server/hadoop-yarn-server-resourcemanager/src/test/java/org/apache/hadoop/yarn/server/resourcemanager/monitor/capacity/TestProportionalCapacityPreemptionPolicy.java,887
hadoop,org.apache.hadoop.yarn.server.resourcemanager.monitor.capacity,ProportionalCapacityPreemptionPolicy,34,7,25,11,573,80,0,0,0.12,1,16,/Users/eashraf/hadoop/hadoop-yarn-project/hadoop-yarn/hadoop-yarn-server/hadoop-yarn-server-resourcemanager/src/main/java/org/apache/hadoop/yarn/server/resourcemanager/monitor/capacity/ProportionalCapacityPreemptionPolicy.java,61
hadoop,org.apache.hadoop.yarn.server.resourcemanager.monitor.capacity,ProportionalCapacityPreemptionPolicy.TempQueue,13,0,0,0,80,0,0,0,-1.0,0,2,/Users/eashraf/hadoop/hadoop-yarn-project/hadoop-yarn/hadoop-yarn-server/hadoop-yarn-server-resourcemanager/src/main/java/org/apache/hadoop/yarn/server/resourcemanager/monitor/capacity/ProportionalCapacityPreemptionPolicy.java,799
hadoop,org.apache.hadoop.yarn.server.resourcemanager.monitor.capacity,ProportionalCapacityPreemptionPolicy.TQComparator,2,0,0,0,24,0,0,0,-1.0,0,2,/Users/eashraf/hadoop/hadoop-yarn-project/hadoop-yarn/hadoop-yarn-server/hadoop-yarn-server-resourcemanager/src/main/java/org/apache/hadoop/yarn/server/resourcemanager/monitor/capacity/ProportionalCapacityPreemptionPolicy.java,929
hadoop,org.apache.hadoop.yarn.server.resourcemanager.monitor,TestSchedulingMonitor,0,0,1,1,14,1,0,0,-1.0,0,3,/Users/eashraf/hadoop/hadoop-yarn-project/hadoop-yarn/hadoop-yarn-server/hadoop-yarn-server-resourcemanager/src/test/java/org/apache/hadoop/yarn/server/resourcemanager/monitor/TestSchedulingMonitor.java,29
hadoop,org.apache.hadoop.yarn.server.resourcemanager.monitor,SchedulingEditPolicy,0,0,4,4,9,4,0,0,-1.0,1,3,/Users/eashraf/hadoop/hadoop-yarn-project/hadoop-yarn/hadoop-yarn-server/hadoop-yarn-server-resourcemanager/src/main/java/org/apache/hadoop/yarn/server/resourcemanager/monitor/SchedulingEditPolicy.java,25
hadoop,org.apache.hadoop.yarn.server.resourcemanager.monitor,SchedulingMonitor,6,0,7,7,55,8,0,0,0.2857142857142857,0,3,/Users/eashraf/hadoop/hadoop-yarn-project/hadoop-yarn/hadoop-yarn-server/hadoop-yarn-server-resourcemanager/src/main/java/org/apache/hadoop/yarn/server/resourcemanager/monitor/SchedulingMonitor.java,29
hadoop,org.apache.hadoop.yarn.server.resourcemanager.monitor,SchedulingMonitor.PreemptionChecker,0,0,0,0,14,0,0,0,-1.0,0,0,/Users/eashraf/hadoop/hadoop-yarn-project/hadoop-yarn/hadoop-yarn-server/hadoop-yarn-server-resourcemanager/src/main/java/org/apache/hadoop/yarn/server/resourcemanager/monitor/SchedulingMonitor.java,88
hadoop,org.apache.hadoop.yarn.server.resourcemanager.security,TestAMRMTokens,5,0,10,6,221,18,0,0,0.3,0,29,/Users/eashraf/hadoop/hadoop-yarn-project/hadoop-yarn/hadoop-yarn-server/hadoop-yarn-server-resourcemanager/src/test/java/org/apache/hadoop/yarn/server/resourcemanager/security/TestAMRMTokens.java,77
hadoop,org.apache.hadoop.yarn.server.resourcemanager.security,TestDelegationTokenRenewerLifecycle,0,0,1,1,15,1,0,0,-1.0,0,4,/Users/eashraf/hadoop/hadoop-yarn-project/hadoop-yarn/hadoop-yarn-server/hadoop-yarn-server-resourcemanager/src/test/java/org/apache/hadoop/yarn/server/resourcemanager/security/TestDelegationTokenRenewerLifecycle.java,30
hadoop,org.apache.hadoop.yarn.server.resourcemanager.security,TestRMDelegationTokens,2,1,3,3,96,9,0,0,0.0,0,12,/Users/eashraf/hadoop/hadoop-yarn-project/hadoop-yarn/hadoop-yarn-server/hadoop-yarn-server-resourcemanager/src/test/java/org/apache/hadoop/yarn/server/resourcemanager/security/TestRMDelegationTokens.java,55
hadoop,org.apache.hadoop.yarn.server.resourcemanager.security,TestRMDelegationTokens.MyMockRM,0,0,0,0,13,0,0,0,-1.0,0,0,/Users/eashraf/hadoop/hadoop-yarn-project/hadoop-yarn/hadoop-yarn-server/hadoop-yarn-server-resourcemanager/src/test/java/org/apache/hadoop/yarn/server/resourcemanager/security/TestRMDelegationTokens.java,161
hadoop,org.apache.hadoop.yarn.server.resourcemanager.security,TestRMDelegationTokens.TestRMDelegationTokenSecretManager,1,1,0,0,20,0,0,1,-1.0,0,0,/Users/eashraf/hadoop/hadoop-yarn-project/hadoop-yarn/hadoop-yarn-server/hadoop-yarn-server-resourcemanager/src/test/java/org/apache/hadoop/yarn/server/resourcemanager/security/TestRMDelegationTokens.java,185
hadoop,org.apache.hadoop.yarn.server.resourcemanager.security,TestDelegationTokenRenewer,13,2,30,20,605,38,0,0,0.43333333333333335,0,33,/Users/eashraf/hadoop/hadoop-yarn-project/hadoop-yarn/hadoop-yarn-server/hadoop-yarn-server-resourcemanager/src/test/java/org/apache/hadoop/yarn/server/resourcemanager/security/TestDelegationTokenRenewer.java,103
hadoop,org.apache.hadoop.yarn.server.resourcemanager.security,TestDelegationTokenRenewer.Renewer,4,0,0,0,45,0,0,0,-1.0,0,1,/Users/eashraf/hadoop/hadoop-yarn-project/hadoop-yarn/hadoop-yarn-server/hadoop-yarn-server-resourcemanager/src/test/java/org/apache/hadoop/yarn/server/resourcemanager/security/TestDelegationTokenRenewer.java,117
hadoop,org.apache.hadoop.yarn.server.resourcemanager.security,TestDelegationTokenRenewer.MyDelegationTokenSecretManager,0,0,0,0,8,0,0,0,-1.0,0,0,/Users/eashraf/hadoop/hadoop-yarn-project/hadoop-yarn/hadoop-yarn-server/hadoop-yarn-server-resourcemanager/src/test/java/org/apache/hadoop/yarn/server/resourcemanager/security/TestDelegationTokenRenewer.java,223
hadoop,org.apache.hadoop.yarn.server.resourcemanager.security,TestDelegationTokenRenewer.MyToken,2,2,0,0,33,0,0,0,-1.0,0,0,/Users/eashraf/hadoop/hadoop-yarn-project/hadoop-yarn/hadoop-yarn-server/hadoop-yarn-server-resourcemanager/src/test/java/org/apache/hadoop/yarn/server/resourcemanager/security/TestDelegationTokenRenewer.java,239
hadoop,org.apache.hadoop.yarn.server.resourcemanager.security,TestDelegationTokenRenewer.MyFS,0,0,0,0,16,0,0,0,-1.0,0,0,/Users/eashraf/hadoop/hadoop-yarn-project/hadoop-yarn/hadoop-yarn-server/hadoop-yarn-server-resourcemanager/src/test/java/org/apache/hadoop/yarn/server/resourcemanager/security/TestDelegationTokenRenewer.java,280
hadoop,org.apache.hadoop.yarn.server.resourcemanager.security,TestClientToAMTokens,7,1,21,10,270,21,0,0,0.5238095238095238,0,25,/Users/eashraf/hadoop/hadoop-yarn-project/hadoop-yarn/hadoop-yarn-server/hadoop-yarn-server-resourcemanager/src/test/java/org/apache/hadoop/yarn/server/resourcemanager/security/TestClientToAMTokens.java,84
hadoop,org.apache.hadoop.yarn.server.resourcemanager.security,TestClientToAMTokens.CustomProtocol,1,1,0,0,4,0,0,0,-1.0,0,0,/Users/eashraf/hadoop/hadoop-yarn-project/hadoop-yarn/hadoop-yarn-server/hadoop-yarn-server-resourcemanager/src/test/java/org/apache/hadoop/yarn/server/resourcemanager/security/TestClientToAMTokens.java,96
hadoop,org.apache.hadoop.yarn.server.resourcemanager.security,TestClientToAMTokens.CustomSecurityInfo,0,0,0,0,16,0,0,0,-1.0,0,0,/Users/eashraf/hadoop/hadoop-yarn-project/hadoop-yarn/hadoop-yarn-server/hadoop-yarn-server-resourcemanager/src/test/java/org/apache/hadoop/yarn/server/resourcemanager/security/TestClientToAMTokens.java,103
hadoop,org.apache.hadoop.yarn.server.resourcemanager.security,TestClientToAMTokens.CustomAM,5,0,0,0,35,0,0,0,-1.0,0,2,/Users/eashraf/hadoop/hadoop-yarn-project/hadoop-yarn/hadoop-yarn-server/hadoop-yarn-server-resourcemanager/src/test/java/org/apache/hadoop/yarn/server/resourcemanager/security/TestClientToAMTokens.java,128
hadoop,org.apache.hadoop.yarn.server.resourcemanager.security,ClientToAMTokenIdentifierForTest,1,0,11,11,52,15,0,0,0.18181818181818182,0,3,/Users/eashraf/hadoop/hadoop-yarn-project/hadoop-yarn/hadoop-yarn-server/hadoop-yarn-server-resourcemanager/src/test/java/org/apache/hadoop/yarn/server/resourcemanager/security/ClientToAMTokenIdentifierForTest.java,37
hadoop,org.apache.hadoop.yarn.server.resourcemanager.security,RMContainerTokenSecretManager,5,0,8,8,123,11,0,0,0.25,13,11,/Users/eashraf/hadoop/hadoop-yarn-project/hadoop-yarn/hadoop-yarn-server/hadoop-yarn-server-resourcemanager/src/main/java/org/apache/hadoop/yarn/server/resourcemanager/security/RMContainerTokenSecretManager.java,42
hadoop,org.apache.hadoop.yarn.server.resourcemanager.security,RMContainerTokenSecretManager.MasterKeyRoller,0,0,0,0,5,0,0,0,-1.0,0,0,/Users/eashraf/hadoop/hadoop-yarn-project/hadoop-yarn/hadoop-yarn-server/hadoop-yarn-server-resourcemanager/src/main/java/org/apache/hadoop/yarn/server/resourcemanager/security/RMContainerTokenSecretManager.java,150
hadoop,org.apache.hadoop.yarn.server.resourcemanager.security,RMContainerTokenSecretManager.NextKeyActivator,0,0,0,0,5,0,0,0,-1.0,0,0,/Users/eashraf/hadoop/hadoop-yarn-project/hadoop-yarn/hadoop-yarn-server/hadoop-yarn-server-resourcemanager/src/main/java/org/apache/hadoop/yarn/server/resourcemanager/security/RMContainerTokenSecretManager.java,157
hadoop,org.apache.hadoop.yarn.server.resourcemanager.security,ClientToAMTokenSecretManagerInRM,1,0,5,5,20,5,0,0,0.4,8,1,/Users/eashraf/hadoop/hadoop-yarn-project/hadoop-yarn/hadoop-yarn-server/hadoop-yarn-server-resourcemanager/src/main/java/org/apache/hadoop/yarn/server/resourcemanager/security/ClientToAMTokenSecretManagerInRM.java,29
hadoop,org.apache.hadoop.yarn.server.resourcemanager.security,RMDelegationTokenSecretManager,2,0,12,7,104,16,1,0,0.5,8,4,/Users/eashraf/hadoop/hadoop-yarn-project/hadoop-yarn/hadoop-yarn-server/hadoop-yarn-server-resourcemanager/src/main/java/org/apache/hadoop/yarn/server/resourcemanager/security/RMDelegationTokenSecretManager.java,42
hadoop,org.apache.hadoop.yarn.server.resourcemanager.security,AMRMTokenSecretManager,12,0,16,14,203,24,0,0,0.125,10,9,/Users/eashraf/hadoop/hadoop-yarn-project/hadoop-yarn/hadoop-yarn-server/hadoop-yarn-server-resourcemanager/src/main/java/org/apache/hadoop/yarn/server/resourcemanager/security/AMRMTokenSecretManager.java,49
hadoop,org.apache.hadoop.yarn.server.resourcemanager.security,AMRMTokenSecretManager.MasterKeyRoller,0,0,0,0,5,0,0,0,-1.0,0,0,/Users/eashraf/hadoop/hadoop-yarn-project/hadoop-yarn/hadoop-yarn-server/hadoop-yarn-server-resourcemanager/src/main/java/org/apache/hadoop/yarn/server/resourcemanager/security/AMRMTokenSecretManager.java,131
hadoop,org.apache.hadoop.yarn.server.resourcemanager.security,AMRMTokenSecretManager.NextKeyActivator,0,0,0,0,5,0,0,0,-1.0,0,0,/Users/eashraf/hadoop/hadoop-yarn-project/hadoop-yarn/hadoop-yarn-server/hadoop-yarn-server-resourcemanager/src/main/java/org/apache/hadoop/yarn/server/resourcemanager/security/AMRMTokenSecretManager.java,156
hadoop,org.apache.hadoop.yarn.server.resourcemanager.security,NMTokenSecretManagerInRM,7,0,14,13,182,23,0,0,0.0,11,8,/Users/eashraf/hadoop/hadoop-yarn-project/hadoop-yarn/hadoop-yarn-server/hadoop-yarn-server-resourcemanager/src/main/java/org/apache/hadoop/yarn/server/resourcemanager/security/NMTokenSecretManagerInRM.java,44
hadoop,org.apache.hadoop.yarn.server.resourcemanager.security,NMTokenSecretManagerInRM.MasterKeyRoller,0,0,0,0,5,0,0,0,-1.0,0,0,/Users/eashraf/hadoop/hadoop-yarn-project/hadoop-yarn/hadoop-yarn-server/hadoop-yarn-server-resourcemanager/src/main/java/org/apache/hadoop/yarn/server/resourcemanager/security/NMTokenSecretManagerInRM.java,175
hadoop,org.apache.hadoop.yarn.server.resourcemanager.security,NMTokenSecretManagerInRM.NextKeyActivator,0,0,0,0,5,0,0,0,-1.0,0,0,/Users/eashraf/hadoop/hadoop-yarn-project/hadoop-yarn/hadoop-yarn-server/hadoop-yarn-server-resourcemanager/src/main/java/org/apache/hadoop/yarn/server/resourcemanager/security/NMTokenSecretManagerInRM.java,182
hadoop,org.apache.hadoop.yarn.server.resourcemanager.security,DelegationTokenRenewer,38,11,26,9,563,63,0,0,0.07692307692307693,8,12,/Users/eashraf/hadoop/hadoop-yarn-project/hadoop-yarn/hadoop-yarn-server/hadoop-yarn-server-resourcemanager/src/main/java/org/apache/hadoop/yarn/server/resourcemanager/security/DelegationTokenRenewer.java,72
hadoop,org.apache.hadoop.yarn.server.resourcemanager.security,DelegationTokenRenewer.DelegationTokenToRenew,8,8,0,0,43,0,0,0,-1.0,0,3,/Users/eashraf/hadoop/hadoop-yarn-project/hadoop-yarn/hadoop-yarn-server/hadoop-yarn-server-resourcemanager/src/main/java/org/apache/hadoop/yarn/server/resourcemanager/security/DelegationTokenRenewer.java,225
hadoop,org.apache.hadoop.yarn.server.resourcemanager.security,DelegationTokenRenewer.DelegationTokenCancelThread,3,0,0,0,59,0,0,0,-1.0,0,2,/Users/eashraf/hadoop/hadoop-yarn-project/hadoop-yarn/hadoop-yarn-server/hadoop-yarn-server-resourcemanager/src/main/java/org/apache/hadoop/yarn/server/resourcemanager/security/DelegationTokenRenewer.java,283
hadoop,org.apache.hadoop.yarn.server.resourcemanager.security,DelegationTokenRenewer.TokenWithConf,2,0,0,0,8,0,0,0,-1.0,0,2,/Users/eashraf/hadoop/hadoop-yarn-project/hadoop-yarn/hadoop-yarn-server/hadoop-yarn-server-resourcemanager/src/main/java/org/apache/hadoop/yarn/server/resourcemanager/security/DelegationTokenRenewer.java,284
hadoop,org.apache.hadoop.yarn.server.resourcemanager.security,DelegationTokenRenewer.RenewalTimerTask,2,0,0,0,34,0,0,0,-1.0,0,0,/Users/eashraf/hadoop/hadoop-yarn-project/hadoop-yarn/hadoop-yarn-server/hadoop-yarn-server-resourcemanager/src/main/java/org/apache/hadoop/yarn/server/resourcemanager/security/DelegationTokenRenewer.java,459
hadoop,org.apache.hadoop.yarn.server.resourcemanager.security,DelegationTokenRenewer.DelayedTokenRemovalRunnable,1,0,0,0,35,0,0,0,-1.0,0,1,/Users/eashraf/hadoop/hadoop-yarn-project/hadoop-yarn/hadoop-yarn-server/hadoop-yarn-server-resourcemanager/src/main/java/org/apache/hadoop/yarn/server/resourcemanager/security/DelegationTokenRenewer.java,720
hadoop,org.apache.hadoop.yarn.server.resourcemanager.security,DelegationTokenRenewer.DelegationTokenRenewerRunnable,1,0,0,0,25,0,0,0,-1.0,0,1,/Users/eashraf/hadoop/hadoop-yarn-project/hadoop-yarn/hadoop-yarn-server/hadoop-yarn-server-resourcemanager/src/main/java/org/apache/hadoop/yarn/server/resourcemanager/security/DelegationTokenRenewer.java,775
hadoop,org.apache.hadoop.yarn.server.resourcemanager.security,DelegationTokenRenewer.DelegationTokenRenewerAppSubmitEvent,3,0,0,0,20,0,0,0,-1.0,0,1,/Users/eashraf/hadoop/hadoop-yarn-project/hadoop-yarn/hadoop-yarn-server/hadoop-yarn-server-resourcemanager/src/main/java/org/apache/hadoop/yarn/server/resourcemanager/security/DelegationTokenRenewer.java,824
hadoop,org.apache.hadoop.yarn.server.resourcemanager.security,DelegationTokenRenewer.DelegationTokenRenewerEventType,0,0,0,0,1,0,0,0,-1.0,0,0,/Users/eashraf/hadoop/hadoop-yarn-project/hadoop-yarn/hadoop-yarn-server/hadoop-yarn-server-resourcemanager/src/main/java/org/apache/hadoop/yarn/server/resourcemanager/security/DelegationTokenRenewer.java,852
hadoop,org.apache.hadoop.yarn.server.resourcemanager.security,DelegationTokenRenewer.DelegationTokenRenewerEvent,1,0,0,0,10,0,0,0,-1.0,0,1,/Users/eashraf/hadoop/hadoop-yarn-project/hadoop-yarn/hadoop-yarn-server/hadoop-yarn-server-resourcemanager/src/main/java/org/apache/hadoop/yarn/server/resourcemanager/security/DelegationTokenRenewer.java,857
hadoop,org.apache.hadoop.yarn.server.resourcemanager.security,QueueACLsManager,2,0,3,3,17,4,0,0,0.6666666666666666,4,5,/Users/eashraf/hadoop/hadoop-yarn-project/hadoop-yarn/hadoop-yarn-server/hadoop-yarn-server-resourcemanager/src/main/java/org/apache/hadoop/yarn/server/resourcemanager/security/QueueACLsManager.java,29
hadoop,org.apache.hadoop.yarn.server.resourcemanager.rmapp,TestRMAppTransitions,15,1,49,27,602,56,0,0,0.04081632653061224,0,44,/Users/eashraf/hadoop/hadoop-yarn-project/hadoop-yarn/hadoop-yarn-server/hadoop-yarn-server-resourcemanager/src/test/java/org/apache/hadoop/yarn/server/resourcemanager/rmapp/TestRMAppTransitions.java,94
hadoop,org.apache.hadoop.yarn.server.resourcemanager.rmapp,TestRMAppTransitions.TestApplicationAttemptEventDispatcher,1,0,0,0,18,0,0,0,-1.0,0,1,/Users/eashraf/hadoop/hadoop-yarn-project/hadoop-yarn/hadoop-yarn-server/hadoop-yarn-server-resourcemanager/src/test/java/org/apache/hadoop/yarn/server/resourcemanager/rmapp/TestRMAppTransitions.java,112
hadoop,org.apache.hadoop.yarn.server.resourcemanager.rmapp,TestRMAppTransitions.TestApplicationEventDispatcher,1,0,0,0,18,0,0,0,-1.0,0,1,/Users/eashraf/hadoop/hadoop-yarn-project/hadoop-yarn/hadoop-yarn-server/hadoop-yarn-server-resourcemanager/src/test/java/org/apache/hadoop/yarn/server/resourcemanager/rmapp/TestRMAppTransitions.java,136
hadoop,org.apache.hadoop.yarn.server.resourcemanager.rmapp,TestRMAppTransitions.TestApplicationManagerEventDispatcher,0,0,0,0,4,0,0,0,-1.0,0,0,/Users/eashraf/hadoop/hadoop-yarn-project/hadoop-yarn/hadoop-yarn-server/hadoop-yarn-server-resourcemanager/src/test/java/org/apache/hadoop/yarn/server/resourcemanager/rmapp/TestRMAppTransitions.java,161
hadoop,org.apache.hadoop.yarn.server.resourcemanager.rmapp,TestRMAppTransitions.TestSchedulerEventDispatcher,1,1,0,0,6,0,0,0,-1.0,0,1,/Users/eashraf/hadoop/hadoop-yarn-project/hadoop-yarn/hadoop-yarn-server/hadoop-yarn-server-resourcemanager/src/test/java/org/apache/hadoop/yarn/server/resourcemanager/rmapp/TestRMAppTransitions.java,169
hadoop,org.apache.hadoop.yarn.server.resourcemanager.rmapp,MockRMApp,16,0,44,44,157,45,0,1,0.6136363636363636,1,10,/Users/eashraf/hadoop/hadoop-yarn-project/hadoop-yarn/hadoop-yarn-server/hadoop-yarn-server-resourcemanager/src/test/java/org/apache/hadoop/yarn/server/resourcemanager/rmapp/MockRMApp.java,42
hadoop,org.apache.hadoop.yarn.server.resourcemanager.rmapp,RMApp,0,0,29,0,146,29,2,0,-1.0,71,3,/Users/eashraf/hadoop/hadoop-yarn-project/hadoop-yarn/hadoop-yarn-server/hadoop-yarn-server-resourcemanager/src/main/java/org/apache/hadoop/yarn/server/resourcemanager/rmapp/RMApp.java,39
hadoop,org.apache.hadoop.yarn.server.resourcemanager.rmapp,RMAppMetrics,5,0,6,6,29,6,0,0,0.0,11,1,/Users/eashraf/hadoop/hadoop-yarn-project/hadoop-yarn/hadoop-yarn-server/hadoop-yarn-server-resourcemanager/src/main/java/org/apache/hadoop/yarn/server/resourcemanager/rmapp/RMAppMetrics.java,23
hadoop,org.apache.hadoop.yarn.server.resourcemanager.rmapp,RMAppFinishedAttemptEvent,1,0,2,2,10,2,0,1,0.0,2,2,/Users/eashraf/hadoop/hadoop-yarn-project/hadoop-yarn/hadoop-yarn-server/hadoop-yarn-server-resourcemanager/src/main/java/org/apache/hadoop/yarn/server/resourcemanager/rmapp/RMAppFinishedAttemptEvent.java,23
hadoop,org.apache.hadoop.yarn.server.resourcemanager.rmapp,RMAppImpl,47,0,47,34,689,90,0,1,0.0425531914893617,6,44,/Users/eashraf/hadoop/hadoop-yarn-project/hadoop-yarn/hadoop-yarn-server/hadoop-yarn-server-resourcemanager/src/main/java/org/apache/hadoop/yarn/server/resourcemanager/rmapp/RMAppImpl.java,100
hadoop,org.apache.hadoop.yarn.server.resourcemanager.rmapp,RMAppImpl.RMAppTransition,0,0,0,0,4,0,0,0,-1.0,0,0,/Users/eashraf/hadoop/hadoop-yarn-project/hadoop-yarn/hadoop-yarn-server/hadoop-yarn-server-resourcemanager/src/main/java/org/apache/hadoop/yarn/server/resourcemanager/rmapp/RMAppImpl.java,777
hadoop,org.apache.hadoop.yarn.server.resourcemanager.rmapp,RMAppImpl.RMAppNodeUpdateTransition,0,0,0,0,6,0,0,0,-1.0,0,0,/Users/eashraf/hadoop/hadoop-yarn-project/hadoop-yarn/hadoop-yarn-server/hadoop-yarn-server-resourcemanager/src/main/java/org/apache/hadoop/yarn/server/resourcemanager/rmapp/RMAppImpl.java,784
hadoop,org.apache.hadoop.yarn.server.resourcemanager.rmapp,RMAppImpl.AppRunningOnNodeTransition,0,0,0,0,10,0,0,0,-1.0,0,0,/Users/eashraf/hadoop/hadoop-yarn-project/hadoop-yarn/hadoop-yarn-server/hadoop-yarn-server-resourcemanager/src/main/java/org/apache/hadoop/yarn/server/resourcemanager/rmapp/RMAppImpl.java,792
hadoop,org.apache.hadoop.yarn.server.resourcemanager.rmapp,RMAppImpl.RMAppMoveTransition,0,0,0,0,16,0,0,0,-1.0,0,0,/Users/eashraf/hadoop/hadoop-yarn-project/hadoop-yarn/hadoop-yarn-server/hadoop-yarn-server-resourcemanager/src/main/java/org/apache/hadoop/yarn/server/resourcemanager/rmapp/RMAppImpl.java,809
hadoop,org.apache.hadoop.yarn.server.resourcemanager.rmapp,RMAppImpl.RMAppRecoveredTransition,0,0,0,0,31,0,0,0,-1.0,0,2,/Users/eashraf/hadoop/hadoop-yarn-project/hadoop-yarn/hadoop-yarn-server/hadoop-yarn-server-resourcemanager/src/main/java/org/apache/hadoop/yarn/server/resourcemanager/rmapp/RMAppImpl.java,841
hadoop,org.apache.hadoop.yarn.server.resourcemanager.rmapp,RMAppImpl.AddApplicationToSchedulerTransition,0,0,0,0,5,0,0,0,-1.0,0,0,/Users/eashraf/hadoop/hadoop-yarn-project/hadoop-yarn/hadoop-yarn-server/hadoop-yarn-server-resourcemanager/src/main/java/org/apache/hadoop/yarn/server/resourcemanager/rmapp/RMAppImpl.java,905
hadoop,org.apache.hadoop.yarn.server.resourcemanager.rmapp,RMAppImpl.StartAppAttemptTransition,0,0,0,0,5,0,0,0,-1.0,0,0,/Users/eashraf/hadoop/hadoop-yarn-project/hadoop-yarn/hadoop-yarn-server/hadoop-yarn-server-resourcemanager/src/main/java/org/apache/hadoop/yarn/server/resourcemanager/rmapp/RMAppImpl.java,915
hadoop,org.apache.hadoop.yarn.server.resourcemanager.rmapp,RMAppImpl.FinalStateSavedTransition,0,0,0,0,11,0,0,0,-1.0,0,0,/Users/eashraf/hadoop/hadoop-yarn-project/hadoop-yarn/hadoop-yarn-server/hadoop-yarn-server-resourcemanager/src/main/java/org/apache/hadoop/yarn/server/resourcemanager/rmapp/RMAppImpl.java,922
hadoop,org.apache.hadoop.yarn.server.resourcemanager.rmapp,RMAppImpl.AttemptFailedFinalStateSavedTransition,0,0,0,0,11,0,0,0,-1.0,0,1,/Users/eashraf/hadoop/hadoop-yarn-project/hadoop-yarn/hadoop-yarn-server/hadoop-yarn-server-resourcemanager/src/main/java/org/apache/hadoop/yarn/server/resourcemanager/rmapp/RMAppImpl.java,939
hadoop,org.apache.hadoop.yarn.server.resourcemanager.rmapp,RMAppImpl.RMAppNewlySavingTransition,0,0,0,0,6,0,0,0,-1.0,0,0,/Users/eashraf/hadoop/hadoop-yarn-project/hadoop-yarn/hadoop-yarn-server/hadoop-yarn-server-resourcemanager/src/main/java/org/apache/hadoop/yarn/server/resourcemanager/rmapp/RMAppImpl.java,970
hadoop,org.apache.hadoop.yarn.server.resourcemanager.rmapp,RMAppImpl.FinalSavingTransition,3,0,0,0,16,0,0,0,-1.0,0,1,/Users/eashraf/hadoop/hadoop-yarn-project/hadoop-yarn/hadoop-yarn-server/hadoop-yarn-server-resourcemanager/src/main/java/org/apache/hadoop/yarn/server/resourcemanager/rmapp/RMAppImpl.java,1031
hadoop,org.apache.hadoop.yarn.server.resourcemanager.rmapp,RMAppImpl.AttemptUnregisteredTransition,0,0,0,0,5,0,0,0,-1.0,0,0,/Users/eashraf/hadoop/hadoop-yarn-project/hadoop-yarn/hadoop-yarn-server/hadoop-yarn-server-resourcemanager/src/main/java/org/apache/hadoop/yarn/server/resourcemanager/rmapp/RMAppImpl.java,1055
hadoop,org.apache.hadoop.yarn.server.resourcemanager.rmapp,RMAppImpl.AppFinishedTransition,0,0,0,0,10,0,0,0,-1.0,0,1,/Users/eashraf/hadoop/hadoop-yarn-project/hadoop-yarn/hadoop-yarn-server/hadoop-yarn-server-resourcemanager/src/main/java/org/apache/hadoop/yarn/server/resourcemanager/rmapp/RMAppImpl.java,1062
hadoop,org.apache.hadoop.yarn.server.resourcemanager.rmapp,RMAppImpl.AttemptFinishedAtFinalSavingTransition,0,0,0,0,8,0,0,0,-1.0,0,1,/Users/eashraf/hadoop/hadoop-yarn-project/hadoop-yarn/hadoop-yarn-server/hadoop-yarn-server-resourcemanager/src/main/java/org/apache/hadoop/yarn/server/resourcemanager/rmapp/RMAppImpl.java,1075
hadoop,org.apache.hadoop.yarn.server.resourcemanager.rmapp,RMAppImpl.AppFinishedFinalStateSavedTransition,1,0,0,0,10,0,0,0,-1.0,0,1,/Users/eashraf/hadoop/hadoop-yarn-project/hadoop-yarn/hadoop-yarn-server/hadoop-yarn-server-resourcemanager/src/main/java/org/apache/hadoop/yarn/server/resourcemanager/rmapp/RMAppImpl.java,1094
hadoop,org.apache.hadoop.yarn.server.resourcemanager.rmapp,RMAppImpl.AppKilledTransition,0,0,0,0,9,0,0,0,-1.0,0,1,/Users/eashraf/hadoop/hadoop-yarn-project/hadoop-yarn/hadoop-yarn-server/hadoop-yarn-server-resourcemanager/src/main/java/org/apache/hadoop/yarn/server/resourcemanager/rmapp/RMAppImpl.java,1109
hadoop,org.apache.hadoop.yarn.server.resourcemanager.rmapp,RMAppImpl.KillAttemptTransition,0,0,0,0,6,0,0,0,-1.0,0,1,/Users/eashraf/hadoop/hadoop-yarn-project/hadoop-yarn/hadoop-yarn-server/hadoop-yarn-server-resourcemanager/src/main/java/org/apache/hadoop/yarn/server/resourcemanager/rmapp/RMAppImpl.java,1125
hadoop,org.apache.hadoop.yarn.server.resourcemanager.rmapp,RMAppImpl.AppRejectedTransition,0,0,0,0,10,0,0,0,-1.0,0,1,/Users/eashraf/hadoop/hadoop-yarn-project/hadoop-yarn/hadoop-yarn-server/hadoop-yarn-server-resourcemanager/src/main/java/org/apache/hadoop/yarn/server/resourcemanager/rmapp/RMAppImpl.java,1134
hadoop,org.apache.hadoop.yarn.server.resourcemanager.rmapp,RMAppImpl.FinalTransition,1,0,0,0,21,0,0,0,-1.0,0,2,/Users/eashraf/hadoop/hadoop-yarn-project/hadoop-yarn/hadoop-yarn-server/hadoop-yarn-server-resourcemanager/src/main/java/org/apache/hadoop/yarn/server/resourcemanager/rmapp/RMAppImpl.java,1147
hadoop,org.apache.hadoop.yarn.server.resourcemanager.rmapp,RMAppImpl.AttemptFailedTransition,1,0,0,0,30,0,0,0,-1.0,0,1,/Users/eashraf/hadoop/hadoop-yarn-project/hadoop-yarn/hadoop-yarn-server/hadoop-yarn-server-resourcemanager/src/main/java/org/apache/hadoop/yarn/server/resourcemanager/rmapp/RMAppImpl.java,1198
hadoop,org.apache.hadoop.yarn.server.resourcemanager.rmapp,RMAppRecoverEvent,1,0,2,2,10,2,0,1,0.0,1,2,/Users/eashraf/hadoop/hadoop-yarn-project/hadoop-yarn/hadoop-yarn-server/hadoop-yarn-server-resourcemanager/src/main/java/org/apache/hadoop/yarn/server/resourcemanager/rmapp/RMAppRecoverEvent.java,24
hadoop,org.apache.hadoop.yarn.server.resourcemanager.rmapp,RMAppEventType,0,0,0,0,1,0,0,0,-1.0,30,0,/Users/eashraf/hadoop/hadoop-yarn-project/hadoop-yarn/hadoop-yarn-server/hadoop-yarn-server-resourcemanager/src/main/java/org/apache/hadoop/yarn/server/resourcemanager/rmapp/RMAppEventType.java,21
hadoop,org.apache.hadoop.yarn.server.resourcemanager.rmapp,RMAppFailedAttemptEvent,2,0,3,3,15,3,0,1,0.0,3,2,/Users/eashraf/hadoop/hadoop-yarn-project/hadoop-yarn/hadoop-yarn-server/hadoop-yarn-server-resourcemanager/src/main/java/org/apache/hadoop/yarn/server/resourcemanager/rmapp/RMAppFailedAttemptEvent.java,23
hadoop,org.apache.hadoop.yarn.server.resourcemanager.rmapp,RMAppNodeUpdateEvent,2,0,3,3,16,3,0,1,0.0,0,3,/Users/eashraf/hadoop/hadoop-yarn-project/hadoop-yarn/hadoop-yarn-server/hadoop-yarn-server-resourcemanager/src/main/java/org/apache/hadoop/yarn/server/resourcemanager/rmapp/RMAppNodeUpdateEvent.java,24
hadoop,org.apache.hadoop.yarn.server.resourcemanager.rmapp,RMAppNodeUpdateEvent.RMAppNodeUpdateType,0,0,0,0,1,0,0,0,-1.0,0,0,/Users/eashraf/hadoop/hadoop-yarn-project/hadoop-yarn/hadoop-yarn-server/hadoop-yarn-server-resourcemanager/src/main/java/org/apache/hadoop/yarn/server/resourcemanager/rmapp/RMAppNodeUpdateEvent.java,26
hadoop,org.apache.hadoop.yarn.server.resourcemanager.rmapp,RMAppRejectedEvent,1,0,2,2,10,2,0,1,0.0,3,2,/Users/eashraf/hadoop/hadoop-yarn-project/hadoop-yarn/hadoop-yarn-server/hadoop-yarn-server-resourcemanager/src/main/java/org/apache/hadoop/yarn/server/resourcemanager/rmapp/RMAppRejectedEvent.java,23
hadoop,org.apache.hadoop.yarn.server.resourcemanager.rmapp,RMAppRunningOnNodeEvent,1,0,2,2,10,2,0,1,0.0,0,3,/Users/eashraf/hadoop/hadoop-yarn-project/hadoop-yarn/hadoop-yarn-server/hadoop-yarn-server-resourcemanager/src/main/java/org/apache/hadoop/yarn/server/resourcemanager/rmapp/RMAppRunningOnNodeEvent.java,24
hadoop,org.apache.hadoop.yarn.server.resourcemanager.rmapp,RMAppEvent,1,0,2,2,10,2,7,0,0.0,6,2,/Users/eashraf/hadoop/hadoop-yarn-project/hadoop-yarn/hadoop-yarn-server/hadoop-yarn-server-resourcemanager/src/main/java/org/apache/hadoop/yarn/server/resourcemanager/rmapp/RMAppEvent.java,24
hadoop,org.apache.hadoop.yarn.server.resourcemanager.rmapp,RMAppMoveEvent,2,0,3,3,15,3,0,1,0.0,0,2,/Users/eashraf/hadoop/hadoop-yarn-project/hadoop-yarn/hadoop-yarn-server/hadoop-yarn-server-resourcemanager/src/main/java/org/apache/hadoop/yarn/server/resourcemanager/rmapp/RMAppMoveEvent.java,25
hadoop,org.apache.hadoop.yarn.server.resourcemanager.rmapp,RMAppState,0,0,0,0,1,0,0,0,-1.0,61,0,/Users/eashraf/hadoop/hadoop-yarn-project/hadoop-yarn/hadoop-yarn-server/hadoop-yarn-server-resourcemanager/src/main/java/org/apache/hadoop/yarn/server/resourcemanager/rmapp/RMAppState.java,21
hadoop,org.apache.hadoop.yarn.server.resourcemanager.rmapp.attempt,TestRMAppAttemptTransitions,26,0,69,40,855,84,0,0,0.043478260869565216,0,62,/Users/eashraf/hadoop/hadoop-yarn-project/hadoop-yarn/hadoop-yarn-server/hadoop-yarn-server-resourcemanager/src/test/java/org/apache/hadoop/yarn/server/resourcemanager/rmapp/attempt/TestRMAppAttemptTransitions.java,131
hadoop,org.apache.hadoop.yarn.server.resourcemanager.rmapp.attempt,TestRMAppAttemptTransitions.TestApplicationAttemptEventDispatcher,0,0,0,0,12,0,0,0,-1.0,0,0,/Users/eashraf/hadoop/hadoop-yarn-project/hadoop-yarn/hadoop-yarn-server/hadoop-yarn-server-resourcemanager/src/test/java/org/apache/hadoop/yarn/server/resourcemanager/rmapp/attempt/TestRMAppAttemptTransitions.java,168
hadoop,org.apache.hadoop.yarn.server.resourcemanager.rmapp.attempt,TestRMAppAttemptTransitions.TestApplicationEventDispatcher,0,0,0,0,14,0,0,0,-1.0,0,0,/Users/eashraf/hadoop/hadoop-yarn-project/hadoop-yarn/hadoop-yarn-server/hadoop-yarn-server-resourcemanager/src/test/java/org/apache/hadoop/yarn/server/resourcemanager/rmapp/attempt/TestRMAppAttemptTransitions.java,185
hadoop,org.apache.hadoop.yarn.server.resourcemanager.rmapp.attempt,TestRMAppAttemptTransitions.TestSchedulerEventDispatcher,0,0,0,0,5,0,0,0,-1.0,0,0,/Users/eashraf/hadoop/hadoop-yarn-project/hadoop-yarn/hadoop-yarn-server/hadoop-yarn-server-resourcemanager/src/test/java/org/apache/hadoop/yarn/server/resourcemanager/rmapp/attempt/TestRMAppAttemptTransitions.java,204
hadoop,org.apache.hadoop.yarn.server.resourcemanager.rmapp.attempt,TestRMAppAttemptTransitions.TestAMLauncherEventDispatcher,0,0,0,0,5,0,0,0,-1.0,0,0,/Users/eashraf/hadoop/hadoop-yarn-project/hadoop-yarn/hadoop-yarn-server/hadoop-yarn-server-resourcemanager/src/test/java/org/apache/hadoop/yarn/server/resourcemanager/rmapp/attempt/TestRMAppAttemptTransitions.java,212
hadoop,org.apache.hadoop.yarn.server.resourcemanager.rmapp.attempt,TestAMLivelinessMonitor,0,0,4,2,43,5,0,0,-1.0,0,9,/Users/eashraf/hadoop/hadoop-yarn-project/hadoop-yarn/hadoop-yarn-server/hadoop-yarn-server-resourcemanager/src/test/java/org/apache/hadoop/yarn/server/resourcemanager/rmapp/attempt/TestAMLivelinessMonitor.java,34
hadoop,org.apache.hadoop.yarn.server.resourcemanager.rmapp.attempt,RMAppAttemptImpl,49,1,58,37,934,86,0,1,0.0,7,42,/Users/eashraf/hadoop/hadoop-yarn-project/hadoop-yarn/hadoop-yarn-server/hadoop-yarn-server-resourcemanager/src/main/java/org/apache/hadoop/yarn/server/resourcemanager/rmapp/attempt/RMAppAttemptImpl.java,108
hadoop,org.apache.hadoop.yarn.server.resourcemanager.rmapp.attempt,RMAppAttemptImpl.BaseTransition,0,0,0,0,4,0,0,0,-1.0,0,0,/Users/eashraf/hadoop/hadoop-yarn-project/hadoop-yarn/hadoop-yarn-server/hadoop-yarn-server-resourcemanager/src/main/java/org/apache/hadoop/yarn/server/resourcemanager/rmapp/attempt/RMAppAttemptImpl.java,881
hadoop,org.apache.hadoop.yarn.server.resourcemanager.rmapp.attempt,RMAppAttemptImpl.AttemptStartedTransition,0,0,0,0,14,0,0,0,-1.0,0,0,/Users/eashraf/hadoop/hadoop-yarn-project/hadoop-yarn/hadoop-yarn-server/hadoop-yarn-server-resourcemanager/src/main/java/org/apache/hadoop/yarn/server/resourcemanager/rmapp/attempt/RMAppAttemptImpl.java,891
hadoop,org.apache.hadoop.yarn.server.resourcemanager.rmapp.attempt,RMAppAttemptImpl.ScheduleTransition,0,0,0,0,20,0,0,0,-1.0,0,2,/Users/eashraf/hadoop/hadoop-yarn-project/hadoop-yarn/hadoop-yarn-server/hadoop-yarn-server-resourcemanager/src/main/java/org/apache/hadoop/yarn/server/resourcemanager/rmapp/attempt/RMAppAttemptImpl.java,927
hadoop,org.apache.hadoop.yarn.server.resourcemanager.rmapp.attempt,RMAppAttemptImpl.AMContainerAllocatedTransition,0,0,0,0,16,0,0,0,-1.0,0,1,/Users/eashraf/hadoop/hadoop-yarn-project/hadoop-yarn/hadoop-yarn-server/hadoop-yarn-server-resourcemanager/src/main/java/org/apache/hadoop/yarn/server/resourcemanager/rmapp/attempt/RMAppAttemptImpl.java,968
hadoop,org.apache.hadoop.yarn.server.resourcemanager.rmapp.attempt,RMAppAttemptImpl.AttemptStoredTransition,0,0,0,0,5,0,0,0,-1.0,0,0,/Users/eashraf/hadoop/hadoop-yarn-project/hadoop-yarn/hadoop-yarn-server/hadoop-yarn-server-resourcemanager/src/main/java/org/apache/hadoop/yarn/server/resourcemanager/rmapp/attempt/RMAppAttemptImpl.java,1031
hadoop,org.apache.hadoop.yarn.server.resourcemanager.rmapp.attempt,RMAppAttemptImpl.AttemptRecoveredTransition,0,0,0,0,21,0,0,0,-1.0,0,1,/Users/eashraf/hadoop/hadoop-yarn-project/hadoop-yarn/hadoop-yarn-server/hadoop-yarn-server-resourcemanager/src/main/java/org/apache/hadoop/yarn/server/resourcemanager/rmapp/attempt/RMAppAttemptImpl.java,1039
hadoop,org.apache.hadoop.yarn.server.resourcemanager.rmapp.attempt,RMAppAttemptImpl.FinalSavingTransition,2,0,0,0,11,0,0,0,-1.0,0,1,/Users/eashraf/hadoop/hadoop-yarn-project/hadoop-yarn/hadoop-yarn-server/hadoop-yarn-server-resourcemanager/src/main/java/org/apache/hadoop/yarn/server/resourcemanager/rmapp/attempt/RMAppAttemptImpl.java,1176
hadoop,org.apache.hadoop.yarn.server.resourcemanager.rmapp.attempt,RMAppAttemptImpl.FinalStateSavedTransition,0,0,0,0,12,0,0,0,-1.0,0,0,/Users/eashraf/hadoop/hadoop-yarn-project/hadoop-yarn/hadoop-yarn-server/hadoop-yarn-server-resourcemanager/src/main/java/org/apache/hadoop/yarn/server/resourcemanager/rmapp/attempt/RMAppAttemptImpl.java,1196
hadoop,org.apache.hadoop.yarn.server.resourcemanager.rmapp.attempt,RMAppAttemptImpl.BaseFinalTransition,1,0,0,0,46,0,0,0,-1.0,0,2,/Users/eashraf/hadoop/hadoop-yarn-project/hadoop-yarn/hadoop-yarn-server/hadoop-yarn-server-resourcemanager/src/main/java/org/apache/hadoop/yarn/server/resourcemanager/rmapp/attempt/RMAppAttemptImpl.java,1214
hadoop,org.apache.hadoop.yarn.server.resourcemanager.rmapp.attempt,RMAppAttemptImpl.AMLaunchedTransition,0,0,0,0,11,0,0,0,-1.0,0,1,/Users/eashraf/hadoop/hadoop-yarn-project/hadoop-yarn/hadoop-yarn-server/hadoop-yarn-server-resourcemanager/src/main/java/org/apache/hadoop/yarn/server/resourcemanager/rmapp/attempt/RMAppAttemptImpl.java,1297
hadoop,org.apache.hadoop.yarn.server.resourcemanager.rmapp.attempt,RMAppAttemptImpl.UnmanagedAMAttemptSavedTransition,0,0,0,0,6,0,0,0,-1.0,0,0,/Users/eashraf/hadoop/hadoop-yarn-project/hadoop-yarn/hadoop-yarn-server/hadoop-yarn-server-resourcemanager/src/main/java/org/apache/hadoop/yarn/server/resourcemanager/rmapp/attempt/RMAppAttemptImpl.java,1332
hadoop,org.apache.hadoop.yarn.server.resourcemanager.rmapp.attempt,RMAppAttemptImpl.LaunchFailedTransition,0,0,0,0,10,0,0,0,-1.0,0,1,/Users/eashraf/hadoop/hadoop-yarn-project/hadoop-yarn/hadoop-yarn-server/hadoop-yarn-server-resourcemanager/src/main/java/org/apache/hadoop/yarn/server/resourcemanager/rmapp/attempt/RMAppAttemptImpl.java,1346
hadoop,org.apache.hadoop.yarn.server.resourcemanager.rmapp.attempt,RMAppAttemptImpl.KillAllocatedAMTransition,0,0,0,0,9,0,0,0,-1.0,0,2,/Users/eashraf/hadoop/hadoop-yarn-project/hadoop-yarn/hadoop-yarn-server/hadoop-yarn-server-resourcemanager/src/main/java/org/apache/hadoop/yarn/server/resourcemanager/rmapp/attempt/RMAppAttemptImpl.java,1367
hadoop,org.apache.hadoop.yarn.server.resourcemanager.rmapp.attempt,RMAppAttemptImpl.AMRegisteredTransition,0,0,0,0,13,0,0,0,-1.0,0,1,/Users/eashraf/hadoop/hadoop-yarn-project/hadoop-yarn/hadoop-yarn-server/hadoop-yarn-server-resourcemanager/src/main/java/org/apache/hadoop/yarn/server/resourcemanager/rmapp/attempt/RMAppAttemptImpl.java,1387
hadoop,org.apache.hadoop.yarn.server.resourcemanager.rmapp.attempt,RMAppAttemptImpl.AMContainerCrashedBeforeRunningTransition,0,0,0,0,11,0,0,0,-1.0,0,1,/Users/eashraf/hadoop/hadoop-yarn-project/hadoop-yarn/hadoop-yarn-server/hadoop-yarn-server-resourcemanager/src/main/java/org/apache/hadoop/yarn/server/resourcemanager/rmapp/attempt/RMAppAttemptImpl.java,1417
hadoop,org.apache.hadoop.yarn.server.resourcemanager.rmapp.attempt,RMAppAttemptImpl.FinalTransition,0,0,0,0,14,0,0,0,-1.0,0,1,/Users/eashraf/hadoop/hadoop-yarn-project/hadoop-yarn/hadoop-yarn-server/hadoop-yarn-server-resourcemanager/src/main/java/org/apache/hadoop/yarn/server/resourcemanager/rmapp/attempt/RMAppAttemptImpl.java,1469
hadoop,org.apache.hadoop.yarn.server.resourcemanager.rmapp.attempt,RMAppAttemptImpl.ExpiredTransition,0,0,0,0,9,0,0,0,-1.0,0,1,/Users/eashraf/hadoop/hadoop-yarn-project/hadoop-yarn/hadoop-yarn-server/hadoop-yarn-server-resourcemanager/src/main/java/org/apache/hadoop/yarn/server/resourcemanager/rmapp/attempt/RMAppAttemptImpl.java,1499
hadoop,org.apache.hadoop.yarn.server.resourcemanager.rmapp.attempt,RMAppAttemptImpl.UnexpectedAMRegisteredTransition,0,0,0,0,10,0,0,0,-1.0,0,1,/Users/eashraf/hadoop/hadoop-yarn-project/hadoop-yarn/hadoop-yarn-server/hadoop-yarn-server-resourcemanager/src/main/java/org/apache/hadoop/yarn/server/resourcemanager/rmapp/attempt/RMAppAttemptImpl.java,1520
hadoop,org.apache.hadoop.yarn.server.resourcemanager.rmapp.attempt,RMAppAttemptImpl.StatusUpdateTransition,0,0,0,0,7,0,0,0,-1.0,0,0,/Users/eashraf/hadoop/hadoop-yarn-project/hadoop-yarn/hadoop-yarn-server/hadoop-yarn-server-resourcemanager/src/main/java/org/apache/hadoop/yarn/server/resourcemanager/rmapp/attempt/RMAppAttemptImpl.java,1540
hadoop,org.apache.hadoop.yarn.server.resourcemanager.rmapp.attempt,RMAppAttemptImpl.AMUnregisteredTransition,0,0,0,0,13,0,0,0,-1.0,0,2,/Users/eashraf/hadoop/hadoop-yarn-project/hadoop-yarn/hadoop-yarn-server/hadoop-yarn-server-resourcemanager/src/main/java/org/apache/hadoop/yarn/server/resourcemanager/rmapp/attempt/RMAppAttemptImpl.java,1558
hadoop,org.apache.hadoop.yarn.server.resourcemanager.rmapp.attempt,RMAppAttemptImpl.FinalStateSavedAfterAMUnregisterTransition,0,0,0,0,7,0,0,0,-1.0,0,0,/Users/eashraf/hadoop/hadoop-yarn-project/hadoop-yarn/hadoop-yarn-server/hadoop-yarn-server-resourcemanager/src/main/java/org/apache/hadoop/yarn/server/resourcemanager/rmapp/attempt/RMAppAttemptImpl.java,1591
hadoop,org.apache.hadoop.yarn.server.resourcemanager.rmapp.attempt,RMAppAttemptImpl.ContainerFinishedTransition,2,0,0,0,19,0,0,0,-1.0,0,1,/Users/eashraf/hadoop/hadoop-yarn-project/hadoop-yarn/hadoop-yarn-server/hadoop-yarn-server-resourcemanager/src/main/java/org/apache/hadoop/yarn/server/resourcemanager/rmapp/attempt/RMAppAttemptImpl.java,1619
hadoop,org.apache.hadoop.yarn.server.resourcemanager.rmapp.attempt,RMAppAttemptImpl.ContainerFinishedAtFinalStateTransition,0,0,0,0,6,0,0,0,-1.0,0,0,/Users/eashraf/hadoop/hadoop-yarn-project/hadoop-yarn/hadoop-yarn-server/hadoop-yarn-server-resourcemanager/src/main/java/org/apache/hadoop/yarn/server/resourcemanager/rmapp/attempt/RMAppAttemptImpl.java,1703
hadoop,org.apache.hadoop.yarn.server.resourcemanager.rmapp.attempt,RMAppAttemptImpl.AMContainerCrashedAtRunningTransition,0,0,0,0,8,0,0,0,-1.0,0,1,/Users/eashraf/hadoop/hadoop-yarn-project/hadoop-yarn/hadoop-yarn-server/hadoop-yarn-server-resourcemanager/src/main/java/org/apache/hadoop/yarn/server/resourcemanager/rmapp/attempt/RMAppAttemptImpl.java,1716
hadoop,org.apache.hadoop.yarn.server.resourcemanager.rmapp.attempt,RMAppAttemptImpl.AMFinishingContainerFinishedTransition,0,0,0,0,13,0,0,0,-1.0,0,1,/Users/eashraf/hadoop/hadoop-yarn-project/hadoop-yarn/hadoop-yarn-server/hadoop-yarn-server-resourcemanager/src/main/java/org/apache/hadoop/yarn/server/resourcemanager/rmapp/attempt/RMAppAttemptImpl.java,1732
hadoop,org.apache.hadoop.yarn.server.resourcemanager.rmapp.attempt,RMAppAttemptImpl.ContainerFinishedAtFinalSavingTransition,0,0,0,0,15,0,0,0,-1.0,0,1,/Users/eashraf/hadoop/hadoop-yarn-project/hadoop-yarn/hadoop-yarn-server/hadoop-yarn-server-resourcemanager/src/main/java/org/apache/hadoop/yarn/server/resourcemanager/rmapp/attempt/RMAppAttemptImpl.java,1760
hadoop,org.apache.hadoop.yarn.server.resourcemanager.rmapp.attempt,RMAppAttemptImpl.AMFinishedAfterFinalSavingTransition,1,0,0,0,10,0,0,0,-1.0,0,2,/Users/eashraf/hadoop/hadoop-yarn-project/hadoop-yarn/hadoop-yarn-server/hadoop-yarn-server-resourcemanager/src/main/java/org/apache/hadoop/yarn/server/resourcemanager/rmapp/attempt/RMAppAttemptImpl.java,1797
hadoop,org.apache.hadoop.yarn.server.resourcemanager.rmapp.attempt,RMAppAttemptImpl.AMExpiredAtFinalSavingTransition,0,0,0,0,8,0,0,0,-1.0,0,1,/Users/eashraf/hadoop/hadoop-yarn-project/hadoop-yarn/hadoop-yarn-server/hadoop-yarn-server-resourcemanager/src/main/java/org/apache/hadoop/yarn/server/resourcemanager/rmapp/attempt/RMAppAttemptImpl.java,1814
hadoop,org.apache.hadoop.yarn.server.resourcemanager.rmapp.attempt,RMAppAttemptEvent,1,0,2,2,10,2,1,0,0.0,4,2,/Users/eashraf/hadoop/hadoop-yarn-project/hadoop-yarn/hadoop-yarn-server/hadoop-yarn-server-resourcemanager/src/main/java/org/apache/hadoop/yarn/server/resourcemanager/rmapp/attempt/RMAppAttemptEvent.java,24
hadoop,org.apache.hadoop.yarn.server.resourcemanager.rmapp.attempt,AMLivelinessMonitor,1,0,4,3,20,4,0,0,0.5,7,7,/Users/eashraf/hadoop/hadoop-yarn-project/hadoop-yarn/hadoop-yarn-server/hadoop-yarn-server-resourcemanager/src/main/java/org/apache/hadoop/yarn/server/resourcemanager/rmapp/attempt/AMLivelinessMonitor.java,30
hadoop,org.apache.hadoop.yarn.server.resourcemanager.rmapp.attempt,RMAppStartAttemptEvent,1,0,2,2,10,2,0,1,0.0,0,2,/Users/eashraf/hadoop/hadoop-yarn-project/hadoop-yarn/hadoop-yarn-server/hadoop-yarn-server-resourcemanager/src/main/java/org/apache/hadoop/yarn/server/resourcemanager/rmapp/attempt/RMAppStartAttemptEvent.java,23
hadoop,org.apache.hadoop.yarn.server.resourcemanager.rmapp.attempt,RMAppAttemptEventType,0,0,0,0,1,0,0,0,-1.0,29,0,/Users/eashraf/hadoop/hadoop-yarn-project/hadoop-yarn/hadoop-yarn-server/hadoop-yarn-server-resourcemanager/src/main/java/org/apache/hadoop/yarn/server/resourcemanager/rmapp/attempt/RMAppAttemptEventType.java,21
hadoop,org.apache.hadoop.yarn.server.resourcemanager.rmapp.attempt,AggregateAppResourceUsage,2,0,5,5,32,5,0,0,0.0,6,0,/Users/eashraf/hadoop/hadoop-yarn-project/hadoop-yarn/hadoop-yarn-server/hadoop-yarn-server-resourcemanager/src/main/java/org/apache/hadoop/yarn/server/resourcemanager/rmapp/attempt/AggregateAppResourceUsage.java,23
hadoop,org.apache.hadoop.yarn.server.resourcemanager.rmapp.attempt,RMAppAttemptMetrics,12,0,11,11,83,14,0,0,0.18181818181818182,7,9,/Users/eashraf/hadoop/hadoop-yarn-project/hadoop-yarn/hadoop-yarn-server/hadoop-yarn-server-resourcemanager/src/main/java/org/apache/hadoop/yarn/server/resourcemanager/rmapp/attempt/RMAppAttemptMetrics.java,38
hadoop,org.apache.hadoop.yarn.server.resourcemanager.rmapp.attempt,RMAppAttemptState,0,0,0,0,1,0,0,0,-1.0,64,0,/Users/eashraf/hadoop/hadoop-yarn-project/hadoop-yarn/hadoop-yarn-server/hadoop-yarn-server-resourcemanager/src/main/java/org/apache/hadoop/yarn/server/resourcemanager/rmapp/attempt/RMAppAttemptState.java,21
hadoop,org.apache.hadoop.yarn.server.resourcemanager.rmapp.attempt,RMAppAttempt,0,0,27,0,140,27,1,0,-1.0,49,2,/Users/eashraf/hadoop/hadoop-yarn-project/hadoop-yarn/hadoop-yarn-server/hadoop-yarn-server-resourcemanager/src/main/java/org/apache/hadoop/yarn/server/resourcemanager/rmapp/attempt/RMAppAttempt.java,43
hadoop,org.apache.hadoop.yarn.server.resourcemanager.recovery,TestZKRMStateStorePerf,11,1,8,7,173,23,0,1,0.375,1,14,/Users/eashraf/hadoop/hadoop-yarn-project/hadoop-yarn/hadoop-yarn-server/hadoop-yarn-server-resourcemanager/src/test/java/org/apache/hadoop/yarn/server/resourcemanager/recovery/TestZKRMStateStorePerf.java,52
hadoop,org.apache.hadoop.yarn.server.resourcemanager.recovery,TestZKRMStateStore,7,1,10,7,195,14,0,1,0.4,0,22,/Users/eashraf/hadoop/hadoop-yarn-project/hadoop-yarn/hadoop-yarn-server/hadoop-yarn-server-resourcemanager/src/test/java/org/apache/hadoop/yarn/server/resourcemanager/recovery/TestZKRMStateStore.java,65
hadoop,org.apache.hadoop.yarn.server.resourcemanager.recovery,TestZKRMStateStore.TestZKRMStateStoreTester,3,0,0,0,47,0,0,0,-1.0,0,1,/Users/eashraf/hadoop/hadoop-yarn-project/hadoop-yarn/hadoop-yarn-server/hadoop-yarn-server-resourcemanager/src/test/java/org/apache/hadoop/yarn/server/resourcemanager/recovery/TestZKRMStateStore.java,70
hadoop,org.apache.hadoop.yarn.server.resourcemanager.recovery,TestZKRMStateStore.TestZKRMStateStoreInternal,0,0,0,0,19,0,0,2,-1.0,0,0,/Users/eashraf/hadoop/hadoop-yarn-project/hadoop-yarn/hadoop-yarn-server/hadoop-yarn-server-resourcemanager/src/test/java/org/apache/hadoop/yarn/server/resourcemanager/recovery/TestZKRMStateStore.java,76
hadoop,org.apache.hadoop.yarn.server.resourcemanager.recovery,RMStateStoreTestBase,3,1,14,6,347,24,4,0,0.35714285714285715,0,25,/Users/eashraf/hadoop/hadoop-yarn-project/hadoop-yarn/hadoop-yarn-server/hadoop-yarn-server-resourcemanager/src/test/java/org/apache/hadoop/yarn/server/resourcemanager/recovery/RMStateStoreTestBase.java,79
hadoop,org.apache.hadoop.yarn.server.resourcemanager.recovery,RMStateStoreTestBase.TestDispatcher,2,0,0,0,19,0,0,0,-1.0,0,1,/Users/eashraf/hadoop/hadoop-yarn-project/hadoop-yarn/hadoop-yarn-server/hadoop-yarn-server-resourcemanager/src/test/java/org/apache/hadoop/yarn/server/resourcemanager/recovery/RMStateStoreTestBase.java,83
hadoop,org.apache.hadoop.yarn.server.resourcemanager.recovery,RMStateStoreTestBase.RMStateStoreHelper,0,0,0,0,7,0,0,0,-1.0,0,0,/Users/eashraf/hadoop/hadoop-yarn-project/hadoop-yarn/hadoop-yarn-server/hadoop-yarn-server-resourcemanager/src/test/java/org/apache/hadoop/yarn/server/resourcemanager/recovery/RMStateStoreTestBase.java,115
hadoop,org.apache.hadoop.yarn.server.resourcemanager.recovery,TestZKRMStateStoreZKClientConnections,11,0,8,8,196,8,0,0,0.375,0,2,/Users/eashraf/hadoop/hadoop-yarn-project/hadoop-yarn/hadoop-yarn-server/hadoop-yarn-server-resourcemanager/src/test/java/org/apache/hadoop/yarn/server/resourcemanager/recovery/TestZKRMStateStoreZKClientConnections.java,48
hadoop,org.apache.hadoop.yarn.server.resourcemanager.recovery,TestZKRMStateStoreZKClientConnections.TestZKClient,4,0,0,0,48,0,0,0,-1.0,0,2,/Users/eashraf/hadoop/hadoop-yarn-project/hadoop-yarn/hadoop-yarn-server/hadoop-yarn-server-resourcemanager/src/test/java/org/apache/hadoop/yarn/server/resourcemanager/recovery/TestZKRMStateStoreZKClientConnections.java,70
hadoop,org.apache.hadoop.yarn.server.resourcemanager.recovery,TestZKRMStateStoreZKClientConnections.TestZKRMStateStore,0,0,0,0,21,0,0,2,-1.0,0,0,/Users/eashraf/hadoop/hadoop-yarn-project/hadoop-yarn/hadoop-yarn-server/hadoop-yarn-server-resourcemanager/src/test/java/org/apache/hadoop/yarn/server/resourcemanager/recovery/TestZKRMStateStoreZKClientConnections.java,77
hadoop,org.apache.hadoop.yarn.server.resourcemanager.recovery,TestZKRMStateStoreZKClientConnections.TestForwardingWatcher,0,0,0,0,13,0,0,0,-1.0,0,0,/Users/eashraf/hadoop/hadoop-yarn-project/hadoop-yarn/hadoop-yarn-server/hadoop-yarn-server-resourcemanager/src/test/java/org/apache/hadoop/yarn/server/resourcemanager/recovery/TestZKRMStateStoreZKClientConnections.java,110
hadoop,org.apache.hadoop.yarn.server.resourcemanager.recovery,TestLeveldbRMStateStore,3,0,9,9,70,10,0,1,0.8888888888888888,0,3,/Users/eashraf/hadoop/hadoop-yarn-project/hadoop-yarn/hadoop-yarn-server/hadoop-yarn-server-resourcemanager/src/test/java/org/apache/hadoop/yarn/server/resourcemanager/recovery/TestLeveldbRMStateStore.java,32
hadoop,org.apache.hadoop.yarn.server.resourcemanager.recovery,TestLeveldbRMStateStore.LeveldbStateStoreTester,0,0,0,0,26,0,0,0,-1.0,0,0,/Users/eashraf/hadoop/hadoop-yarn-project/hadoop-yarn/hadoop-yarn-server/hadoop-yarn-server-resourcemanager/src/test/java/org/apache/hadoop/yarn/server/resourcemanager/recovery/TestLeveldbRMStateStore.java,99
hadoop,org.apache.hadoop.yarn.server.resourcemanager.recovery,TestFSRMStateStore,7,1,11,7,179,13,0,1,0.18181818181818182,0,13,/Users/eashraf/hadoop/hadoop-yarn-project/hadoop-yarn/hadoop-yarn-server/hadoop-yarn-server-resourcemanager/src/test/java/org/apache/hadoop/yarn/server/resourcemanager/recovery/TestFSRMStateStore.java,48
hadoop,org.apache.hadoop.yarn.server.resourcemanager.recovery,TestFSRMStateStore.TestFSRMStateStoreTester,3,0,0,0,62,0,0,0,-1.0,0,3,/Users/eashraf/hadoop/hadoop-yarn-project/hadoop-yarn/hadoop-yarn-server/hadoop-yarn-server-resourcemanager/src/test/java/org/apache/hadoop/yarn/server/resourcemanager/recovery/TestFSRMStateStore.java,54
hadoop,org.apache.hadoop.yarn.server.resourcemanager.recovery,TestFSRMStateStore.TestFileSystemRMStore,0,0,0,0,21,0,0,2,-1.0,0,0,/Users/eashraf/hadoop/hadoop-yarn-project/hadoop-yarn/hadoop-yarn-server/hadoop-yarn-server-resourcemanager/src/test/java/org/apache/hadoop/yarn/server/resourcemanager/recovery/TestFSRMStateStore.java,60
hadoop,org.apache.hadoop.yarn.server.resourcemanager.recovery,StoreFencedException,1,0,1,1,6,1,0,0,0.0,0,0,/Users/eashraf/hadoop/hadoop-yarn-project/hadoop-yarn/hadoop-yarn-server/hadoop-yarn-server-resourcemanager/src/main/java/org/apache/hadoop/yarn/server/resourcemanager/recovery/StoreFencedException.java,22
hadoop,org.apache.hadoop.yarn.server.resourcemanager.recovery,RMStateStoreEvent,0,0,1,1,5,1,8,0,-1.0,2,1,/Users/eashraf/hadoop/hadoop-yarn-project/hadoop-yarn/hadoop-yarn-server/hadoop-yarn-server-resourcemanager/src/main/java/org/apache/hadoop/yarn/server/resourcemanager/recovery/RMStateStoreEvent.java,23
hadoop,org.apache.hadoop.yarn.server.resourcemanager.recovery,RMStateStoreRMDTMasterKeyEvent,1,0,3,3,13,3,0,1,0.6666666666666666,0,2,/Users/eashraf/hadoop/hadoop-yarn-project/hadoop-yarn/hadoop-yarn-server/hadoop-yarn-server-resourcemanager/src/main/java/org/apache/hadoop/yarn/server/resourcemanager/recovery/RMStateStoreRMDTMasterKeyEvent.java,23
hadoop,org.apache.hadoop.yarn.server.resourcemanager.recovery,RMStateUpdateAppAttemptEvent,1,0,2,2,10,2,0,1,0.0,0,2,/Users/eashraf/hadoop/hadoop-yarn-project/hadoop-yarn/hadoop-yarn-server/hadoop-yarn-server-resourcemanager/src/main/java/org/apache/hadoop/yarn/server/resourcemanager/recovery/RMStateUpdateAppAttemptEvent.java,23
hadoop,org.apache.hadoop.yarn.server.resourcemanager.recovery,RMStateStoreRMDTEvent,2,0,4,4,18,4,0,1,0.5,0,2,/Users/eashraf/hadoop/hadoop-yarn-project/hadoop-yarn/hadoop-yarn-server/hadoop-yarn-server-resourcemanager/src/main/java/org/apache/hadoop/yarn/server/resourcemanager/recovery/RMStateStoreRMDTEvent.java,23
hadoop,org.apache.hadoop.yarn.server.resourcemanager.recovery,RMStateStoreEventType,0,0,0,0,1,0,0,0,-1.0,10,0,/Users/eashraf/hadoop/hadoop-yarn-project/hadoop-yarn/hadoop-yarn-server/hadoop-yarn-server-resourcemanager/src/main/java/org/apache/hadoop/yarn/server/resourcemanager/recovery/RMStateStoreEventType.java,21
hadoop,org.apache.hadoop.yarn.server.resourcemanager.recovery,NullRMStateStore,0,0,21,9,48,21,0,1,-1.0,0,8,/Users/eashraf/hadoop/hadoop-yarn-project/hadoop-yarn/hadoop-yarn-server/hadoop-yarn-server-resourcemanager/src/main/java/org/apache/hadoop/yarn/server/resourcemanager/recovery/NullRMStateStore.java,33
hadoop,org.apache.hadoop.yarn.server.resourcemanager.recovery,RMStateUpdateAppEvent,1,0,2,2,10,2,0,1,0.0,0,2,/Users/eashraf/hadoop/hadoop-yarn-project/hadoop-yarn/hadoop-yarn-server/hadoop-yarn-server-resourcemanager/src/main/java/org/apache/hadoop/yarn/server/resourcemanager/recovery/RMStateUpdateAppEvent.java,23
hadoop,org.apache.hadoop.yarn.server.resourcemanager.recovery,RMStateStoreRemoveAppEvent,1,0,2,1,10,2,0,1,0.0,0,2,/Users/eashraf/hadoop/hadoop-yarn-project/hadoop-yarn/hadoop-yarn-server/hadoop-yarn-server-resourcemanager/src/main/java/org/apache/hadoop/yarn/server/resourcemanager/recovery/RMStateStoreRemoveAppEvent.java,23
hadoop,org.apache.hadoop.yarn.server.resourcemanager.recovery,RMStateStoreAppAttemptEvent,1,0,2,2,10,2,0,1,0.0,0,2,/Users/eashraf/hadoop/hadoop-yarn-project/hadoop-yarn/hadoop-yarn-server/hadoop-yarn-server-resourcemanager/src/main/java/org/apache/hadoop/yarn/server/resourcemanager/recovery/RMStateStoreAppAttemptEvent.java,23
hadoop,org.apache.hadoop.yarn.server.resourcemanager.recovery,FileSystemRMStateStore,13,1,63,29,521,92,1,1,0.031746031746031744,1,22,/Users/eashraf/hadoop/hadoop-yarn-project/hadoop-yarn/hadoop-yarn-server/hadoop-yarn-server-resourcemanager/src/main/java/org/apache/hadoop/yarn/server/resourcemanager/recovery/FileSystemRMStateStore.java,65
hadoop,org.apache.hadoop.yarn.server.resourcemanager.recovery,FileSystemRMStateStore.FSAction,0,0,0,0,20,0,0,0,-1.0,0,0,/Users/eashraf/hadoop/hadoop-yarn-project/hadoop-yarn/hadoop-yarn-server/hadoop-yarn-server-resourcemanager/src/main/java/org/apache/hadoop/yarn/server/resourcemanager/recovery/FileSystemRMStateStore.java,675
hadoop,org.apache.hadoop.yarn.server.resourcemanager.recovery,LeveldbRMStateStore,10,1,43,4,515,81,0,1,0.046511627906976744,1,21,/Users/eashraf/hadoop/hadoop-yarn-project/hadoop-yarn/hadoop-yarn-server/hadoop-yarn-server-resourcemanager/src/main/java/org/apache/hadoop/yarn/server/resourcemanager/recovery/LeveldbRMStateStore.java,72
hadoop,org.apache.hadoop.yarn.server.resourcemanager.recovery,LeveldbRMStateStore.LeveldbLogger,1,0,0,0,6,0,0,0,-1.0,0,0,/Users/eashraf/hadoop/hadoop-yarn-project/hadoop-yarn/hadoop-yarn-server/hadoop-yarn-server-resourcemanager/src/main/java/org/apache/hadoop/yarn/server/resourcemanager/recovery/LeveldbRMStateStore.java,684
hadoop,org.apache.hadoop.yarn.server.resourcemanager.recovery,MemoryRMStateStore,2,0,23,16,117,31,0,1,0.43478260869565216,12,8,/Users/eashraf/hadoop/hadoop-yarn-project/hadoop-yarn/hadoop-yarn-server/hadoop-yarn-server-resourcemanager/src/main/java/org/apache/hadoop/yarn/server/resourcemanager/recovery/MemoryRMStateStore.java,40
hadoop,org.apache.hadoop.yarn.server.resourcemanager.recovery,ZKRMStateStore,35,2,57,21,758,119,2,1,0.0,3,19,/Users/eashraf/hadoop/hadoop-yarn-project/hadoop-yarn/hadoop-yarn-server/hadoop-yarn-server-resourcemanager/src/main/java/org/apache/hadoop/yarn/server/resourcemanager/recovery/ZKRMStateStore.java,82
hadoop,org.apache.hadoop.yarn.server.resourcemanager.recovery,ZKRMStateStore.ForwardingWatcher,0,0,0,0,13,0,0,0,-1.0,0,0,/Users/eashraf/hadoop/hadoop-yarn-project/hadoop-yarn/hadoop-yarn-server/hadoop-yarn-server-resourcemanager/src/main/java/org/apache/hadoop/yarn/server/resourcemanager/recovery/ZKRMStateStore.java,828
hadoop,org.apache.hadoop.yarn.server.resourcemanager.recovery,ZKRMStateStore.VerifyActiveStatusThread,1,0,0,0,26,0,0,0,-1.0,0,0,/Users/eashraf/hadoop/hadoop-yarn-project/hadoop-yarn/hadoop-yarn-server/hadoop-yarn-server-resourcemanager/src/main/java/org/apache/hadoop/yarn/server/resourcemanager/recovery/ZKRMStateStore.java,1004
hadoop,org.apache.hadoop.yarn.server.resourcemanager.recovery,ZKRMStateStore.ZKAction,0,0,0,0,53,0,0,0,-1.0,0,0,/Users/eashraf/hadoop/hadoop-yarn-project/hadoop-yarn/hadoop-yarn-server/hadoop-yarn-server-resourcemanager/src/main/java/org/apache/hadoop/yarn/server/resourcemanager/recovery/ZKRMStateStore.java,1033
hadoop,org.apache.hadoop.yarn.server.resourcemanager.recovery,RMStateStoreFactory,1,0,1,1,8,1,0,0,0.0,2,5,/Users/eashraf/hadoop/hadoop-yarn-project/hadoop-yarn/hadoop-yarn-server/hadoop-yarn-server-resourcemanager/src/main/java/org/apache/hadoop/yarn/server/resourcemanager/recovery/RMStateStoreFactory.java,26
hadoop,org.apache.hadoop.yarn.server.resourcemanager.recovery,RMStateStore,24,3,46,21,516,54,5,0,0.30434782608695654,17,27,/Users/eashraf/hadoop/hadoop-yarn-project/hadoop-yarn/hadoop-yarn-server/hadoop-yarn-server-resourcemanager/src/main/java/org/apache/hadoop/yarn/server/resourcemanager/recovery/RMStateStore.java,70
hadoop,org.apache.hadoop.yarn.server.resourcemanager.recovery,RMStateStore.RMStateStoreState,0,0,0,0,1,0,0,0,-1.0,0,0,/Users/eashraf/hadoop/hadoop-yarn-project/hadoop-yarn/hadoop-yarn-server/hadoop-yarn-server-resourcemanager/src/main/java/org/apache/hadoop/yarn/server/resourcemanager/recovery/RMStateStore.java,97
hadoop,org.apache.hadoop.yarn.server.resourcemanager.recovery,RMStateStore.StoreAppTransition,0,0,0,0,19,0,0,0,-1.0,0,1,/Users/eashraf/hadoop/hadoop-yarn-project/hadoop-yarn/hadoop-yarn-server/hadoop-yarn-server-resourcemanager/src/main/java/org/apache/hadoop/yarn/server/resourcemanager/recovery/RMStateStore.java,160
hadoop,org.apache.hadoop.yarn.server.resourcemanager.recovery,RMStateStore.UpdateAppTransition,0,0,0,0,19,0,0,0,-1.0,0,1,/Users/eashraf/hadoop/hadoop-yarn-project/hadoop-yarn/hadoop-yarn-server/hadoop-yarn-server-resourcemanager/src/main/java/org/apache/hadoop/yarn/server/resourcemanager/recovery/RMStateStore.java,185
hadoop,org.apache.hadoop.yarn.server.resourcemanager.recovery,RMStateStore.RemoveAppTransition,0,0,0,0,18,0,0,0,-1.0,0,0,/Users/eashraf/hadoop/hadoop-yarn-project/hadoop-yarn/hadoop-yarn-server/hadoop-yarn-server-resourcemanager/src/main/java/org/apache/hadoop/yarn/server/resourcemanager/recovery/RMStateStore.java,210
hadoop,org.apache.hadoop.yarn.server.resourcemanager.recovery,RMStateStore.StoreAppAttemptTransition,0,0,0,0,20,0,0,0,-1.0,0,1,/Users/eashraf/hadoop/hadoop-yarn-project/hadoop-yarn/hadoop-yarn-server/hadoop-yarn-server-resourcemanager/src/main/java/org/apache/hadoop/yarn/server/resourcemanager/recovery/RMStateStore.java,233
hadoop,org.apache.hadoop.yarn.server.resourcemanager.recovery,RMStateStore.UpdateAppAttemptTransition,0,0,0,0,20,0,0,0,-1.0,0,1,/Users/eashraf/hadoop/hadoop-yarn-project/hadoop-yarn/hadoop-yarn-server/hadoop-yarn-server-resourcemanager/src/main/java/org/apache/hadoop/yarn/server/resourcemanager/recovery/RMStateStore.java,260
hadoop,org.apache.hadoop.yarn.server.resourcemanager.recovery,RMStateStore.StoreRMDTTransition,0,0,0,0,17,0,0,0,-1.0,0,0,/Users/eashraf/hadoop/hadoop-yarn-project/hadoop-yarn/hadoop-yarn-server/hadoop-yarn-server-resourcemanager/src/main/java/org/apache/hadoop/yarn/server/resourcemanager/recovery/RMStateStore.java,287
hadoop,org.apache.hadoop.yarn.server.resourcemanager.recovery,RMStateStore.RemoveRMDTTransition,0,0,0,0,17,0,0,0,-1.0,0,0,/Users/eashraf/hadoop/hadoop-yarn-project/hadoop-yarn/hadoop-yarn-server/hadoop-yarn-server-resourcemanager/src/main/java/org/apache/hadoop/yarn/server/resourcemanager/recovery/RMStateStore.java,309
hadoop,org.apache.hadoop.yarn.server.resourcemanager.recovery,RMStateStore.UpdateRMDTTransition,0,0,0,0,17,0,0,0,-1.0,0,0,/Users/eashraf/hadoop/hadoop-yarn-project/hadoop-yarn/hadoop-yarn-server/hadoop-yarn-server-resourcemanager/src/main/java/org/apache/hadoop/yarn/server/resourcemanager/recovery/RMStateStore.java,330
hadoop,org.apache.hadoop.yarn.server.resourcemanager.recovery,RMStateStore.StoreRMDTMasterKeyTransition,0,0,0,0,17,0,0,0,-1.0,0,0,/Users/eashraf/hadoop/hadoop-yarn-project/hadoop-yarn/hadoop-yarn-server/hadoop-yarn-server-resourcemanager/src/main/java/org/apache/hadoop/yarn/server/resourcemanager/recovery/RMStateStore.java,353
hadoop,org.apache.hadoop.yarn.server.resourcemanager.recovery,RMStateStore.RemoveRMDTMasterKeyTransition,0,0,0,0,17,0,0,0,-1.0,0,0,/Users/eashraf/hadoop/hadoop-yarn-project/hadoop-yarn/hadoop-yarn-server/hadoop-yarn-server-resourcemanager/src/main/java/org/apache/hadoop/yarn/server/resourcemanager/recovery/RMStateStore.java,374
hadoop,org.apache.hadoop.yarn.server.resourcemanager.recovery,RMStateStore.StoreOrUpdateAMRMTokenTransition,0,0,0,0,17,0,0,0,-1.0,0,0,/Users/eashraf/hadoop/hadoop-yarn-project/hadoop-yarn/hadoop-yarn-server/hadoop-yarn-server-resourcemanager/src/main/java/org/apache/hadoop/yarn/server/resourcemanager/recovery/RMStateStore.java,395
hadoop,org.apache.hadoop.yarn.server.resourcemanager.recovery,RMStateStore.RMDTSecretManagerState,3,0,0,0,14,0,0,0,-1.0,0,0,/Users/eashraf/hadoop/hadoop-yarn-project/hadoop-yarn/hadoop-yarn-server/hadoop-yarn-server-resourcemanager/src/main/java/org/apache/hadoop/yarn/server/resourcemanager/recovery/RMStateStore.java,425
hadoop,org.apache.hadoop.yarn.server.resourcemanager.recovery,RMStateStore.RMState,3,0,0,0,17,0,0,0,-1.0,0,1,/Users/eashraf/hadoop/hadoop-yarn-project/hadoop-yarn/hadoop-yarn-server/hadoop-yarn-server-resourcemanager/src/main/java/org/apache/hadoop/yarn/server/resourcemanager/recovery/RMStateStore.java,448
hadoop,org.apache.hadoop.yarn.server.resourcemanager.recovery,RMStateStore.ForwardingEventHandler,0,0,0,0,8,0,0,0,-1.0,0,0,/Users/eashraf/hadoop/hadoop-yarn-project/hadoop-yarn/hadoop-yarn-server/hadoop-yarn-server-resourcemanager/src/main/java/org/apache/hadoop/yarn/server/resourcemanager/recovery/RMStateStore.java,891
hadoop,org.apache.hadoop.yarn.server.resourcemanager.recovery,RMStateStore.StandByTransitionThread,0,0,0,0,6,0,0,0,-1.0,0,0,/Users/eashraf/hadoop/hadoop-yarn-project/hadoop-yarn/hadoop-yarn-server/hadoop-yarn-server-resourcemanager/src/main/java/org/apache/hadoop/yarn/server/resourcemanager/recovery/RMStateStore.java,914
hadoop,org.apache.hadoop.yarn.server.resourcemanager.recovery,Recoverable,0,0,1,1,3,1,0,0,-1.0,0,0,/Users/eashraf/hadoop/hadoop-yarn-project/hadoop-yarn/hadoop-yarn-server/hadoop-yarn-server-resourcemanager/src/main/java/org/apache/hadoop/yarn/server/resourcemanager/recovery/Recoverable.java,22
hadoop,org.apache.hadoop.yarn.server.resourcemanager.recovery,RMStateStoreAppEvent,1,0,2,2,10,2,0,1,0.0,0,2,/Users/eashraf/hadoop/hadoop-yarn-project/hadoop-yarn/hadoop-yarn-server/hadoop-yarn-server-resourcemanager/src/main/java/org/apache/hadoop/yarn/server/resourcemanager/recovery/RMStateStoreAppEvent.java,23
hadoop,org.apache.hadoop.yarn.server.resourcemanager.recovery,RMStateStoreAMRMTokenEvent,2,0,4,4,18,4,0,1,0.5,0,2,/Users/eashraf/hadoop/hadoop-yarn-project/hadoop-yarn/hadoop-yarn-server/hadoop-yarn-server-resourcemanager/src/main/java/org/apache/hadoop/yarn/server/resourcemanager/recovery/RMStateStoreAMRMTokenEvent.java,23
hadoop,org.apache.hadoop.yarn.server.resourcemanager.recovery,RMStateVersionIncompatibleException,1,0,3,3,15,3,0,0,1.0,0,0,/Users/eashraf/hadoop/hadoop-yarn-project/hadoop-yarn/hadoop-yarn-server/hadoop-yarn-server-resourcemanager/src/main/java/org/apache/hadoop/yarn/server/resourcemanager/recovery/RMStateVersionIncompatibleException.java,23
hadoop,org.apache.hadoop.yarn.server.resourcemanager.webapp,TestRMWebappAuthentication,7,0,10,5,141,13,0,0,0.3,0,11,/Users/eashraf/hadoop/hadoop-yarn-project/hadoop-yarn/hadoop-yarn-server/hadoop-yarn-server-resourcemanager/src/test/java/org/apache/hadoop/yarn/server/resourcemanager/webapp/TestRMWebappAuthentication.java,60
hadoop,org.apache.hadoop.yarn.server.resourcemanager.webapp,TestAppPage,0,0,2,2,38,2,0,0,-1.0,0,13,/Users/eashraf/hadoop/hadoop-yarn-project/hadoop-yarn/hadoop-yarn-server/hadoop-yarn-server-resourcemanager/src/test/java/org/apache/hadoop/yarn/server/resourcemanager/webapp/TestAppPage.java,43
hadoop,org.apache.hadoop.yarn.server.resourcemanager.webapp,TestRMWebServicesFairScheduler,3,0,5,3,48,5,0,0,0.6,0,8,/Users/eashraf/hadoop/hadoop-yarn-project/hadoop-yarn/hadoop-yarn-server/hadoop-yarn-server-resourcemanager/src/test/java/org/apache/hadoop/yarn/server/resourcemanager/webapp/TestRMWebServicesFairScheduler.java,45
hadoop,org.apache.hadoop.yarn.server.resourcemanager.webapp,TestRMWebServicesFairScheduler.GuiceServletConfig,0,0,0,0,5,0,0,0,-1.0,0,0,/Users/eashraf/hadoop/hadoop-yarn-project/hadoop-yarn/hadoop-yarn-server/hadoop-yarn-server-resourcemanager/src/test/java/org/apache/hadoop/yarn/server/resourcemanager/webapp/TestRMWebServicesFairScheduler.java,64
hadoop,org.apache.hadoop.yarn.server.resourcemanager.webapp,TestRMWebServicesAppsModification,8,1,39,18,702,90,0,0,0.15384615384615385,1,26,/Users/eashraf/hadoop/hadoop-yarn-project/hadoop-yarn/hadoop-yarn-server/hadoop-yarn-server-resourcemanager/src/test/java/org/apache/hadoop/yarn/server/resourcemanager/webapp/TestRMWebServicesAppsModification.java,109
hadoop,org.apache.hadoop.yarn.server.resourcemanager.webapp,TestRMWebServicesAppsModification.GuiceServletConfig,0,0,0,0,5,0,0,0,-1.0,0,0,/Users/eashraf/hadoop/hadoop-yarn-project/hadoop-yarn/hadoop-yarn-server/hadoop-yarn-server-resourcemanager/src/test/java/org/apache/hadoop/yarn/server/resourcemanager/webapp/TestRMWebServicesAppsModification.java,125
hadoop,org.apache.hadoop.yarn.server.resourcemanager.webapp,TestRMWebServicesAppsModification.TestRMCustomAuthFilter,0,0,0,0,16,0,0,0,-1.0,0,2,/Users/eashraf/hadoop/hadoop-yarn-project/hadoop-yarn/hadoop-yarn-server/hadoop-yarn-server-resourcemanager/src/test/java/org/apache/hadoop/yarn/server/resourcemanager/webapp/TestRMWebServicesAppsModification.java,139
hadoop,org.apache.hadoop.yarn.server.resourcemanager.webapp,TestRMWebServicesAppsModification.TestServletModule,1,1,0,0,17,0,0,0,-1.0,0,2,/Users/eashraf/hadoop/hadoop-yarn-project/hadoop-yarn/hadoop-yarn-server/hadoop-yarn-server-resourcemanager/src/test/java/org/apache/hadoop/yarn/server/resourcemanager/webapp/TestRMWebServicesAppsModification.java,161
hadoop,org.apache.hadoop.yarn.server.resourcemanager.webapp,TestRMWebServicesAppsModification.CapTestServletModule,0,0,0,0,5,0,0,0,-1.0,0,0,/Users/eashraf/hadoop/hadoop-yarn-project/hadoop-yarn/hadoop-yarn-server/hadoop-yarn-server-resourcemanager/src/test/java/org/apache/hadoop/yarn/server/resourcemanager/webapp/TestRMWebServicesAppsModification.java,183
hadoop,org.apache.hadoop.yarn.server.resourcemanager.webapp,TestRMWebServicesAppsModification.FairTestServletModule,0,0,0,0,24,0,0,0,-1.0,0,1,/Users/eashraf/hadoop/hadoop-yarn-project/hadoop-yarn/hadoop-yarn-server/hadoop-yarn-server-resourcemanager/src/test/java/org/apache/hadoop/yarn/server/resourcemanager/webapp/TestRMWebServicesAppsModification.java,191
hadoop,org.apache.hadoop.yarn.server.resourcemanager.webapp,TestRMWebApp,1,0,19,17,178,22,0,0,0.3157894736842105,2,20,/Users/eashraf/hadoop/hadoop-yarn-project/hadoop-yarn/hadoop-yarn-server/hadoop-yarn-server-resourcemanager/src/test/java/org/apache/hadoop/yarn/server/resourcemanager/webapp/TestRMWebApp.java,64
hadoop,org.apache.hadoop.yarn.server.resourcemanager.webapp,TestRMWebServicesCapacitySched,20,0,21,11,379,46,0,0,0.19047619047619047,0,12,/Users/eashraf/hadoop/hadoop-yarn-project/hadoop-yarn/hadoop-yarn-server/hadoop-yarn-server-resourcemanager/src/test/java/org/apache/hadoop/yarn/server/resourcemanager/webapp/TestRMWebServicesCapacitySched.java,61
hadoop,org.apache.hadoop.yarn.server.resourcemanager.webapp,TestRMWebServicesCapacitySched.QueueInfo,9,0,0,0,11,0,0,0,-1.0,0,0,/Users/eashraf/hadoop/hadoop-yarn-project/hadoop-yarn/hadoop-yarn-server/hadoop-yarn-server-resourcemanager/src/test/java/org/apache/hadoop/yarn/server/resourcemanager/webapp/TestRMWebServicesCapacitySched.java,67
hadoop,org.apache.hadoop.yarn.server.resourcemanager.webapp,TestRMWebServicesCapacitySched.LeafQueueInfo,7,0,0,0,9,0,0,0,-1.0,0,0,/Users/eashraf/hadoop/hadoop-yarn-project/hadoop-yarn/hadoop-yarn-server/hadoop-yarn-server-resourcemanager/src/test/java/org/apache/hadoop/yarn/server/resourcemanager/webapp/TestRMWebServicesCapacitySched.java,79
hadoop,org.apache.hadoop.yarn.server.resourcemanager.webapp,TestRMWebServicesCapacitySched.GuiceServletConfig,0,0,0,0,5,0,0,0,-1.0,0,0,/Users/eashraf/hadoop/hadoop-yarn-project/hadoop-yarn/hadoop-yarn-server/hadoop-yarn-server-resourcemanager/src/test/java/org/apache/hadoop/yarn/server/resourcemanager/webapp/TestRMWebServicesCapacitySched.java,106
hadoop,org.apache.hadoop.yarn.server.resourcemanager.webapp,TestRMWebServicesNodeLabels,6,0,5,2,123,5,0,0,0.6,0,10,/Users/eashraf/hadoop/hadoop-yarn-project/hadoop-yarn/hadoop-yarn-server/hadoop-yarn-server-resourcemanager/src/test/java/org/apache/hadoop/yarn/server/resourcemanager/webapp/TestRMWebServicesNodeLabels.java,57
hadoop,org.apache.hadoop.yarn.server.resourcemanager.webapp,TestRMWebServicesNodeLabels.GuiceServletConfig,0,0,0,0,5,0,0,0,-1.0,0,0,/Users/eashraf/hadoop/hadoop-yarn-project/hadoop-yarn/hadoop-yarn-server/hadoop-yarn-server-resourcemanager/src/test/java/org/apache/hadoop/yarn/server/resourcemanager/webapp/TestRMWebServicesNodeLabels.java,91
hadoop,org.apache.hadoop.yarn.server.resourcemanager.webapp,TestRMWebServices,2,0,32,31,308,35,0,0,0.3125,0,22,/Users/eashraf/hadoop/hadoop-yarn-project/hadoop-yarn/hadoop-yarn-server/hadoop-yarn-server-resourcemanager/src/test/java/org/apache/hadoop/yarn/server/resourcemanager/webapp/TestRMWebServices.java,83
hadoop,org.apache.hadoop.yarn.server.resourcemanager.webapp,TestRMWebServices.GuiceServletConfig,0,0,0,0,5,0,0,0,-1.0,0,0,/Users/eashraf/hadoop/hadoop-yarn-project/hadoop-yarn/hadoop-yarn-server/hadoop-yarn-server-resourcemanager/src/test/java/org/apache/hadoop/yarn/server/resourcemanager/webapp/TestRMWebServices.java,102
hadoop,org.apache.hadoop.yarn.server.resourcemanager.webapp,TestRMWebServicesApps,3,0,52,51,1061,63,0,0,0.057692307692307696,0,20,/Users/eashraf/hadoop/hadoop-yarn-project/hadoop-yarn/hadoop-yarn-server/hadoop-yarn-server-resourcemanager/src/test/java/org/apache/hadoop/yarn/server/resourcemanager/webapp/TestRMWebServicesApps.java,73
hadoop,org.apache.hadoop.yarn.server.resourcemanager.webapp,TestRMWebServicesApps.GuiceServletConfig,0,0,0,0,5,0,0,0,-1.0,0,0,/Users/eashraf/hadoop/hadoop-yarn-project/hadoop-yarn/hadoop-yarn-server/hadoop-yarn-server-resourcemanager/src/test/java/org/apache/hadoop/yarn/server/resourcemanager/webapp/TestRMWebServicesApps.java,96
hadoop,org.apache.hadoop.yarn.server.resourcemanager.webapp,TestRMWebAppFairScheduler,0,0,15,10,113,16,0,0,-1.0,0,16,/Users/eashraf/hadoop/hadoop-yarn-project/hadoop-yarn/hadoop-yarn-server/hadoop-yarn-server-resourcemanager/src/test/java/org/apache/hadoop/yarn/server/resourcemanager/webapp/TestRMWebAppFairScheduler.java,59
hadoop,org.apache.hadoop.yarn.server.resourcemanager.webapp,TestNodesPage,6,0,7,7,65,7,0,0,0.2857142857142857,0,4,/Users/eashraf/hadoop/hadoop-yarn-project/hadoop-yarn/hadoop-yarn-server/hadoop-yarn-server-resourcemanager/src/test/java/org/apache/hadoop/yarn/server/resourcemanager/webapp/TestNodesPage.java,36
hadoop,org.apache.hadoop.yarn.server.resourcemanager.webapp,TestRMWebServicesHttpStaticUserPermissions,7,0,6,4,99,10,0,0,0.5,0,10,/Users/eashraf/hadoop/hadoop-yarn-project/hadoop-yarn/hadoop-yarn-server/hadoop-yarn-server-resourcemanager/src/test/java/org/apache/hadoop/yarn/server/resourcemanager/webapp/TestRMWebServicesHttpStaticUserPermissions.java,50
hadoop,org.apache.hadoop.yarn.server.resourcemanager.webapp,TestRMWebServicesHttpStaticUserPermissions.Helper,2,0,0,0,8,0,0,0,-1.0,0,0,/Users/eashraf/hadoop/hadoop-yarn-project/hadoop-yarn/hadoop-yarn-server/hadoop-yarn-server-resourcemanager/src/test/java/org/apache/hadoop/yarn/server/resourcemanager/webapp/TestRMWebServicesHttpStaticUserPermissions.java,63
hadoop,org.apache.hadoop.yarn.server.resourcemanager.webapp,TestRMWebServicesNodes,2,0,31,29,453,35,0,0,0.0967741935483871,0,13,/Users/eashraf/hadoop/hadoop-yarn-project/hadoop-yarn/hadoop-yarn-server/hadoop-yarn-server-resourcemanager/src/test/java/org/apache/hadoop/yarn/server/resourcemanager/webapp/TestRMWebServicesNodes.java,70
hadoop,org.apache.hadoop.yarn.server.resourcemanager.webapp,TestRMWebServicesNodes.GuiceServletConfig,0,0,0,0,5,0,0,0,-1.0,0,0,/Users/eashraf/hadoop/hadoop-yarn-project/hadoop-yarn/hadoop-yarn-server/hadoop-yarn-server-resourcemanager/src/test/java/org/apache/hadoop/yarn/server/resourcemanager/webapp/TestRMWebServicesNodes.java,88
hadoop,org.apache.hadoop.yarn.server.resourcemanager.webapp,TestRMWebServicesDelegationTokenAuthentication,9,0,19,12,298,36,0,0,0.10526315789473684,2,17,/Users/eashraf/hadoop/hadoop-yarn-project/hadoop-yarn/hadoop-yarn-server/hadoop-yarn-server-resourcemanager/src/test/java/org/apache/hadoop/yarn/server/resourcemanager/webapp/TestRMWebServicesDelegationTokenAuthentication.java,71
hadoop,org.apache.hadoop.yarn.server.resourcemanager.webapp,TestRMWebServicesDelegationTokens,9,1,38,25,440,58,0,0,0.10526315789473684,0,15,/Users/eashraf/hadoop/hadoop-yarn-project/hadoop-yarn/hadoop-yarn-server/hadoop-yarn-server-resourcemanager/src/test/java/org/apache/hadoop/yarn/server/resourcemanager/webapp/TestRMWebServicesDelegationTokens.java,90
hadoop,org.apache.hadoop.yarn.server.resourcemanager.webapp,TestRMWebServicesDelegationTokens.TestKerberosAuthFilter,0,0,0,0,9,0,0,0,-1.0,0,2,/Users/eashraf/hadoop/hadoop-yarn-project/hadoop-yarn/hadoop-yarn-server/hadoop-yarn-server-resourcemanager/src/test/java/org/apache/hadoop/yarn/server/resourcemanager/webapp/TestRMWebServicesDelegationTokens.java,106
hadoop,org.apache.hadoop.yarn.server.resourcemanager.webapp,TestRMWebServicesDelegationTokens.TestSimpleAuthFilter,0,0,0,0,10,0,0,0,-1.0,0,3,/Users/eashraf/hadoop/hadoop-yarn-project/hadoop-yarn/hadoop-yarn-server/hadoop-yarn-server-resourcemanager/src/test/java/org/apache/hadoop/yarn/server/resourcemanager/webapp/TestRMWebServicesDelegationTokens.java,124
hadoop,org.apache.hadoop.yarn.server.resourcemanager.webapp,TestRMWebServicesDelegationTokens.TestServletModule,1,1,0,0,21,0,0,0,-1.0,0,2,/Users/eashraf/hadoop/hadoop-yarn-project/hadoop-yarn/hadoop-yarn-server/hadoop-yarn-server-resourcemanager/src/test/java/org/apache/hadoop/yarn/server/resourcemanager/webapp/TestRMWebServicesDelegationTokens.java,143
hadoop,org.apache.hadoop.yarn.server.resourcemanager.webapp,TestRMWebServicesDelegationTokens.GuiceServletConfig,0,0,0,0,5,0,0,0,-1.0,0,0,/Users/eashraf/hadoop/hadoop-yarn-project/hadoop-yarn/hadoop-yarn-server/hadoop-yarn-server-resourcemanager/src/test/java/org/apache/hadoop/yarn/server/resourcemanager/webapp/TestRMWebServicesDelegationTokens.java,203
hadoop,org.apache.hadoop.yarn.server.resourcemanager.webapp,NodesPage,2,0,3,0,90,4,0,1,0.6666666666666666,2,4,/Users/eashraf/hadoop/hadoop-yarn-project/hadoop-yarn/hadoop-yarn-server/hadoop-yarn-server-resourcemanager/src/main/java/org/apache/hadoop/yarn/server/resourcemanager/webapp/NodesPage.java,48
hadoop,org.apache.hadoop.yarn.server.resourcemanager.webapp,NodesPage.NodesBlock,2,0,0,0,65,0,0,0,-1.0,0,4,/Users/eashraf/hadoop/hadoop-yarn-project/hadoop-yarn/hadoop-yarn-server/hadoop-yarn-server-resourcemanager/src/main/java/org/apache/hadoop/yarn/server/resourcemanager/webapp/NodesPage.java,50
hadoop,org.apache.hadoop.yarn.server.resourcemanager.webapp,AppsBlock,3,0,2,1,40,7,0,0,0.0,1,6,/Users/eashraf/hadoop/hadoop-yarn-project/hadoop-yarn/hadoop-yarn-server/hadoop-yarn-server-resourcemanager/src/main/java/org/apache/hadoop/yarn/server/resourcemanager/webapp/AppsBlock.java,46
hadoop,org.apache.hadoop.yarn.server.resourcemanager.webapp,SchedulerPageUtil,0,0,0,0,14,0,0,0,-1.0,2,0,/Users/eashraf/hadoop/hadoop-yarn-project/hadoop-yarn/hadoop-yarn-server/hadoop-yarn-server-resourcemanager/src/main/java/org/apache/hadoop/yarn/server/resourcemanager/webapp/SchedulerPageUtil.java,23
hadoop,org.apache.hadoop.yarn.server.resourcemanager.webapp,SchedulerPageUtil.QueueBlockUtil,0,0,0,0,12,0,0,0,-1.0,0,0,/Users/eashraf/hadoop/hadoop-yarn-project/hadoop-yarn/hadoop-yarn-server/hadoop-yarn-server-resourcemanager/src/main/java/org/apache/hadoop/yarn/server/resourcemanager/webapp/SchedulerPageUtil.java,25
hadoop,org.apache.hadoop.yarn.server.resourcemanager.webapp,JAXBContextResolver,1,0,2,2,21,4,0,0,0.0,7,0,/Users/eashraf/hadoop/hadoop-yarn-project/hadoop-yarn/hadoop-yarn-server/hadoop-yarn-server-resourcemanager/src/main/java/org/apache/hadoop/yarn/server/resourcemanager/webapp/JAXBContextResolver.java,35
hadoop,org.apache.hadoop.yarn.server.resourcemanager.webapp,RMWebAppFilter,3,0,3,2,34,6,0,0,0.0,0,2,/Users/eashraf/hadoop/hadoop-yarn-project/hadoop-yarn/hadoop-yarn-server/hadoop-yarn-server-resourcemanager/src/main/java/org/apache/hadoop/yarn/server/resourcemanager/webapp/RMWebAppFilter.java,38
hadoop,org.apache.hadoop.yarn.server.resourcemanager.webapp,AppsBlockWithMetrics,0,0,1,1,9,1,0,0,-1.0,0,2,/Users/eashraf/hadoop/hadoop-yarn-project/hadoop-yarn/hadoop-yarn-server/hadoop-yarn-server-resourcemanager/src/main/java/org/apache/hadoop/yarn/server/resourcemanager/webapp/AppsBlockWithMetrics.java,23
hadoop,org.apache.hadoop.yarn.server.resourcemanager.webapp,NodeLabelsPage,1,0,2,0,35,2,0,1,1.0,1,2,/Users/eashraf/hadoop/hadoop-yarn-project/hadoop-yarn/hadoop-yarn-server/hadoop-yarn-server-resourcemanager/src/main/java/org/apache/hadoop/yarn/server/resourcemanager/webapp/NodeLabelsPage.java,36
hadoop,org.apache.hadoop.yarn.server.resourcemanager.webapp,NodeLabelsPage.NodeLabelsBlock,1,0,0,0,23,0,0,0,-1.0,0,2,/Users/eashraf/hadoop/hadoop-yarn-project/hadoop-yarn/hadoop-yarn-server/hadoop-yarn-server-resourcemanager/src/main/java/org/apache/hadoop/yarn/server/resourcemanager/webapp/NodeLabelsPage.java,37
hadoop,org.apache.hadoop.yarn.server.resourcemanager.webapp,DefaultSchedulerPage,9,0,5,0,56,5,0,1,1.0,1,2,/Users/eashraf/hadoop/hadoop-yarn-project/hadoop-yarn/hadoop-yarn-server/hadoop-yarn-server-resourcemanager/src/main/java/org/apache/hadoop/yarn/server/resourcemanager/webapp/DefaultSchedulerPage.java,35
hadoop,org.apache.hadoop.yarn.server.resourcemanager.webapp,DefaultSchedulerPage.QueueInfoBlock,1,0,0,0,11,0,0,0,-1.0,0,1,/Users/eashraf/hadoop/hadoop-yarn-project/hadoop-yarn/hadoop-yarn-server/hadoop-yarn-server-resourcemanager/src/main/java/org/apache/hadoop/yarn/server/resourcemanager/webapp/DefaultSchedulerPage.java,43
hadoop,org.apache.hadoop.yarn.server.resourcemanager.webapp,DefaultSchedulerPage.QueuesBlock,2,0,0,0,22,0,0,0,-1.0,0,2,/Users/eashraf/hadoop/hadoop-yarn-project/hadoop-yarn/hadoop-yarn-server/hadoop-yarn-server-resourcemanager/src/main/java/org/apache/hadoop/yarn/server/resourcemanager/webapp/DefaultSchedulerPage.java,67
hadoop,org.apache.hadoop.yarn.server.resourcemanager.webapp,AboutPage,0,0,2,0,8,2,0,1,-1.0,1,0,/Users/eashraf/hadoop/hadoop-yarn-project/hadoop-yarn/hadoop-yarn-server/hadoop-yarn-server-resourcemanager/src/main/java/org/apache/hadoop/yarn/server/resourcemanager/webapp/AboutPage.java,23
hadoop,org.apache.hadoop.yarn.server.resourcemanager.webapp,AppPage,0,0,2,0,10,2,0,1,-1.0,1,0,/Users/eashraf/hadoop/hadoop-yarn-project/hadoop-yarn/hadoop-yarn-server/hadoop-yarn-server-resourcemanager/src/main/java/org/apache/hadoop/yarn/server/resourcemanager/webapp/AppPage.java,25
hadoop,org.apache.hadoop.yarn.server.resourcemanager.webapp,FairSchedulerAppsBlock,4,0,2,2,56,10,0,0,0.0,0,9,/Users/eashraf/hadoop/hadoop-yarn-project/hadoop-yarn/hadoop-yarn-server/hadoop-yarn-server-resourcemanager/src/main/java/org/apache/hadoop/yarn/server/resourcemanager/webapp/FairSchedulerAppsBlock.java,51
hadoop,org.apache.hadoop.yarn.server.resourcemanager.webapp,CapacitySchedulerPage,13,0,5,0,113,5,0,1,1.0,1,5,/Users/eashraf/hadoop/hadoop-yarn-project/hadoop-yarn/hadoop-yarn-server/hadoop-yarn-server-resourcemanager/src/main/java/org/apache/hadoop/yarn/server/resourcemanager/webapp/CapacitySchedulerPage.java,46
hadoop,org.apache.hadoop.yarn.server.resourcemanager.webapp,CapacitySchedulerPage.CSQInfo,2,0,0,0,4,0,0,0,-1.0,0,2,/Users/eashraf/hadoop/hadoop-yarn-project/hadoop-yarn/hadoop-yarn-server/hadoop-yarn-server-resourcemanager/src/main/java/org/apache/hadoop/yarn/server/resourcemanager/webapp/CapacitySchedulerPage.java,55
hadoop,org.apache.hadoop.yarn.server.resourcemanager.webapp,CapacitySchedulerPage.LeafQueueInfoBlock,1,0,0,0,35,0,0,0,-1.0,0,1,/Users/eashraf/hadoop/hadoop-yarn-project/hadoop-yarn/hadoop-yarn-server/hadoop-yarn-server-resourcemanager/src/main/java/org/apache/hadoop/yarn/server/resourcemanager/webapp/CapacitySchedulerPage.java,61
hadoop,org.apache.hadoop.yarn.server.resourcemanager.webapp,CapacitySchedulerPage.QueueBlock,1,0,0,0,26,0,0,0,-1.0,0,0,/Users/eashraf/hadoop/hadoop-yarn-project/hadoop-yarn/hadoop-yarn-server/hadoop-yarn-server-resourcemanager/src/main/java/org/apache/hadoop/yarn/server/resourcemanager/webapp/CapacitySchedulerPage.java,134
hadoop,org.apache.hadoop.yarn.server.resourcemanager.webapp,CapacitySchedulerPage.QueuesBlock,2,0,0,0,24,0,0,0,-1.0,0,1,/Users/eashraf/hadoop/hadoop-yarn-project/hadoop-yarn/hadoop-yarn-server/hadoop-yarn-server-resourcemanager/src/main/java/org/apache/hadoop/yarn/server/resourcemanager/webapp/CapacitySchedulerPage.java,178
hadoop,org.apache.hadoop.yarn.server.resourcemanager.webapp,MetricsOverviewTable,2,0,2,0,25,4,0,0,0.0,2,4,/Users/eashraf/hadoop/hadoop-yarn-project/hadoop-yarn/hadoop-yarn-server/hadoop-yarn-server-resourcemanager/src/main/java/org/apache/hadoop/yarn/server/resourcemanager/webapp/MetricsOverviewTable.java,32
hadoop,org.apache.hadoop.yarn.server.resourcemanager.webapp,RmView,2,0,6,0,30,6,7,0,0.6666666666666666,1,0,/Users/eashraf/hadoop/hadoop-yarn-project/hadoop-yarn/hadoop-yarn-server/hadoop-yarn-server-resourcemanager/src/main/java/org/apache/hadoop/yarn/server/resourcemanager/webapp/RmView.java,30
hadoop,org.apache.hadoop.yarn.server.resourcemanager.webapp,RMWebServices,8,1,54,33,986,176,0,0,0.037037037037037035,9,69,/Users/eashraf/hadoop/hadoop-yarn-project/hadoop-yarn/hadoop-yarn-server/hadoop-yarn-server-resourcemanager/src/main/java/org/apache/hadoop/yarn/server/resourcemanager/webapp/RMWebServices.java,150
hadoop,org.apache.hadoop.yarn.server.resourcemanager.webapp,RMWebApp,2,0,7,5,54,10,0,0,0.2857142857142857,1,7,/Users/eashraf/hadoop/hadoop-yarn-project/hadoop-yarn/hadoop-yarn-server/hadoop-yarn-server-resourcemanager/src/main/java/org/apache/hadoop/yarn/server/resourcemanager/webapp/RMWebApp.java,35
hadoop,org.apache.hadoop.yarn.server.resourcemanager.webapp,AppBlock,2,0,6,0,119,24,0,0,0.0,1,22,/Users/eashraf/hadoop/hadoop-yarn-project/hadoop-yarn/hadoop-yarn-server/hadoop-yarn-server-resourcemanager/src/main/java/org/apache/hadoop/yarn/server/resourcemanager/webapp/AppBlock.java,61
hadoop,org.apache.hadoop.yarn.server.resourcemanager.webapp,AboutBlock,1,0,2,0,14,2,0,0,1.0,0,5,/Users/eashraf/hadoop/hadoop-yarn-project/hadoop-yarn/hadoop-yarn-server/hadoop-yarn-server-resourcemanager/src/main/java/org/apache/hadoop/yarn/server/resourcemanager/webapp/AboutBlock.java,29
hadoop,org.apache.hadoop.yarn.server.resourcemanager.webapp,NavBlock,0,0,1,1,12,2,0,0,-1.0,0,1,/Users/eashraf/hadoop/hadoop-yarn-project/hadoop-yarn/hadoop-yarn-server/hadoop-yarn-server-resourcemanager/src/main/java/org/apache/hadoop/yarn/server/resourcemanager/webapp/NavBlock.java,28
hadoop,org.apache.hadoop.yarn.server.resourcemanager.webapp,FairSchedulerPage,15,0,6,0,100,6,0,1,1.0,2,4,/Users/eashraf/hadoop/hadoop-yarn-project/hadoop-yarn/hadoop-yarn-server/hadoop-yarn-server-resourcemanager/src/main/java/org/apache/hadoop/yarn/server/resourcemanager/webapp/FairSchedulerPage.java,42
hadoop,org.apache.hadoop.yarn.server.resourcemanager.webapp,FairSchedulerPage.FSQInfo,1,0,0,0,3,0,0,0,-1.0,0,1,/Users/eashraf/hadoop/hadoop-yarn-project/hadoop-yarn/hadoop-yarn-server/hadoop-yarn-server-resourcemanager/src/main/java/org/apache/hadoop/yarn/server/resourcemanager/webapp/FairSchedulerPage.java,53
hadoop,org.apache.hadoop.yarn.server.resourcemanager.webapp,FairSchedulerPage.LeafQueueBlock,1,0,0,0,18,0,0,0,-1.0,0,1,/Users/eashraf/hadoop/hadoop-yarn-project/hadoop-yarn/hadoop-yarn-server/hadoop-yarn-server-resourcemanager/src/main/java/org/apache/hadoop/yarn/server/resourcemanager/webapp/FairSchedulerPage.java,58
hadoop,org.apache.hadoop.yarn.server.resourcemanager.webapp,FairSchedulerPage.QueueBlock,1,0,0,0,26,0,0,0,-1.0,0,0,/Users/eashraf/hadoop/hadoop-yarn-project/hadoop-yarn/hadoop-yarn-server/hadoop-yarn-server-resourcemanager/src/main/java/org/apache/hadoop/yarn/server/resourcemanager/webapp/FairSchedulerPage.java,87
hadoop,org.apache.hadoop.yarn.server.resourcemanager.webapp,FairSchedulerPage.QueuesBlock,2,0,0,0,22,0,0,0,-1.0,0,1,/Users/eashraf/hadoop/hadoop-yarn-project/hadoop-yarn/hadoop-yarn-server/hadoop-yarn-server-resourcemanager/src/main/java/org/apache/hadoop/yarn/server/resourcemanager/webapp/FairSchedulerPage.java,133
hadoop,org.apache.hadoop.yarn.server.resourcemanager.webapp,RmController,0,0,9,8,45,11,0,0,-1.0,2,12,/Users/eashraf/hadoop/hadoop-yarn-project/hadoop-yarn/hadoop-yarn-server/hadoop-yarn-server-resourcemanager/src/main/java/org/apache/hadoop/yarn/server/resourcemanager/webapp/RmController.java,37
hadoop,org.apache.hadoop.yarn.server.resourcemanager.scheduler,TestSchedulerUtils,1,0,11,10,309,12,0,0,0.9090909090909091,3,37,/Users/eashraf/hadoop/hadoop-yarn-project/hadoop-yarn/hadoop-yarn-server/hadoop-yarn-server-resourcemanager/src/test/java/org/apache/hadoop/yarn/server/resourcemanager/scheduler/TestSchedulerUtils.java,89
hadoop,org.apache.hadoop.yarn.server.resourcemanager.scheduler,TestSchedulerApplicationAttempt,2,0,8,2,92,8,0,0,0.25,0,18,/Users/eashraf/hadoop/hadoop-yarn-project/hadoop-yarn/hadoop-yarn-server/hadoop-yarn-server-resourcemanager/src/test/java/org/apache/hadoop/yarn/server/resourcemanager/scheduler/TestSchedulerApplicationAttempt.java,42
hadoop,org.apache.hadoop.yarn.server.resourcemanager.scheduler,TestAbstractYarnScheduler,0,0,8,5,205,8,0,0,-1.0,0,10,/Users/eashraf/hadoop/hadoop-yarn-project/hadoop-yarn/hadoop-yarn-server/hadoop-yarn-server-resourcemanager/src/test/java/org/apache/hadoop/yarn/server/resourcemanager/scheduler/TestAbstractYarnScheduler.java,41
hadoop,org.apache.hadoop.yarn.server.resourcemanager.scheduler,TestQueueMetrics,3,0,13,12,237,13,0,0,0.0,0,17,/Users/eashraf/hadoop/hadoop-yarn-project/hadoop-yarn/hadoop-yarn-server/hadoop-yarn-server-resourcemanager/src/test/java/org/apache/hadoop/yarn/server/resourcemanager/scheduler/TestQueueMetrics.java,48
hadoop,org.apache.hadoop.yarn.server.resourcemanager.scheduler,TestResourceUsage,2,0,10,3,68,13,0,0,0.2,0,2,/Users/eashraf/hadoop/hadoop-yarn-project/hadoop-yarn/hadoop-yarn-server/hadoop-yarn-server-resourcemanager/src/test/java/org/apache/hadoop/yarn/server/resourcemanager/scheduler/TestResourceUsage.java,33
hadoop,org.apache.hadoop.yarn.server.resourcemanager.scheduler,ContainerPreemptEventType,0,0,0,0,1,0,0,0,-1.0,4,0,/Users/eashraf/hadoop/hadoop-yarn-project/hadoop-yarn/hadoop-yarn-server/hadoop-yarn-server-resourcemanager/src/main/java/org/apache/hadoop/yarn/server/resourcemanager/scheduler/ContainerPreemptEventType.java,20
hadoop,org.apache.hadoop.yarn.server.resourcemanager.scheduler,SchedulerAppReport,3,0,4,4,34,4,0,0,0.0,9,1,/Users/eashraf/hadoop/hadoop-yarn-project/hadoop-yarn/hadoop-yarn-server/hadoop-yarn-server-resourcemanager/src/main/java/org/apache/hadoop/yarn/server/resourcemanager/scheduler/SchedulerAppReport.java,27
hadoop,org.apache.hadoop.yarn.server.resourcemanager.scheduler,SchedulerAppUtils,0,0,1,1,17,5,0,0,-1.0,3,2,/Users/eashraf/hadoop/hadoop-yarn-project/hadoop-yarn/hadoop-yarn-server/hadoop-yarn-server-resourcemanager/src/main/java/org/apache/hadoop/yarn/server/resourcemanager/scheduler/SchedulerAppUtils.java,23
hadoop,org.apache.hadoop.yarn.server.resourcemanager.scheduler,ResourceUsage,6,0,40,34,202,43,0,0,0.0,4,3,/Users/eashraf/hadoop/hadoop-yarn-project/hadoop-yarn/hadoop-yarn-server/hadoop-yarn-server-resourcemanager/src/main/java/org/apache/hadoop/yarn/server/resourcemanager/scheduler/ResourceUsage.java,31
hadoop,org.apache.hadoop.yarn.server.resourcemanager.scheduler,ResourceUsage.ResourceType,1,0,0,0,5,0,0,0,-1.0,0,0,/Users/eashraf/hadoop/hadoop-yarn-project/hadoop-yarn/hadoop-yarn-server/hadoop-yarn-server-resourcemanager/src/main/java/org/apache/hadoop/yarn/server/resourcemanager/scheduler/ResourceUsage.java,57
hadoop,org.apache.hadoop.yarn.server.resourcemanager.scheduler,ResourceUsage.UsageByLabel,1,0,0,0,19,0,0,0,-1.0,0,1,/Users/eashraf/hadoop/hadoop-yarn-project/hadoop-yarn/hadoop-yarn-server/hadoop-yarn-server-resourcemanager/src/main/java/org/apache/hadoop/yarn/server/resourcemanager/scheduler/ResourceUsage.java,67
hadoop,org.apache.hadoop.yarn.server.resourcemanager.scheduler,ResourceLimits,1,0,3,3,15,3,0,0,0.0,6,1,/Users/eashraf/hadoop/hadoop-yarn-project/hadoop-yarn/hadoop-yarn-server/hadoop-yarn-server-resourcemanager/src/main/java/org/apache/hadoop/yarn/server/resourcemanager/scheduler/ResourceLimits.java,23
hadoop,org.apache.hadoop.yarn.server.resourcemanager.scheduler,TimeBucketMetrics,3,0,5,0,50,9,0,0,0.0,1,0,/Users/eashraf/hadoop/hadoop-yarn-project/hadoop-yarn/hadoop-yarn-server/hadoop-yarn-server-resourcemanager/src/main/java/org/apache/hadoop/yarn/server/resourcemanager/scheduler/TimeBucketMetrics.java,22
hadoop,org.apache.hadoop.yarn.server.resourcemanager.scheduler,Allocation,6,0,8,8,37,8,0,0,0.0,9,1,/Users/eashraf/hadoop/hadoop-yarn-project/hadoop-yarn/hadoop-yarn-server/hadoop-yarn-server-resourcemanager/src/main/java/org/apache/hadoop/yarn/server/resourcemanager/scheduler/Allocation.java,29
hadoop,org.apache.hadoop.yarn.server.resourcemanager.scheduler,Queue,0,0,9,4,44,9,0,0,-1.0,17,7,/Users/eashraf/hadoop/hadoop-yarn-project/hadoop-yarn/hadoop-yarn-server/hadoop-yarn-server-resourcemanager/src/main/java/org/apache/hadoop/yarn/server/resourcemanager/scheduler/Queue.java,33
hadoop,org.apache.hadoop.yarn.server.resourcemanager.scheduler,SchedulerDynamicEditException,1,0,1,1,6,1,0,0,0.0,0,0,/Users/eashraf/hadoop/hadoop-yarn-project/hadoop-yarn/hadoop-yarn-server/hadoop-yarn-server-resourcemanager/src/main/java/org/apache/hadoop/yarn/server/resourcemanager/scheduler/SchedulerDynamicEditException.java,23
hadoop,org.apache.hadoop.yarn.server.resourcemanager.scheduler,ContainerPreemptEvent,2,0,4,4,24,4,0,0,0.0,1,3,/Users/eashraf/hadoop/hadoop-yarn-project/hadoop-yarn/hadoop-yarn-server/hadoop-yarn-server-resourcemanager/src/main/java/org/apache/hadoop/yarn/server/resourcemanager/scheduler/ContainerPreemptEvent.java,25
hadoop,org.apache.hadoop.yarn.server.resourcemanager.scheduler,SchedulerNodeReport,3,0,4,4,31,4,0,0,0.0,10,2,/Users/eashraf/hadoop/hadoop-yarn-project/hadoop-yarn/hadoop-yarn-server/hadoop-yarn-server-resourcemanager/src/main/java/org/apache/hadoop/yarn/server/resourcemanager/scheduler/SchedulerNodeReport.java,25
hadoop,org.apache.hadoop.yarn.server.resourcemanager.scheduler,QueueNotFoundException,1,0,1,1,6,1,0,0,0.0,0,0,/Users/eashraf/hadoop/hadoop-yarn-project/hadoop-yarn/hadoop-yarn-server/hadoop-yarn-server-resourcemanager/src/main/java/org/apache/hadoop/yarn/server/resourcemanager/scheduler/QueueNotFoundException.java,24
hadoop,org.apache.hadoop.yarn.server.resourcemanager.scheduler,YarnScheduler,0,0,24,13,149,24,1,0,-1.0,14,12,/Users/eashraf/hadoop/hadoop-yarn-project/hadoop-yarn/hadoop-yarn-server/hadoop-yarn-server-resourcemanager/src/main/java/org/apache/hadoop/yarn/server/resourcemanager/scheduler/YarnScheduler.java,50
hadoop,org.apache.hadoop.yarn.server.resourcemanager.scheduler,SchedulerNode,10,0,27,23,176,34,0,0,0.18518518518518517,8,10,/Users/eashraf/hadoop/hadoop-yarn-project/hadoop-yarn/hadoop-yarn-server/hadoop-yarn-server-resourcemanager/src/main/java/org/apache/hadoop/yarn/server/resourcemanager/scheduler/SchedulerNode.java,46
hadoop,org.apache.hadoop.yarn.server.resourcemanager.scheduler,QueueMetrics,35,0,53,45,414,98,0,0,0.03773584905660377,28,17,/Users/eashraf/hadoop/hadoop-yarn-project/hadoop-yarn/hadoop-yarn-server/hadoop-yarn-server-resourcemanager/src/main/java/org/apache/hadoop/yarn/server/resourcemanager/scheduler/QueueMetrics.java,52
hadoop,org.apache.hadoop.yarn.server.resourcemanager.scheduler,SchedulerApplicationAttempt,26,0,56,53,381,81,0,0,0.05357142857142857,16,25,/Users/eashraf/hadoop/hadoop-yarn-project/hadoop-yarn/hadoop-yarn-server/hadoop-yarn-server-resourcemanager/src/main/java/org/apache/hadoop/yarn/server/resourcemanager/scheduler/SchedulerApplicationAttempt.java,64
hadoop,org.apache.hadoop.yarn.server.resourcemanager.scheduler,SchedulerApplicationAttempt.ContainersAndNMTokensAllocation,2,0,0,0,14,0,0,0,-1.0,0,0,/Users/eashraf/hadoop/hadoop-yarn-project/hadoop-yarn/hadoop-yarn-server/hadoop-yarn-server-resourcemanager/src/main/java/org/apache/hadoop/yarn/server/resourcemanager/scheduler/SchedulerApplicationAttempt.java,421
hadoop,org.apache.hadoop.yarn.server.resourcemanager.scheduler,SchedulerApplication,3,0,7,7,27,7,0,0,0.2857142857142857,9,2,/Users/eashraf/hadoop/hadoop-yarn-project/hadoop-yarn/hadoop-yarn-server/hadoop-yarn-server-resourcemanager/src/main/java/org/apache/hadoop/yarn/server/resourcemanager/scheduler/SchedulerApplication.java,24
hadoop,org.apache.hadoop.yarn.server.resourcemanager.scheduler,ActiveUsersManager,4,0,4,4,56,9,0,0,0.0,12,2,/Users/eashraf/hadoop/hadoop-yarn-project/hadoop-yarn/hadoop-yarn-server/hadoop-yarn-server-resourcemanager/src/main/java/org/apache/hadoop/yarn/server/resourcemanager/scheduler/ActiveUsersManager.java,31
hadoop,org.apache.hadoop.yarn.server.resourcemanager.scheduler,ResourceScheduler,0,0,2,0,16,2,2,1,-1.0,54,2,/Users/eashraf/hadoop/hadoop-yarn-project/hadoop-yarn/hadoop-yarn-server/hadoop-yarn-server-resourcemanager/src/main/java/org/apache/hadoop/yarn/server/resourcemanager/scheduler/ResourceScheduler.java,29
hadoop,org.apache.hadoop.yarn.server.resourcemanager.scheduler,NodeResponse,3,0,4,4,22,4,0,0,0.0,0,0,/Users/eashraf/hadoop/hadoop-yarn-project/hadoop-yarn/hadoop-yarn-server/hadoop-yarn-server-resourcemanager/src/main/java/org/apache/hadoop/yarn/server/resourcemanager/scheduler/NodeResponse.java,27
hadoop,org.apache.hadoop.yarn.server.resourcemanager.scheduler,SchedulerUtils,7,6,13,12,171,41,0,0,0.6153846153846154,13,14,/Users/eashraf/hadoop/hadoop-yarn-project/hadoop-yarn/hadoop-yarn-server/hadoop-yarn-server-resourcemanager/src/main/java/org/apache/hadoop/yarn/server/resourcemanager/scheduler/SchedulerUtils.java,45
hadoop,org.apache.hadoop.yarn.server.resourcemanager.scheduler,NodeType,1,1,1,0,8,1,0,0,0.0,16,0,/Users/eashraf/hadoop/hadoop-yarn-project/hadoop-yarn/hadoop-yarn-server/hadoop-yarn-server-resourcemanager/src/main/java/org/apache/hadoop/yarn/server/resourcemanager/scheduler/NodeType.java,21
hadoop,org.apache.hadoop.yarn.server.resourcemanager.scheduler,NodeReport,2,0,3,3,17,3,0,0,0.0,0,1,/Users/eashraf/hadoop/hadoop-yarn-project/hadoop-yarn/hadoop-yarn-server/hadoop-yarn-server-resourcemanager/src/main/java/org/apache/hadoop/yarn/server/resourcemanager/scheduler/NodeReport.java,25
hadoop,org.apache.hadoop.yarn.server.resourcemanager.scheduler,PreemptableResourceScheduler,0,0,3,0,21,3,0,2,-1.0,2,2,/Users/eashraf/hadoop/hadoop-yarn-project/hadoop-yarn/hadoop-yarn-server/hadoop-yarn-server-resourcemanager/src/main/java/org/apache/hadoop/yarn/server/resourcemanager/scheduler/PreemptableResourceScheduler.java,23
hadoop,org.apache.hadoop.yarn.server.resourcemanager.scheduler,AppSchedulingInfo,13,0,30,23,276,56,0,0,0.06666666666666667,3,15,/Users/eashraf/hadoop/hadoop-yarn-project/hadoop-yarn/hadoop-yarn-server/hadoop-yarn-server-resourcemanager/src/main/java/org/apache/hadoop/yarn/server/resourcemanager/scheduler/AppSchedulingInfo.java,48
hadoop,org.apache.hadoop.yarn.server.resourcemanager.scheduler,AbstractYarnScheduler,17,0,37,27,407,87,0,2,0.21621621621621623,7,30,/Users/eashraf/hadoop/hadoop-yarn-project/hadoop-yarn/hadoop-yarn-server/hadoop-yarn-server-resourcemanager/src/main/java/org/apache/hadoop/yarn/server/resourcemanager/scheduler/AbstractYarnScheduler.java,69
hadoop,org.apache.hadoop.yarn.server.resourcemanager.scheduler.capacity,TestQueueMappings,6,0,6,2,122,8,0,0,0.0,0,12,/Users/eashraf/hadoop/hadoop-yarn-project/hadoop-yarn/hadoop-yarn-server/hadoop-yarn-server-resourcemanager/src/test/java/org/apache/hadoop/yarn/server/resourcemanager/scheduler/capacity/TestQueueMappings.java,39
hadoop,org.apache.hadoop.yarn.server.resourcemanager.scheduler.capacity,TestCapacitySchedulerQueueACLs,0,0,1,0,31,1,0,0,-1.0,0,4,/Users/eashraf/hadoop/hadoop-yarn-project/hadoop-yarn/hadoop-yarn-server/hadoop-yarn-server-resourcemanager/src/test/java/org/apache/hadoop/yarn/server/resourcemanager/scheduler/capacity/TestCapacitySchedulerQueueACLs.java,29
hadoop,org.apache.hadoop.yarn.server.resourcemanager.scheduler.capacity,TestReservationQueue,5,0,2,2,46,2,0,0,0.0,0,10,/Users/eashraf/hadoop/hadoop-yarn-project/hadoop-yarn/hadoop-yarn-server/hadoop-yarn-server-resourcemanager/src/test/java/org/apache/hadoop/yarn/server/resourcemanager/scheduler/capacity/TestReservationQueue.java,38
hadoop,org.apache.hadoop.yarn.server.resourcemanager.scheduler.capacity,TestUtils,4,1,13,13,112,13,0,0,0.7692307692307693,12,24,/Users/eashraf/hadoop/hadoop-yarn-project/hadoop-yarn/hadoop-yarn-server/hadoop-yarn-server-resourcemanager/src/test/java/org/apache/hadoop/yarn/server/resourcemanager/scheduler/capacity/TestUtils.java,63
hadoop,org.apache.hadoop.yarn.server.resourcemanager.scheduler.capacity,TestUtils.SpyHook,0,0,0,0,8,0,0,2,-1.0,0,1,/Users/eashraf/hadoop/hadoop-yarn-project/hadoop-yarn/hadoop-yarn-server/hadoop-yarn-server-resourcemanager/src/test/java/org/apache/hadoop/yarn/server/resourcemanager/scheduler/capacity/TestUtils.java,127
hadoop,org.apache.hadoop.yarn.server.resourcemanager.scheduler.capacity,TestCapacitySchedulerNodeLabelUpdate,3,0,7,3,82,7,0,0,0.2857142857142857,0,15,/Users/eashraf/hadoop/hadoop-yarn-project/hadoop-yarn/hadoop-yarn-server/hadoop-yarn-server-resourcemanager/src/test/java/org/apache/hadoop/yarn/server/resourcemanager/scheduler/capacity/TestCapacitySchedulerNodeLabelUpdate.java,45
hadoop,org.apache.hadoop.yarn.server.resourcemanager.scheduler.capacity,TestApplicationLimits,7,0,9,7,345,9,0,0,0.2222222222222222,0,24,/Users/eashraf/hadoop/hadoop-yarn-project/hadoop-yarn/hadoop-yarn-server/hadoop-yarn-server-resourcemanager/src/test/java/org/apache/hadoop/yarn/server/resourcemanager/scheduler/capacity/TestApplicationLimits.java,65
hadoop,org.apache.hadoop.yarn.server.resourcemanager.scheduler.capacity,TestParentQueue,22,0,22,13,456,32,0,0,0.09090909090909091,0,20,/Users/eashraf/hadoop/hadoop-yarn-project/hadoop-yarn/hadoop-yarn-server/hadoop-yarn-server-resourcemanager/src/test/java/org/apache/hadoop/yarn/server/resourcemanager/scheduler/capacity/TestParentQueue.java,63
hadoop,org.apache.hadoop.yarn.server.resourcemanager.scheduler.capacity,TestChildQueueOrder,13,0,11,4,222,20,0,0,0.18181818181818182,0,27,/Users/eashraf/hadoop/hadoop-yarn-project/hadoop-yarn/hadoop-yarn-server/hadoop-yarn-server-resourcemanager/src/test/java/org/apache/hadoop/yarn/server/resourcemanager/scheduler/capacity/TestChildQueueOrder.java,67
hadoop,org.apache.hadoop.yarn.server.resourcemanager.scheduler.capacity,TestQueueCapacities,2,0,8,3,58,11,0,0,0.375,0,2,/Users/eashraf/hadoop/hadoop-yarn-project/hadoop-yarn/hadoop-yarn-server/hadoop-yarn-server-resourcemanager/src/test/java/org/apache/hadoop/yarn/server/resourcemanager/scheduler/capacity/TestQueueCapacities.java,33
hadoop,org.apache.hadoop.yarn.server.resourcemanager.scheduler.capacity,TestCapacitySchedulerDynamicBehavior,16,0,6,5,148,6,0,0,0.0,0,11,/Users/eashraf/hadoop/hadoop-yarn-project/hadoop-yarn/hadoop-yarn-server/hadoop-yarn-server-resourcemanager/src/test/java/org/apache/hadoop/yarn/server/resourcemanager/scheduler/capacity/TestCapacitySchedulerDynamicBehavior.java,42
hadoop,org.apache.hadoop.yarn.server.resourcemanager.scheduler.capacity,TestLeafQueue,20,0,34,30,1207,47,0,0,0.14705882352941177,1,40,/Users/eashraf/hadoop/hadoop-yarn-project/hadoop-yarn/hadoop-yarn-server/hadoop-yarn-server-resourcemanager/src/test/java/org/apache/hadoop/yarn/server/resourcemanager/scheduler/capacity/TestLeafQueue.java,96
hadoop,org.apache.hadoop.yarn.server.resourcemanager.scheduler.capacity,TestCapacityScheduler,18,0,63,41,1411,94,0,0,0.12698412698412698,1,70,/Users/eashraf/hadoop/hadoop-yarn-project/hadoop-yarn/hadoop-yarn-server/hadoop-yarn-server-resourcemanager/src/test/java/org/apache/hadoop/yarn/server/resourcemanager/scheduler/capacity/TestCapacityScheduler.java,132
hadoop,org.apache.hadoop.yarn.server.resourcemanager.scheduler.capacity,TestReservations,13,0,15,12,699,15,0,0,0.2,0,33,/Users/eashraf/hadoop/hadoop-yarn-project/hadoop-yarn/hadoop-yarn-server/hadoop-yarn-server-resourcemanager/src/test/java/org/apache/hadoop/yarn/server/resourcemanager/scheduler/capacity/TestReservations.java,74
hadoop,org.apache.hadoop.yarn.server.resourcemanager.scheduler.capacity,TestContainerAllocation,5,0,21,14,397,28,0,0,0.09523809523809523,0,25,/Users/eashraf/hadoop/hadoop-yarn-project/hadoop-yarn/hadoop-yarn-server/hadoop-yarn-server-resourcemanager/src/test/java/org/apache/hadoop/yarn/server/resourcemanager/scheduler/capacity/TestContainerAllocation.java,69
hadoop,org.apache.hadoop.yarn.server.resourcemanager.scheduler.capacity,TestContainerAllocation.TestRMSecretManagerService,0,0,0,0,14,0,0,0,-1.0,0,0,/Users/eashraf/hadoop/hadoop-yarn-project/hadoop-yarn/hadoop-yarn-server/hadoop-yarn-server-resourcemanager/src/test/java/org/apache/hadoop/yarn/server/resourcemanager/scheduler/capacity/TestContainerAllocation.java,268
hadoop,org.apache.hadoop.yarn.server.resourcemanager.scheduler.capacity,TestQueueParsing,3,0,23,14,491,23,0,0,0.17391304347826086,0,10,/Users/eashraf/hadoop/hadoop-yarn-project/hadoop-yarn/hadoop-yarn-server/hadoop-yarn-server-resourcemanager/src/test/java/org/apache/hadoop/yarn/server/resourcemanager/scheduler/capacity/TestQueueParsing.java,40
hadoop,org.apache.hadoop.yarn.server.resourcemanager.scheduler.capacity,CapacitySchedulerConfiguration,58,52,66,61,471,97,0,0,0.21212121212121213,36,12,/Users/eashraf/hadoop/hadoop-yarn-project/hadoop-yarn/hadoop-yarn-server/hadoop-yarn-server-resourcemanager/src/main/java/org/apache/hadoop/yarn/server/resourcemanager/scheduler/capacity/CapacitySchedulerConfiguration.java,53
hadoop,org.apache.hadoop.yarn.server.resourcemanager.scheduler.capacity,CapacitySchedulerConfiguration.QueueMapping,4,0,0,0,18,0,0,0,-1.0,0,0,/Users/eashraf/hadoop/hadoop-yarn-project/hadoop-yarn/hadoop-yarn-server/hadoop-yarn-server-resourcemanager/src/main/java/org/apache/hadoop/yarn/server/resourcemanager/scheduler/capacity/CapacitySchedulerConfiguration.java,195
hadoop,org.apache.hadoop.yarn.server.resourcemanager.scheduler.capacity,CapacitySchedulerConfiguration.MappingType,1,0,0,0,8,0,0,0,-1.0,0,0,/Users/eashraf/hadoop/hadoop-yarn-project/hadoop-yarn/hadoop-yarn-server/hadoop-yarn-server-resourcemanager/src/main/java/org/apache/hadoop/yarn/server/resourcemanager/scheduler/capacity/CapacitySchedulerConfiguration.java,198
hadoop,org.apache.hadoop.yarn.server.resourcemanager.scheduler.capacity,CapacityScheduler,28,1,70,41,959,198,1,1,0.14285714285714285,34,57,/Users/eashraf/hadoop/hadoop-yarn-project/hadoop-yarn/hadoop-yarn-server/hadoop-yarn-server-resourcemanager/src/main/java/org/apache/hadoop/yarn/server/resourcemanager/scheduler/capacity/CapacityScheduler.java,120
hadoop,org.apache.hadoop.yarn.server.resourcemanager.scheduler.capacity,CapacityScheduler.AsyncScheduleThread,2,0,0,0,28,0,0,0,-1.0,0,1,/Users/eashraf/hadoop/hadoop-yarn-project/hadoop-yarn/hadoop-yarn-server/hadoop-yarn-server-resourcemanager/src/main/java/org/apache/hadoop/yarn/server/resourcemanager/scheduler/capacity/CapacityScheduler.java,400
hadoop,org.apache.hadoop.yarn.server.resourcemanager.scheduler.capacity,CapacityScheduler.QueueHook,0,0,0,0,5,0,0,0,-1.0,0,0,/Users/eashraf/hadoop/hadoop-yarn-project/hadoop-yarn/hadoop-yarn-server/hadoop-yarn-server-resourcemanager/src/main/java/org/apache/hadoop/yarn/server/resourcemanager/scheduler/capacity/CapacityScheduler.java,437
hadoop,org.apache.hadoop.yarn.server.resourcemanager.scheduler.capacity,ParentQueue,8,0,33,20,367,93,1,2,0.12121212121212122,5,26,/Users/eashraf/hadoop/hadoop-yarn-project/hadoop-yarn/hadoop-yarn-server/hadoop-yarn-server-resourcemanager/src/main/java/org/apache/hadoop/yarn/server/resourcemanager/scheduler/capacity/ParentQueue.java,68
hadoop,org.apache.hadoop.yarn.server.resourcemanager.scheduler.capacity,UserInfo,4,0,6,4,26,6,0,0,0.3333333333333333,0,2,/Users/eashraf/hadoop/hadoop-yarn-project/hadoop-yarn/hadoop-yarn-server/hadoop-yarn-server-resourcemanager/src/main/java/org/apache/hadoop/yarn/server/resourcemanager/scheduler/capacity/UserInfo.java,28
hadoop,org.apache.hadoop.yarn.server.resourcemanager.scheduler.capacity,CapacityHeadroomProvider,5,0,2,2,27,3,0,0,0.0,2,3,/Users/eashraf/hadoop/hadoop-yarn-project/hadoop-yarn/hadoop-yarn-server/hadoop-yarn-server-resourcemanager/src/main/java/org/apache/hadoop/yarn/server/resourcemanager/scheduler/capacity/CapacityHeadroomProvider.java,23
hadoop,org.apache.hadoop.yarn.server.resourcemanager.scheduler.capacity,CSQueueUtils,2,0,10,6,102,23,0,0,0.5,6,8,/Users/eashraf/hadoop/hadoop-yarn-project/hadoop-yarn/hadoop-yarn-server/hadoop-yarn-server-resourcemanager/src/main/java/org/apache/hadoop/yarn/server/resourcemanager/scheduler/capacity/CSQueueUtils.java,32
hadoop,org.apache.hadoop.yarn.server.resourcemanager.scheduler.capacity,ReservationQueue,3,0,5,3,49,8,0,3,0.0,4,6,/Users/eashraf/hadoop/hadoop-yarn-project/hadoop-yarn/hadoop-yarn-server/hadoop-yarn-server-resourcemanager/src/main/java/org/apache/hadoop/yarn/server/resourcemanager/scheduler/capacity/ReservationQueue.java,30
hadoop,org.apache.hadoop.yarn.server.resourcemanager.scheduler.capacity,CapacitySchedulerContext,0,0,13,0,21,13,1,0,-1.0,13,2,/Users/eashraf/hadoop/hadoop-yarn-project/hadoop-yarn/hadoop-yarn-server/hadoop-yarn-server-resourcemanager/src/main/java/org/apache/hadoop/yarn/server/resourcemanager/scheduler/capacity/CapacitySchedulerContext.java,32
hadoop,org.apache.hadoop.yarn.server.resourcemanager.scheduler.capacity,QueueCapacities,8,0,30,28,176,35,0,0,0.0,4,2,/Users/eashraf/hadoop/hadoop-yarn-project/hadoop-yarn/hadoop-yarn-server/hadoop-yarn-server-resourcemanager/src/main/java/org/apache/hadoop/yarn/server/resourcemanager/scheduler/capacity/QueueCapacities.java,35
hadoop,org.apache.hadoop.yarn.server.resourcemanager.scheduler.capacity,QueueCapacities.CapacityType,1,0,0,0,5,0,0,0,-1.0,0,0,/Users/eashraf/hadoop/hadoop-yarn-project/hadoop-yarn/hadoop-yarn-server/hadoop-yarn-server-resourcemanager/src/main/java/org/apache/hadoop/yarn/server/resourcemanager/scheduler/capacity/QueueCapacities.java,53
hadoop,org.apache.hadoop.yarn.server.resourcemanager.scheduler.capacity,QueueCapacities.Capacities,1,0,0,0,16,0,0,0,-1.0,0,0,/Users/eashraf/hadoop/hadoop-yarn-project/hadoop-yarn/hadoop-yarn-server/hadoop-yarn-server-resourcemanager/src/main/java/org/apache/hadoop/yarn/server/resourcemanager/scheduler/capacity/QueueCapacities.java,63
hadoop,org.apache.hadoop.yarn.server.resourcemanager.scheduler.capacity,LeafQueue,27,0,76,45,961,204,1,2,0.09210526315789473,12,37,/Users/eashraf/hadoop/hadoop-yarn-project/hadoop-yarn/hadoop-yarn-server/hadoop-yarn-server-resourcemanager/src/main/java/org/apache/hadoop/yarn/server/resourcemanager/scheduler/capacity/LeafQueue.java,81
hadoop,org.apache.hadoop.yarn.server.resourcemanager.scheduler.capacity,LeafQueue.User,3,0,0,0,61,0,0,0,-1.0,0,1,/Users/eashraf/hadoop/hadoop-yarn-project/hadoop-yarn/hadoop-yarn-server/hadoop-yarn-server-resourcemanager/src/main/java/org/apache/hadoop/yarn/server/resourcemanager/scheduler/capacity/LeafQueue.java,1818
hadoop,org.apache.hadoop.yarn.server.resourcemanager.scheduler.capacity,LeafQueue.QueueResourceLimitsInfo,2,0,0,0,16,0,0,0,-1.0,0,1,/Users/eashraf/hadoop/hadoop-yarn-project/hadoop-yarn/hadoop-yarn-server/hadoop-yarn-server-resourcemanager/src/main/java/org/apache/hadoop/yarn/server/resourcemanager/scheduler/capacity/LeafQueue.java,1988
hadoop,org.apache.hadoop.yarn.server.resourcemanager.scheduler.capacity,CSQueue,0,0,32,32,185,32,1,0,-1.0,23,12,/Users/eashraf/hadoop/hadoop-yarn-project/hadoop-yarn/hadoop-yarn-server/hadoop-yarn-server-resourcemanager/src/main/java/org/apache/hadoop/yarn/server/resourcemanager/scheduler/capacity/CSQueue.java,43
hadoop,org.apache.hadoop.yarn.server.resourcemanager.scheduler.capacity,CSAssignment,5,0,10,10,49,10,0,0,0.0,7,5,/Users/eashraf/hadoop/hadoop-yarn-project/hadoop-yarn/hadoop-yarn-server/hadoop-yarn-server-resourcemanager/src/main/java/org/apache/hadoop/yarn/server/resourcemanager/scheduler/capacity/CSAssignment.java,28
hadoop,org.apache.hadoop.yarn.server.resourcemanager.scheduler.capacity,PlanQueue,7,0,11,7,116,22,0,3,0.18181818181818182,4,4,/Users/eashraf/hadoop/hadoop-yarn-project/hadoop-yarn/hadoop-yarn-server/hadoop-yarn-server-resourcemanager/src/main/java/org/apache/hadoop/yarn/server/resourcemanager/scheduler/capacity/PlanQueue.java,30
hadoop,org.apache.hadoop.yarn.server.resourcemanager.scheduler.capacity,AbstractCSQueue,20,0,35,27,213,47,2,1,0.0,1,21,/Users/eashraf/hadoop/hadoop-yarn-project/hadoop-yarn/hadoop-yarn-server/hadoop-yarn-server-resourcemanager/src/main/java/org/apache/hadoop/yarn/server/resourcemanager/scheduler/capacity/AbstractCSQueue.java,51
hadoop,org.apache.hadoop.yarn.server.resourcemanager.scheduler.fair,TestSchedulingPolicy,0,0,2,2,45,2,0,0,-1.0,0,5,/Users/eashraf/hadoop/hadoop-yarn-project/hadoop-yarn/hadoop-yarn-server/hadoop-yarn-server-resourcemanager/src/test/java/org/apache/hadoop/yarn/server/resourcemanager/scheduler/fair/TestSchedulingPolicy.java,30
hadoop,org.apache.hadoop.yarn.server.resourcemanager.scheduler.fair,SimpleGroupsMapping,0,0,3,3,11,3,0,0,-1.0,3,0,/Users/eashraf/hadoop/hadoop-yarn-project/hadoop-yarn/hadoop-yarn-server/hadoop-yarn-server-resourcemanager/src/test/java/org/apache/hadoop/yarn/server/resourcemanager/scheduler/fair/SimpleGroupsMapping.java,27
hadoop,org.apache.hadoop.yarn.server.resourcemanager.scheduler.fair,FakeSchedulable,7,0,21,21,80,21,0,1,0.3333333333333333,0,6,/Users/eashraf/hadoop/hadoop-yarn-project/hadoop-yarn/hadoop-yarn-server/hadoop-yarn-server-resourcemanager/src/test/java/org/apache/hadoop/yarn/server/resourcemanager/scheduler/fair/FakeSchedulable.java,28
hadoop,org.apache.hadoop.yarn.server.resourcemanager.scheduler.fair,TestComputeFairShares,1,0,12,10,123,14,0,0,0.0,0,3,/Users/eashraf/hadoop/hadoop-yarn-project/hadoop-yarn/hadoop-yarn-server/hadoop-yarn-server-resourcemanager/src/test/java/org/apache/hadoop/yarn/server/resourcemanager/scheduler/fair/TestComputeFairShares.java,33
hadoop,org.apache.hadoop.yarn.server.resourcemanager.scheduler.fair,TestFairScheduler,1,0,86,84,2581,121,0,1,0.6744186046511628,1,50,/Users/eashraf/hadoop/hadoop-yarn-project/hadoop-yarn/hadoop-yarn-server/hadoop-yarn-server-resourcemanager/src/test/java/org/apache/hadoop/yarn/server/resourcemanager/scheduler/fair/TestFairScheduler.java,111
hadoop,org.apache.hadoop.yarn.server.resourcemanager.scheduler.fair,TestContinuousScheduling,1,0,4,4,47,6,0,1,0.5,0,10,/Users/eashraf/hadoop/hadoop-yarn-project/hadoop-yarn/hadoop-yarn-server/hadoop-yarn-server-resourcemanager/src/test/java/org/apache/hadoop/yarn/server/resourcemanager/scheduler/fair/TestContinuousScheduling.java,46
hadoop,org.apache.hadoop.yarn.server.resourcemanager.scheduler.fair,PeriodGroupsMapping,0,0,3,3,11,3,0,0,-1.0,1,0,/Users/eashraf/hadoop/hadoop-yarn-project/hadoop-yarn/hadoop-yarn-server/hadoop-yarn-server-resourcemanager/src/test/java/org/apache/hadoop/yarn/server/resourcemanager/scheduler/fair/PeriodGroupsMapping.java,27
hadoop,org.apache.hadoop.yarn.server.resourcemanager.scheduler.fair,TestQueuePlacementPolicy,2,0,20,18,252,21,0,0,0.0,0,7,/Users/eashraf/hadoop/hadoop-yarn-project/hadoop-yarn/hadoop-yarn-server/hadoop-yarn-server-resourcemanager/src/test/java/org/apache/hadoop/yarn/server/resourcemanager/scheduler/fair/TestQueuePlacementPolicy.java,40
hadoop,org.apache.hadoop.yarn.server.resourcemanager.scheduler.fair,TestAllocationFileLoaderService,4,1,9,9,412,10,0,0,0.2222222222222222,0,13,/Users/eashraf/hadoop/hadoop-yarn-project/hadoop-yarn/hadoop-yarn-server/hadoop-yarn-server-resourcemanager/src/test/java/org/apache/hadoop/yarn/server/resourcemanager/scheduler/fair/TestAllocationFileLoaderService.java,38
hadoop,org.apache.hadoop.yarn.server.resourcemanager.scheduler.fair,TestAllocationFileLoaderService.MockClock,1,0,0,0,9,0,0,0,-1.0,0,0,/Users/eashraf/hadoop/hadoop-yarn-project/hadoop-yarn/hadoop-yarn-server/hadoop-yarn-server-resourcemanager/src/test/java/org/apache/hadoop/yarn/server/resourcemanager/scheduler/fair/TestAllocationFileLoaderService.java,46
hadoop,org.apache.hadoop.yarn.server.resourcemanager.scheduler.fair,TestAllocationFileLoaderService.ReloadListener,1,1,0,0,6,0,0,1,-1.0,0,2,/Users/eashraf/hadoop/hadoop-yarn-project/hadoop-yarn/hadoop-yarn-server/hadoop-yarn-server-resourcemanager/src/test/java/org/apache/hadoop/yarn/server/resourcemanager/scheduler/fair/TestAllocationFileLoaderService.java,634
hadoop,org.apache.hadoop.yarn.server.resourcemanager.scheduler.fair,TestFairSchedulerPreemption,3,1,6,4,100,8,0,1,0.3333333333333333,0,9,/Users/eashraf/hadoop/hadoop-yarn-project/hadoop-yarn/hadoop-yarn-server/hadoop-yarn-server-resourcemanager/src/test/java/org/apache/hadoop/yarn/server/resourcemanager/scheduler/fair/TestFairSchedulerPreemption.java,42
hadoop,org.apache.hadoop.yarn.server.resourcemanager.scheduler.fair,TestFairSchedulerPreemption.StubbedFairScheduler,1,1,0,0,9,0,0,1,-1.0,0,0,/Users/eashraf/hadoop/hadoop-yarn-project/hadoop-yarn/hadoop-yarn-server/hadoop-yarn-server-resourcemanager/src/test/java/org/apache/hadoop/yarn/server/resourcemanager/scheduler/fair/TestFairSchedulerPreemption.java,48
hadoop,org.apache.hadoop.yarn.server.resourcemanager.scheduler.fair,TestFairSchedulerQueueACLs,0,0,1,0,28,1,0,0,-1.0,0,2,/Users/eashraf/hadoop/hadoop-yarn-project/hadoop-yarn/hadoop-yarn-server/hadoop-yarn-server-resourcemanager/src/test/java/org/apache/hadoop/yarn/server/resourcemanager/scheduler/fair/TestFairSchedulerQueueACLs.java,29
hadoop,org.apache.hadoop.yarn.server.resourcemanager.scheduler.fair,TestMaxRunningAppsEnforcer,8,0,10,7,143,11,0,0,0.2,0,11,/Users/eashraf/hadoop/hadoop-yarn-project/hadoop-yarn/hadoop-yarn-server/hadoop-yarn-server-resourcemanager/src/test/java/org/apache/hadoop/yarn/server/resourcemanager/scheduler/fair/TestMaxRunningAppsEnforcer.java,37
hadoop,org.apache.hadoop.yarn.server.resourcemanager.scheduler.fair,TestFairSchedulerEventLog,3,0,3,3,38,5,0,0,0.0,0,7,/Users/eashraf/hadoop/hadoop-yarn-project/hadoop-yarn/hadoop-yarn-server/hadoop-yarn-server-resourcemanager/src/test/java/org/apache/hadoop/yarn/server/resourcemanager/scheduler/fair/TestFairSchedulerEventLog.java,35
hadoop,org.apache.hadoop.yarn.server.resourcemanager.scheduler.fair,TestFSLeafQueue,2,0,9,9,187,17,0,1,0.8888888888888888,0,16,/Users/eashraf/hadoop/hadoop-yarn-project/hadoop-yarn/hadoop-yarn-server/hadoop-yarn-server-resourcemanager/src/test/java/org/apache/hadoop/yarn/server/resourcemanager/scheduler/fair/TestFSLeafQueue.java,57
hadoop,org.apache.hadoop.yarn.server.resourcemanager.scheduler.fair,FairSchedulerTestBase,8,1,15,1,117,17,6,0,0.26666666666666666,2,19,/Users/eashraf/hadoop/hadoop-yarn-project/hadoop-yarn/hadoop-yarn-server/hadoop-yarn-server-resourcemanager/src/test/java/org/apache/hadoop/yarn/server/resourcemanager/scheduler/fair/FairSchedulerTestBase.java,50
hadoop,org.apache.hadoop.yarn.server.resourcemanager.scheduler.fair,FairSchedulerTestBase.MockClock,1,0,0,0,9,0,0,0,-1.0,0,0,/Users/eashraf/hadoop/hadoop-yarn-project/hadoop-yarn/hadoop-yarn-server/hadoop-yarn-server-resourcemanager/src/test/java/org/apache/hadoop/yarn/server/resourcemanager/scheduler/fair/FairSchedulerTestBase.java,51
hadoop,org.apache.hadoop.yarn.server.resourcemanager.scheduler.fair,TestFSAppAttempt,1,0,6,5,114,9,0,1,0.8333333333333334,0,15,/Users/eashraf/hadoop/hadoop-yarn-project/hadoop-yarn/hadoop-yarn-server/hadoop-yarn-server-resourcemanager/src/test/java/org/apache/hadoop/yarn/server/resourcemanager/scheduler/fair/TestFSAppAttempt.java,40
hadoop,org.apache.hadoop.yarn.server.resourcemanager.scheduler.fair,TestFSAppAttempt.MockClock,1,0,0,0,9,0,0,0,-1.0,0,0,/Users/eashraf/hadoop/hadoop-yarn-project/hadoop-yarn/hadoop-yarn-server/hadoop-yarn-server-resourcemanager/src/test/java/org/apache/hadoop/yarn/server/resourcemanager/scheduler/fair/TestFSAppAttempt.java,42
hadoop,org.apache.hadoop.yarn.server.resourcemanager.scheduler.fair,TestQueueManager,3,0,5,4,67,5,0,0,0.0,0,8,/Users/eashraf/hadoop/hadoop-yarn-project/hadoop-yarn/hadoop-yarn-server/hadoop-yarn-server-resourcemanager/src/test/java/org/apache/hadoop/yarn/server/resourcemanager/scheduler/fair/TestQueueManager.java,32
hadoop,org.apache.hadoop.yarn.server.resourcemanager.scheduler.fair,TestFairSchedulerFairShare,1,0,11,8,153,25,0,1,0.18181818181818182,0,8,/Users/eashraf/hadoop/hadoop-yarn-project/hadoop-yarn/hadoop-yarn-server/hadoop-yarn-server-resourcemanager/src/test/java/org/apache/hadoop/yarn/server/resourcemanager/scheduler/fair/TestFairSchedulerFairShare.java,41
hadoop,org.apache.hadoop.yarn.server.resourcemanager.scheduler.fair,TestFairSchedulerConfiguration,0,0,5,5,23,5,0,0,-1.0,0,1,/Users/eashraf/hadoop/hadoop-yarn-project/hadoop-yarn/hadoop-yarn-server/hadoop-yarn-server-resourcemanager/src/test/java/org/apache/hadoop/yarn/server/resourcemanager/scheduler/fair/TestFairSchedulerConfiguration.java,31
hadoop,org.apache.hadoop.yarn.server.resourcemanager.scheduler.fair,AllocationConfiguration,21,0,30,30,200,35,0,0,0.0,11,11,/Users/eashraf/hadoop/hadoop-yarn-project/hadoop-yarn/hadoop-yarn-server/hadoop-yarn-server-resourcemanager/src/main/java/org/apache/hadoop/yarn/server/resourcemanager/scheduler/fair/AllocationConfiguration.java,38
hadoop,org.apache.hadoop.yarn.server.resourcemanager.scheduler.fair,WeightAdjuster,0,0,1,1,6,1,1,0,-1.0,1,1,/Users/eashraf/hadoop/hadoop-yarn-project/hadoop-yarn/hadoop-yarn-server/hadoop-yarn-server-resourcemanager/src/main/java/org/apache/hadoop/yarn/server/resourcemanager/scheduler/fair/WeightAdjuster.java,25
hadoop,org.apache.hadoop.yarn.server.resourcemanager.scheduler.fair,FairSchedulerEventLog,5,0,5,1,89,11,0,0,0.0,2,1,/Users/eashraf/hadoop/hadoop-yarn-project/hadoop-yarn/hadoop-yarn-server/hadoop-yarn-server-resourcemanager/src/main/java/org/apache/hadoop/yarn/server/resourcemanager/scheduler/fair/FairSchedulerEventLog.java,37
hadoop,org.apache.hadoop.yarn.server.resourcemanager.scheduler.fair,MaxRunningAppsEnforcer,9,2,8,7,210,31,0,0,0.0,2,6,/Users/eashraf/hadoop/hadoop-yarn-project/hadoop-yarn/hadoop-yarn-server/hadoop-yarn-server-resourcemanager/src/main/java/org/apache/hadoop/yarn/server/resourcemanager/scheduler/fair/MaxRunningAppsEnforcer.java,34
hadoop,org.apache.hadoop.yarn.server.resourcemanager.scheduler.fair,MaxRunningAppsEnforcer.MultiListStartTimeIterator,5,2,0,0,58,0,0,0,-1.0,0,0,/Users/eashraf/hadoop/hadoop-yarn-project/hadoop-yarn/hadoop-yarn-server/hadoop-yarn-server-resourcemanager/src/main/java/org/apache/hadoop/yarn/server/resourcemanager/scheduler/fair/MaxRunningAppsEnforcer.java,251
hadoop,org.apache.hadoop.yarn.server.resourcemanager.scheduler.fair,MaxRunningAppsEnforcer.IndexAndTime,2,2,0,0,21,0,0,0,-1.0,0,0,/Users/eashraf/hadoop/hadoop-yarn-project/hadoop-yarn/hadoop-yarn-server/hadoop-yarn-server-resourcemanager/src/main/java/org/apache/hadoop/yarn/server/resourcemanager/scheduler/fair/MaxRunningAppsEnforcer.java,310
hadoop,org.apache.hadoop.yarn.server.resourcemanager.scheduler.fair,QueuePlacementPolicy,4,0,6,6,105,17,0,0,0.0,5,6,/Users/eashraf/hadoop/hadoop-yarn-project/hadoop-yarn/hadoop-yarn-server/hadoop-yarn-server-resourcemanager/src/main/java/org/apache/hadoop/yarn/server/resourcemanager/scheduler/fair/QueuePlacementPolicy.java,37
hadoop,org.apache.hadoop.yarn.server.resourcemanager.scheduler.fair,FSQueueMetrics,8,0,14,13,65,16,0,0,0.42857142857142855,4,7,/Users/eashraf/hadoop/hadoop-yarn-project/hadoop-yarn/hadoop-yarn-server/hadoop-yarn-server-resourcemanager/src/main/java/org/apache/hadoop/yarn/server/resourcemanager/scheduler/fair/FSQueueMetrics.java,31
hadoop,org.apache.hadoop.yarn.server.resourcemanager.scheduler.fair,FSParentQueue,4,0,20,19,140,40,0,2,0.3,7,12,/Users/eashraf/hadoop/hadoop-yarn-project/hadoop-yarn/hadoop-yarn-server/hadoop-yarn-server-resourcemanager/src/main/java/org/apache/hadoop/yarn/server/resourcemanager/scheduler/fair/FSParentQueue.java,41
hadoop,org.apache.hadoop.yarn.server.resourcemanager.scheduler.fair,QueueManager,6,2,18,11,272,46,0,0,0.0,6,11,/Users/eashraf/hadoop/hadoop-yarn-project/hadoop-yarn/hadoop-yarn-server/hadoop-yarn-server-resourcemanager/src/main/java/org/apache/hadoop/yarn/server/resourcemanager/scheduler/fair/QueueManager.java,39
hadoop,org.apache.hadoop.yarn.server.resourcemanager.scheduler.fair,FSOpDurations,9,0,9,7,53,11,0,0,0.2222222222222222,1,6,/Users/eashraf/hadoop/hadoop-yarn-project/hadoop-yarn/hadoop-yarn-server/hadoop-yarn-server-resourcemanager/src/main/java/org/apache/hadoop/yarn/server/resourcemanager/scheduler/fair/FSOpDurations.java,36
hadoop,org.apache.hadoop.yarn.server.resourcemanager.scheduler.fair,FSAppAttempt,12,0,39,34,432,90,0,1,0.1282051282051282,15,23,/Users/eashraf/hadoop/hadoop-yarn-project/hadoop-yarn/hadoop-yarn-server/hadoop-yarn-server-resourcemanager/src/main/java/org/apache/hadoop/yarn/server/resourcemanager/scheduler/fair/FSAppAttempt.java,59
hadoop,org.apache.hadoop.yarn.server.resourcemanager.scheduler.fair,FSAppAttempt.RMContainerComparator,0,0,0,0,9,0,0,0,-1.0,0,0,/Users/eashraf/hadoop/hadoop-yarn-project/hadoop-yarn/hadoop-yarn-server/hadoop-yarn-server-resourcemanager/src/main/java/org/apache/hadoop/yarn/server/resourcemanager/scheduler/fair/FSAppAttempt.java,692
hadoop,org.apache.hadoop.yarn.server.resourcemanager.scheduler.fair,QueuePlacementRule,4,1,6,4,222,10,7,0,0.5,4,4,/Users/eashraf/hadoop/hadoop-yarn-project/hadoop-yarn/hadoop-yarn-server/hadoop-yarn-server-resourcemanager/src/main/java/org/apache/hadoop/yarn/server/resourcemanager/scheduler/fair/QueuePlacementRule.java,39
hadoop,org.apache.hadoop.yarn.server.resourcemanager.scheduler.fair,QueuePlacementRule.User,0,0,0,0,11,0,0,1,-1.0,0,0,/Users/eashraf/hadoop/hadoop-yarn-project/hadoop-yarn/hadoop-yarn-server/hadoop-yarn-server-resourcemanager/src/main/java/org/apache/hadoop/yarn/server/resourcemanager/scheduler/fair/QueuePlacementRule.java,125
hadoop,org.apache.hadoop.yarn.server.resourcemanager.scheduler.fair,QueuePlacementRule.PrimaryGroup,0,0,0,0,11,0,0,1,-1.0,0,0,/Users/eashraf/hadoop/hadoop-yarn-project/hadoop-yarn/hadoop-yarn-server/hadoop-yarn-server-resourcemanager/src/main/java/org/apache/hadoop/yarn/server/resourcemanager/scheduler/fair/QueuePlacementRule.java,141
hadoop,org.apache.hadoop.yarn.server.resourcemanager.scheduler.fair,QueuePlacementRule.SecondaryGroupExistingQueue,0,0,0,0,18,0,0,1,-1.0,0,1,/Users/eashraf/hadoop/hadoop-yarn-project/hadoop-yarn/hadoop-yarn-server/hadoop-yarn-server-resourcemanager/src/main/java/org/apache/hadoop/yarn/server/resourcemanager/scheduler/fair/QueuePlacementRule.java,158
hadoop,org.apache.hadoop.yarn.server.resourcemanager.scheduler.fair,QueuePlacementRule.NestedUserQueue,1,0,0,0,49,0,0,1,-1.0,0,2,/Users/eashraf/hadoop/hadoop-yarn-project/hadoop-yarn/hadoop-yarn-server/hadoop-yarn-server-resourcemanager/src/main/java/org/apache/hadoop/yarn/server/resourcemanager/scheduler/fair/QueuePlacementRule.java,188
hadoop,org.apache.hadoop.yarn.server.resourcemanager.scheduler.fair,QueuePlacementRule.Specified,0,0,0,0,19,0,0,1,-1.0,0,1,/Users/eashraf/hadoop/hadoop-yarn-project/hadoop-yarn/hadoop-yarn-server/hadoop-yarn-server-resourcemanager/src/main/java/org/apache/hadoop/yarn/server/resourcemanager/scheduler/fair/QueuePlacementRule.java,259
hadoop,org.apache.hadoop.yarn.server.resourcemanager.scheduler.fair,QueuePlacementRule.Default,1,0,0,0,30,0,0,1,-1.0,0,1,/Users/eashraf/hadoop/hadoop-yarn-project/hadoop-yarn/hadoop-yarn-server/hadoop-yarn-server-resourcemanager/src/main/java/org/apache/hadoop/yarn/server/resourcemanager/scheduler/fair/QueuePlacementRule.java,282
hadoop,org.apache.hadoop.yarn.server.resourcemanager.scheduler.fair,QueuePlacementRule.Reject,0,0,0,0,14,0,0,1,-1.0,0,0,/Users/eashraf/hadoop/hadoop-yarn-project/hadoop-yarn/hadoop-yarn-server/hadoop-yarn-server-resourcemanager/src/main/java/org/apache/hadoop/yarn/server/resourcemanager/scheduler/fair/QueuePlacementRule.java,325
hadoop,org.apache.hadoop.yarn.server.resourcemanager.scheduler.fair,Schedulable,0,0,13,13,57,13,3,0,-1.0,2,2,/Users/eashraf/hadoop/hadoop-yarn-project/hadoop-yarn/hadoop-yarn-server/hadoop-yarn-server-resourcemanager/src/main/java/org/apache/hadoop/yarn/server/resourcemanager/scheduler/fair/Schedulable.java,28
hadoop,org.apache.hadoop.yarn.server.resourcemanager.scheduler.fair,AllocationConfigurationException,1,0,2,2,12,2,0,0,1.0,11,0,/Users/eashraf/hadoop/hadoop-yarn-project/hadoop-yarn/hadoop-yarn-server/hadoop-yarn-server-resourcemanager/src/main/java/org/apache/hadoop/yarn/server/resourcemanager/scheduler/fair/AllocationConfigurationException.java,24
hadoop,org.apache.hadoop.yarn.server.resourcemanager.scheduler.fair,FSSchedulerNode,2,0,4,4,35,8,0,0,0.5,7,6,/Users/eashraf/hadoop/hadoop-yarn-project/hadoop-yarn/hadoop-yarn-server/hadoop-yarn-server-resourcemanager/src/main/java/org/apache/hadoop/yarn/server/resourcemanager/scheduler/fair/FSSchedulerNode.java,32
hadoop,org.apache.hadoop.yarn.server.resourcemanager.scheduler.fair,FifoAppComparator,1,0,1,1,21,4,0,0,0.0,0,1,/Users/eashraf/hadoop/hadoop-yarn-project/hadoop-yarn/hadoop-yarn-server/hadoop-yarn-server-resourcemanager/src/main/java/org/apache/hadoop/yarn/server/resourcemanager/scheduler/fair/FifoAppComparator.java,27
hadoop,org.apache.hadoop.yarn.server.resourcemanager.scheduler.fair,FairSchedulerConfiguration,44,11,24,23,189,25,0,0,0.9583333333333334,21,6,/Users/eashraf/hadoop/hadoop-yarn-project/hadoop-yarn/hadoop-yarn-server/hadoop-yarn-server-resourcemanager/src/main/java/org/apache/hadoop/yarn/server/resourcemanager/scheduler/fair/FairSchedulerConfiguration.java,37
hadoop,org.apache.hadoop.yarn.server.resourcemanager.scheduler.fair,SchedulingPolicy,7,6,12,12,109,17,0,0,0.8333333333333334,14,7,/Users/eashraf/hadoop/hadoop-yarn-project/hadoop-yarn/hadoop-yarn-server/hadoop-yarn-server-resourcemanager/src/main/java/org/apache/hadoop/yarn/server/resourcemanager/scheduler/fair/SchedulingPolicy.java,33
hadoop,org.apache.hadoop.yarn.server.resourcemanager.scheduler.fair,AllocationFileLoaderService,12,4,10,9,388,80,2,0,0.2,4,13,/Users/eashraf/hadoop/hadoop-yarn-project/hadoop-yarn/hadoop-yarn-server/hadoop-yarn-server-resourcemanager/src/main/java/org/apache/hadoop/yarn/server/resourcemanager/scheduler/fair/AllocationFileLoaderService.java,56
hadoop,org.apache.hadoop.yarn.server.resourcemanager.scheduler.fair,AllocationFileLoaderService.Listener,0,0,0,0,3,0,0,0,-1.0,0,0,/Users/eashraf/hadoop/hadoop-yarn-project/hadoop-yarn/hadoop-yarn-server/hadoop-yarn-server-resourcemanager/src/main/java/org/apache/hadoop/yarn/server/resourcemanager/scheduler/fair/AllocationFileLoaderService.java,537
hadoop,org.apache.hadoop.yarn.server.resourcemanager.scheduler.fair,ReservationQueueConfiguration,9,0,15,15,64,15,0,0,0.0,2,1,/Users/eashraf/hadoop/hadoop-yarn-project/hadoop-yarn/hadoop-yarn-server/hadoop-yarn-server-resourcemanager/src/main/java/org/apache/hadoop/yarn/server/resourcemanager/scheduler/fair/ReservationQueueConfiguration.java,25
hadoop,org.apache.hadoop.yarn.server.resourcemanager.scheduler.fair,FairScheduler,39,1,68,37,1054,199,1,0,0.08823529411764706,29,56,/Users/eashraf/hadoop/hadoop-yarn-project/hadoop-yarn/hadoop-yarn-server/hadoop-yarn-server-resourcemanager/src/main/java/org/apache/hadoop/yarn/server/resourcemanager/scheduler/fair/FairScheduler.java,95
hadoop,org.apache.hadoop.yarn.server.resourcemanager.scheduler.fair,FairScheduler.UpdateThread,0,0,0,0,24,0,0,0,-1.0,0,0,/Users/eashraf/hadoop/hadoop-yarn-project/hadoop-yarn/hadoop-yarn-server/hadoop-yarn-server-resourcemanager/src/main/java/org/apache/hadoop/yarn/server/resourcemanager/scheduler/fair/FairScheduler.java,249
hadoop,org.apache.hadoop.yarn.server.resourcemanager.scheduler.fair,FairScheduler.ContinuousSchedulingThread,0,0,0,0,17,0,0,0,-1.0,0,0,/Users/eashraf/hadoop/hadoop-yarn-project/hadoop-yarn/hadoop-yarn-server/hadoop-yarn-server-resourcemanager/src/main/java/org/apache/hadoop/yarn/server/resourcemanager/scheduler/fair/FairScheduler.java,275
hadoop,org.apache.hadoop.yarn.server.resourcemanager.scheduler.fair,FairScheduler.NodeAvailableResourceComparator,0,0,0,0,14,0,0,0,-1.0,0,0,/Users/eashraf/hadoop/hadoop-yarn-project/hadoop-yarn/hadoop-yarn-server/hadoop-yarn-server-resourcemanager/src/main/java/org/apache/hadoop/yarn/server/resourcemanager/scheduler/fair/FairScheduler.java,1019
hadoop,org.apache.hadoop.yarn.server.resourcemanager.scheduler.fair,FairScheduler.AllocationReloadListener,0,0,0,0,9,0,0,1,-1.0,0,1,/Users/eashraf/hadoop/hadoop-yarn-project/hadoop-yarn/hadoop-yarn-server/hadoop-yarn-server-resourcemanager/src/main/java/org/apache/hadoop/yarn/server/resourcemanager/scheduler/fair/FairScheduler.java,1469
hadoop,org.apache.hadoop.yarn.server.resourcemanager.scheduler.fair,NewAppWeightBooster,4,0,2,2,26,4,0,1,0.0,0,2,/Users/eashraf/hadoop/hadoop-yarn-project/hadoop-yarn/hadoop-yarn-server/hadoop-yarn-server-resourcemanager/src/main/java/org/apache/hadoop/yarn/server/resourcemanager/scheduler/fair/NewAppWeightBooster.java,26
hadoop,org.apache.hadoop.yarn.server.resourcemanager.scheduler.fair,FSQueueType,0,0,0,0,1,0,0,0,-1.0,10,0,/Users/eashraf/hadoop/hadoop-yarn-project/hadoop-yarn/hadoop-yarn-server/hadoop-yarn-server-resourcemanager/src/main/java/org/apache/hadoop/yarn/server/resourcemanager/scheduler/fair/FSQueueType.java,21
hadoop,org.apache.hadoop.yarn.server.resourcemanager.scheduler.fair,FSLeafQueue,11,0,40,32,419,77,0,2,0.15,11,15,/Users/eashraf/hadoop/hadoop-yarn-project/hadoop-yarn/hadoop-yarn-server/hadoop-yarn-server-resourcemanager/src/main/java/org/apache/hadoop/yarn/server/resourcemanager/scheduler/fair/FSLeafQueue.java,47
hadoop,org.apache.hadoop.yarn.server.resourcemanager.scheduler.fair,FSQueue,11,0,35,33,186,43,2,1,0.2,10,14,/Users/eashraf/hadoop/hadoop-yarn-project/hadoop-yarn/hadoop-yarn-server/hadoop-yarn-server-resourcemanager/src/main/java/org/apache/hadoop/yarn/server/resourcemanager/scheduler/fair/FSQueue.java,41
hadoop,org.apache.hadoop.yarn.server.resourcemanager.scheduler.fair.policies,TestEmptyQueues,1,0,5,4,18,5,0,0,0.0,0,5,/Users/eashraf/hadoop/hadoop-yarn-project/hadoop-yarn/hadoop-yarn-server/hadoop-yarn-server-resourcemanager/src/test/java/org/apache/hadoop/yarn/server/resourcemanager/scheduler/fair/policies/TestEmptyQueues.java,30
hadoop,org.apache.hadoop.yarn.server.resourcemanager.scheduler.fair.policies,TestDominantResourceFairnessPolicy,0,0,14,9,65,14,0,0,-1.0,0,6,/Users/eashraf/hadoop/hadoop-yarn-project/hadoop-yarn/hadoop-yarn-server/hadoop-yarn-server-resourcemanager/src/test/java/org/apache/hadoop/yarn/server/resourcemanager/scheduler/fair/policies/TestDominantResourceFairnessPolicy.java,34
hadoop,org.apache.hadoop.yarn.server.resourcemanager.scheduler.fair.policies,ComputeFairShares,1,0,9,2,141,28,0,0,0.0,3,3,/Users/eashraf/hadoop/hadoop-yarn-project/hadoop-yarn/hadoop-yarn-server/hadoop-yarn-server-resourcemanager/src/main/java/org/apache/hadoop/yarn/server/resourcemanager/scheduler/fair/policies/ComputeFairShares.java,28
hadoop,org.apache.hadoop.yarn.server.resourcemanager.scheduler.fair.policies,FairSharePolicy,5,1,8,8,63,8,0,0,1.0,5,6,/Users/eashraf/hadoop/hadoop-yarn-project/hadoop-yarn/hadoop-yarn-server/hadoop-yarn-server-resourcemanager/src/main/java/org/apache/hadoop/yarn/server/resourcemanager/scheduler/fair/policies/FairSharePolicy.java,36
hadoop,org.apache.hadoop.yarn.server.resourcemanager.scheduler.fair.policies,FairSharePolicy.FairShareComparator,2,0,0,0,29,0,0,0,-1.0,0,2,/Users/eashraf/hadoop/hadoop-yarn-project/hadoop-yarn/hadoop-yarn-server/hadoop-yarn-server-resourcemanager/src/main/java/org/apache/hadoop/yarn/server/resourcemanager/scheduler/fair/policies/FairSharePolicy.java,53
hadoop,org.apache.hadoop.yarn.server.resourcemanager.scheduler.fair.policies,DominantResourceFairnessPolicy,4,1,9,9,105,11,0,0,0.8888888888888888,7,6,/Users/eashraf/hadoop/hadoop-yarn-project/hadoop-yarn/hadoop-yarn-server/hadoop-yarn-server-resourcemanager/src/main/java/org/apache/hadoop/yarn/server/resourcemanager/scheduler/fair/policies/DominantResourceFairnessPolicy.java,36
hadoop,org.apache.hadoop.yarn.server.resourcemanager.scheduler.fair.policies,DominantResourceFairnessPolicy.DominantResourceFairnessComparator,2,0,0,0,64,0,0,0,-1.0,0,2,/Users/eashraf/hadoop/hadoop-yarn-project/hadoop-yarn/hadoop-yarn-server/hadoop-yarn-server-resourcemanager/src/main/java/org/apache/hadoop/yarn/server/resourcemanager/scheduler/fair/policies/DominantResourceFairnessPolicy.java,111
hadoop,org.apache.hadoop.yarn.server.resourcemanager.scheduler.fair.policies,FifoPolicy,3,1,8,8,54,11,0,0,1.0,4,4,/Users/eashraf/hadoop/hadoop-yarn-project/hadoop-yarn/hadoop-yarn-server/hadoop-yarn-server-resourcemanager/src/main/java/org/apache/hadoop/yarn/server/resourcemanager/scheduler/fair/policies/FifoPolicy.java,34
hadoop,org.apache.hadoop.yarn.server.resourcemanager.scheduler.fair.policies,FifoPolicy.FifoComparator,1,0,0,0,16,0,0,0,-1.0,0,0,/Users/eashraf/hadoop/hadoop-yarn-project/hadoop-yarn/hadoop-yarn-server/hadoop-yarn-server-resourcemanager/src/main/java/org/apache/hadoop/yarn/server/resourcemanager/scheduler/fair/policies/FifoPolicy.java,46
hadoop,org.apache.hadoop.yarn.server.resourcemanager.scheduler.fifo,TestFifoScheduler,4,0,17,12,355,17,0,0,0.4117647058823529,0,39,/Users/eashraf/hadoop/hadoop-yarn-project/hadoop-yarn/hadoop-yarn-server/hadoop-yarn-server-resourcemanager/src/test/java/org/apache/hadoop/yarn/server/resourcemanager/scheduler/fifo/TestFifoScheduler.java,84
hadoop,org.apache.hadoop.yarn.server.resourcemanager.scheduler.fifo,FifoScheduler,10,0,51,32,487,109,0,0,0.21568627450980393,13,49,/Users/eashraf/hadoop/hadoop-yarn-project/hadoop-yarn/hadoop-yarn-server/hadoop-yarn-server-resourcemanager/src/main/java/org/apache/hadoop/yarn/server/resourcemanager/scheduler/fifo/FifoScheduler.java,100
hadoop,org.apache.hadoop.yarn.server.resourcemanager.reservation,TestCapacityReservationSystem,0,0,2,2,60,2,0,0,-1.0,0,5,/Users/eashraf/hadoop/hadoop-yarn-project/hadoop-yarn/hadoop-yarn-server/hadoop-yarn-server-resourcemanager/src/test/java/org/apache/hadoop/yarn/server/resourcemanager/reservation/TestCapacityReservationSystem.java,29
hadoop,org.apache.hadoop.yarn.server.resourcemanager.reservation,TestSchedulerPlanFollowerBase,9,0,9,0,93,11,2,0,0.0,0,18,/Users/eashraf/hadoop/hadoop-yarn-project/hadoop-yarn/hadoop-yarn-server/hadoop-yarn-server-resourcemanager/src/test/java/org/apache/hadoop/yarn/server/resourcemanager/reservation/TestSchedulerPlanFollowerBase.java,43
hadoop,org.apache.hadoop.yarn.server.resourcemanager.reservation,TestNoOverCommitPolicy,8,0,8,8,63,11,0,0,0.0,0,9,/Users/eashraf/hadoop/hadoop-yarn-project/hadoop-yarn/hadoop-yarn-server/hadoop-yarn-server-resourcemanager/src/test/java/org/apache/hadoop/yarn/server/resourcemanager/reservation/TestNoOverCommitPolicy.java,36
hadoop,org.apache.hadoop.yarn.server.resourcemanager.reservation,ReservationSystemTestUtil,2,1,20,20,228,21,0,0,0.45,12,19,/Users/eashraf/hadoop/hadoop-yarn-project/hadoop-yarn/hadoop-yarn-server/hadoop-yarn-server-resourcemanager/src/test/java/org/apache/hadoop/yarn/server/resourcemanager/reservation/ReservationSystemTestUtil.java,62
hadoop,org.apache.hadoop.yarn.server.resourcemanager.reservation,TestCapacityOverTimePolicy,11,0,10,10,95,13,0,0,0.0,0,9,/Users/eashraf/hadoop/hadoop-yarn-project/hadoop-yarn/hadoop-yarn-server/hadoop-yarn-server-resourcemanager/src/test/java/org/apache/hadoop/yarn/server/resourcemanager/reservation/TestCapacityOverTimePolicy.java,41
hadoop,org.apache.hadoop.yarn.server.resourcemanager.reservation,TestRLESparseResourceAllocation,1,0,5,4,107,19,0,0,0.0,0,4,/Users/eashraf/hadoop/hadoop-yarn-project/hadoop-yarn/hadoop-yarn-server/hadoop-yarn-server-resourcemanager/src/test/java/org/apache/hadoop/yarn/server/resourcemanager/reservation/TestRLESparseResourceAllocation.java,35
hadoop,org.apache.hadoop.yarn.server.resourcemanager.reservation,TestReservationInputValidator,7,0,27,25,400,31,0,0,0.0,0,16,/Users/eashraf/hadoop/hadoop-yarn-project/hadoop-yarn/hadoop-yarn-server/hadoop-yarn-server-resourcemanager/src/test/java/org/apache/hadoop/yarn/server/resourcemanager/reservation/TestReservationInputValidator.java,54
hadoop,org.apache.hadoop.yarn.server.resourcemanager.reservation,TestInMemoryPlan,11,0,13,10,311,25,0,0,0.0,0,17,/Users/eashraf/hadoop/hadoop-yarn-project/hadoop-yarn/hadoop-yarn-server/hadoop-yarn-server-resourcemanager/src/test/java/org/apache/hadoop/yarn/server/resourcemanager/reservation/TestInMemoryPlan.java,46
hadoop,org.apache.hadoop.yarn.server.resourcemanager.reservation,TestFairReservationSystem,4,0,5,4,59,5,0,0,0.0,0,9,/Users/eashraf/hadoop/hadoop-yarn-project/hadoop-yarn/hadoop-yarn-server/hadoop-yarn-server-resourcemanager/src/test/java/org/apache/hadoop/yarn/server/resourcemanager/reservation/TestFairReservationSystem.java,38
hadoop,org.apache.hadoop.yarn.server.resourcemanager.reservation,TestCapacitySchedulerPlanFollower,5,1,14,5,98,15,0,1,0.5,0,17,/Users/eashraf/hadoop/hadoop-yarn-project/hadoop-yarn/hadoop-yarn-server/hadoop-yarn-server-resourcemanager/src/test/java/org/apache/hadoop/yarn/server/resourcemanager/reservation/TestCapacitySchedulerPlanFollower.java,59
hadoop,org.apache.hadoop.yarn.server.resourcemanager.reservation,TestSimpleCapacityReplanner,0,0,2,1,66,5,0,0,-1.0,0,12,/Users/eashraf/hadoop/hadoop-yarn-project/hadoop-yarn/hadoop-yarn-server/hadoop-yarn-server-resourcemanager/src/test/java/org/apache/hadoop/yarn/server/resourcemanager/reservation/TestSimpleCapacityReplanner.java,40
hadoop,org.apache.hadoop.yarn.server.resourcemanager.reservation,TestGreedyReservationAgent,7,0,14,12,332,20,0,0,0.0,0,17,/Users/eashraf/hadoop/hadoop-yarn-project/hadoop-yarn/hadoop-yarn-server/hadoop-yarn-server-resourcemanager/src/test/java/org/apache/hadoop/yarn/server/resourcemanager/reservation/TestGreedyReservationAgent.java,50
hadoop,org.apache.hadoop.yarn.server.resourcemanager.reservation,TestInMemoryReservationAllocation,5,0,10,7,117,17,0,0,0.0,0,9,/Users/eashraf/hadoop/hadoop-yarn-project/hadoop-yarn/hadoop-yarn-server/hadoop-yarn-server-resourcemanager/src/test/java/org/apache/hadoop/yarn/server/resourcemanager/reservation/TestInMemoryReservationAllocation.java,40
hadoop,org.apache.hadoop.yarn.server.resourcemanager.reservation,TestFairSchedulerPlanFollower,7,1,15,5,87,16,0,1,0.4,0,20,/Users/eashraf/hadoop/hadoop-yarn-project/hadoop-yarn/hadoop-yarn-server/hadoop-yarn-server-resourcemanager/src/test/java/org/apache/hadoop/yarn/server/resourcemanager/reservation/TestFairSchedulerPlanFollower.java,62
hadoop,org.apache.hadoop.yarn.server.resourcemanager.reservation,CapacityReservationSystem,2,0,9,2,43,10,0,2,0.2222222222222222,1,8,/Users/eashraf/hadoop/hadoop-yarn-project/hadoop-yarn/hadoop-yarn-server/hadoop-yarn-server-resourcemanager/src/main/java/org/apache/hadoop/yarn/server/resourcemanager/reservation/CapacityReservationSystem.java,36
hadoop,org.apache.hadoop.yarn.server.resourcemanager.reservation,PlanFollower,0,0,3,3,22,3,1,0,-1.0,1,3,/Users/eashraf/hadoop/hadoop-yarn-project/hadoop-yarn/hadoop-yarn-server/hadoop-yarn-server-resourcemanager/src/main/java/org/apache/hadoop/yarn/server/resourcemanager/reservation/PlanFollower.java,25
hadoop,org.apache.hadoop.yarn.server.resourcemanager.reservation,AbstractReservationSystem,15,0,29,14,290,48,2,1,0.06896551724137931,2,17,/Users/eashraf/hadoop/hadoop-yarn-project/hadoop-yarn/hadoop-yarn-server/hadoop-yarn-server-resourcemanager/src/main/java/org/apache/hadoop/yarn/server/resourcemanager/reservation/AbstractReservationSystem.java,53
hadoop,org.apache.hadoop.yarn.server.resourcemanager.reservation,CapacityOverTimePolicy,6,0,3,3,98,10,0,1,0.0,3,5,/Users/eashraf/hadoop/hadoop-yarn-project/hadoop-yarn/hadoop-yarn-server/hadoop-yarn-server-resourcemanager/src/main/java/org/apache/hadoop/yarn/server/resourcemanager/reservation/CapacityOverTimePolicy.java,31
hadoop,org.apache.hadoop.yarn.server.resourcemanager.reservation,CapacityOverTimePolicy.IntegralResource,2,0,0,0,37,0,0,0,-1.0,0,0,/Users/eashraf/hadoop/hadoop-yarn-project/hadoop-yarn/hadoop-yarn-server/hadoop-yarn-server-resourcemanager/src/main/java/org/apache/hadoop/yarn/server/resourcemanager/reservation/CapacityOverTimePolicy.java,196
hadoop,org.apache.hadoop.yarn.server.resourcemanager.reservation,ReservationSchedulerConfiguration,8,8,12,12,94,12,0,0,0.9166666666666666,15,1,/Users/eashraf/hadoop/hadoop-yarn-project/hadoop-yarn/hadoop-yarn-server/hadoop-yarn-server-resourcemanager/src/main/java/org/apache/hadoop/yarn/server/resourcemanager/reservation/ReservationSchedulerConfiguration.java,25
hadoop,org.apache.hadoop.yarn.server.resourcemanager.reservation,ReservationAgent,0,0,3,3,34,3,1,0,-1.0,11,3,/Users/eashraf/hadoop/hadoop-yarn-project/hadoop-yarn/hadoop-yarn-server/hadoop-yarn-server-resourcemanager/src/main/java/org/apache/hadoop/yarn/server/resourcemanager/reservation/ReservationAgent.java,24
hadoop,org.apache.hadoop.yarn.server.resourcemanager.reservation,Planner,0,0,2,1,15,2,1,0,-1.0,4,2,/Users/eashraf/hadoop/hadoop-yarn-project/hadoop-yarn/hadoop-yarn-server/hadoop-yarn-server-resourcemanager/src/main/java/org/apache/hadoop/yarn/server/resourcemanager/reservation/Planner.java,26
hadoop,org.apache.hadoop.yarn.server.resourcemanager.reservation,ReservationInputValidator,1,0,6,4,124,19,0,0,0.0,2,14,/Users/eashraf/hadoop/hadoop-yarn-project/hadoop-yarn/hadoop-yarn-server/hadoop-yarn-server-resourcemanager/src/main/java/org/apache/hadoop/yarn/server/resourcemanager/reservation/ReservationInputValidator.java,40
hadoop,org.apache.hadoop.yarn.server.resourcemanager.reservation,PlanContext,0,0,10,10,55,10,3,0,-1.0,0,3,/Users/eashraf/hadoop/hadoop-yarn-project/hadoop-yarn/hadoop-yarn-server/hadoop-yarn-server-resourcemanager/src/main/java/org/apache/hadoop/yarn/server/resourcemanager/reservation/PlanContext.java,26
hadoop,org.apache.hadoop.yarn.server.resourcemanager.reservation,AbstractSchedulerPlanFollower,7,0,19,4,246,40,2,1,0.0,3,9,/Users/eashraf/hadoop/hadoop-yarn-project/hadoop-yarn/hadoop-yarn-server/hadoop-yarn-server-resourcemanager/src/main/java/org/apache/hadoop/yarn/server/resourcemanager/reservation/AbstractSchedulerPlanFollower.java,44
hadoop,org.apache.hadoop.yarn.server.resourcemanager.reservation,AbstractSchedulerPlanFollower.ReservationAllocationComparator,3,0,0,0,26,0,0,0,-1.0,0,2,/Users/eashraf/hadoop/hadoop-yarn-project/hadoop-yarn/hadoop-yarn-server/hadoop-yarn-server-resourcemanager/src/main/java/org/apache/hadoop/yarn/server/resourcemanager/reservation/AbstractSchedulerPlanFollower.java,371
hadoop,org.apache.hadoop.yarn.server.resourcemanager.reservation,NoOverCommitPolicy,0,0,3,3,30,7,0,1,-1.0,2,5,/Users/eashraf/hadoop/hadoop-yarn-project/hadoop-yarn/hadoop-yarn-server/hadoop-yarn-server-resourcemanager/src/main/java/org/apache/hadoop/yarn/server/resourcemanager/reservation/NoOverCommitPolicy.java,29
hadoop,org.apache.hadoop.yarn.server.resourcemanager.reservation,ReservationConstants,1,0,0,0,6,0,0,0,-1.0,6,0,/Users/eashraf/hadoop/hadoop-yarn-project/hadoop-yarn/hadoop-yarn-server/hadoop-yarn-server-resourcemanager/src/main/java/org/apache/hadoop/yarn/server/resourcemanager/reservation/ReservationConstants.java,21
hadoop,org.apache.hadoop.yarn.server.resourcemanager.reservation,CapacitySchedulerPlanFollower,2,0,9,1,77,13,0,2,0.3333333333333333,1,11,/Users/eashraf/hadoop/hadoop-yarn-project/hadoop-yarn/hadoop-yarn-server/hadoop-yarn-server-resourcemanager/src/main/java/org/apache/hadoop/yarn/server/resourcemanager/reservation/CapacitySchedulerPlanFollower.java,40
hadoop,org.apache.hadoop.yarn.server.resourcemanager.reservation,InMemoryPlan,21,0,30,25,377,60,0,4,0.0,7,13,/Users/eashraf/hadoop/hadoop-yarn-project/hadoop-yarn/hadoop-yarn-server/hadoop-yarn-server-resourcemanager/src/main/java/org/apache/hadoop/yarn/server/resourcemanager/reservation/InMemoryPlan.java,45
hadoop,org.apache.hadoop.yarn.server.resourcemanager.reservation,ReservationAllocation,0,0,11,11,61,11,1,0,-1.0,13,0,/Users/eashraf/hadoop/hadoop-yarn-project/hadoop-yarn/hadoop-yarn-server/hadoop-yarn-server-resourcemanager/src/main/java/org/apache/hadoop/yarn/server/resourcemanager/reservation/ReservationAllocation.java,28
hadoop,org.apache.hadoop.yarn.server.resourcemanager.reservation,RLESparseResourceAllocation,8,0,12,10,252,33,0,0,0.0,4,6,/Users/eashraf/hadoop/hadoop-yarn-project/hadoop-yarn/hadoop-yarn-server/hadoop-yarn-server-resourcemanager/src/main/java/org/apache/hadoop/yarn/server/resourcemanager/reservation/RLESparseResourceAllocation.java,42
hadoop,org.apache.hadoop.yarn.server.resourcemanager.reservation,SharingPolicy,0,0,3,3,23,3,2,0,-1.0,5,3,/Users/eashraf/hadoop/hadoop-yarn-project/hadoop-yarn/hadoop-yarn-server/hadoop-yarn-server-resourcemanager/src/main/java/org/apache/hadoop/yarn/server/resourcemanager/reservation/SharingPolicy.java,25
hadoop,org.apache.hadoop.yarn.server.resourcemanager.reservation,ReservationInterval,2,0,8,8,80,16,0,0,0.0,3,0,/Users/eashraf/hadoop/hadoop-yarn-project/hadoop-yarn/hadoop-yarn-server/hadoop-yarn-server-resourcemanager/src/main/java/org/apache/hadoop/yarn/server/resourcemanager/reservation/ReservationInterval.java,21
hadoop,org.apache.hadoop.yarn.server.resourcemanager.reservation,InMemoryReservationAllocation,10,0,16,15,91,24,0,1,0.125,4,7,/Users/eashraf/hadoop/hadoop-yarn-project/hadoop-yarn/hadoop-yarn-server/hadoop-yarn-server-resourcemanager/src/main/java/org/apache/hadoop/yarn/server/resourcemanager/reservation/InMemoryReservationAllocation.java,30
hadoop,org.apache.hadoop.yarn.server.resourcemanager.reservation,GreedyReservationAgent,1,0,8,3,159,35,0,1,0.25,1,11,/Users/eashraf/hadoop/hadoop-yarn-project/hadoop-yarn/hadoop-yarn-server/hadoop-yarn-server-resourcemanager/src/main/java/org/apache/hadoop/yarn/server/resourcemanager/reservation/GreedyReservationAgent.java,38
hadoop,org.apache.hadoop.yarn.server.resourcemanager.reservation,PlanView,0,0,8,8,50,8,2,1,-1.0,0,2,/Users/eashraf/hadoop/hadoop-yarn-project/hadoop-yarn/hadoop-yarn-server/hadoop-yarn-server-resourcemanager/src/main/java/org/apache/hadoop/yarn/server/resourcemanager/reservation/PlanView.java,25
hadoop,org.apache.hadoop.yarn.server.resourcemanager.reservation,Plan,0,0,0,0,5,0,1,3,-1.0,20,0,/Users/eashraf/hadoop/hadoop-yarn-project/hadoop-yarn/hadoop-yarn-server/hadoop-yarn-server-resourcemanager/src/main/java/org/apache/hadoop/yarn/server/resourcemanager/reservation/Plan.java,23
hadoop,org.apache.hadoop.yarn.server.resourcemanager.reservation,FairReservationSystem,1,0,9,2,36,10,0,2,0.3333333333333333,1,5,/Users/eashraf/hadoop/hadoop-yarn-project/hadoop-yarn/hadoop-yarn-server/hadoop-yarn-server-resourcemanager/src/main/java/org/apache/hadoop/yarn/server/resourcemanager/reservation/FairReservationSystem.java,31
hadoop,org.apache.hadoop.yarn.server.resourcemanager.reservation,ReservationSystem,0,0,9,0,55,9,1,0,-1.0,7,4,/Users/eashraf/hadoop/hadoop-yarn-project/hadoop-yarn/hadoop-yarn-server/hadoop-yarn-server-resourcemanager/src/main/java/org/apache/hadoop/yarn/server/resourcemanager/reservation/ReservationSystem.java,34
hadoop,org.apache.hadoop.yarn.server.resourcemanager.reservation,PlanEdit,0,0,5,5,33,5,1,2,-1.0,0,3,/Users/eashraf/hadoop/hadoop-yarn-project/hadoop-yarn/hadoop-yarn-server/hadoop-yarn-server-resourcemanager/src/main/java/org/apache/hadoop/yarn/server/resourcemanager/reservation/PlanEdit.java,25
hadoop,org.apache.hadoop.yarn.server.resourcemanager.reservation,SimpleCapacityReplanner,4,0,4,3,38,8,0,1,0.5,1,7,/Users/eashraf/hadoop/hadoop-yarn-project/hadoop-yarn/hadoop-yarn-server/hadoop-yarn-server-resourcemanager/src/main/java/org/apache/hadoop/yarn/server/resourcemanager/reservation/SimpleCapacityReplanner.java,38
hadoop,org.apache.hadoop.yarn.server.resourcemanager.reservation,FairSchedulerPlanFollower,2,0,11,1,61,15,0,2,0.36363636363636365,1,11,/Users/eashraf/hadoop/hadoop-yarn-project/hadoop-yarn/hadoop-yarn-server/hadoop-yarn-server-resourcemanager/src/main/java/org/apache/hadoop/yarn/server/resourcemanager/reservation/FairSchedulerPlanFollower.java,37
hadoop,org.apache.hadoop.yarn.server.resourcemanager.ahs,TestRMApplicationHistoryWriter,5,0,25,15,363,50,0,0,0.48,0,29,/Users/eashraf/hadoop/hadoop-yarn-project/hadoop-yarn/hadoop-yarn-server/hadoop-yarn-server-resourcemanager/src/test/java/org/apache/hadoop/yarn/server/resourcemanager/ahs/TestRMApplicationHistoryWriter.java,70
hadoop,org.apache.hadoop.yarn.server.resourcemanager.ahs,TestRMApplicationHistoryWriter.MultiThreadedDispatcher,0,0,0,0,10,0,0,1,-1.0,0,1,/Users/eashraf/hadoop/hadoop-yarn-project/hadoop-yarn/hadoop-yarn-server/hadoop-yarn-server-resourcemanager/src/test/java/org/apache/hadoop/yarn/server/resourcemanager/ahs/TestRMApplicationHistoryWriter.java,106
hadoop,org.apache.hadoop.yarn.server.resourcemanager.ahs,TestRMApplicationHistoryWriter.CounterDispatcher,1,0,0,0,32,0,0,0,-1.0,0,0,/Users/eashraf/hadoop/hadoop-yarn-project/hadoop-yarn/hadoop-yarn-server/hadoop-yarn-server-resourcemanager/src/test/java/org/apache/hadoop/yarn/server/resourcemanager/ahs/TestRMApplicationHistoryWriter.java,503
hadoop,org.apache.hadoop.yarn.server.resourcemanager.ahs,WritingHistoryEventType,0,0,0,0,1,0,0,0,-1.0,8,0,/Users/eashraf/hadoop/hadoop-yarn-project/hadoop-yarn/hadoop-yarn-server/hadoop-yarn-server-resourcemanager/src/main/java/org/apache/hadoop/yarn/server/resourcemanager/ahs/WritingHistoryEventType.java,21
hadoop,org.apache.hadoop.yarn.server.resourcemanager.ahs,WritingContainerFinishEvent,2,0,4,4,18,4,0,1,0.0,1,3,/Users/eashraf/hadoop/hadoop-yarn-project/hadoop-yarn/hadoop-yarn-server/hadoop-yarn-server-resourcemanager/src/main/java/org/apache/hadoop/yarn/server/resourcemanager/ahs/WritingContainerFinishEvent.java,24
hadoop,org.apache.hadoop.yarn.server.resourcemanager.ahs,WritingApplicationStartEvent,2,0,4,4,18,4,0,1,0.0,1,3,/Users/eashraf/hadoop/hadoop-yarn-project/hadoop-yarn/hadoop-yarn-server/hadoop-yarn-server-resourcemanager/src/main/java/org/apache/hadoop/yarn/server/resourcemanager/ahs/WritingApplicationStartEvent.java,24
hadoop,org.apache.hadoop.yarn.server.resourcemanager.ahs,WritingApplicationFinishEvent,2,0,4,4,18,4,0,1,0.0,1,3,/Users/eashraf/hadoop/hadoop-yarn-project/hadoop-yarn/hadoop-yarn-server/hadoop-yarn-server-resourcemanager/src/main/java/org/apache/hadoop/yarn/server/resourcemanager/ahs/WritingApplicationFinishEvent.java,24
hadoop,org.apache.hadoop.yarn.server.resourcemanager.ahs,WritingContainerStartEvent,2,0,4,4,18,4,0,1,0.0,1,3,/Users/eashraf/hadoop/hadoop-yarn-project/hadoop-yarn/hadoop-yarn-server/hadoop-yarn-server-resourcemanager/src/main/java/org/apache/hadoop/yarn/server/resourcemanager/ahs/WritingContainerStartEvent.java,24
hadoop,org.apache.hadoop.yarn.server.resourcemanager.ahs,WritingApplicationAttemptStartEvent,2,0,4,4,18,4,0,1,0.0,1,3,/Users/eashraf/hadoop/hadoop-yarn-project/hadoop-yarn/hadoop-yarn-server/hadoop-yarn-server-resourcemanager/src/main/java/org/apache/hadoop/yarn/server/resourcemanager/ahs/WritingApplicationAttemptStartEvent.java,24
hadoop,org.apache.hadoop.yarn.server.resourcemanager.ahs,WritingApplicationHistoryEvent,0,0,1,1,5,1,6,0,-1.0,1,1,/Users/eashraf/hadoop/hadoop-yarn-project/hadoop-yarn/hadoop-yarn-server/hadoop-yarn-server-resourcemanager/src/main/java/org/apache/hadoop/yarn/server/resourcemanager/ahs/WritingApplicationHistoryEvent.java,23
hadoop,org.apache.hadoop.yarn.server.resourcemanager.ahs,WritingApplicationAttemptFinishEvent,2,0,4,4,18,4,0,1,0.0,1,3,/Users/eashraf/hadoop/hadoop-yarn-project/hadoop-yarn/hadoop-yarn-server/hadoop-yarn-server-resourcemanager/src/main/java/org/apache/hadoop/yarn/server/resourcemanager/ahs/WritingApplicationAttemptFinishEvent.java,24
hadoop,org.apache.hadoop.yarn.server.resourcemanager.ahs,RMApplicationHistoryWriter,5,1,11,7,172,25,1,0,0.18181818181818182,14,26,/Users/eashraf/hadoop/hadoop-yarn-project/hadoop-yarn/hadoop-yarn-server/hadoop-yarn-server-resourcemanager/src/main/java/org/apache/hadoop/yarn/server/resourcemanager/ahs/RMApplicationHistoryWriter.java,57
hadoop,org.apache.hadoop.yarn.server.resourcemanager.ahs,RMApplicationHistoryWriter.ForwardingEventHandler,0,0,0,0,8,0,0,0,-1.0,0,0,/Users/eashraf/hadoop/hadoop-yarn-project/hadoop-yarn/hadoop-yarn-server/hadoop-yarn-server-resourcemanager/src/main/java/org/apache/hadoop/yarn/server/resourcemanager/ahs/RMApplicationHistoryWriter.java,295
hadoop,org.apache.hadoop.yarn.server.resourcemanager.ahs,RMApplicationHistoryWriter.MultiThreadedDispatcher,1,0,0,0,33,0,0,0,-1.0,0,0,/Users/eashraf/hadoop/hadoop-yarn-project/hadoop-yarn/hadoop-yarn-server/hadoop-yarn-server-resourcemanager/src/main/java/org/apache/hadoop/yarn/server/resourcemanager/ahs/RMApplicationHistoryWriter.java,309
hadoop,org.apache.hadoop.yarn.server.resourcemanager.ahs,RMApplicationHistoryWriter.CompositEventHandler,0,0,0,0,6,0,0,0,-1.0,0,0,/Users/eashraf/hadoop/hadoop-yarn-project/hadoop-yarn/hadoop-yarn-server/hadoop-yarn-server-resourcemanager/src/main/java/org/apache/hadoop/yarn/server/resourcemanager/ahs/RMApplicationHistoryWriter.java,343
hadoop,org.apache.hadoop.yarn.server.resourcemanager.applicationsmanager,TestAMRMRPCNodeUpdates,3,0,11,6,120,12,0,0,0.36363636363636365,0,17,/Users/eashraf/hadoop/hadoop-yarn-project/hadoop-yarn/hadoop-yarn-server/hadoop-yarn-server-resourcemanager/src/test/java/org/apache/hadoop/yarn/server/resourcemanager/applicationsmanager/TestAMRMRPCNodeUpdates.java,50
hadoop,org.apache.hadoop.yarn.server.resourcemanager.applicationsmanager,TestASMStateMachine,0,0,0,0,2,0,0,0,-1.0,0,0,/Users/eashraf/hadoop/hadoop-yarn-project/hadoop-yarn/hadoop-yarn-server/hadoop-yarn-server-resourcemanager/src/test/java/org/apache/hadoop/yarn/server/resourcemanager/applicationsmanager/TestASMStateMachine.java,43
hadoop,org.apache.hadoop.yarn.server.resourcemanager.applicationsmanager,TestAMRestart,0,0,7,6,379,22,0,0,-1.0,0,25,/Users/eashraf/hadoop/hadoop-yarn-project/hadoop-yarn/hadoop-yarn-server/hadoop-yarn-server-resourcemanager/src/test/java/org/apache/hadoop/yarn/server/resourcemanager/applicationsmanager/TestAMRestart.java,63
hadoop,org.apache.hadoop.yarn.server.resourcemanager.applicationsmanager,MockAsm,1,0,18,18,171,19,0,0,0.9444444444444444,1,10,/Users/eashraf/hadoop/hadoop-yarn-project/hadoop-yarn/hadoop-yarn-server/hadoop-yarn-server-resourcemanager/src/test/java/org/apache/hadoop/yarn/server/resourcemanager/applicationsmanager/MockAsm.java,51
hadoop,org.apache.hadoop.yarn.server.resourcemanager.applicationsmanager,MockAsm.ApplicationBase,1,0,0,0,93,0,0,0,-1.0,0,1,/Users/eashraf/hadoop/hadoop-yarn-project/hadoop-yarn/hadoop-yarn-server/hadoop-yarn-server-resourcemanager/src/test/java/org/apache/hadoop/yarn/server/resourcemanager/applicationsmanager/MockAsm.java,54
hadoop,org.apache.hadoop.yarn.server.resourcemanager.applicationsmanager,TestAMRMRPCResponseId,2,0,5,4,50,6,0,0,0.0,0,11,/Users/eashraf/hadoop/hadoop-yarn-project/hadoop-yarn/hadoop-yarn-server/hadoop-yarn-server-resourcemanager/src/test/java/org/apache/hadoop/yarn/server/resourcemanager/applicationsmanager/TestAMRMRPCResponseId.java,40
hadoop,org.apache.hadoop.yarn.server.resourcemanager.applicationsmanager,TestSchedulerNegotiator,0,0,0,0,2,0,0,0,-1.0,0,0,/Users/eashraf/hadoop/hadoop-yarn-project/hadoop-yarn/hadoop-yarn-server/hadoop-yarn-server-resourcemanager/src/test/java/org/apache/hadoop/yarn/server/resourcemanager/applicationsmanager/TestSchedulerNegotiator.java,22
hadoop,org.apache.hadoop.yarn.server.resourcemanager.applicationsmanager,TestApplicationMasterExpiry,0,0,0,0,5,0,0,0,-1.0,0,0,/Users/eashraf/hadoop/hadoop-yarn-project/hadoop-yarn/hadoop-yarn-server/hadoop-yarn-server-resourcemanager/src/test/java/org/apache/hadoop/yarn/server/resourcemanager/applicationsmanager/TestApplicationMasterExpiry.java,43
hadoop,org.apache.hadoop.yarn.server.resourcemanager.applicationsmanager,TestAMLaunchFailure,0,0,0,0,2,0,0,0,-1.0,0,0,/Users/eashraf/hadoop/hadoop-yarn-project/hadoop-yarn/hadoop-yarn-server/hadoop-yarn-server-resourcemanager/src/test/java/org/apache/hadoop/yarn/server/resourcemanager/applicationsmanager/TestAMLaunchFailure.java,60
hadoop,org.apache.hadoop.yarn.server.resourcemanager.rmcontainer,TestRMContainerImpl,0,0,3,3,132,3,0,0,-1.0,0,31,/Users/eashraf/hadoop/hadoop-yarn-project/hadoop-yarn/hadoop-yarn-server/hadoop-yarn-server-resourcemanager/src/test/java/org/apache/hadoop/yarn/server/resourcemanager/rmcontainer/TestRMContainerImpl.java,70
hadoop,org.apache.hadoop.yarn.server.resourcemanager.rmcontainer,RMContainerEvent,1,0,2,2,10,2,3,0,0.0,1,2,/Users/eashraf/hadoop/hadoop-yarn-project/hadoop-yarn/hadoop-yarn-server/hadoop-yarn-server-resourcemanager/src/main/java/org/apache/hadoop/yarn/server/resourcemanager/rmcontainer/RMContainerEvent.java,24
hadoop,org.apache.hadoop.yarn.server.resourcemanager.rmcontainer,RMContainerFinishedEvent,1,0,2,2,10,2,0,1,0.0,0,3,/Users/eashraf/hadoop/hadoop-yarn-project/hadoop-yarn/hadoop-yarn-server/hadoop-yarn-server-resourcemanager/src/main/java/org/apache/hadoop/yarn/server/resourcemanager/rmcontainer/RMContainerFinishedEvent.java,24
hadoop,org.apache.hadoop.yarn.server.resourcemanager.rmcontainer,RMContainer,0,0,19,0,24,19,1,0,-1.0,41,1,/Users/eashraf/hadoop/hadoop-yarn-project/hadoop-yarn/hadoop-yarn-server/hadoop-yarn-server-resourcemanager/src/main/java/org/apache/hadoop/yarn/server/resourcemanager/rmcontainer/RMContainer.java,34
hadoop,org.apache.hadoop.yarn.server.resourcemanager.rmcontainer,RMContainerEventType,0,0,0,0,1,0,0,0,-1.0,21,0,/Users/eashraf/hadoop/hadoop-yarn-project/hadoop-yarn/hadoop-yarn-server/hadoop-yarn-server-resourcemanager/src/main/java/org/apache/hadoop/yarn/server/resourcemanager/rmcontainer/RMContainerEventType.java,21
hadoop,org.apache.hadoop.yarn.server.resourcemanager.rmcontainer,RMContainerState,0,0,0,0,1,0,0,0,-1.0,19,0,/Users/eashraf/hadoop/hadoop-yarn-project/hadoop-yarn/hadoop-yarn-server/hadoop-yarn-server-resourcemanager/src/main/java/org/apache/hadoop/yarn/server/resourcemanager/rmcontainer/RMContainerState.java,21
hadoop,org.apache.hadoop.yarn.server.resourcemanager.rmcontainer,RMContainerReservedEvent,3,0,4,4,23,4,0,1,0.0,0,5,/Users/eashraf/hadoop/hadoop-yarn-project/hadoop-yarn/hadoop-yarn-server/hadoop-yarn-server-resourcemanager/src/main/java/org/apache/hadoop/yarn/server/resourcemanager/rmcontainer/RMContainerReservedEvent.java,26
hadoop,org.apache.hadoop.yarn.server.resourcemanager.rmcontainer,RMContainerRecoverEvent,1,0,2,2,10,2,0,1,0.0,0,3,/Users/eashraf/hadoop/hadoop-yarn-project/hadoop-yarn/hadoop-yarn-server/hadoop-yarn-server-resourcemanager/src/main/java/org/apache/hadoop/yarn/server/resourcemanager/rmcontainer/RMContainerRecoverEvent.java,24
hadoop,org.apache.hadoop.yarn.server.resourcemanager.rmcontainer,RMContainerImpl,21,0,26,26,304,30,0,1,0.15384615384615385,3,20,/Users/eashraf/hadoop/hadoop-yarn-project/hadoop-yarn/hadoop-yarn-server/hadoop-yarn-server-resourcemanager/src/main/java/org/apache/hadoop/yarn/server/resourcemanager/rmcontainer/RMContainerImpl.java,58
hadoop,org.apache.hadoop.yarn.server.resourcemanager.rmcontainer,RMContainerImpl.BaseTransition,0,0,0,0,4,0,0,0,-1.0,0,0,/Users/eashraf/hadoop/hadoop-yarn-project/hadoop-yarn/hadoop-yarn-server/hadoop-yarn-server-resourcemanager/src/main/java/org/apache/hadoop/yarn/server/resourcemanager/rmcontainer/RMContainerImpl.java,399
hadoop,org.apache.hadoop.yarn.server.resourcemanager.rmcontainer,RMContainerImpl.ContainerRecoveredTransition,0,0,0,0,18,0,0,0,-1.0,0,3,/Users/eashraf/hadoop/hadoop-yarn-project/hadoop-yarn/hadoop-yarn-server/hadoop-yarn-server-resourcemanager/src/main/java/org/apache/hadoop/yarn/server/resourcemanager/rmcontainer/RMContainerImpl.java,408
hadoop,org.apache.hadoop.yarn.server.resourcemanager.rmcontainer,RMContainerImpl.ContainerReservedTransition,0,0,0,0,8,0,0,0,-1.0,0,0,/Users/eashraf/hadoop/hadoop-yarn-project/hadoop-yarn/hadoop-yarn-server/hadoop-yarn-server-resourcemanager/src/main/java/org/apache/hadoop/yarn/server/resourcemanager/rmcontainer/RMContainerImpl.java,440
hadoop,org.apache.hadoop.yarn.server.resourcemanager.rmcontainer,RMContainerImpl.ContainerStartedTransition,0,0,0,0,5,0,0,0,-1.0,0,0,/Users/eashraf/hadoop/hadoop-yarn-project/hadoop-yarn/hadoop-yarn-server/hadoop-yarn-server-resourcemanager/src/main/java/org/apache/hadoop/yarn/server/resourcemanager/rmcontainer/RMContainerImpl.java,453
hadoop,org.apache.hadoop.yarn.server.resourcemanager.rmcontainer,RMContainerImpl.AcquiredTransition,0,0,0,0,7,0,0,0,-1.0,0,0,/Users/eashraf/hadoop/hadoop-yarn-project/hadoop-yarn/hadoop-yarn-server/hadoop-yarn-server-resourcemanager/src/main/java/org/apache/hadoop/yarn/server/resourcemanager/rmcontainer/RMContainerImpl.java,463
hadoop,org.apache.hadoop.yarn.server.resourcemanager.rmcontainer,RMContainerImpl.LaunchedTransition,0,0,0,0,5,0,0,0,-1.0,0,0,/Users/eashraf/hadoop/hadoop-yarn-project/hadoop-yarn/hadoop-yarn-server/hadoop-yarn-server-resourcemanager/src/main/java/org/apache/hadoop/yarn/server/resourcemanager/rmcontainer/RMContainerImpl.java,479
hadoop,org.apache.hadoop.yarn.server.resourcemanager.rmcontainer,RMContainerImpl.FinishedTransition,0,0,0,0,24,0,0,0,-1.0,0,1,/Users/eashraf/hadoop/hadoop-yarn-project/hadoop-yarn/hadoop-yarn-server/hadoop-yarn-server-resourcemanager/src/main/java/org/apache/hadoop/yarn/server/resourcemanager/rmcontainer/RMContainerImpl.java,489
hadoop,org.apache.hadoop.yarn.server.resourcemanager.rmcontainer,RMContainerImpl.ContainerFinishedAtAcquiredState,0,0,0,0,6,0,0,0,-1.0,0,0,/Users/eashraf/hadoop/hadoop-yarn-project/hadoop-yarn/hadoop-yarn-server/hadoop-yarn-server-resourcemanager/src/main/java/org/apache/hadoop/yarn/server/resourcemanager/rmcontainer/RMContainerImpl.java,536
hadoop,org.apache.hadoop.yarn.server.resourcemanager.rmcontainer,RMContainerImpl.KillTransition,0,0,0,0,7,0,0,0,-1.0,0,0,/Users/eashraf/hadoop/hadoop-yarn-project/hadoop-yarn/hadoop-yarn-server/hadoop-yarn-server-resourcemanager/src/main/java/org/apache/hadoop/yarn/server/resourcemanager/rmcontainer/RMContainerImpl.java,549
hadoop,org.apache.hadoop.yarn.server.resourcemanager.rmcontainer,ContainerAllocationExpirer,1,0,3,2,16,3,0,0,0.6666666666666666,12,5,/Users/eashraf/hadoop/hadoop-yarn-project/hadoop-yarn/hadoop-yarn-server/hadoop-yarn-server-resourcemanager/src/main/java/org/apache/hadoop/yarn/server/resourcemanager/rmcontainer/ContainerAllocationExpirer.java,30
hadoop,org.apache.hadoop.yarn.server.resourcemanager.resource,TestResources,0,0,2,2,14,2,0,0,-1.0,0,0,/Users/eashraf/hadoop/hadoop-yarn-project/hadoop-yarn/hadoop-yarn-server/hadoop-yarn-server-resourcemanager/src/test/java/org/apache/hadoop/yarn/server/resourcemanager/resource/TestResources.java,24
hadoop,org.apache.hadoop.yarn.server.resourcemanager.resource,TestResourceWeights,0,0,1,1,17,1,0,0,-1.0,0,2,/Users/eashraf/hadoop/hadoop-yarn-project/hadoop-yarn/hadoop-yarn-server/hadoop-yarn-server-resourcemanager/src/test/java/org/apache/hadoop/yarn/server/resourcemanager/resource/TestResourceWeights.java,24
hadoop,org.apache.hadoop.yarn.server.resourcemanager.resource,ResourceWeights,2,1,7,7,38,10,0,0,0.2857142857142857,8,2,/Users/eashraf/hadoop/hadoop-yarn-project/hadoop-yarn/hadoop-yarn-server/hadoop-yarn-server-resourcemanager/src/main/java/org/apache/hadoop/yarn/server/resourcemanager/resource/ResourceWeights.java,25
hadoop,org.apache.hadoop.yarn.server.resourcemanager.resource,ResourceType,0,0,0,0,1,0,0,0,-1.0,10,0,/Users/eashraf/hadoop/hadoop-yarn-project/hadoop-yarn/hadoop-yarn-server/hadoop-yarn-server-resourcemanager/src/main/java/org/apache/hadoop/yarn/server/resourcemanager/resource/ResourceType.java,24
hadoop,org.apache.hadoop.yarn.server.resourcemanager.resource,Priority,0,0,1,1,12,1,0,0,-1.0,3,2,/Users/eashraf/hadoop/hadoop-yarn-project/hadoop-yarn/hadoop-yarn-server/hadoop-yarn-server-resourcemanager/src/main/java/org/apache/hadoop/yarn/server/resourcemanager/resource/Priority.java,23
hadoop,org.apache.hadoop.yarn.server.resourcemanager.resource,Priority.Comparator,0,0,0,0,5,0,0,0,-1.0,0,0,/Users/eashraf/hadoop/hadoop-yarn-project/hadoop-yarn/hadoop-yarn-server/hadoop-yarn-server-resourcemanager/src/main/java/org/apache/hadoop/yarn/server/resourcemanager/resource/Priority.java,31
hadoop,org.apache.hadoop.yarn.server.resourcemanager.resourcetracker,TestNMReconnect,3,0,2,2,49,2,0,0,0.0,0,15,/Users/eashraf/hadoop/hadoop-yarn-project/hadoop-yarn/hadoop-yarn-server/hadoop-yarn-server-resourcemanager/src/test/java/org/apache/hadoop/yarn/server/resourcemanager/resourcetracker/TestNMReconnect.java,49
hadoop,org.apache.hadoop.yarn.server.resourcemanager.resourcetracker,TestNMReconnect.TestRMNodeEventDispatcher,0,0,0,0,5,0,0,0,-1.0,0,0,/Users/eashraf/hadoop/hadoop-yarn-project/hadoop-yarn/hadoop-yarn-server/hadoop-yarn-server-resourcemanager/src/test/java/org/apache/hadoop/yarn/server/resourcemanager/resourcetracker/TestNMReconnect.java,55
hadoop,org.apache.hadoop.yarn.server.resourcemanager.resourcetracker,TestNMExpiry,5,0,2,2,91,3,0,0,0.0,0,17,/Users/eashraf/hadoop/hadoop-yarn-project/hadoop-yarn/hadoop-yarn-server/hadoop-yarn-server-resourcemanager/src/test/java/org/apache/hadoop/yarn/server/resourcemanager/resourcetracker/TestNMExpiry.java,51
hadoop,org.apache.hadoop.yarn.server.resourcemanager.resourcetracker,TestNMExpiry.TestNmLivelinessMonitor,0,0,0,0,9,0,0,0,-1.0,0,1,/Users/eashraf/hadoop/hadoop-yarn-project/hadoop-yarn/hadoop-yarn-server/hadoop-yarn-server-resourcemanager/src/test/java/org/apache/hadoop/yarn/server/resourcemanager/resourcetracker/TestNMExpiry.java,57
hadoop,org.apache.hadoop.yarn.server.resourcemanager.resourcetracker,TestNMExpiry.ThirdNodeHeartBeatThread,0,0,0,0,21,0,0,0,-1.0,0,0,/Users/eashraf/hadoop/hadoop-yarn-project/hadoop-yarn/hadoop-yarn-server/hadoop-yarn-server-resourcemanager/src/test/java/org/apache/hadoop/yarn/server/resourcemanager/resourcetracker/TestNMExpiry.java,100
hadoop,org.apache.hadoop.yarn.server.resourcemanager.resourcetracker,TestRMNMRPCResponseId,3,0,4,4,58,4,0,0,0.75,0,18,/Users/eashraf/hadoop/hadoop-yarn-project/hadoop-yarn/hadoop-yarn-server/hadoop-yarn-server-resourcemanager/src/test/java/org/apache/hadoop/yarn/server/resourcemanager/resourcetracker/TestRMNMRPCResponseId.java,54
hadoop,org.apache.hadoop.yarn.server.resourcemanager.nodelabels,TestRMNodeLabelsManager,4,0,12,11,241,14,0,0,0.0,0,8,/Users/eashraf/hadoop/hadoop-yarn-project/hadoop-yarn/hadoop-yarn-server/hadoop-yarn-server-resourcemanager/src/test/java/org/apache/hadoop/yarn/server/resourcemanager/nodelabels/TestRMNodeLabelsManager.java,43
hadoop,org.apache.hadoop.yarn.server.resourcemanager.nodelabels,NullRMNodeLabelsManager,3,0,10,6,31,10,0,1,1.0,1,2,/Users/eashraf/hadoop/hadoop-yarn-project/hadoop-yarn/hadoop-yarn-server/hadoop-yarn-server-resourcemanager/src/test/java/org/apache/hadoop/yarn/server/resourcemanager/nodelabels/NullRMNodeLabelsManager.java,31
hadoop,org.apache.hadoop.yarn.server.resourcemanager.nodelabels,RMNodeLabelsManager,5,0,21,15,343,66,1,0,0.23809523809523808,32,8,/Users/eashraf/hadoop/hadoop-yarn-project/hadoop-yarn/hadoop-yarn-server/hadoop-yarn-server-resourcemanager/src/main/java/org/apache/hadoop/yarn/server/resourcemanager/nodelabels/RMNodeLabelsManager.java,47
hadoop,org.apache.hadoop.yarn.server.resourcemanager.nodelabels,RMNodeLabelsManager.Queue,2,0,0,0,8,0,0,0,-1.0,0,1,/Users/eashraf/hadoop/hadoop-yarn-project/hadoop-yarn/hadoop-yarn-server/hadoop-yarn-server-resourcemanager/src/main/java/org/apache/hadoop/yarn/server/resourcemanager/nodelabels/RMNodeLabelsManager.java,49
hadoop,org.apache.hadoop.yarn.server.resourcemanager.rmnode,RMNodeEvent,1,0,2,2,10,2,7,0,0.0,2,2,/Users/eashraf/hadoop/hadoop-yarn-project/hadoop-yarn/hadoop-yarn-server/hadoop-yarn-server-resourcemanager/src/main/java/org/apache/hadoop/yarn/server/resourcemanager/rmnode/RMNodeEvent.java,24
hadoop,org.apache.hadoop.yarn.server.resourcemanager.rmnode,RMNode,1,1,19,19,87,19,1,0,-1.0,39,1,/Users/eashraf/hadoop/hadoop-yarn-project/hadoop-yarn/hadoop-yarn-server/hadoop-yarn-server-resourcemanager/src/main/java/org/apache/hadoop/yarn/server/resourcemanager/rmnode/RMNode.java,33
hadoop,org.apache.hadoop.yarn.server.resourcemanager.rmnode,RMNodeResourceUpdateEvent,1,0,2,2,10,2,0,1,0.0,1,3,/Users/eashraf/hadoop/hadoop-yarn-project/hadoop-yarn/hadoop-yarn-server/hadoop-yarn-server-resourcemanager/src/main/java/org/apache/hadoop/yarn/server/resourcemanager/rmnode/RMNodeResourceUpdateEvent.java,24
hadoop,org.apache.hadoop.yarn.server.resourcemanager.rmnode,RMNodeReconnectEvent,3,0,4,4,20,4,0,1,0.0,0,3,/Users/eashraf/hadoop/hadoop-yarn-project/hadoop-yarn/hadoop-yarn-server/hadoop-yarn-server-resourcemanager/src/main/java/org/apache/hadoop/yarn/server/resourcemanager/rmnode/RMNodeReconnectEvent.java,27
hadoop,org.apache.hadoop.yarn.server.resourcemanager.rmnode,RMNodeCleanContainerEvent,1,0,2,2,10,2,0,1,0.0,0,3,/Users/eashraf/hadoop/hadoop-yarn-project/hadoop-yarn/hadoop-yarn-server/hadoop-yarn-server-resourcemanager/src/main/java/org/apache/hadoop/yarn/server/resourcemanager/rmnode/RMNodeCleanContainerEvent.java,24
hadoop,org.apache.hadoop.yarn.server.resourcemanager.rmnode,RMNodeImpl,26,0,32,27,466,52,0,1,0.0,4,22,/Users/eashraf/hadoop/hadoop-yarn-project/hadoop-yarn/hadoop-yarn-server/hadoop-yarn-server-resourcemanager/src/main/java/org/apache/hadoop/yarn/server/resourcemanager/rmnode/RMNodeImpl.java,73
hadoop,org.apache.hadoop.yarn.server.resourcemanager.rmnode,RMNodeImpl.AddNodeTransition,0,0,0,0,30,0,0,0,-1.0,0,2,/Users/eashraf/hadoop/hadoop-yarn-project/hadoop-yarn/hadoop-yarn-server/hadoop-yarn-server-resourcemanager/src/main/java/org/apache/hadoop/yarn/server/resourcemanager/rmnode/RMNodeImpl.java,514
hadoop,org.apache.hadoop.yarn.server.resourcemanager.rmnode,RMNodeImpl.ReconnectNodeTransition,0,0,0,0,57,0,0,0,-1.0,0,2,/Users/eashraf/hadoop/hadoop-yarn-project/hadoop-yarn/hadoop-yarn-server/hadoop-yarn-server-resourcemanager/src/main/java/org/apache/hadoop/yarn/server/resourcemanager/rmnode/RMNodeImpl.java,556
hadoop,org.apache.hadoop.yarn.server.resourcemanager.rmnode,RMNodeImpl.UpdateNodeResourceWhenRunningTransition,0,0,0,0,7,0,0,0,-1.0,0,0,/Users/eashraf/hadoop/hadoop-yarn-project/hadoop-yarn/hadoop-yarn-server/hadoop-yarn-server-resourcemanager/src/main/java/org/apache/hadoop/yarn/server/resourcemanager/rmnode/RMNodeImpl.java,649
hadoop,org.apache.hadoop.yarn.server.resourcemanager.rmnode,RMNodeImpl.UpdateNodeResourceWhenUnusableTransition,0,0,0,0,6,0,0,0,-1.0,0,0,/Users/eashraf/hadoop/hadoop-yarn-project/hadoop-yarn/hadoop-yarn-server/hadoop-yarn-server-resourcemanager/src/main/java/org/apache/hadoop/yarn/server/resourcemanager/rmnode/RMNodeImpl.java,662
hadoop,org.apache.hadoop.yarn.server.resourcemanager.rmnode,RMNodeImpl.CleanUpAppTransition,0,0,0,0,5,0,0,0,-1.0,0,0,/Users/eashraf/hadoop/hadoop-yarn-project/hadoop-yarn/hadoop-yarn-server/hadoop-yarn-server-resourcemanager/src/main/java/org/apache/hadoop/yarn/server/resourcemanager/rmnode/RMNodeImpl.java,676
hadoop,org.apache.hadoop.yarn.server.resourcemanager.rmnode,RMNodeImpl.CleanUpContainerTransition,0,0,0,0,5,0,0,0,-1.0,0,0,/Users/eashraf/hadoop/hadoop-yarn-project/hadoop-yarn/hadoop-yarn-server/hadoop-yarn-server-resourcemanager/src/main/java/org/apache/hadoop/yarn/server/resourcemanager/rmnode/RMNodeImpl.java,686
hadoop,org.apache.hadoop.yarn.server.resourcemanager.rmnode,RMNodeImpl.AddContainersToBeRemovedFromNMTransition,0,0,0,0,5,0,0,0,-1.0,0,0,/Users/eashraf/hadoop/hadoop-yarn-project/hadoop-yarn/hadoop-yarn-server/hadoop-yarn-server-resourcemanager/src/main/java/org/apache/hadoop/yarn/server/resourcemanager/rmnode/RMNodeImpl.java,696
hadoop,org.apache.hadoop.yarn.server.resourcemanager.rmnode,RMNodeImpl.DeactivateNodeTransition,1,0,0,0,18,0,0,0,-1.0,0,2,/Users/eashraf/hadoop/hadoop-yarn-project/hadoop-yarn/hadoop-yarn-server/hadoop-yarn-server-resourcemanager/src/main/java/org/apache/hadoop/yarn/server/resourcemanager/rmnode/RMNodeImpl.java,706
hadoop,org.apache.hadoop.yarn.server.resourcemanager.rmnode,RMNodeImpl.StatusUpdateWhenHealthyTransition,0,0,0,0,26,0,0,0,-1.0,0,2,/Users/eashraf/hadoop/hadoop-yarn-project/hadoop-yarn/hadoop-yarn-server/hadoop-yarn-server-resourcemanager/src/main/java/org/apache/hadoop/yarn/server/resourcemanager/rmnode/RMNodeImpl.java,741
hadoop,org.apache.hadoop.yarn.server.resourcemanager.rmnode,RMNodeImpl.StatusUpdateWhenUnHealthyTransition,0,0,0,0,16,0,0,0,-1.0,0,2,/Users/eashraf/hadoop/hadoop-yarn-project/hadoop-yarn/hadoop-yarn-server/hadoop-yarn-server-resourcemanager/src/main/java/org/apache/hadoop/yarn/server/resourcemanager/rmnode/RMNodeImpl.java,791
hadoop,org.apache.hadoop.yarn.server.resourcemanager.rmnode,UpdatedContainerInfo,2,0,4,4,16,4,0,0,0.5,1,0,/Users/eashraf/hadoop/hadoop-yarn-project/hadoop-yarn/hadoop-yarn-server/hadoop-yarn-server-resourcemanager/src/main/java/org/apache/hadoop/yarn/server/resourcemanager/rmnode/UpdatedContainerInfo.java,25
hadoop,org.apache.hadoop.yarn.server.resourcemanager.rmnode,RMNodeStatusEvent,4,0,5,5,25,5,0,1,0.0,1,4,/Users/eashraf/hadoop/hadoop-yarn-project/hadoop-yarn/hadoop-yarn-server/hadoop-yarn-server-resourcemanager/src/main/java/org/apache/hadoop/yarn/server/resourcemanager/rmnode/RMNodeStatusEvent.java,29
hadoop,org.apache.hadoop.yarn.server.resourcemanager.rmnode,RMNodeStartedEvent,2,0,3,3,15,3,0,1,0.0,0,2,/Users/eashraf/hadoop/hadoop-yarn-project/hadoop-yarn/hadoop-yarn-server/hadoop-yarn-server-resourcemanager/src/main/java/org/apache/hadoop/yarn/server/resourcemanager/rmnode/RMNodeStartedEvent.java,27
hadoop,org.apache.hadoop.yarn.server.resourcemanager.rmnode,RMNodeEventType,0,0,0,0,1,0,0,0,-1.0,19,0,/Users/eashraf/hadoop/hadoop-yarn-project/hadoop-yarn/hadoop-yarn-server/hadoop-yarn-server-resourcemanager/src/main/java/org/apache/hadoop/yarn/server/resourcemanager/rmnode/RMNodeEventType.java,21
hadoop,org.apache.hadoop.yarn.server.resourcemanager.rmnode,RMNodeFinishedContainersPulledByAMEvent,1,0,2,2,10,2,0,1,0.0,1,2,/Users/eashraf/hadoop/hadoop-yarn-project/hadoop-yarn/hadoop-yarn-server/hadoop-yarn-server-resourcemanager/src/main/java/org/apache/hadoop/yarn/server/resourcemanager/rmnode/RMNodeFinishedContainersPulledByAMEvent.java,28
hadoop,org.apache.hadoop.yarn.server.resourcemanager.rmnode,RMNodeCleanAppEvent,1,0,2,2,10,2,0,1,0.0,0,3,/Users/eashraf/hadoop/hadoop-yarn-project/hadoop-yarn/hadoop-yarn-server/hadoop-yarn-server-resourcemanager/src/main/java/org/apache/hadoop/yarn/server/resourcemanager/rmnode/RMNodeCleanAppEvent.java,24
hadoop,org.apache.hadoop.yarn.server.resourcemanager.security.authorize,RMPolicyProvider,2,0,3,2,22,5,0,0,1.0,4,3,/Users/eashraf/hadoop/hadoop-yarn-project/hadoop-yarn/hadoop-yarn-server/hadoop-yarn-server-resourcemanager/src/main/java/org/apache/hadoop/yarn/server/resourcemanager/security/authorize/RMPolicyProvider.java,35
hadoop,org.apache.hadoop.yarn.server.resourcemanager.rmapp.attempt.event,RMAppAttemptLaunchFailedEvent,1,0,2,2,10,2,0,0,0.0,1,2,/Users/eashraf/hadoop/hadoop-yarn-project/hadoop-yarn/hadoop-yarn-server/hadoop-yarn-server-resourcemanager/src/main/java/org/apache/hadoop/yarn/server/resourcemanager/rmapp/attempt/event/RMAppAttemptLaunchFailedEvent.java,25
hadoop,org.apache.hadoop.yarn.server.resourcemanager.rmapp.attempt.event,RMAppAttemptContainerAllocatedEvent,0,0,1,1,5,1,0,0,-1.0,0,2,/Users/eashraf/hadoop/hadoop-yarn-project/hadoop-yarn/hadoop-yarn-server/hadoop-yarn-server-resourcemanager/src/main/java/org/apache/hadoop/yarn/server/resourcemanager/rmapp/attempt/event/RMAppAttemptContainerAllocatedEvent.java,26
hadoop,org.apache.hadoop.yarn.server.resourcemanager.rmapp.attempt.event,RMAppAttemptUnregistrationEvent,3,0,4,4,20,4,0,0,0.0,1,3,/Users/eashraf/hadoop/hadoop-yarn-project/hadoop-yarn/hadoop-yarn-server/hadoop-yarn-server-resourcemanager/src/main/java/org/apache/hadoop/yarn/server/resourcemanager/rmapp/attempt/event/RMAppAttemptUnregistrationEvent.java,26
hadoop,org.apache.hadoop.yarn.server.resourcemanager.rmapp.attempt.event,RMAppAttemptRegistrationEvent,4,0,4,4,22,4,0,0,0.0,0,2,/Users/eashraf/hadoop/hadoop-yarn-project/hadoop-yarn/hadoop-yarn-server/hadoop-yarn-server-resourcemanager/src/main/java/org/apache/hadoop/yarn/server/resourcemanager/rmapp/attempt/event/RMAppAttemptRegistrationEvent.java,25
hadoop,org.apache.hadoop.yarn.server.resourcemanager.rmapp.attempt.event,RMAppAttemptStatusupdateEvent,1,0,2,2,10,2,0,0,0.0,0,2,/Users/eashraf/hadoop/hadoop-yarn-project/hadoop-yarn/hadoop-yarn-server/hadoop-yarn-server-resourcemanager/src/main/java/org/apache/hadoop/yarn/server/resourcemanager/rmapp/attempt/event/RMAppAttemptStatusupdateEvent.java,25
hadoop,org.apache.hadoop.yarn.server.resourcemanager.rmapp.attempt.event,RMAppAttemptContainerFinishedEvent,2,0,3,3,15,3,0,0,0.0,3,4,/Users/eashraf/hadoop/hadoop-yarn-project/hadoop-yarn/hadoop-yarn-server/hadoop-yarn-server-resourcemanager/src/main/java/org/apache/hadoop/yarn/server/resourcemanager/rmapp/attempt/event/RMAppAttemptContainerFinishedEvent.java,27
hadoop,org.apache.hadoop.yarn.server.resourcemanager.recovery.records.impl.pb,AMRMTokenSecretManagerStatePBImpl,5,0,12,7,78,22,0,0,0.0,3,1,/Users/eashraf/hadoop/hadoop-yarn-project/hadoop-yarn/hadoop-yarn-server/hadoop-yarn-server-resourcemanager/src/main/java/org/apache/hadoop/yarn/server/resourcemanager/recovery/records/impl/pb/AMRMTokenSecretManagerStatePBImpl.java,28
hadoop,org.apache.hadoop.yarn.server.resourcemanager.recovery.records.impl.pb,EpochPBImpl,3,0,6,5,31,7,0,0,0.0,0,0,/Users/eashraf/hadoop/hadoop-yarn-project/hadoop-yarn/hadoop-yarn-server/hadoop-yarn-server-resourcemanager/src/main/java/org/apache/hadoop/yarn/server/resourcemanager/recovery/records/impl/pb/EpochPBImpl.java,27
hadoop,org.apache.hadoop.yarn.server.resourcemanager.recovery.records.impl.pb,ApplicationAttemptStateDataPBImpl,8,0,39,32,266,65,0,0,0.07692307692307693,3,9,/Users/eashraf/hadoop/hadoop-yarn-project/hadoop-yarn/hadoop-yarn-server/hadoop-yarn-server-resourcemanager/src/main/java/org/apache/hadoop/yarn/server/resourcemanager/recovery/records/impl/pb/ApplicationAttemptStateDataPBImpl.java,45
hadoop,org.apache.hadoop.yarn.server.resourcemanager.recovery.records.impl.pb,ApplicationStateDataPBImpl,5,0,25,22,142,39,0,0,0.0,3,2,/Users/eashraf/hadoop/hadoop-yarn-project/hadoop-yarn/hadoop-yarn-server/hadoop-yarn-server-resourcemanager/src/main/java/org/apache/hadoop/yarn/server/resourcemanager/recovery/records/impl/pb/ApplicationStateDataPBImpl.java,31
hadoop,org.apache.hadoop.yarn.server.resourcemanager.recovery.records,AMRMTokenSecretManagerState,0,0,7,7,28,7,0,0,-1.0,10,2,/Users/eashraf/hadoop/hadoop-yarn-project/hadoop-yarn/hadoop-yarn-server/hadoop-yarn-server-resourcemanager/src/main/java/org/apache/hadoop/yarn/server/resourcemanager/recovery/records/AMRMTokenSecretManagerState.java,28
hadoop,org.apache.hadoop.yarn.server.resourcemanager.recovery.records,RMDelegationTokenIdentifierData,1,0,6,6,24,6,0,0,0.3333333333333333,3,2,/Users/eashraf/hadoop/hadoop-yarn-project/hadoop-yarn/hadoop-yarn-server/hadoop-yarn-server-resourcemanager/src/main/java/org/apache/hadoop/yarn/server/resourcemanager/recovery/records/RMDelegationTokenIdentifierData.java,30
hadoop,org.apache.hadoop.yarn.server.resourcemanager.recovery.records,Epoch,0,0,7,7,31,11,0,0,-1.0,3,1,/Users/eashraf/hadoop/hadoop-yarn-project/hadoop-yarn/hadoop-yarn-server/hadoop-yarn-server-resourcemanager/src/main/java/org/apache/hadoop/yarn/server/resourcemanager/recovery/records/Epoch.java,26
hadoop,org.apache.hadoop.yarn.server.resourcemanager.recovery.records,ApplicationStateData,1,1,19,19,68,19,0,0,0.5263157894736842,20,5,/Users/eashraf/hadoop/hadoop-yarn-project/hadoop-yarn/hadoop-yarn-server/hadoop-yarn-server-resourcemanager/src/main/java/org/apache/hadoop/yarn/server/resourcemanager/recovery/records/ApplicationStateData.java,34
hadoop,org.apache.hadoop.yarn.server.resourcemanager.recovery.records,ApplicationAttemptStateData,0,0,27,27,90,27,0,0,-1.0,14,7,/Users/eashraf/hadoop/hadoop-yarn-project/hadoop-yarn/hadoop-yarn-server/hadoop-yarn-server-resourcemanager/src/main/java/org/apache/hadoop/yarn/server/resourcemanager/recovery/records/ApplicationAttemptStateData.java,35
hadoop,org.apache.hadoop.yarn.server.resourcemanager.webapp.dao,AppInfo,34,0,35,35,199,43,0,0,0.05714285714285714,5,13,/Users/eashraf/hadoop/hadoop-yarn-project/hadoop-yarn/hadoop-yarn-server/hadoop-yarn-server-resourcemanager/src/main/java/org/apache/hadoop/yarn/server/resourcemanager/webapp/dao/AppInfo.java,45
hadoop,org.apache.hadoop.yarn.server.resourcemanager.webapp.dao,NodeLabelsInfo,1,0,5,5,17,5,0,0,0.4,2,0,/Users/eashraf/hadoop/hadoop-yarn-project/hadoop-yarn/hadoop-yarn-server/hadoop-yarn-server-resourcemanager/src/main/java/org/apache/hadoop/yarn/server/resourcemanager/webapp/dao/NodeLabelsInfo.java,27
hadoop,org.apache.hadoop.yarn.server.resourcemanager.webapp.dao,DelegationToken,6,0,14,14,54,14,0,0,0.14285714285714285,2,0,/Users/eashraf/hadoop/hadoop-yarn-project/hadoop-yarn/hadoop-yarn-server/hadoop-yarn-server-resourcemanager/src/main/java/org/apache/hadoop/yarn/server/resourcemanager/webapp/dao/DelegationToken.java,26
hadoop,org.apache.hadoop.yarn.server.resourcemanager.webapp.dao,AppAttemptsInfo,1,0,3,3,11,3,0,0,0.6666666666666666,1,1,/Users/eashraf/hadoop/hadoop-yarn-project/hadoop-yarn/hadoop-yarn-server/hadoop-yarn-server-resourcemanager/src/main/java/org/apache/hadoop/yarn/server/resourcemanager/webapp/dao/AppAttemptsInfo.java,27
hadoop,org.apache.hadoop.yarn.server.resourcemanager.webapp.dao,ClusterMetricsInfo,23,0,25,25,124,25,0,0,0.08,1,4,/Users/eashraf/hadoop/hadoop-yarn-project/hadoop-yarn/hadoop-yarn-server/hadoop-yarn-server-resourcemanager/src/main/java/org/apache/hadoop/yarn/server/resourcemanager/webapp/dao/ClusterMetricsInfo.java,29
hadoop,org.apache.hadoop.yarn.server.resourcemanager.webapp.dao,ContainerLaunchContextInfo,6,0,13,13,55,13,0,0,0.0,1,1,/Users/eashraf/hadoop/hadoop-yarn-project/hadoop-yarn/hadoop-yarn-server/hadoop-yarn-server-resourcemanager/src/main/java/org/apache/hadoop/yarn/server/resourcemanager/webapp/dao/ContainerLaunchContextInfo.java,34
hadoop,org.apache.hadoop.yarn.server.resourcemanager.webapp.dao,CapacitySchedulerInfo,6,0,8,7,50,11,0,1,0.25,3,4,/Users/eashraf/hadoop/hadoop-yarn-project/hadoop-yarn/hadoop-yarn-server/hadoop-yarn-server-resourcemanager/src/main/java/org/apache/hadoop/yarn/server/resourcemanager/webapp/dao/CapacitySchedulerInfo.java,30
hadoop,org.apache.hadoop.yarn.server.resourcemanager.webapp.dao,ClusterInfo,11,0,13,13,62,13,0,0,0.15384615384615385,1,4,/Users/eashraf/hadoop/hadoop-yarn-project/hadoop-yarn/hadoop-yarn-server/hadoop-yarn-server-resourcemanager/src/main/java/org/apache/hadoop/yarn/server/resourcemanager/webapp/dao/ClusterInfo.java,31
hadoop,org.apache.hadoop.yarn.server.resourcemanager.webapp.dao,NodesInfo,1,0,2,2,8,2,0,0,1.0,1,1,/Users/eashraf/hadoop/hadoop-yarn-project/hadoop-yarn/hadoop-yarn-server/hadoop-yarn-server-resourcemanager/src/main/java/org/apache/hadoop/yarn/server/resourcemanager/webapp/dao/NodesInfo.java,26
hadoop,org.apache.hadoop.yarn.server.resourcemanager.webapp.dao,CapacitySchedulerQueueInfoList,1,0,4,4,15,4,0,0,0.0,3,1,/Users/eashraf/hadoop/hadoop-yarn-project/hadoop-yarn/hadoop-yarn-server/hadoop-yarn-server-resourcemanager/src/main/java/org/apache/hadoop/yarn/server/resourcemanager/webapp/dao/CapacitySchedulerQueueInfoList.java,26
hadoop,org.apache.hadoop.yarn.server.resourcemanager.webapp.dao,AppQueue,1,0,4,4,14,4,0,0,0.5,2,0,/Users/eashraf/hadoop/hadoop-yarn-project/hadoop-yarn/hadoop-yarn-server/hadoop-yarn-server-resourcemanager/src/main/java/org/apache/hadoop/yarn/server/resourcemanager/webapp/dao/AppQueue.java,25
hadoop,org.apache.hadoop.yarn.server.resourcemanager.webapp.dao,CredentialsInfo,2,0,5,5,20,5,0,0,0.0,3,0,/Users/eashraf/hadoop/hadoop-yarn-project/hadoop-yarn/hadoop-yarn-server/hadoop-yarn-server-resourcemanager/src/main/java/org/apache/hadoop/yarn/server/resourcemanager/webapp/dao/CredentialsInfo.java,28
hadoop,org.apache.hadoop.yarn.server.resourcemanager.webapp.dao,FifoSchedulerInfo,12,0,13,13,72,14,0,1,0.15384615384615385,3,6,/Users/eashraf/hadoop/hadoop-yarn-project/hadoop-yarn/hadoop-yarn-server/hadoop-yarn-server-resourcemanager/src/main/java/org/apache/hadoop/yarn/server/resourcemanager/webapp/dao/FifoSchedulerInfo.java,35
hadoop,org.apache.hadoop.yarn.server.resourcemanager.webapp.dao,CapacitySchedulerLeafQueueInfo,11,0,13,11,62,13,0,1,0.15384615384615385,4,3,/Users/eashraf/hadoop/hadoop-yarn-project/hadoop-yarn/hadoop-yarn-server/hadoop-yarn-server-resourcemanager/src/main/java/org/apache/hadoop/yarn/server/resourcemanager/webapp/dao/CapacitySchedulerLeafQueueInfo.java,26
hadoop,org.apache.hadoop.yarn.server.resourcemanager.webapp.dao,NewApplication,2,0,4,4,18,4,0,0,0.0,1,1,/Users/eashraf/hadoop/hadoop-yarn-project/hadoop-yarn/hadoop-yarn-server/hadoop-yarn-server-resourcemanager/src/main/java/org/apache/hadoop/yarn/server/resourcemanager/webapp/dao/NewApplication.java,26
hadoop,org.apache.hadoop.yarn.server.resourcemanager.webapp.dao,UserMetricsInfo,16,0,18,18,92,19,0,0,0.1111111111111111,1,3,/Users/eashraf/hadoop/hadoop-yarn-project/hadoop-yarn/hadoop-yarn-server/hadoop-yarn-server-resourcemanager/src/main/java/org/apache/hadoop/yarn/server/resourcemanager/webapp/dao/UserMetricsInfo.java,30
hadoop,org.apache.hadoop.yarn.server.resourcemanager.webapp.dao,AppAttemptInfo,6,0,6,6,40,8,0,0,0.3333333333333333,3,4,/Users/eashraf/hadoop/hadoop-yarn-project/hadoop-yarn/hadoop-yarn-server/hadoop-yarn-server-resourcemanager/src/main/java/org/apache/hadoop/yarn/server/resourcemanager/webapp/dao/AppAttemptInfo.java,29
hadoop,org.apache.hadoop.yarn.server.resourcemanager.webapp.dao,NodeInfo,14,0,16,16,87,18,0,0,0.125,2,5,/Users/eashraf/hadoop/hadoop-yarn-project/hadoop-yarn/hadoop-yarn-server/hadoop-yarn-server-resourcemanager/src/main/java/org/apache/hadoop/yarn/server/resourcemanager/webapp/dao/NodeInfo.java,35
hadoop,org.apache.hadoop.yarn.server.resourcemanager.webapp.dao,NodeToLabelsInfo,1,0,2,2,8,2,0,0,1.0,2,0,/Users/eashraf/hadoop/hadoop-yarn-project/hadoop-yarn/hadoop-yarn-server/hadoop-yarn-server-resourcemanager/src/main/java/org/apache/hadoop/yarn/server/resourcemanager/webapp/dao/NodeToLabelsInfo.java,27
hadoop,org.apache.hadoop.yarn.server.resourcemanager.webapp.dao,ApplicationSubmissionContextInfo,14,0,29,29,117,29,0,0,0.10344827586206896,5,3,/Users/eashraf/hadoop/hadoop-yarn-project/hadoop-yarn/hadoop-yarn-server/hadoop-yarn-server-resourcemanager/src/main/java/org/apache/hadoop/yarn/server/resourcemanager/webapp/dao/ApplicationSubmissionContextInfo.java,32
hadoop,org.apache.hadoop.yarn.server.resourcemanager.webapp.dao,StatisticsItemInfo,3,0,5,5,21,5,0,0,0.4,2,1,/Users/eashraf/hadoop/hadoop-yarn-project/hadoop-yarn/hadoop-yarn-server/hadoop-yarn-server-resourcemanager/src/main/java/org/apache/hadoop/yarn/server/resourcemanager/webapp/dao/StatisticsItemInfo.java,26
hadoop,org.apache.hadoop.yarn.server.resourcemanager.webapp.dao,SchedulerTypeInfo,1,0,2,2,8,2,0,0,1.0,0,1,/Users/eashraf/hadoop/hadoop-yarn-project/hadoop-yarn/hadoop-yarn-server/hadoop-yarn-server-resourcemanager/src/main/java/org/apache/hadoop/yarn/server/resourcemanager/webapp/dao/SchedulerTypeInfo.java,25
hadoop,org.apache.hadoop.yarn.server.resourcemanager.webapp.dao,AppsInfo,1,0,3,3,11,3,0,0,0.6666666666666666,2,1,/Users/eashraf/hadoop/hadoop-yarn-project/hadoop-yarn/hadoop-yarn-server/hadoop-yarn-server-resourcemanager/src/main/java/org/apache/hadoop/yarn/server/resourcemanager/webapp/dao/AppsInfo.java,26
hadoop,org.apache.hadoop.yarn.server.resourcemanager.webapp.dao,FairSchedulerInfo,3,1,4,4,23,4,0,1,0.5,1,4,/Users/eashraf/hadoop/hadoop-yarn-project/hadoop-yarn/hadoop-yarn-server/hadoop-yarn-server-resourcemanager/src/main/java/org/apache/hadoop/yarn/server/resourcemanager/webapp/dao/FairSchedulerInfo.java,31
hadoop,org.apache.hadoop.yarn.server.resourcemanager.webapp.dao,LocalResourceInfo,6,0,12,12,50,14,0,0,0.5,2,2,/Users/eashraf/hadoop/hadoop-yarn-project/hadoop-yarn/hadoop-yarn-server/hadoop-yarn-server-resourcemanager/src/main/java/org/apache/hadoop/yarn/server/resourcemanager/webapp/dao/LocalResourceInfo.java,31
hadoop,org.apache.hadoop.yarn.server.resourcemanager.webapp.dao,CapacitySchedulerQueueInfo,15,0,16,13,94,20,1,0,0.125,5,4,/Users/eashraf/hadoop/hadoop-yarn-project/hadoop-yarn/hadoop-yarn-server/hadoop-yarn-server-resourcemanager/src/main/java/org/apache/hadoop/yarn/server/resourcemanager/webapp/dao/CapacitySchedulerQueueInfo.java,34
hadoop,org.apache.hadoop.yarn.server.resourcemanager.webapp.dao,FairSchedulerQueueInfo,15,0,16,16,116,19,1,0,0.125,3,5,/Users/eashraf/hadoop/hadoop-yarn-project/hadoop-yarn/hadoop-yarn-server/hadoop-yarn-server-resourcemanager/src/main/java/org/apache/hadoop/yarn/server/resourcemanager/webapp/dao/FairSchedulerQueueInfo.java,37
hadoop,org.apache.hadoop.yarn.server.resourcemanager.webapp.dao,UsersInfo,1,0,3,3,11,3,0,0,0.6666666666666666,1,0,/Users/eashraf/hadoop/hadoop-yarn-project/hadoop-yarn/hadoop-yarn-server/hadoop-yarn-server-resourcemanager/src/main/java/org/apache/hadoop/yarn/server/resourcemanager/webapp/dao/UsersInfo.java,30
hadoop,org.apache.hadoop.yarn.server.resourcemanager.webapp.dao,FairSchedulerLeafQueueInfo,2,0,4,4,17,4,0,1,0.5,2,2,/Users/eashraf/hadoop/hadoop-yarn-project/hadoop-yarn/hadoop-yarn-server/hadoop-yarn-server-resourcemanager/src/main/java/org/apache/hadoop/yarn/server/resourcemanager/webapp/dao/FairSchedulerLeafQueueInfo.java,29
hadoop,org.apache.hadoop.yarn.server.resourcemanager.webapp.dao,ApplicationStatisticsInfo,1,0,3,3,11,3,0,0,0.6666666666666666,1,1,/Users/eashraf/hadoop/hadoop-yarn-project/hadoop-yarn/hadoop-yarn-server/hadoop-yarn-server-resourcemanager/src/main/java/org/apache/hadoop/yarn/server/resourcemanager/webapp/dao/ApplicationStatisticsInfo.java,26
hadoop,org.apache.hadoop.yarn.server.resourcemanager.webapp.dao,SchedulerInfo,0,0,1,1,4,1,3,0,-1.0,2,0,/Users/eashraf/hadoop/hadoop-yarn-project/hadoop-yarn/hadoop-yarn-server/hadoop-yarn-server-resourcemanager/src/main/java/org/apache/hadoop/yarn/server/resourcemanager/webapp/dao/SchedulerInfo.java,24
hadoop,org.apache.hadoop.yarn.server.resourcemanager.webapp.dao,ResourceInfo,2,0,7,7,25,7,0,0,0.2857142857142857,6,1,/Users/eashraf/hadoop/hadoop-yarn-project/hadoop-yarn/hadoop-yarn-server/hadoop-yarn-server-resourcemanager/src/main/java/org/apache/hadoop/yarn/server/resourcemanager/webapp/dao/ResourceInfo.java,27
hadoop,org.apache.hadoop.yarn.server.resourcemanager.webapp.dao,AppState,1,0,4,4,14,4,0,0,0.5,2,0,/Users/eashraf/hadoop/hadoop-yarn-project/hadoop-yarn/hadoop-yarn-server/hadoop-yarn-server-resourcemanager/src/main/java/org/apache/hadoop/yarn/server/resourcemanager/webapp/dao/AppState.java,25
hadoop,org.apache.hadoop.yarn.server.resourcemanager.scheduler.common.fica,FiCaSchedulerApp,3,0,13,13,141,30,0,0,0.3076923076923077,17,20,/Users/eashraf/hadoop/hadoop-yarn-project/hadoop-yarn/hadoop-yarn-server/hadoop-yarn-server-resourcemanager/src/main/java/org/apache/hadoop/yarn/server/resourcemanager/scheduler/common/fica/FiCaSchedulerApp.java,57
hadoop,org.apache.hadoop.yarn.server.resourcemanager.scheduler.common.fica,FiCaSchedulerUtils,0,0,1,1,17,5,0,0,-1.0,0,2,/Users/eashraf/hadoop/hadoop-yarn-project/hadoop-yarn/hadoop-yarn-server/hadoop-yarn-server-resourcemanager/src/main/java/org/apache/hadoop/yarn/server/resourcemanager/scheduler/common/fica/FiCaSchedulerUtils.java,23
hadoop,org.apache.hadoop.yarn.server.resourcemanager.scheduler.common.fica,FiCaSchedulerNode,1,0,4,4,38,11,0,0,1.0,14,6,/Users/eashraf/hadoop/hadoop-yarn-project/hadoop-yarn/hadoop-yarn-server/hadoop-yarn-server-resourcemanager/src/main/java/org/apache/hadoop/yarn/server/resourcemanager/scheduler/common/fica/FiCaSchedulerNode.java,34
hadoop,org.apache.hadoop.yarn.server.resourcemanager.scheduler.common,QueueEntitlement,2,0,5,5,20,5,0,0,0.0,5,0,/Users/eashraf/hadoop/hadoop-yarn-project/hadoop-yarn/hadoop-yarn-server/hadoop-yarn-server-resourcemanager/src/main/java/org/apache/hadoop/yarn/server/resourcemanager/scheduler/common/QueueEntitlement.java,21
hadoop,org.apache.hadoop.yarn.server.resourcemanager.scheduler.event,NodeResourceUpdateSchedulerEvent,2,0,3,3,15,3,0,1,0.0,4,3,/Users/eashraf/hadoop/hadoop-yarn-project/hadoop-yarn/hadoop-yarn-server/hadoop-yarn-server-resourcemanager/src/main/java/org/apache/hadoop/yarn/server/resourcemanager/scheduler/event/NodeResourceUpdateSchedulerEvent.java,23
hadoop,org.apache.hadoop.yarn.server.resourcemanager.scheduler.event,SchedulerEvent,0,0,1,1,5,1,10,0,-1.0,14,1,/Users/eashraf/hadoop/hadoop-yarn-project/hadoop-yarn/hadoop-yarn-server/hadoop-yarn-server-resourcemanager/src/main/java/org/apache/hadoop/yarn/server/resourcemanager/scheduler/event/SchedulerEvent.java,23
hadoop,org.apache.hadoop.yarn.server.resourcemanager.scheduler.event,AppRemovedSchedulerEvent,2,0,3,3,15,3,0,1,0.0,7,3,/Users/eashraf/hadoop/hadoop-yarn-project/hadoop-yarn/hadoop-yarn-server/hadoop-yarn-server-resourcemanager/src/main/java/org/apache/hadoop/yarn/server/resourcemanager/scheduler/event/AppRemovedSchedulerEvent.java,24
hadoop,org.apache.hadoop.yarn.server.resourcemanager.scheduler.event,NodeAddedSchedulerEvent,2,0,4,4,20,4,0,1,0.0,13,2,/Users/eashraf/hadoop/hadoop-yarn-project/hadoop-yarn/hadoop-yarn-server/hadoop-yarn-server-resourcemanager/src/main/java/org/apache/hadoop/yarn/server/resourcemanager/scheduler/event/NodeAddedSchedulerEvent.java,26
hadoop,org.apache.hadoop.yarn.server.resourcemanager.scheduler.event,SchedulerEventType,0,0,0,0,1,0,0,0,-1.0,20,0,/Users/eashraf/hadoop/hadoop-yarn-project/hadoop-yarn/hadoop-yarn-server/hadoop-yarn-server-resourcemanager/src/main/java/org/apache/hadoop/yarn/server/resourcemanager/scheduler/event/SchedulerEventType.java,21
hadoop,org.apache.hadoop.yarn.server.resourcemanager.scheduler.event,NodeUpdateSchedulerEvent,1,0,2,2,10,2,0,1,0.0,13,2,/Users/eashraf/hadoop/hadoop-yarn-project/hadoop-yarn/hadoop-yarn-server/hadoop-yarn-server-resourcemanager/src/main/java/org/apache/hadoop/yarn/server/resourcemanager/scheduler/event/NodeUpdateSchedulerEvent.java,23
hadoop,org.apache.hadoop.yarn.server.resourcemanager.scheduler.event,AppAddedSchedulerEvent,5,0,8,8,36,8,0,1,0.0,11,3,/Users/eashraf/hadoop/hadoop-yarn-project/hadoop-yarn/hadoop-yarn-server/hadoop-yarn-server-resourcemanager/src/main/java/org/apache/hadoop/yarn/server/resourcemanager/scheduler/event/AppAddedSchedulerEvent.java,24
hadoop,org.apache.hadoop.yarn.server.resourcemanager.scheduler.event,NodeLabelsUpdateSchedulerEvent,1,0,2,2,10,2,0,1,0.0,1,1,/Users/eashraf/hadoop/hadoop-yarn-project/hadoop-yarn/hadoop-yarn-server/hadoop-yarn-server-resourcemanager/src/main/java/org/apache/hadoop/yarn/server/resourcemanager/scheduler/event/NodeLabelsUpdateSchedulerEvent.java,26
hadoop,org.apache.hadoop.yarn.server.resourcemanager.scheduler.event,AppAttemptAddedSchedulerEvent,3,0,5,5,23,5,0,1,0.0,11,2,/Users/eashraf/hadoop/hadoop-yarn-project/hadoop-yarn/hadoop-yarn-server/hadoop-yarn-server-resourcemanager/src/main/java/org/apache/hadoop/yarn/server/resourcemanager/scheduler/event/AppAttemptAddedSchedulerEvent.java,23
hadoop,org.apache.hadoop.yarn.server.resourcemanager.scheduler.event,NodeRemovedSchedulerEvent,1,0,2,2,10,2,0,1,0.0,5,2,/Users/eashraf/hadoop/hadoop-yarn-project/hadoop-yarn/hadoop-yarn-server/hadoop-yarn-server-resourcemanager/src/main/java/org/apache/hadoop/yarn/server/resourcemanager/scheduler/event/NodeRemovedSchedulerEvent.java,23
hadoop,org.apache.hadoop.yarn.server.resourcemanager.scheduler.event,ContainerExpiredSchedulerEvent,1,0,2,2,13,2,0,1,0.0,3,2,/Users/eashraf/hadoop/hadoop-yarn-project/hadoop-yarn/hadoop-yarn-server/hadoop-yarn-server-resourcemanager/src/main/java/org/apache/hadoop/yarn/server/resourcemanager/scheduler/event/ContainerExpiredSchedulerEvent.java,24
hadoop,org.apache.hadoop.yarn.server.resourcemanager.scheduler.event,AppAttemptRemovedSchedulerEvent,3,0,4,4,20,4,0,1,0.0,10,3,/Users/eashraf/hadoop/hadoop-yarn-project/hadoop-yarn/hadoop-yarn-server/hadoop-yarn-server-resourcemanager/src/main/java/org/apache/hadoop/yarn/server/resourcemanager/scheduler/event/AppAttemptRemovedSchedulerEvent.java,24
hadoop,org.apache.hadoop.yarn.server.resourcemanager.reservation.exceptions,PlanningQuotaException,1,0,3,3,15,3,0,1,1.0,0,0,/Users/eashraf/hadoop/hadoop-yarn-project/hadoop-yarn/hadoop-yarn-server/hadoop-yarn-server-resourcemanager/src/main/java/org/apache/hadoop/yarn/server/resourcemanager/reservation/exceptions/PlanningQuotaException.java,24
hadoop,org.apache.hadoop.yarn.server.resourcemanager.reservation.exceptions,ResourceOverCommitException,1,0,3,3,15,3,0,1,1.0,0,0,/Users/eashraf/hadoop/hadoop-yarn-project/hadoop-yarn/hadoop-yarn-server/hadoop-yarn-server-resourcemanager/src/main/java/org/apache/hadoop/yarn/server/resourcemanager/reservation/exceptions/ResourceOverCommitException.java,25
hadoop,org.apache.hadoop.yarn.server.resourcemanager.reservation.exceptions,ContractValidationException,1,0,1,1,9,1,0,1,0.0,0,0,/Users/eashraf/hadoop/hadoop-yarn-project/hadoop-yarn/hadoop-yarn-server/hadoop-yarn-server-resourcemanager/src/main/java/org/apache/hadoop/yarn/server/resourcemanager/reservation/exceptions/ContractValidationException.java,24
hadoop,org.apache.hadoop.yarn.server.resourcemanager.reservation.exceptions,MismatchedUserException,1,0,3,3,15,3,0,1,1.0,0,0,/Users/eashraf/hadoop/hadoop-yarn-project/hadoop-yarn/hadoop-yarn-server/hadoop-yarn-server-resourcemanager/src/main/java/org/apache/hadoop/yarn/server/resourcemanager/reservation/exceptions/MismatchedUserException.java,24
hadoop,org.apache.hadoop.yarn.server.resourcemanager.reservation.exceptions,PlanningException,1,0,3,3,15,3,4,0,1.0,0,0,/Users/eashraf/hadoop/hadoop-yarn-project/hadoop-yarn/hadoop-yarn-server/hadoop-yarn-server-resourcemanager/src/main/java/org/apache/hadoop/yarn/server/resourcemanager/reservation/exceptions/PlanningException.java,26
hadoop,org.apache.hadoop.yarn.server.resourcemanager.amlauncher,AMLauncherEventType,0,0,0,0,1,0,0,0,-1.0,8,0,/Users/eashraf/hadoop/hadoop-yarn-project/hadoop-yarn/hadoop-yarn-server/hadoop-yarn-server-resourcemanager/src/main/java/org/apache/hadoop/yarn/server/resourcemanager/amlauncher/AMLauncherEventType.java,21
hadoop,org.apache.hadoop.yarn.server.resourcemanager.amlauncher,AMLauncher,8,0,11,3,146,20,0,0,0.0,1,29,/Users/eashraf/hadoop/hadoop-yarn-project/hadoop-yarn/hadoop-yarn-server/hadoop-yarn-server-resourcemanager/src/main/java/org/apache/hadoop/yarn/server/resourcemanager/amlauncher/AMLauncher.java,67
hadoop,org.apache.hadoop.yarn.server.resourcemanager.amlauncher,ApplicationMasterLauncher,5,0,7,2,68,9,0,0,0.0,3,5,/Users/eashraf/hadoop/hadoop-yarn-project/hadoop-yarn/hadoop-yarn-server/hadoop-yarn-server-resourcemanager/src/main/java/org/apache/hadoop/yarn/server/resourcemanager/amlauncher/ApplicationMasterLauncher.java,33
hadoop,org.apache.hadoop.yarn.server.resourcemanager.amlauncher,ApplicationMasterLauncher.LauncherThread,0,0,0,0,18,0,0,0,-1.0,0,0,/Users/eashraf/hadoop/hadoop-yarn-project/hadoop-yarn/hadoop-yarn-server/hadoop-yarn-server-resourcemanager/src/main/java/org/apache/hadoop/yarn/server/resourcemanager/amlauncher/ApplicationMasterLauncher.java,84
hadoop,org.apache.hadoop.yarn.server.resourcemanager.amlauncher,AMLauncherEvent,1,0,2,2,10,2,0,0,0.0,3,2,/Users/eashraf/hadoop/hadoop-yarn-project/hadoop-yarn/hadoop-yarn-server/hadoop-yarn-server-resourcemanager/src/main/java/org/apache/hadoop/yarn/server/resourcemanager/amlauncher/AMLauncherEvent.java,24
hadoop,org.apache.hadoop.yarn.server.utils,TestLeveldbIterator,4,0,2,2,45,3,0,0,0.0,0,1,/Users/eashraf/hadoop/hadoop-yarn-project/hadoop-yarn/hadoop-yarn-server/hadoop-yarn-server-common/src/test/java/org/apache/hadoop/yarn/server/utils/TestLeveldbIterator.java,36
hadoop,org.apache.hadoop.yarn.server.utils,TestLeveldbIterator.CallInfo,3,0,0,0,13,0,0,0,-1.0,0,0,/Users/eashraf/hadoop/hadoop-yarn-project/hadoop-yarn/hadoop-yarn-server/hadoop-yarn-server-common/src/test/java/org/apache/hadoop/yarn/server/utils/TestLeveldbIterator.java,37
hadoop,org.apache.hadoop.yarn.server.utils,YarnServerBuilderUtils,1,0,1,1,21,3,0,0,0.0,2,4,/Users/eashraf/hadoop/hadoop-yarn-project/hadoop-yarn/hadoop-yarn-server/hadoop-yarn-server-common/src/main/java/org/apache/hadoop/yarn/server/utils/YarnServerBuilderUtils.java,33
hadoop,org.apache.hadoop.yarn.server.utils,BuilderUtils,1,0,33,33,233,33,0,0,0.15151515151515152,75,32,/Users/eashraf/hadoop/hadoop-yarn-project/hadoop-yarn/hadoop-yarn-server/hadoop-yarn-server-common/src/main/java/org/apache/hadoop/yarn/server/utils/BuilderUtils.java,69
hadoop,org.apache.hadoop.yarn.server.utils,BuilderUtils.ApplicationIdComparator,0,0,0,0,5,0,0,0,-1.0,0,0,/Users/eashraf/hadoop/hadoop-yarn-project/hadoop-yarn/hadoop-yarn-server/hadoop-yarn-server-common/src/main/java/org/apache/hadoop/yarn/server/utils/BuilderUtils.java,79
hadoop,org.apache.hadoop.yarn.server.utils,BuilderUtils.ContainerIdComparator,0,0,0,0,5,0,0,0,-1.0,0,0,/Users/eashraf/hadoop/hadoop-yarn-project/hadoop-yarn/hadoop-yarn-server/hadoop-yarn-server-common/src/main/java/org/apache/hadoop/yarn/server/utils/BuilderUtils.java,87
hadoop,org.apache.hadoop.yarn.server.utils,LeveldbIterator,1,0,14,14,175,14,0,0,0.0,8,0,/Users/eashraf/hadoop/hadoop-yarn-project/hadoop-yarn/hadoop-yarn-server/hadoop-yarn-server-common/src/main/java/org/apache/hadoop/yarn/server/utils/LeveldbIterator.java,33
hadoop,org.apache.hadoop.yarn.server.utils,NoLock,0,0,0,0,2,0,0,0,-1.0,0,0,/Users/eashraf/hadoop/hadoop-yarn-project/hadoop-yarn/hadoop-yarn-server/hadoop-yarn-server-common/src/main/java/org/apache/hadoop/yarn/server/utils/Lock.java,29
hadoop,org.apache.hadoop.yarn.lib,TestZKClient,7,1,8,7,122,18,0,0,0.0,0,1,/Users/eashraf/hadoop/hadoop-yarn-project/hadoop-yarn/hadoop-yarn-server/hadoop-yarn-server-common/src/test/java/org/apache/hadoop/yarn/lib/TestZKClient.java,40
hadoop,org.apache.hadoop.yarn.lib,ZKClient,1,0,5,5,86,5,0,0,0.0,1,0,/Users/eashraf/hadoop/hadoop-yarn-project/hadoop-yarn/hadoop-yarn-server/hadoop-yarn-server-common/src/main/java/org/apache/hadoop/yarn/lib/ZKClient.java,33
hadoop,org.apache.hadoop.yarn.lib,ZKClient.ZKWatcher,0,0,0,0,7,0,0,0,-1.0,0,0,/Users/eashraf/hadoop/hadoop-yarn-project/hadoop-yarn/hadoop-yarn-server/hadoop-yarn-server-common/src/main/java/org/apache/hadoop/yarn/lib/ZKClient.java,121
hadoop,org.apache.hadoop.yarn,TestYSCRPCFactories,0,0,3,1,59,3,0,0,-1.0,0,6,/Users/eashraf/hadoop/hadoop-yarn-project/hadoop-yarn/hadoop-yarn-server/hadoop-yarn-server-common/src/test/java/org/apache/hadoop/yarn/TestYSCRPCFactories.java,40
hadoop,org.apache.hadoop.yarn,TestYSCRPCFactories.ResourceTrackerTestImpl,0,0,0,0,8,0,0,0,-1.0,0,0,/Users/eashraf/hadoop/hadoop-yarn-project/hadoop-yarn/hadoop-yarn-server/hadoop-yarn-server-common/src/test/java/org/apache/hadoop/yarn/TestYSCRPCFactories.java,102
hadoop,org.apache.hadoop.yarn,TestResourceTrackerPBClientImpl,4,1,4,4,72,5,0,0,0.0,0,9,/Users/eashraf/hadoop/hadoop-yarn-project/hadoop-yarn/hadoop-yarn-server/hadoop-yarn-server-common/src/test/java/org/apache/hadoop/yarn/TestResourceTrackerPBClientImpl.java,40
hadoop,org.apache.hadoop.yarn,TestResourceTrackerPBClientImpl.ResourceTrackerTestImpl,1,1,0,0,15,0,0,0,-1.0,0,0,/Users/eashraf/hadoop/hadoop-yarn-project/hadoop-yarn/hadoop-yarn-server/hadoop-yarn-server-common/src/test/java/org/apache/hadoop/yarn/TestResourceTrackerPBClientImpl.java,121
hadoop,org.apache.hadoop.yarn,TestYSCRecordFactory,0,0,1,1,13,1,0,0,-1.0,0,4,/Users/eashraf/hadoop/hadoop-yarn-project/hadoop-yarn/hadoop-yarn-server/hadoop-yarn-server-common/src/test/java/org/apache/hadoop/yarn/TestYSCRecordFactory.java,30
hadoop,org.apache.hadoop.yarn,TestYarnServerApiClasses,1,0,16,8,164,16,0,0,0.25,0,20,/Users/eashraf/hadoop/hadoop-yarn-project/hadoop-yarn/hadoop-yarn-server/hadoop-yarn-server-common/src/test/java/org/apache/hadoop/yarn/TestYarnServerApiClasses.java,51
hadoop,org.apache.hadoop.yarn,TestYarnUncaughtExceptionHandler,1,0,6,6,62,6,0,0,0.6666666666666666,0,3,/Users/eashraf/hadoop/hadoop-yarn-project/hadoop-yarn/hadoop-yarn-common/src/test/java/org/apache/hadoop/yarn/TestYarnUncaughtExceptionHandler.java,29
hadoop,org.apache.hadoop.yarn,TestRPCFactories,0,0,3,1,66,5,0,0,-1.0,0,6,/Users/eashraf/hadoop/hadoop-yarn-project/hadoop-yarn/hadoop-yarn-common/src/test/java/org/apache/hadoop/yarn/TestRPCFactories.java,42
hadoop,org.apache.hadoop.yarn,TestRPCFactories.AMRMProtocolTestImpl,0,0,0,0,11,0,0,0,-1.0,0,0,/Users/eashraf/hadoop/hadoop-yarn-project/hadoop-yarn/hadoop-yarn-common/src/test/java/org/apache/hadoop/yarn/TestRPCFactories.java,108
hadoop,org.apache.hadoop.yarn,MockApps,5,0,5,5,33,5,0,0,1.0,6,1,/Users/eashraf/hadoop/hadoop-yarn-project/hadoop-yarn/hadoop-yarn-common/src/test/java/org/apache/hadoop/yarn/MockApps.java,28
hadoop,org.apache.hadoop.yarn,TestRpcFactoryProvider,0,0,1,1,41,1,0,0,-1.0,0,7,/Users/eashraf/hadoop/hadoop-yarn-project/hadoop-yarn/hadoop-yarn-common/src/test/java/org/apache/hadoop/yarn/TestRpcFactoryProvider.java,33
hadoop,org.apache.hadoop.yarn,TestRPC,4,0,5,4,116,5,0,0,0.6,1,30,/Users/eashraf/hadoop/hadoop-yarn-project/hadoop-yarn/hadoop-yarn-common/src/test/java/org/apache/hadoop/yarn/TestRPC.java,66
hadoop,org.apache.hadoop.yarn,TestRPC.DummyContainerManager,1,0,0,0,31,0,0,0,-1.0,0,1,/Users/eashraf/hadoop/hadoop-yarn-project/hadoop-yarn/hadoop-yarn-common/src/test/java/org/apache/hadoop/yarn/TestRPC.java,176
hadoop,org.apache.hadoop.yarn,TestRecordFactory,0,0,1,1,21,1,0,0,-1.0,0,6,/Users/eashraf/hadoop/hadoop-yarn-project/hadoop-yarn/hadoop-yarn-common/src/test/java/org/apache/hadoop/yarn/TestRecordFactory.java,32
hadoop,org.apache.hadoop.yarn,TestContainerLogAppender,0,0,2,2,22,2,0,0,-1.0,0,1,/Users/eashraf/hadoop/hadoop-yarn-project/hadoop-yarn/hadoop-yarn-common/src/test/java/org/apache/hadoop/yarn/TestContainerLogAppender.java,25
hadoop,org.apache.hadoop.yarn,TestContainerLaunchRPC,3,0,2,1,67,2,0,0,0.0,0,21,/Users/eashraf/hadoop/hadoop-yarn-project/hadoop-yarn/hadoop-yarn-common/src/test/java/org/apache/hadoop/yarn/TestContainerLaunchRPC.java,64
hadoop,org.apache.hadoop.yarn,TestContainerLaunchRPC.DummyContainerManager,1,0,0,0,23,0,0,0,-1.0,0,1,/Users/eashraf/hadoop/hadoop-yarn-project/hadoop-yarn/hadoop-yarn-common/src/test/java/org/apache/hadoop/yarn/TestContainerLaunchRPC.java,134
hadoop,org.apache.hadoop.yarn,ContainerLogAppender,6,0,10,10,72,17,0,0,0.2,1,0,/Users/eashraf/hadoop/hadoop-yarn-project/hadoop-yarn/hadoop-yarn-common/src/main/java/org/apache/hadoop/yarn/ContainerLogAppender.java,31
hadoop,org.apache.hadoop.yarn,ContainerRollingLogAppender,2,0,6,6,34,7,0,0,0.3333333333333333,0,0,/Users/eashraf/hadoop/hadoop-yarn-project/hadoop-yarn/hadoop-yarn-common/src/main/java/org/apache/hadoop/yarn/ContainerRollingLogAppender.java,28
hadoop,org.apache.hadoop.yarn,LocalConfigurationProvider,0,0,3,3,15,5,0,0,-1.0,0,2,/Users/eashraf/hadoop/hadoop-yarn-project/hadoop-yarn/hadoop-yarn-common/src/main/java/org/apache/hadoop/yarn/LocalConfigurationProvider.java,32
hadoop,org.apache.hadoop.yarn,YarnUncaughtExceptionHandler,1,0,1,1,32,4,0,0,0.0,1,2,/Users/eashraf/hadoop/hadoop-yarn-project/hadoop-yarn/hadoop-yarn-common/src/main/java/org/apache/hadoop/yarn/YarnUncaughtExceptionHandler.java,30
hadoop,org.apache.hadoop.yarn,FileSystemBasedConfigurationProvider,3,0,3,3,36,8,0,0,0.0,0,4,/Users/eashraf/hadoop/hadoop-yarn-project/hadoop-yarn/hadoop-yarn-common/src/main/java/org/apache/hadoop/yarn/FileSystemBasedConfigurationProvider.java,35
hadoop,org.apache.hadoop.yarn.server.metrics,AppAttemptMetricsConstants,12,12,0,0,14,0,0,0,-1.0,4,0,/Users/eashraf/hadoop/hadoop-yarn-project/hadoop-yarn/hadoop-yarn-server/hadoop-yarn-server-common/src/main/java/org/apache/hadoop/yarn/server/metrics/AppAttemptMetricsConstants.java,24
hadoop,org.apache.hadoop.yarn.server.metrics,ContainerMetricsConstants,12,12,0,0,14,0,0,0,-1.0,4,0,/Users/eashraf/hadoop/hadoop-yarn-project/hadoop-yarn/hadoop-yarn-server/hadoop-yarn-server-common/src/main/java/org/apache/hadoop/yarn/server/metrics/ContainerMetricsConstants.java,24
hadoop,org.apache.hadoop.yarn.server.metrics,ApplicationMetricsConstants,16,16,0,0,18,0,0,0,-1.0,4,0,/Users/eashraf/hadoop/hadoop-yarn-project/hadoop-yarn/hadoop-yarn-server/hadoop-yarn-server-common/src/main/java/org/apache/hadoop/yarn/server/metrics/ApplicationMetricsConstants.java,24
hadoop,org.apache.hadoop.yarn.server.records.impl.pb,VersionPBImpl,3,0,8,7,39,9,0,0,0.0,0,0,/Users/eashraf/hadoop/hadoop-yarn-project/hadoop-yarn/hadoop-yarn-server/hadoop-yarn-server-common/src/main/java/org/apache/hadoop/yarn/server/records/impl/pb/VersionPBImpl.java,26
hadoop,org.apache.hadoop.yarn.server.records,Version,0,0,9,9,40,13,0,0,-1.0,17,1,/Users/eashraf/hadoop/hadoop-yarn-project/hadoop-yarn/hadoop-yarn-server/hadoop-yarn-server-common/src/main/java/org/apache/hadoop/yarn/server/records/Version.java,25
hadoop,org.apache.hadoop.yarn.server,RMNMSecurityInfoClass,0,0,5,5,22,6,0,0,-1.0,0,2,/Users/eashraf/hadoop/hadoop-yarn-project/hadoop-yarn/hadoop-yarn-server/hadoop-yarn-server-common/src/main/java/org/apache/hadoop/yarn/server/RMNMSecurityInfoClass.java,30
hadoop,org.apache.hadoop.yarn.server,TestDiskFailures,9,0,9,5,153,14,0,0,0.0,0,9,/Users/eashraf/hadoop/hadoop-yarn-project/hadoop-yarn/hadoop-yarn-server/hadoop-yarn-server-tests/src/test/java/org/apache/hadoop/yarn/server/TestDiskFailures.java,49
hadoop,org.apache.hadoop.yarn.server,MiniYARNCluster,15,0,23,17,493,52,0,0,0.13043478260869565,11,13,/Users/eashraf/hadoop/hadoop-yarn-project/hadoop-yarn/hadoop-yarn-server/hadoop-yarn-server-tests/src/test/java/org/apache/hadoop/yarn/server/MiniYARNCluster.java,80
hadoop,org.apache.hadoop.yarn.server,MiniYARNCluster.ResourceManagerWrapper,1,0,0,0,44,0,0,0,-1.0,0,2,/Users/eashraf/hadoop/hadoop-yarn-project/hadoop-yarn/hadoop-yarn-server/hadoop-yarn-server-tests/src/test/java/org/apache/hadoop/yarn/server/MiniYARNCluster.java,433
hadoop,org.apache.hadoop.yarn.server,MiniYARNCluster.NodeManagerWrapper,1,0,0,0,71,0,0,0,-1.0,0,1,/Users/eashraf/hadoop/hadoop-yarn-project/hadoop-yarn/hadoop-yarn-server/hadoop-yarn-server-tests/src/test/java/org/apache/hadoop/yarn/server/MiniYARNCluster.java,493
hadoop,org.apache.hadoop.yarn.server,MiniYARNCluster.CustomNodeManager,0,0,0,0,4,0,0,0,-1.0,0,0,/Users/eashraf/hadoop/hadoop-yarn-project/hadoop-yarn/hadoop-yarn-server/hadoop-yarn-server-tests/src/test/java/org/apache/hadoop/yarn/server/MiniYARNCluster.java,589
hadoop,org.apache.hadoop.yarn.server,MiniYARNCluster.ShortCircuitedNodeManager,0,0,0,0,38,0,0,0,-1.0,0,0,/Users/eashraf/hadoop/hadoop-yarn-project/hadoop-yarn/hadoop-yarn-server/hadoop-yarn-server-tests/src/test/java/org/apache/hadoop/yarn/server/MiniYARNCluster.java,596
hadoop,org.apache.hadoop.yarn.server,MiniYARNCluster.ApplicationHistoryServerWrapper,0,0,0,0,42,0,0,0,-1.0,0,1,/Users/eashraf/hadoop/hadoop-yarn-project/hadoop-yarn/hadoop-yarn-server/hadoop-yarn-server-tests/src/test/java/org/apache/hadoop/yarn/server/MiniYARNCluster.java,676
hadoop,org.apache.hadoop.yarn.server,TestContainerManagerSecurity,7,0,21,6,387,41,0,0,0.09523809523809523,0,41,/Users/eashraf/hadoop/hadoop-yarn-project/hadoop-yarn/hadoop-yarn-server/hadoop-yarn-server-tests/src/test/java/org/apache/hadoop/yarn/server/TestContainerManagerSecurity.java,88
hadoop,org.apache.hadoop.yarn.server,ContainerTokenIdentifierForTest,3,1,17,16,110,27,0,0,0.0,1,11,/Users/eashraf/hadoop/hadoop-yarn-project/hadoop-yarn/hadoop-yarn-server/hadoop-yarn-server-tests/src/test/java/org/apache/hadoop/yarn/server/ContainerTokenIdentifierForTest.java,43
hadoop,org.apache.hadoop.yarn.server,NMTokenIdentifierNewForTest,4,1,18,18,75,20,0,0,0.16666666666666666,1,3,/Users/eashraf/hadoop/hadoop-yarn-project/hadoop-yarn/hadoop-yarn-server/hadoop-yarn-server-tests/src/test/java/org/apache/hadoop/yarn/server/NMTokenIdentifierNewForTest.java,40
hadoop,org.apache.hadoop.yarn.server,TestMiniYARNClusterForHA,1,0,2,2,16,2,0,0,0.0,0,4,/Users/eashraf/hadoop/hadoop-yarn-project/hadoop-yarn/hadoop-yarn-server/hadoop-yarn-server-tests/src/test/java/org/apache/hadoop/yarn/server/TestMiniYARNClusterForHA.java,33
hadoop,org.apache.hadoop.yarn.server,TestRMNMSecretKeys,0,0,5,1,64,5,0,0,-1.0,0,9,/Users/eashraf/hadoop/hadoop-yarn-project/hadoop-yarn/hadoop-yarn-server/hadoop-yarn-server-tests/src/test/java/org/apache/hadoop/yarn/server/TestRMNMSecretKeys.java,37
hadoop,org.apache.hadoop.yarn.server.security,MasterKeyData,2,0,4,4,20,4,0,0,0.0,11,2,/Users/eashraf/hadoop/hadoop-yarn-project/hadoop-yarn/hadoop-yarn-server/hadoop-yarn-server-common/src/main/java/org/apache/hadoop/yarn/server/security/MasterKeyData.java,29
hadoop,org.apache.hadoop.yarn.server.security,BaseContainerTokenSecretManager,7,0,7,5,69,9,0,0,0.5714285714285714,0,4,/Users/eashraf/hadoop/hadoop-yarn-project/hadoop-yarn/hadoop-yarn-server/hadoop-yarn-server-common/src/main/java/org/apache/hadoop/yarn/server/security/BaseContainerTokenSecretManager.java,35
hadoop,org.apache.hadoop.yarn.server.security,BaseNMTokenSecretManager,6,0,8,5,81,10,0,0,0.375,1,7,/Users/eashraf/hadoop/hadoop-yarn-project/hadoop-yarn/hadoop-yarn-server/hadoop-yarn-server-common/src/main/java/org/apache/hadoop/yarn/server/security/BaseNMTokenSecretManager.java,39
hadoop,org.apache.hadoop.yarn.server.security,TestApplicationACLsManager,5,0,3,3,71,3,0,0,0.0,0,6,/Users/eashraf/hadoop/hadoop-yarn-project/hadoop-yarn/hadoop-yarn-common/src/test/java/org/apache/hadoop/yarn/server/security/TestApplicationACLsManager.java,33
hadoop,org.apache.hadoop.yarn.server.security,ApplicationACLsManager,5,0,6,6,64,14,0,0,0.3333333333333333,23,7,/Users/eashraf/hadoop/hadoop-yarn-project/hadoop-yarn/hadoop-yarn-common/src/main/java/org/apache/hadoop/yarn/server/security/ApplicationACLsManager.java,40
hadoop,org.apache.hadoop.yarn.server.security.http,RMAuthenticationFilterInitializer,4,0,3,2,68,10,0,0,0.0,0,10,/Users/eashraf/hadoop/hadoop-yarn-project/hadoop-yarn/hadoop-yarn-server/hadoop-yarn-server-common/src/main/java/org/apache/hadoop/yarn/server/security/http/RMAuthenticationFilterInitializer.java,42
hadoop,org.apache.hadoop.yarn.server.security.http,RMAuthenticationFilter,2,0,5,5,35,9,0,0,0.8,1,3,/Users/eashraf/hadoop/hadoop-yarn-project/hadoop-yarn/hadoop-yarn-server/hadoop-yarn-server-common/src/main/java/org/apache/hadoop/yarn/server/security/http/RMAuthenticationFilter.java,37
hadoop,org.apache.hadoop.yarn.server.webapp,ContainerBlock,2,0,3,2,53,6,0,0,0.0,0,9,/Users/eashraf/hadoop/hadoop-yarn-project/hadoop-yarn/hadoop-yarn-server/hadoop-yarn-server-common/src/main/java/org/apache/hadoop/yarn/server/webapp/ContainerBlock.java,40
hadoop,org.apache.hadoop.yarn.server.webapp,AppsBlock,1,0,3,2,58,9,0,0,0.0,0,4,/Users/eashraf/hadoop/hadoop-yarn-project/hadoop-yarn/hadoop-yarn-server/hadoop-yarn-server-common/src/main/java/org/apache/hadoop/yarn/server/webapp/AppsBlock.java,43
hadoop,org.apache.hadoop.yarn.server.webapp,WebServices,1,0,21,13,356,77,0,0,0.09523809523809523,0,18,/Users/eashraf/hadoop/hadoop-yarn-project/hadoop-yarn/hadoop-yarn-server/hadoop-yarn-server-common/src/main/java/org/apache/hadoop/yarn/server/webapp/WebServices.java,55
hadoop,org.apache.hadoop.yarn.server.webapp,AppAttemptBlock,2,0,4,3,90,11,0,0,0.0,0,8,/Users/eashraf/hadoop/hadoop-yarn-project/hadoop-yarn/hadoop-yarn-server/hadoop-yarn-server-common/src/main/java/org/apache/hadoop/yarn/server/webapp/AppAttemptBlock.java,45
hadoop,org.apache.hadoop.yarn.server.webapp,AppBlock,1,0,5,3,115,14,0,0,0.0,0,12,/Users/eashraf/hadoop/hadoop-yarn-project/hadoop-yarn/hadoop-yarn-server/hadoop-yarn-server-common/src/main/java/org/apache/hadoop/yarn/server/webapp/AppBlock.java,48
hadoop,org.apache.hadoop.yarn.server.webapp.dao,AppInfo,18,0,20,20,98,21,0,0,0.1,4,4,/Users/eashraf/hadoop/hadoop-yarn-project/hadoop-yarn/hadoop-yarn-server/hadoop-yarn-server-common/src/main/java/org/apache/hadoop/yarn/server/webapp/dao/AppInfo.java,30
hadoop,org.apache.hadoop.yarn.server.webapp.dao,AppAttemptsInfo,1,0,3,3,11,3,0,0,0.6666666666666666,1,1,/Users/eashraf/hadoop/hadoop-yarn-project/hadoop-yarn/hadoop-yarn-server/hadoop-yarn-server-common/src/main/java/org/apache/hadoop/yarn/server/webapp/dao/AppAttemptsInfo.java,27
hadoop,org.apache.hadoop.yarn.server.webapp.dao,ContainersInfo,1,0,3,3,11,3,0,0,0.6666666666666666,1,1,/Users/eashraf/hadoop/hadoop-yarn-project/hadoop-yarn/hadoop-yarn-server/hadoop-yarn-server-common/src/main/java/org/apache/hadoop/yarn/server/webapp/dao/ContainersInfo.java,26
hadoop,org.apache.hadoop.yarn.server.webapp.dao,AppAttemptInfo,8,0,10,10,48,11,0,0,0.2,4,2,/Users/eashraf/hadoop/hadoop-yarn-project/hadoop-yarn/hadoop-yarn-server/hadoop-yarn-server-common/src/main/java/org/apache/hadoop/yarn/server/webapp/dao/AppAttemptInfo.java,28
hadoop,org.apache.hadoop.yarn.server.webapp.dao,AppsInfo,1,0,3,3,11,3,0,0,0.6666666666666666,1,1,/Users/eashraf/hadoop/hadoop-yarn-project/hadoop-yarn/hadoop-yarn-server/hadoop-yarn-server-common/src/main/java/org/apache/hadoop/yarn/server/webapp/dao/AppsInfo.java,26
hadoop,org.apache.hadoop.yarn.server.webapp.dao,ContainerInfo,12,0,14,14,70,16,0,0,0.14285714285714285,5,3,/Users/eashraf/hadoop/hadoop-yarn-project/hadoop-yarn/hadoop-yarn-server/hadoop-yarn-server-common/src/main/java/org/apache/hadoop/yarn/server/webapp/dao/ContainerInfo.java,29
hadoop,org.apache.hadoop.yarn.server.sharedcache,SharedCacheUtil,1,0,3,3,37,8,0,0,1.0,4,3,/Users/eashraf/hadoop/hadoop-yarn-project/hadoop-yarn/hadoop-yarn-server/hadoop-yarn-server-common/src/main/java/org/apache/hadoop/yarn/server/sharedcache/SharedCacheUtil.java,29
hadoop,org.apache.hadoop.yarn.server.api.impl.pb.service,SCMUploaderProtocolPBServiceImpl,1,0,3,3,32,3,0,0,0.0,0,5,/Users/eashraf/hadoop/hadoop-yarn-project/hadoop-yarn/hadoop-yarn-server/hadoop-yarn-server-common/src/main/java/org/apache/hadoop/yarn/server/api/impl/pb/service/SCMUploaderProtocolPBServiceImpl.java,40
hadoop,org.apache.hadoop.yarn.server.api.impl.pb.service,ResourceTrackerPBServiceImpl,1,0,3,3,32,3,0,0,0.0,0,5,/Users/eashraf/hadoop/hadoop-yarn-project/hadoop-yarn/hadoop-yarn-server/hadoop-yarn-server-common/src/main/java/org/apache/hadoop/yarn/server/api/impl/pb/service/ResourceTrackerPBServiceImpl.java,40
hadoop,org.apache.hadoop.yarn.server.api.impl.pb.service,SCMAdminProtocolPBServiceImpl,1,0,2,2,19,2,0,0,0.0,0,3,/Users/eashraf/hadoop/hadoop-yarn-project/hadoop-yarn/hadoop-yarn-common/src/main/java/org/apache/hadoop/yarn/server/api/impl/pb/service/SCMAdminProtocolPBServiceImpl.java,35
hadoop,org.apache.hadoop.yarn.server.api.impl.pb.service,ResourceManagerAdministrationProtocolPBServiceImpl,1,0,12,12,150,13,0,0,0.0,0,21,/Users/eashraf/hadoop/hadoop-yarn-project/hadoop-yarn/hadoop-yarn-common/src/main/java/org/apache/hadoop/yarn/server/api/impl/pb/service/ResourceManagerAdministrationProtocolPBServiceImpl.java,83
hadoop,org.apache.hadoop.yarn.server.api.impl.pb.client,ResourceTrackerPBClientImpl,1,0,4,4,32,5,0,0,0.0,0,7,/Users/eashraf/hadoop/hadoop-yarn-project/hadoop-yarn/hadoop-yarn-server/hadoop-yarn-server-common/src/main/java/org/apache/hadoop/yarn/server/api/impl/pb/client/ResourceTrackerPBClientImpl.java,45
hadoop,org.apache.hadoop.yarn.server.api.impl.pb.client,SCMUploaderProtocolPBClientImpl,1,0,4,4,33,5,0,0,0.0,0,7,/Users/eashraf/hadoop/hadoop-yarn-project/hadoop-yarn/hadoop-yarn-server/hadoop-yarn-server-common/src/main/java/org/apache/hadoop/yarn/server/api/impl/pb/client/SCMUploaderProtocolPBClientImpl.java,45
hadoop,org.apache.hadoop.yarn.server.api.impl.pb.client,ResourceManagerAdministrationProtocolPBClientImpl,1,0,13,13,122,14,0,0,0.0,0,16,/Users/eashraf/hadoop/hadoop-yarn-project/hadoop-yarn/hadoop-yarn-common/src/main/java/org/apache/hadoop/yarn/server/api/impl/pb/client/ResourceManagerAdministrationProtocolPBClientImpl.java,89
hadoop,org.apache.hadoop.yarn.server.api.impl.pb.client,SCMAdminProtocolPBClientImpl,1,0,3,3,22,4,0,0,0.0,0,6,/Users/eashraf/hadoop/hadoop-yarn-project/hadoop-yarn/hadoop-yarn-common/src/main/java/org/apache/hadoop/yarn/server/api/impl/pb/client/SCMAdminProtocolPBClientImpl.java,40
hadoop,org.apache.hadoop.yarn.server.api.records.impl.pb,NodeStatusPBImpl,9,0,38,23,214,60,0,0,0.21052631578947367,1,4,/Users/eashraf/hadoop/hadoop-yarn-project/hadoop-yarn/hadoop-yarn-server/hadoop-yarn-server-common/src/main/java/org/apache/hadoop/yarn/server/api/records/impl/pb/NodeStatusPBImpl.java,42
hadoop,org.apache.hadoop.yarn.server.api.records.impl.pb,NodeHealthStatusPBImpl,3,0,14,12,73,20,0,0,0.0,0,0,/Users/eashraf/hadoop/hadoop-yarn-project/hadoop-yarn/hadoop-yarn-server/hadoop-yarn-server-common/src/main/java/org/apache/hadoop/yarn/server/api/records/impl/pb/NodeHealthStatusPBImpl.java,27
hadoop,org.apache.hadoop.yarn.server.api.records.impl.pb,MasterKeyPBImpl,3,0,10,9,56,15,0,0,0.0,3,1,/Users/eashraf/hadoop/hadoop-yarn-project/hadoop-yarn/hadoop-yarn-server/hadoop-yarn-server-common/src/main/java/org/apache/hadoop/yarn/server/api/records/impl/pb/MasterKeyPBImpl.java,28
hadoop,org.apache.hadoop.yarn.server.api.records,MasterKey,0,0,4,0,6,4,0,0,-1.0,34,0,/Users/eashraf/hadoop/hadoop-yarn-project/hadoop-yarn/hadoop-yarn-server/hadoop-yarn-server-common/src/main/java/org/apache/hadoop/yarn/server/api/records/MasterKey.java,23
hadoop,org.apache.hadoop.yarn.server.api.records,NodeStatus,0,0,11,11,21,11,0,0,-1.0,10,3,/Users/eashraf/hadoop/hadoop-yarn-project/hadoop-yarn/hadoop-yarn-server/hadoop-yarn-server-common/src/main/java/org/apache/hadoop/yarn/server/api/records/NodeStatus.java,28
hadoop,org.apache.hadoop.yarn.server.api.records,NodeHealthStatus,0,0,7,7,32,7,0,0,-1.0,14,1,/Users/eashraf/hadoop/hadoop-yarn-project/hadoop-yarn/hadoop-yarn-server/hadoop-yarn-server-common/src/main/java/org/apache/hadoop/yarn/server/api/records/NodeHealthStatus.java,28
hadoop,org.apache.hadoop.yarn.server.api.records,NodeAction,0,0,0,0,4,0,0,0,-1.0,22,0,/Users/eashraf/hadoop/hadoop-yarn-project/hadoop-yarn/hadoop-yarn-server/hadoop-yarn-server-common/src/main/java/org/apache/hadoop/yarn/server/api/records/NodeAction.java,21
hadoop,org.apache.hadoop.yarn.server.api.protocolrecords.impl.pb,NodeHeartbeatRequestPBImpl,6,0,18,11,114,34,0,0,0.16666666666666666,3,2,/Users/eashraf/hadoop/hadoop-yarn-project/hadoop-yarn/hadoop-yarn-server/hadoop-yarn-server-common/src/main/java/org/apache/hadoop/yarn/server/api/protocolrecords/impl/pb/NodeHeartbeatRequestPBImpl.java,31
hadoop,org.apache.hadoop.yarn.server.api.protocolrecords.impl.pb,RegisterNodeManagerResponsePBImpl,6,0,22,15,143,39,0,0,0.13636363636363635,2,2,/Users/eashraf/hadoop/hadoop-yarn-project/hadoop-yarn/hadoop-yarn-server/hadoop-yarn-server-common/src/main/java/org/apache/hadoop/yarn/server/api/protocolrecords/impl/pb/RegisterNodeManagerResponsePBImpl.java,34
hadoop,org.apache.hadoop.yarn.server.api.protocolrecords.impl.pb,SCMUploaderNotifyRequestPBImpl,3,0,9,7,53,13,0,0,0.0,1,0,/Users/eashraf/hadoop/hadoop-yarn-project/hadoop-yarn/hadoop-yarn-server/hadoop-yarn-server-common/src/main/java/org/apache/hadoop/yarn/server/api/protocolrecords/impl/pb/SCMUploaderNotifyRequestPBImpl.java,25
hadoop,org.apache.hadoop.yarn.server.api.protocolrecords.impl.pb,NodeHeartbeatResponsePBImpl,12,0,54,35,322,88,0,0,0.18518518518518517,1,5,/Users/eashraf/hadoop/hadoop-yarn-project/hadoop-yarn/hadoop-yarn-server/hadoop-yarn-server-common/src/main/java/org/apache/hadoop/yarn/server/api/protocolrecords/impl/pb/NodeHeartbeatResponsePBImpl.java,48
hadoop,org.apache.hadoop.yarn.server.api.protocolrecords.impl.pb,SCMUploaderCanUploadRequestPBImpl,3,0,7,5,41,10,0,0,0.0,1,0,/Users/eashraf/hadoop/hadoop-yarn-project/hadoop-yarn/hadoop-yarn-server/hadoop-yarn-server-common/src/main/java/org/apache/hadoop/yarn/server/api/protocolrecords/impl/pb/SCMUploaderCanUploadRequestPBImpl.java,25
hadoop,org.apache.hadoop.yarn.server.api.protocolrecords.impl.pb,NMContainerStatusPBImpl,6,0,31,20,175,51,0,0,0.22580645161290322,1,5,/Users/eashraf/hadoop/hadoop-yarn-project/hadoop-yarn/hadoop-yarn-server/hadoop-yarn-server-common/src/main/java/org/apache/hadoop/yarn/server/api/protocolrecords/impl/pb/NMContainerStatusPBImpl.java,39
hadoop,org.apache.hadoop.yarn.server.api.protocolrecords.impl.pb,SCMUploaderNotifyResponsePBImpl,3,0,7,5,37,9,0,0,0.0,0,0,/Users/eashraf/hadoop/hadoop-yarn-project/hadoop-yarn/hadoop-yarn-server/hadoop-yarn-server-common/src/main/java/org/apache/hadoop/yarn/server/api/protocolrecords/impl/pb/SCMUploaderNotifyResponsePBImpl.java,25
hadoop,org.apache.hadoop.yarn.server.api.protocolrecords.impl.pb,RegisterNodeManagerRequestPBImpl,8,0,36,21,215,60,0,0,0.2222222222222222,2,5,/Users/eashraf/hadoop/hadoop-yarn-project/hadoop-yarn/hadoop-yarn-server/hadoop-yarn-server-common/src/main/java/org/apache/hadoop/yarn/server/api/protocolrecords/impl/pb/RegisterNodeManagerRequestPBImpl.java,50
hadoop,org.apache.hadoop.yarn.server.api.protocolrecords.impl.pb,SCMUploaderCanUploadResponsePBImpl,3,0,7,5,37,9,0,0,0.0,0,0,/Users/eashraf/hadoop/hadoop-yarn-project/hadoop-yarn/hadoop-yarn-server/hadoop-yarn-server-common/src/main/java/org/apache/hadoop/yarn/server/api/protocolrecords/impl/pb/SCMUploaderCanUploadResponsePBImpl.java,25
hadoop,org.apache.hadoop.yarn.server.api.protocolrecords.impl.pb,RefreshUserToGroupsMappingsRequestPBImpl,3,0,6,6,30,8,0,0,0.0,1,0,/Users/eashraf/hadoop/hadoop-yarn-project/hadoop-yarn/hadoop-yarn-common/src/main/java/org/apache/hadoop/yarn/server/api/protocolrecords/impl/pb/RefreshUserToGroupsMappingsRequestPBImpl.java,28
hadoop,org.apache.hadoop.yarn.server.api.protocolrecords.impl.pb,UpdateNodeResourceResponsePBImpl,3,0,6,6,30,8,0,0,0.0,0,0,/Users/eashraf/hadoop/hadoop-yarn-project/hadoop-yarn/hadoop-yarn-common/src/main/java/org/apache/hadoop/yarn/server/api/protocolrecords/impl/pb/UpdateNodeResourceResponsePBImpl.java,23
hadoop,org.apache.hadoop.yarn.server.api.protocolrecords.impl.pb,AddToClusterNodeLabelsRequestPBImpl,4,0,11,7,67,18,0,0,0.18181818181818182,2,0,/Users/eashraf/hadoop/hadoop-yarn-project/hadoop-yarn/hadoop-yarn-common/src/main/java/org/apache/hadoop/yarn/server/api/protocolrecords/impl/pb/AddToClusterNodeLabelsRequestPBImpl.java,28
hadoop,org.apache.hadoop.yarn.server.api.protocolrecords.impl.pb,ReplaceLabelsOnNodeRequestPBImpl,5,0,17,11,97,25,0,0,0.17647058823529413,1,1,/Users/eashraf/hadoop/hadoop-yarn-project/hadoop-yarn/hadoop-yarn-common/src/main/java/org/apache/hadoop/yarn/server/api/protocolrecords/impl/pb/ReplaceLabelsOnNodeRequestPBImpl.java,38
hadoop,org.apache.hadoop.yarn.server.api.protocolrecords.impl.pb,RefreshSuperUserGroupsConfigurationRequestPBImpl,3,0,6,6,30,8,0,0,0.0,1,0,/Users/eashraf/hadoop/hadoop-yarn-project/hadoop-yarn/hadoop-yarn-common/src/main/java/org/apache/hadoop/yarn/server/api/protocolrecords/impl/pb/RefreshSuperUserGroupsConfigurationRequestPBImpl.java,28
hadoop,org.apache.hadoop.yarn.server.api.protocolrecords.impl.pb,RemoveFromClusterNodeLabelsResponsePBImpl,3,0,6,6,30,8,0,0,0.0,0,0,/Users/eashraf/hadoop/hadoop-yarn-project/hadoop-yarn/hadoop-yarn-common/src/main/java/org/apache/hadoop/yarn/server/api/protocolrecords/impl/pb/RemoveFromClusterNodeLabelsResponsePBImpl.java,26
hadoop,org.apache.hadoop.yarn.server.api.protocolrecords.impl.pb,RefreshQueuesResponsePBImpl,3,0,6,6,30,8,0,0,0.0,0,0,/Users/eashraf/hadoop/hadoop-yarn-project/hadoop-yarn/hadoop-yarn-common/src/main/java/org/apache/hadoop/yarn/server/api/protocolrecords/impl/pb/RefreshQueuesResponsePBImpl.java,28
hadoop,org.apache.hadoop.yarn.server.api.protocolrecords.impl.pb,RefreshSuperUserGroupsConfigurationResponsePBImpl,3,0,6,6,30,8,0,0,0.0,0,0,/Users/eashraf/hadoop/hadoop-yarn-project/hadoop-yarn/hadoop-yarn-common/src/main/java/org/apache/hadoop/yarn/server/api/protocolrecords/impl/pb/RefreshSuperUserGroupsConfigurationResponsePBImpl.java,28
hadoop,org.apache.hadoop.yarn.server.api.protocolrecords.impl.pb,RefreshServiceAclsRequestPBImpl,3,0,6,6,30,8,0,0,0.0,1,0,/Users/eashraf/hadoop/hadoop-yarn-project/hadoop-yarn/hadoop-yarn-common/src/main/java/org/apache/hadoop/yarn/server/api/protocolrecords/impl/pb/RefreshServiceAclsRequestPBImpl.java,28
hadoop,org.apache.hadoop.yarn.server.api.protocolrecords.impl.pb,RefreshNodesResponsePBImpl,3,0,6,6,30,8,0,0,0.0,0,0,/Users/eashraf/hadoop/hadoop-yarn-project/hadoop-yarn/hadoop-yarn-common/src/main/java/org/apache/hadoop/yarn/server/api/protocolrecords/impl/pb/RefreshNodesResponsePBImpl.java,28
hadoop,org.apache.hadoop.yarn.server.api.protocolrecords.impl.pb,RefreshAdminAclsRequestPBImpl,3,0,6,6,30,8,0,0,0.0,1,0,/Users/eashraf/hadoop/hadoop-yarn-project/hadoop-yarn/hadoop-yarn-common/src/main/java/org/apache/hadoop/yarn/server/api/protocolrecords/impl/pb/RefreshAdminAclsRequestPBImpl.java,28
hadoop,org.apache.hadoop.yarn.server.api.protocolrecords.impl.pb,RemoveFromClusterNodeLabelsRequestPBImpl,4,0,11,7,67,18,0,0,0.18181818181818182,1,0,/Users/eashraf/hadoop/hadoop-yarn-project/hadoop-yarn/hadoop-yarn-common/src/main/java/org/apache/hadoop/yarn/server/api/protocolrecords/impl/pb/RemoveFromClusterNodeLabelsRequestPBImpl.java,28
hadoop,org.apache.hadoop.yarn.server.api.protocolrecords.impl.pb,UpdateNodeResourceRequestPBImpl,5,0,20,11,108,29,0,0,0.2,1,2,/Users/eashraf/hadoop/hadoop-yarn-project/hadoop-yarn/hadoop-yarn-common/src/main/java/org/apache/hadoop/yarn/server/api/protocolrecords/impl/pb/UpdateNodeResourceRequestPBImpl.java,37
hadoop,org.apache.hadoop.yarn.server.api.protocolrecords.impl.pb,AddToClusterNodeLabelsResponsePBImpl,3,0,6,6,30,8,0,0,0.0,0,0,/Users/eashraf/hadoop/hadoop-yarn-project/hadoop-yarn/hadoop-yarn-common/src/main/java/org/apache/hadoop/yarn/server/api/protocolrecords/impl/pb/AddToClusterNodeLabelsResponsePBImpl.java,26
hadoop,org.apache.hadoop.yarn.server.api.protocolrecords.impl.pb,RefreshQueuesRequestPBImpl,3,0,6,6,30,8,0,0,0.0,1,0,/Users/eashraf/hadoop/hadoop-yarn-project/hadoop-yarn/hadoop-yarn-common/src/main/java/org/apache/hadoop/yarn/server/api/protocolrecords/impl/pb/RefreshQueuesRequestPBImpl.java,28
hadoop,org.apache.hadoop.yarn.server.api.protocolrecords.impl.pb,RunSharedCacheCleanerTaskResponsePBImpl,3,0,6,5,31,7,0,0,0.0,0,0,/Users/eashraf/hadoop/hadoop-yarn-project/hadoop-yarn/hadoop-yarn-common/src/main/java/org/apache/hadoop/yarn/server/api/protocolrecords/impl/pb/RunSharedCacheCleanerTaskResponsePBImpl.java,25
hadoop,org.apache.hadoop.yarn.server.api.protocolrecords.impl.pb,ReplaceLabelsOnNodeResponsePBImpl,3,0,6,6,30,8,0,0,0.0,0,0,/Users/eashraf/hadoop/hadoop-yarn-project/hadoop-yarn/hadoop-yarn-common/src/main/java/org/apache/hadoop/yarn/server/api/protocolrecords/impl/pb/ReplaceLabelsOnNodeResponsePBImpl.java,26
hadoop,org.apache.hadoop.yarn.server.api.protocolrecords.impl.pb,RefreshAdminAclsResponsePBImpl,3,0,6,6,30,8,0,0,0.0,0,0,/Users/eashraf/hadoop/hadoop-yarn-project/hadoop-yarn/hadoop-yarn-common/src/main/java/org/apache/hadoop/yarn/server/api/protocolrecords/impl/pb/RefreshAdminAclsResponsePBImpl.java,28
hadoop,org.apache.hadoop.yarn.server.api.protocolrecords.impl.pb,RefreshServiceAclsResponsePBImpl,3,0,6,6,30,8,0,0,0.0,0,0,/Users/eashraf/hadoop/hadoop-yarn-project/hadoop-yarn/hadoop-yarn-common/src/main/java/org/apache/hadoop/yarn/server/api/protocolrecords/impl/pb/RefreshServiceAclsResponsePBImpl.java,28
hadoop,org.apache.hadoop.yarn.server.api.protocolrecords.impl.pb,RunSharedCacheCleanerTaskRequestPBImpl,3,0,4,3,23,5,0,0,0.0,1,0,/Users/eashraf/hadoop/hadoop-yarn-project/hadoop-yarn/hadoop-yarn-common/src/main/java/org/apache/hadoop/yarn/server/api/protocolrecords/impl/pb/RunSharedCacheCleanerTaskRequestPBImpl.java,24
hadoop,org.apache.hadoop.yarn.server.api.protocolrecords.impl.pb,RefreshUserToGroupsMappingsResponsePBImpl,3,0,6,6,30,8,0,0,0.0,0,0,/Users/eashraf/hadoop/hadoop-yarn-project/hadoop-yarn/hadoop-yarn-common/src/main/java/org/apache/hadoop/yarn/server/api/protocolrecords/impl/pb/RefreshUserToGroupsMappingsResponsePBImpl.java,28
hadoop,org.apache.hadoop.yarn.server.api.protocolrecords.impl.pb,RefreshNodesRequestPBImpl,3,0,6,6,30,8,0,0,0.0,1,0,/Users/eashraf/hadoop/hadoop-yarn-project/hadoop-yarn/hadoop-yarn-common/src/main/java/org/apache/hadoop/yarn/server/api/protocolrecords/impl/pb/RefreshNodesRequestPBImpl.java,28
hadoop,org.apache.hadoop.yarn.server.webproxy.amfilter,TestAmFilterInitializer,1,0,3,2,139,3,0,0,1.0,0,7,/Users/eashraf/hadoop/hadoop-yarn-project/hadoop-yarn/hadoop-yarn-server/hadoop-yarn-server-web-proxy/src/test/java/org/apache/hadoop/yarn/server/webproxy/amfilter/TestAmFilterInitializer.java,34
hadoop,org.apache.hadoop.yarn.server.webproxy.amfilter,TestAmFilterInitializer.MockAmFilterInitializer,0,0,0,0,5,0,0,1,-1.0,0,0,/Users/eashraf/hadoop/hadoop-yarn-project/hadoop-yarn/hadoop-yarn-server/hadoop-yarn-server-web-proxy/src/test/java/org/apache/hadoop/yarn/server/webproxy/amfilter/TestAmFilterInitializer.java,193
hadoop,org.apache.hadoop.yarn.server.webproxy.amfilter,TestAmFilterInitializer.MockFilterContainer,1,0,0,0,8,0,0,0,-1.0,0,0,/Users/eashraf/hadoop/hadoop-yarn-project/hadoop-yarn/hadoop-yarn-server/hadoop-yarn-server-web-proxy/src/test/java/org/apache/hadoop/yarn/server/webproxy/amfilter/TestAmFilterInitializer.java,200
hadoop,org.apache.hadoop.yarn.server.webproxy.amfilter,TestAmFilter,11,0,4,4,138,6,0,0,0.5,0,4,/Users/eashraf/hadoop/hadoop-yarn-project/hadoop-yarn/hadoop-yarn-server/hadoop-yarn-server-web-proxy/src/test/java/org/apache/hadoop/yarn/server/webproxy/amfilter/TestAmFilter.java,40
hadoop,org.apache.hadoop.yarn.server.webproxy.amfilter,TestAmFilter.TestAmIpFilter,1,0,0,0,10,0,0,1,-1.0,0,0,/Users/eashraf/hadoop/hadoop-yarn-project/hadoop-yarn/hadoop-yarn-server/hadoop-yarn-server-web-proxy/src/test/java/org/apache/hadoop/yarn/server/webproxy/amfilter/TestAmFilter.java,52
hadoop,org.apache.hadoop.yarn.server.webproxy.amfilter,TestAmFilter.DummyFilterConfig,1,0,0,0,18,0,0,0,-1.0,0,0,/Users/eashraf/hadoop/hadoop-yarn-project/hadoop-yarn/hadoop-yarn-server/hadoop-yarn-server-web-proxy/src/test/java/org/apache/hadoop/yarn/server/webproxy/amfilter/TestAmFilter.java,65
hadoop,org.apache.hadoop.yarn.server.webproxy.amfilter,TestAmFilter.HttpServletResponseForTest,5,0,0,0,32,0,0,0,-1.0,0,0,/Users/eashraf/hadoop/hadoop-yarn-project/hadoop-yarn/hadoop-yarn-server/hadoop-yarn-server-web-proxy/src/test/java/org/apache/hadoop/yarn/server/webproxy/amfilter/TestAmFilter.java,192
hadoop,org.apache.hadoop.yarn.server.webproxy.amfilter,AmIpServletRequestWrapper,1,0,4,4,16,4,0,0,0.5,2,1,/Users/eashraf/hadoop/hadoop-yarn-project/hadoop-yarn/hadoop-yarn-server/hadoop-yarn-server-web-proxy/src/main/java/org/apache/hadoop/yarn/server/webproxy/amfilter/AmIpServletRequestWrapper.java,26
hadoop,org.apache.hadoop.yarn.server.webproxy.amfilter,AmFilterInitializer,2,0,2,1,26,4,1,0,0.0,1,5,/Users/eashraf/hadoop/hadoop-yarn-project/hadoop-yarn/hadoop-yarn-server/hadoop-yarn-server-web-proxy/src/main/java/org/apache/hadoop/yarn/server/webproxy/amfilter/AmFilterInitializer.java,33
hadoop,org.apache.hadoop.yarn.server.webproxy.amfilter,AmIpPrincipal,1,0,2,2,9,2,0,0,0.0,2,0,/Users/eashraf/hadoop/hadoop-yarn-project/hadoop-yarn/hadoop-yarn-server/hadoop-yarn-server-web-proxy/src/main/java/org/apache/hadoop/yarn/server/webproxy/amfilter/AmIpPrincipal.java,23
hadoop,org.apache.hadoop.yarn.server.webproxy.amfilter,AmIpFilter,12,6,5,3,112,20,1,0,0.4,3,7,/Users/eashraf/hadoop/hadoop-yarn-project/hadoop-yarn/hadoop-yarn-server/hadoop-yarn-server-web-proxy/src/main/java/org/apache/hadoop/yarn/server/webproxy/amfilter/AmIpFilter.java,50
hadoop,org.apache.hadoop.yarn.server.webproxy,TestProxyUriUtils,0,0,10,10,58,10,0,0,-1.0,0,3,/Users/eashraf/hadoop/hadoop-yarn-project/hadoop-yarn/hadoop-yarn-server/hadoop-yarn-server-web-proxy/src/test/java/org/apache/hadoop/yarn/server/webproxy/TestProxyUriUtils.java,34
hadoop,org.apache.hadoop.yarn.server.webproxy,TestWebAppProxyServlet,7,0,6,4,236,12,0,0,0.3333333333333333,0,8,/Users/eashraf/hadoop/hadoop-yarn-project/hadoop-yarn/hadoop-yarn-server/hadoop-yarn-server-web-proxy/src/test/java/org/apache/hadoop/yarn/server/webproxy/TestWebAppProxyServlet.java,65
hadoop,org.apache.hadoop.yarn.server.webproxy,TestWebAppProxyServlet.TestServlet,0,0,0,0,17,0,0,0,-1.0,0,0,/Users/eashraf/hadoop/hadoop-yarn-project/hadoop-yarn/hadoop-yarn-server/hadoop-yarn-server-web-proxy/src/test/java/org/apache/hadoop/yarn/server/webproxy/TestWebAppProxyServlet.java,93
hadoop,org.apache.hadoop.yarn.server.webproxy,TestWebAppProxyServlet.WebAppProxyServerForTest,1,0,0,0,11,0,0,0,-1.0,0,0,/Users/eashraf/hadoop/hadoop-yarn-project/hadoop-yarn/hadoop-yarn-server/hadoop-yarn-server-web-proxy/src/test/java/org/apache/hadoop/yarn/server/webproxy/TestWebAppProxyServlet.java,278
hadoop,org.apache.hadoop.yarn.server.webproxy,TestWebAppProxyServlet.WebAppProxyForTest,2,0,0,0,21,0,0,1,-1.0,0,3,/Users/eashraf/hadoop/hadoop-yarn-project/hadoop-yarn/hadoop-yarn-server/hadoop-yarn-server-web-proxy/src/test/java/org/apache/hadoop/yarn/server/webproxy/TestWebAppProxyServlet.java,295
hadoop,org.apache.hadoop.yarn.server.webproxy,TestWebAppProxyServlet.AppReportFetcherForTest,1,0,0,0,42,0,0,1,-1.0,0,2,/Users/eashraf/hadoop/hadoop-yarn-project/hadoop-yarn/hadoop-yarn-server/hadoop-yarn-server-web-proxy/src/test/java/org/apache/hadoop/yarn/server/webproxy/TestWebAppProxyServlet.java,336
hadoop,org.apache.hadoop.yarn.server.webproxy,TestWebAppProxyServer,2,0,4,4,28,6,0,0,0.5,0,2,/Users/eashraf/hadoop/hadoop-yarn-project/hadoop-yarn/hadoop-yarn-server/hadoop-yarn-server-web-proxy/src/test/java/org/apache/hadoop/yarn/server/webproxy/TestWebAppProxyServer.java,34
hadoop,org.apache.hadoop.yarn.server.webproxy,WebAppProxy,11,3,6,2,92,14,1,0,0.3333333333333333,3,10,/Users/eashraf/hadoop/hadoop-yarn-project/hadoop-yarn/hadoop-yarn-server/hadoop-yarn-server-web-proxy/src/main/java/org/apache/hadoop/yarn/server/webproxy/WebAppProxy.java,38
hadoop,org.apache.hadoop.yarn.server.webproxy,AppReportFetcher,4,0,4,4,49,5,1,0,0.0,2,8,/Users/eashraf/hadoop/hadoop-yarn-project/hadoop-yarn/hadoop-yarn-server/hadoop-yarn-server-web-proxy/src/main/java/org/apache/hadoop/yarn/server/webproxy/AppReportFetcher.java,37
hadoop,org.apache.hadoop.yarn.server.webproxy,ProxyUriUtils,5,4,9,7,145,20,0,0,0.3333333333333333,10,1,/Users/eashraf/hadoop/hadoop-yarn-project/hadoop-yarn/hadoop-yarn-server/hadoop-yarn-server-web-proxy/src/main/java/org/apache/hadoop/yarn/server/webproxy/ProxyUriUtils.java,34
hadoop,org.apache.hadoop.yarn.server.webproxy,WebAppProxyServlet,7,1,11,1,225,35,0,0,0.0,5,12,/Users/eashraf/hadoop/hadoop-yarn-project/hadoop-yarn/hadoop-yarn-server/hadoop-yarn-server-web-proxy/src/main/java/org/apache/hadoop/yarn/server/webproxy/WebAppProxyServlet.java,67
hadoop,org.apache.hadoop.yarn.server.webproxy,WebAppProxyServlet._,0,0,0,0,2,0,0,0,-1.0,0,0,/Users/eashraf/hadoop/hadoop-yarn-project/hadoop-yarn/hadoop-yarn-server/hadoop-yarn-server-web-proxy/src/main/java/org/apache/hadoop/yarn/server/webproxy/WebAppProxyServlet.java,85
hadoop,org.apache.hadoop.yarn.server.webproxy,WebAppProxyServlet.Page,0,0,0,0,8,0,0,0,-1.0,0,1,/Users/eashraf/hadoop/hadoop-yarn-project/hadoop-yarn/hadoop-yarn-server/hadoop-yarn-server-web-proxy/src/main/java/org/apache/hadoop/yarn/server/webproxy/WebAppProxyServlet.java,89
hadoop,org.apache.hadoop.yarn.server.webproxy,ProxyUtils,3,2,3,3,59,5,0,0,1.0,5,1,/Users/eashraf/hadoop/hadoop-yarn-project/hadoop-yarn/hadoop-yarn-server/hadoop-yarn-server-web-proxy/src/main/java/org/apache/hadoop/yarn/server/webproxy/ProxyUtils.java,34
hadoop,org.apache.hadoop.yarn.server.webproxy,ProxyUtils._,0,0,0,0,2,0,0,0,-1.0,0,0,/Users/eashraf/hadoop/hadoop-yarn-project/hadoop-yarn/hadoop-yarn-server/hadoop-yarn-server-web-proxy/src/main/java/org/apache/hadoop/yarn/server/webproxy/ProxyUtils.java,44
hadoop,org.apache.hadoop.yarn.server.webproxy,ProxyUtils.Page,0,0,0,0,8,0,0,0,-1.0,0,1,/Users/eashraf/hadoop/hadoop-yarn-project/hadoop-yarn/hadoop-yarn-server/hadoop-yarn-server-web-proxy/src/main/java/org/apache/hadoop/yarn/server/webproxy/ProxyUtils.java,48
hadoop,org.apache.hadoop.yarn.server.webproxy,WebAppProxyServer,3,1,6,3,62,6,0,0,0.3333333333333333,3,7,/Users/eashraf/hadoop/hadoop-yarn-project/hadoop-yarn/hadoop-yarn-server/hadoop-yarn-server-web-proxy/src/main/java/org/apache/hadoop/yarn/server/webproxy/WebAppProxyServer.java,36
hadoop,org.apache.hadoop.yarn.server.nodemanager,TestContainerManagerWithLCE,1,0,15,13,113,27,0,0,0.2,0,3,/Users/eashraf/hadoop/hadoop-yarn-project/hadoop-yarn/hadoop-yarn-server/hadoop-yarn-server-nodemanager/src/test/java/org/apache/hadoop/yarn/server/nodemanager/TestContainerManagerWithLCE.java,34
hadoop,org.apache.hadoop.yarn.server.nodemanager,TestDockerContainerExecutorWithMocks,7,1,7,6,161,14,0,0,0.0,0,13,/Users/eashraf/hadoop/hadoop-yarn-project/hadoop-yarn/hadoop-yarn-server/hadoop-yarn-server-nodemanager/src/test/java/org/apache/hadoop/yarn/server/nodemanager/TestDockerContainerExecutorWithMocks.java,56
hadoop,org.apache.hadoop.yarn.server.nodemanager,TestNMAuditLogger,6,0,9,4,136,16,0,0,0.2222222222222222,0,7,/Users/eashraf/hadoop/hadoop-yarn-project/hadoop-yarn/hadoop-yarn-server/hadoop-yarn-server-nodemanager/src/test/java/org/apache/hadoop/yarn/server/nodemanager/TestNMAuditLogger.java,39
hadoop,org.apache.hadoop.yarn.server.nodemanager,TestNMAuditLogger.MyTestRPCServer,0,0,0,0,9,0,0,0,-1.0,0,0,/Users/eashraf/hadoop/hadoop-yarn-project/hadoop-yarn/hadoop-yarn-server/hadoop-yarn-server-nodemanager/src/test/java/org/apache/hadoop/yarn/server/nodemanager/TestNMAuditLogger.java,187
hadoop,org.apache.hadoop.yarn.server.nodemanager,TestEventFlow,5,0,6,3,72,6,0,0,0.8333333333333334,0,25,/Users/eashraf/hadoop/hadoop-yarn-project/hadoop-yarn/hadoop-yarn-server/hadoop-yarn-server-nodemanager/src/test/java/org/apache/hadoop/yarn/server/nodemanager/TestEventFlow.java,54
hadoop,org.apache.hadoop.yarn.server.nodemanager,TestDefaultContainerExecutor,1,0,10,9,232,22,0,0,0.7,0,19,/Users/eashraf/hadoop/hadoop-yarn-project/hadoop-yarn/hadoop-yarn-server/hadoop-yarn-server-nodemanager/src/test/java/org/apache/hadoop/yarn/server/nodemanager/TestDefaultContainerExecutor.java,83
hadoop,org.apache.hadoop.yarn.server.nodemanager,DummyContainerManager,1,0,11,5,73,33,0,0,0.9090909090909091,1,22,/Users/eashraf/hadoop/hadoop-yarn-project/hadoop-yarn/hadoop-yarn-server/hadoop-yarn-server-nodemanager/src/test/java/org/apache/hadoop/yarn/server/nodemanager/DummyContainerManager.java,59
hadoop,org.apache.hadoop.yarn.server.nodemanager,TestContainerExecutor,1,0,2,2,31,4,0,0,0.0,0,4,/Users/eashraf/hadoop/hadoop-yarn-project/hadoop-yarn/hadoop-yarn-server/hadoop-yarn-server-nodemanager/src/test/java/org/apache/hadoop/yarn/server/nodemanager/TestContainerExecutor.java,29
hadoop,org.apache.hadoop.yarn.server.nodemanager,TestNodeManagerReboot,13,0,10,4,218,17,0,0,0.0,0,27,/Users/eashraf/hadoop/hadoop-yarn-project/hadoop-yarn/hadoop-yarn-server/hadoop-yarn-server-nodemanager/src/test/java/org/apache/hadoop/yarn/server/nodemanager/TestNodeManagerReboot.java,74
hadoop,org.apache.hadoop.yarn.server.nodemanager,TestNodeManagerReboot.MyNodeManager,0,0,0,0,24,0,0,1,-1.0,0,1,/Users/eashraf/hadoop/hadoop-yarn-project/hadoop-yarn/hadoop-yarn-server/hadoop-yarn-server-nodemanager/src/test/java/org/apache/hadoop/yarn/server/nodemanager/TestNodeManagerReboot.java,297
hadoop,org.apache.hadoop.yarn.server.nodemanager,TestNodeManagerReboot.PathInclude,1,0,0,0,9,0,0,0,-1.0,0,0,/Users/eashraf/hadoop/hadoop-yarn-project/hadoop-yarn/hadoop-yarn-server/hadoop-yarn-server-nodemanager/src/test/java/org/apache/hadoop/yarn/server/nodemanager/TestNodeManagerReboot.java,330
hadoop,org.apache.hadoop.yarn.server.nodemanager,TestNodeManagerReboot.FileDeletionInclude,3,0,0,0,54,0,0,0,-1.0,0,0,/Users/eashraf/hadoop/hadoop-yarn-project/hadoop-yarn/hadoop-yarn-server/hadoop-yarn-server-nodemanager/src/test/java/org/apache/hadoop/yarn/server/nodemanager/TestNodeManagerReboot.java,344
hadoop,org.apache.hadoop.yarn.server.nodemanager,TestRPCFactories,0,0,3,1,58,4,0,0,-1.0,0,6,/Users/eashraf/hadoop/hadoop-yarn-project/hadoop-yarn/hadoop-yarn-server/hadoop-yarn-server-nodemanager/src/test/java/org/apache/hadoop/yarn/server/nodemanager/TestRPCFactories.java,36
hadoop,org.apache.hadoop.yarn.server.nodemanager,TestRPCFactories.LocalizationProtocolTestImpl,0,0,0,0,5,0,0,0,-1.0,0,0,/Users/eashraf/hadoop/hadoop-yarn-project/hadoop-yarn/hadoop-yarn-server/hadoop-yarn-server-nodemanager/src/test/java/org/apache/hadoop/yarn/server/nodemanager/TestRPCFactories.java,103
hadoop,org.apache.hadoop.yarn.server.nodemanager,TestLinuxContainerExecutor,9,0,16,10,277,25,0,0,0.375,0,19,/Users/eashraf/hadoop/hadoop-yarn-project/hadoop-yarn/hadoop-yarn-server/hadoop-yarn-server-nodemanager/src/test/java/org/apache/hadoop/yarn/server/nodemanager/TestLinuxContainerExecutor.java,67
hadoop,org.apache.hadoop.yarn.server.nodemanager,TestLinuxContainerExecutor.TestResourceHandler,1,0,0,0,18,0,0,0,-1.0,0,0,/Users/eashraf/hadoop/hadoop-yarn-project/hadoop-yarn/hadoop-yarn-server/hadoop-yarn-server-nodemanager/src/test/java/org/apache/hadoop/yarn/server/nodemanager/TestLinuxContainerExecutor.java,451
hadoop,org.apache.hadoop.yarn.server.nodemanager,TestDirectoryCollection,4,0,8,8,142,8,0,0,0.375,0,9,/Users/eashraf/hadoop/hadoop-yarn-project/hadoop-yarn/hadoop-yarn-server/hadoop-yarn-server-nodemanager/src/test/java/org/apache/hadoop/yarn/server/nodemanager/TestDirectoryCollection.java,41
hadoop,org.apache.hadoop.yarn.server.nodemanager,TestNodeManagerResync,20,0,14,10,377,19,0,0,0.0,0,26,/Users/eashraf/hadoop/hadoop-yarn-project/hadoop-yarn/hadoop-yarn-server/hadoop-yarn-server-nodemanager/src/test/java/org/apache/hadoop/yarn/server/nodemanager/TestNodeManagerResync.java,71
hadoop,org.apache.hadoop.yarn.server.nodemanager,TestNodeManagerResync.TestNodeStatusUpdaterResync,0,0,0,0,19,0,0,3,-1.0,0,0,/Users/eashraf/hadoop/hadoop-yarn-project/hadoop-yarn/hadoop-yarn-server/hadoop-yarn-server-nodemanager/src/test/java/org/apache/hadoop/yarn/server/nodemanager/TestNodeManagerResync.java,310
hadoop,org.apache.hadoop.yarn.server.nodemanager,TestNodeManagerResync.TestNodeManager1,3,0,0,0,59,0,0,1,-1.0,0,2,/Users/eashraf/hadoop/hadoop-yarn-project/hadoop-yarn/hadoop-yarn-server/hadoop-yarn-server-nodemanager/src/test/java/org/apache/hadoop/yarn/server/nodemanager/TestNodeManagerResync.java,343
hadoop,org.apache.hadoop.yarn.server.nodemanager,TestNodeManagerResync.TestNodeStatusUpdaterImpl1,0,0,0,0,42,0,0,3,-1.0,0,1,/Users/eashraf/hadoop/hadoop-yarn-project/hadoop-yarn/hadoop-yarn-server/hadoop-yarn-server-nodemanager/src/test/java/org/apache/hadoop/yarn/server/nodemanager/TestNodeManagerResync.java,368
hadoop,org.apache.hadoop.yarn.server.nodemanager,TestNodeManagerResync.TestNodeManager2,2,0,0,0,91,0,0,1,-1.0,0,1,/Users/eashraf/hadoop/hadoop-yarn-project/hadoop-yarn/hadoop-yarn-server/hadoop-yarn-server-nodemanager/src/test/java/org/apache/hadoop/yarn/server/nodemanager/TestNodeManagerResync.java,422
hadoop,org.apache.hadoop.yarn.server.nodemanager,TestNodeManagerResync.TestNodeStatusUpdaterImpl2,0,0,0,0,25,0,0,3,-1.0,0,1,/Users/eashraf/hadoop/hadoop-yarn-project/hadoop-yarn/hadoop-yarn-server/hadoop-yarn-server-nodemanager/src/test/java/org/apache/hadoop/yarn/server/nodemanager/TestNodeManagerResync.java,467
hadoop,org.apache.hadoop.yarn.server.nodemanager,TestNodeManagerResync.RejectedContainersLauncherThread,1,0,0,0,37,0,0,0,-1.0,0,0,/Users/eashraf/hadoop/hadoop-yarn-project/hadoop-yarn/hadoop-yarn-server/hadoop-yarn-server-nodemanager/src/test/java/org/apache/hadoop/yarn/server/nodemanager/TestNodeManagerResync.java,502
hadoop,org.apache.hadoop.yarn.server.nodemanager,TestNodeManagerResync.TestNodeManager3,1,0,0,0,27,0,0,1,-1.0,0,0,/Users/eashraf/hadoop/hadoop-yarn-project/hadoop-yarn/hadoop-yarn-server/hadoop-yarn-server-nodemanager/src/test/java/org/apache/hadoop/yarn/server/nodemanager/TestNodeManagerResync.java,551
hadoop,org.apache.hadoop.yarn.server.nodemanager,TestNodeManagerResync.TestNodeStatusUpdaterImpl3,0,0,0,0,12,0,0,3,-1.0,0,0,/Users/eashraf/hadoop/hadoop-yarn-project/hadoop-yarn/hadoop-yarn-server/hadoop-yarn-server-nodemanager/src/test/java/org/apache/hadoop/yarn/server/nodemanager/TestNodeManagerResync.java,574
hadoop,org.apache.hadoop.yarn.server.nodemanager,TestDeletionService,2,0,10,9,257,35,0,0,0.3,0,7,/Users/eashraf/hadoop/hadoop-yarn-project/hadoop-yarn/hadoop-yarn-server/hadoop-yarn-server-nodemanager/src/test/java/org/apache/hadoop/yarn/server/nodemanager/TestDeletionService.java,42
hadoop,org.apache.hadoop.yarn.server.nodemanager,TestDeletionService.FakeDefaultContainerExecutor,0,0,0,0,12,0,0,2,-1.0,0,0,/Users/eashraf/hadoop/hadoop-yarn-project/hadoop-yarn/hadoop-yarn-server/hadoop-yarn-server-nodemanager/src/test/java/org/apache/hadoop/yarn/server/nodemanager/TestDeletionService.java,81
hadoop,org.apache.hadoop.yarn.server.nodemanager,TestDockerContainerExecutor,13,0,8,3,123,13,0,0,0.25,0,11,/Users/eashraf/hadoop/hadoop-yarn-project/hadoop-yarn/hadoop-yarn-server/hadoop-yarn-server-nodemanager/src/test/java/org/apache/hadoop/yarn/server/nodemanager/TestDockerContainerExecutor.java,57
hadoop,org.apache.hadoop.yarn.server.nodemanager,LocalRMInterface,1,0,2,2,16,2,0,0,0.0,0,6,/Users/eashraf/hadoop/hadoop-yarn-project/hadoop-yarn/hadoop-yarn-server/hadoop-yarn-server-nodemanager/src/test/java/org/apache/hadoop/yarn/server/nodemanager/LocalRMInterface.java,36
hadoop,org.apache.hadoop.yarn.server.nodemanager,TestNodeManagerShutdown,11,0,9,7,180,16,0,0,0.2222222222222222,2,30,/Users/eashraf/hadoop/hadoop-yarn-project/hadoop-yarn/hadoop-yarn-server/hadoop-yarn-server-nodemanager/src/test/java/org/apache/hadoop/yarn/server/nodemanager/TestNodeManagerShutdown.java,74
hadoop,org.apache.hadoop.yarn.server.nodemanager,TestNodeManagerShutdown.TestNodeManager,0,0,0,0,9,0,0,1,-1.0,0,0,/Users/eashraf/hadoop/hadoop-yarn-project/hadoop-yarn/hadoop-yarn-server/hadoop-yarn-server-nodemanager/src/test/java/org/apache/hadoop/yarn/server/nodemanager/TestNodeManagerShutdown.java,308
hadoop,org.apache.hadoop.yarn.server.nodemanager,MockContainerLocalizer,0,0,2,2,15,3,0,0,-1.0,1,0,/Users/eashraf/hadoop/hadoop-yarn-project/hadoop-yarn/hadoop-yarn-server/hadoop-yarn-server-nodemanager/src/test/java/org/apache/hadoop/yarn/server/nodemanager/MockContainerLocalizer.java,23
hadoop,org.apache.hadoop.yarn.server.nodemanager,TestRecordFactory,0,0,1,1,13,1,0,0,-1.0,0,4,/Users/eashraf/hadoop/hadoop-yarn-project/hadoop-yarn/hadoop-yarn-server/hadoop-yarn-server-nodemanager/src/test/java/org/apache/hadoop/yarn/server/nodemanager/TestRecordFactory.java,29
hadoop,org.apache.hadoop.yarn.server.nodemanager,TestNodeStatusUpdater,52,14,47,30,1041,71,0,0,0.40425531914893614,1,37,/Users/eashraf/hadoop/hadoop-yarn-project/hadoop-yarn/hadoop-yarn-server/hadoop-yarn-server-nodemanager/src/test/java/org/apache/hadoop/yarn/server/nodemanager/TestNodeStatusUpdater.java,112
hadoop,org.apache.hadoop.yarn.server.nodemanager,TestNodeStatusUpdater.MyResourceTracker,1,0,0,0,81,0,0,0,-1.0,0,2,/Users/eashraf/hadoop/hadoop-yarn-project/hadoop-yarn/hadoop-yarn-server/hadoop-yarn-server-nodemanager/src/test/java/org/apache/hadoop/yarn/server/nodemanager/TestNodeStatusUpdater.java,164
hadoop,org.apache.hadoop.yarn.server.nodemanager,TestNodeStatusUpdater.MyNodeStatusUpdater,2,1,0,0,15,0,0,2,-1.0,0,2,/Users/eashraf/hadoop/hadoop-yarn-project/hadoop-yarn/hadoop-yarn-server/hadoop-yarn-server-nodemanager/src/test/java/org/apache/hadoop/yarn/server/nodemanager/TestNodeStatusUpdater.java,300
hadoop,org.apache.hadoop.yarn.server.nodemanager,TestNodeStatusUpdater.MyNodeStatusUpdater2,1,1,0,0,13,0,0,2,-1.0,0,1,/Users/eashraf/hadoop/hadoop-yarn-project/hadoop-yarn/hadoop-yarn-server/hadoop-yarn-server-nodemanager/src/test/java/org/apache/hadoop/yarn/server/nodemanager/TestNodeStatusUpdater.java,324
hadoop,org.apache.hadoop.yarn.server.nodemanager,TestNodeStatusUpdater.MyNodeStatusUpdater3,2,1,0,0,18,0,0,2,-1.0,0,2,/Users/eashraf/hadoop/hadoop-yarn-project/hadoop-yarn/hadoop-yarn-server/hadoop-yarn-server-nodemanager/src/test/java/org/apache/hadoop/yarn/server/nodemanager/TestNodeStatusUpdater.java,344
hadoop,org.apache.hadoop.yarn.server.nodemanager,TestNodeStatusUpdater.MyNodeStatusUpdater4,3,1,0,0,24,0,0,2,-1.0,0,1,/Users/eashraf/hadoop/hadoop-yarn-project/hadoop-yarn/hadoop-yarn-server/hadoop-yarn-server-nodemanager/src/test/java/org/apache/hadoop/yarn/server/nodemanager/TestNodeStatusUpdater.java,371
hadoop,org.apache.hadoop.yarn.server.nodemanager,TestNodeStatusUpdater.MyNodeStatusUpdater5,2,0,0,0,16,0,0,2,-1.0,0,2,/Users/eashraf/hadoop/hadoop-yarn-project/hadoop-yarn/hadoop-yarn-server/hadoop-yarn-server-nodemanager/src/test/java/org/apache/hadoop/yarn/server/nodemanager/TestNodeStatusUpdater.java,412
hadoop,org.apache.hadoop.yarn.server.nodemanager,TestNodeStatusUpdater.MyNodeManager,1,0,0,0,10,0,0,1,-1.0,0,0,/Users/eashraf/hadoop/hadoop-yarn-project/hadoop-yarn/hadoop-yarn-server/hadoop-yarn-server-nodemanager/src/test/java/org/apache/hadoop/yarn/server/nodemanager/TestNodeStatusUpdater.java,436
hadoop,org.apache.hadoop.yarn.server.nodemanager,TestNodeStatusUpdater.MyNodeManager2,4,1,0,0,24,0,0,1,-1.0,0,2,/Users/eashraf/hadoop/hadoop-yarn-project/hadoop-yarn/hadoop-yarn-server/hadoop-yarn-server-nodemanager/src/test/java/org/apache/hadoop/yarn/server/nodemanager/TestNodeStatusUpdater.java,452
hadoop,org.apache.hadoop.yarn.server.nodemanager,TestNodeStatusUpdater.MyResourceTracker2,4,4,0,0,22,0,0,0,-1.0,0,1,/Users/eashraf/hadoop/hadoop-yarn-project/hadoop-yarn/hadoop-yarn-server/hadoop-yarn-server-nodemanager/src/test/java/org/apache/hadoop/yarn/server/nodemanager/TestNodeStatusUpdater.java,486
hadoop,org.apache.hadoop.yarn.server.nodemanager,TestNodeStatusUpdater.MyResourceTracker3,5,2,0,0,39,0,0,0,-1.0,0,3,/Users/eashraf/hadoop/hadoop-yarn-project/hadoop-yarn/hadoop-yarn-server/hadoop-yarn-server-nodemanager/src/test/java/org/apache/hadoop/yarn/server/nodemanager/TestNodeStatusUpdater.java,520
hadoop,org.apache.hadoop.yarn.server.nodemanager,TestNodeStatusUpdater.MyResourceTracker4,7,2,0,0,117,0,0,0,-1.0,0,4,/Users/eashraf/hadoop/hadoop-yarn-project/hadoop-yarn/hadoop-yarn-server/hadoop-yarn-server-nodemanager/src/test/java/org/apache/hadoop/yarn/server/nodemanager/TestNodeStatusUpdater.java,578
hadoop,org.apache.hadoop.yarn.server.nodemanager,TestNodeStatusUpdater.MyResourceTracker5,1,1,0,0,19,0,0,0,-1.0,0,1,/Users/eashraf/hadoop/hadoop-yarn-project/hadoop-yarn/hadoop-yarn-server/hadoop-yarn-server-nodemanager/src/test/java/org/apache/hadoop/yarn/server/nodemanager/TestNodeStatusUpdater.java,743
hadoop,org.apache.hadoop.yarn.server.nodemanager,TestNodeStatusUpdater.MyResourceTracker6,3,0,0,0,33,0,0,0,-1.0,0,2,/Users/eashraf/hadoop/hadoop-yarn-project/hadoop-yarn/hadoop-yarn-server/hadoop-yarn-server-nodemanager/src/test/java/org/apache/hadoop/yarn/server/nodemanager/TestNodeStatusUpdater.java,773
hadoop,org.apache.hadoop.yarn.server.nodemanager,TestNodeStatusUpdater.NodeManagerWithCustomNodeStatusUpdater,1,0,0,0,13,0,0,1,-1.0,0,1,/Users/eashraf/hadoop/hadoop-yarn-project/hadoop-yarn/hadoop-yarn-server/hadoop-yarn-server-nodemanager/src/test/java/org/apache/hadoop/yarn/server/nodemanager/TestNodeStatusUpdater.java,1145
hadoop,org.apache.hadoop.yarn.server.nodemanager,TestNodeStatusUpdater.MyNMContext,0,0,0,0,36,0,0,0,-1.0,0,1,/Users/eashraf/hadoop/hadoop-yarn-project/hadoop-yarn/hadoop-yarn-server/hadoop-yarn-server-nodemanager/src/test/java/org/apache/hadoop/yarn/server/nodemanager/TestNodeStatusUpdater.java,1530
hadoop,org.apache.hadoop.yarn.server.nodemanager,TestLocalDirsHandlerService,2,0,5,5,67,5,0,0,0.0,0,8,/Users/eashraf/hadoop/hadoop-yarn-project/hadoop-yarn/hadoop-yarn-server/hadoop-yarn-server-nodemanager/src/test/java/org/apache/hadoop/yarn/server/nodemanager/TestLocalDirsHandlerService.java,39
hadoop,org.apache.hadoop.yarn.server.nodemanager,MockNodeStatusUpdater,4,0,4,1,40,4,4,2,0.5,0,6,/Users/eashraf/hadoop/hadoop-yarn-project/hadoop-yarn/hadoop-yarn-server/hadoop-yarn-server-nodemanager/src/test/java/org/apache/hadoop/yarn/server/nodemanager/MockNodeStatusUpdater.java,42
hadoop,org.apache.hadoop.yarn.server.nodemanager,MockNodeStatusUpdater.MockResourceTracker,1,0,0,0,19,0,0,0,-1.0,0,0,/Users/eashraf/hadoop/hadoop-yarn-project/hadoop-yarn/hadoop-yarn-server/hadoop-yarn-server-nodemanager/src/test/java/org/apache/hadoop/yarn/server/nodemanager/MockNodeStatusUpdater.java,73
hadoop,org.apache.hadoop.yarn.server.nodemanager,TestLinuxContainerExecutorWithMocks,4,0,14,12,202,20,0,0,0.21428571428571427,0,12,/Users/eashraf/hadoop/hadoop-yarn-project/hadoop-yarn/hadoop-yarn-server/hadoop-yarn-server-nodemanager/src/test/java/org/apache/hadoop/yarn/server/nodemanager/TestLinuxContainerExecutorWithMocks.java,59
hadoop,org.apache.hadoop.yarn.server.nodemanager,TestNodeManager,0,0,1,1,22,1,0,0,-1.0,1,3,/Users/eashraf/hadoop/hadoop-yarn-project/hadoop-yarn/hadoop-yarn-server/hadoop-yarn-server-nodemanager/src/test/java/org/apache/hadoop/yarn/server/nodemanager/TestNodeManager.java,29
hadoop,org.apache.hadoop.yarn.server.nodemanager,TestNodeManager.InvalidContainerExecutor,0,0,0,0,5,0,0,2,-1.0,0,0,/Users/eashraf/hadoop/hadoop-yarn-project/hadoop-yarn/hadoop-yarn-server/hadoop-yarn-server-nodemanager/src/test/java/org/apache/hadoop/yarn/server/nodemanager/TestNodeManager.java,31
hadoop,org.apache.hadoop.yarn.server.nodemanager,TestNodeHealthService,4,0,6,3,74,7,0,0,0.3333333333333333,0,11,/Users/eashraf/hadoop/hadoop-yarn-project/hadoop-yarn/hadoop-yarn-server/hadoop-yarn-server-nodemanager/src/test/java/org/apache/hadoop/yarn/server/nodemanager/TestNodeHealthService.java,46
hadoop,org.apache.hadoop.yarn.server.nodemanager,ContainerExecutor,16,1,18,14,290,36,3,0,0.2777777777777778,27,10,/Users/eashraf/hadoop/hadoop-yarn-project/hadoop-yarn/hadoop-yarn-server/hadoop-yarn-server-nodemanager/src/main/java/org/apache/hadoop/yarn/server/nodemanager/ContainerExecutor.java,52
hadoop,org.apache.hadoop.yarn.server.nodemanager,ContainerExecutor.ExitCode,1,0,0,0,11,0,0,0,-1.0,0,0,/Users/eashraf/hadoop/hadoop-yarn-project/hadoop-yarn/hadoop-yarn-server/hadoop-yarn-server-nodemanager/src/main/java/org/apache/hadoop/yarn/server/nodemanager/ContainerExecutor.java,238
hadoop,org.apache.hadoop.yarn.server.nodemanager,ContainerExecutor.Signal,2,0,0,0,16,0,0,0,-1.0,0,0,/Users/eashraf/hadoop/hadoop-yarn-project/hadoop-yarn/hadoop-yarn-server/hadoop-yarn-server-nodemanager/src/main/java/org/apache/hadoop/yarn/server/nodemanager/ContainerExecutor.java,258
hadoop,org.apache.hadoop.yarn.server.nodemanager,ContainerExecutor.DelayedProcessKiller,6,0,0,0,32,0,0,0,-1.0,0,2,/Users/eashraf/hadoop/hadoop-yarn-project/hadoop-yarn/hadoop-yarn-server/hadoop-yarn-server-nodemanager/src/main/java/org/apache/hadoop/yarn/server/nodemanager/ContainerExecutor.java,405
hadoop,org.apache.hadoop.yarn.server.nodemanager,DockerContainerExecutor,15,3,26,9,520,71,0,1,0.07692307692307693,2,16,/Users/eashraf/hadoop/hadoop-yarn-project/hadoop-yarn/hadoop-yarn-server/hadoop-yarn-server-nodemanager/src/main/java/org/apache/hadoop/yarn/server/nodemanager/DockerContainerExecutor.java,67
hadoop,org.apache.hadoop.yarn.server.nodemanager,DockerContainerExecutor.LocalWrapperScriptBuilder,1,0,0,0,22,0,0,0,-1.0,0,1,/Users/eashraf/hadoop/hadoop-yarn-project/hadoop-yarn/hadoop-yarn-server/hadoop-yarn-server-nodemanager/src/main/java/org/apache/hadoop/yarn/server/nodemanager/DockerContainerExecutor.java,430
hadoop,org.apache.hadoop.yarn.server.nodemanager,DockerContainerExecutor.UnixLocalWrapperScriptBuilder,3,0,0,0,42,0,0,0,-1.0,0,2,/Users/eashraf/hadoop/hadoop-yarn-project/hadoop-yarn/hadoop-yarn-server/hadoop-yarn-server-nodemanager/src/main/java/org/apache/hadoop/yarn/server/nodemanager/DockerContainerExecutor.java,460
hadoop,org.apache.hadoop.yarn.server.nodemanager,ResourceView,0,0,5,0,7,5,0,0,-1.0,11,0,/Users/eashraf/hadoop/hadoop-yarn-project/hadoop-yarn/hadoop-yarn-server/hadoop-yarn-server-nodemanager/src/main/java/org/apache/hadoop/yarn/server/nodemanager/ResourceView.java,21
hadoop,org.apache.hadoop.yarn.server.nodemanager,LinuxContainerExecutor,10,0,14,10,278,37,0,1,0.0,7,14,/Users/eashraf/hadoop/hadoop-yarn-project/hadoop-yarn/hadoop-yarn-server/hadoop-yarn-server-nodemanager/src/main/java/org/apache/hadoop/yarn/server/nodemanager/LinuxContainerExecutor.java,51
hadoop,org.apache.hadoop.yarn.server.nodemanager,LinuxContainerExecutor.Commands,1,0,0,0,11,0,0,0,-1.0,0,0,/Users/eashraf/hadoop/hadoop-yarn-project/hadoop-yarn/hadoop-yarn-server/hadoop-yarn-server-nodemanager/src/main/java/org/apache/hadoop/yarn/server/nodemanager/LinuxContainerExecutor.java,112
hadoop,org.apache.hadoop.yarn.server.nodemanager,LinuxContainerExecutor.ResultCode,1,0,0,0,11,0,0,0,-1.0,0,0,/Users/eashraf/hadoop/hadoop-yarn-project/hadoop-yarn/hadoop-yarn-server/hadoop-yarn-server-nodemanager/src/main/java/org/apache/hadoop/yarn/server/nodemanager/LinuxContainerExecutor.java,130
hadoop,org.apache.hadoop.yarn.server.nodemanager,CMgrCompletedAppsEvent,2,0,3,3,22,3,0,1,0.0,5,1,/Users/eashraf/hadoop/hadoop-yarn-project/hadoop-yarn/hadoop-yarn-server/hadoop-yarn-server-nodemanager/src/main/java/org/apache/hadoop/yarn/server/nodemanager/CMgrCompletedAppsEvent.java,27
hadoop,org.apache.hadoop.yarn.server.nodemanager,CMgrCompletedAppsEvent.Reason,0,0,0,0,7,0,0,0,-1.0,0,0,/Users/eashraf/hadoop/hadoop-yarn-project/hadoop-yarn/hadoop-yarn-server/hadoop-yarn-server-nodemanager/src/main/java/org/apache/hadoop/yarn/server/nodemanager/CMgrCompletedAppsEvent.java,46
hadoop,org.apache.hadoop.yarn.server.nodemanager,Context,0,0,14,0,27,14,1,0,-1.0,51,1,/Users/eashraf/hadoop/hadoop-yarn-project/hadoop-yarn/hadoop-yarn-server/hadoop-yarn-server-nodemanager/src/main/java/org/apache/hadoop/yarn/server/nodemanager/Context.java,37
hadoop,org.apache.hadoop.yarn.server.nodemanager,NodeResourceMonitorImpl,0,0,1,1,5,1,0,1,-1.0,0,0,/Users/eashraf/hadoop/hadoop-yarn-project/hadoop-yarn/hadoop-yarn-server/hadoop-yarn-server-nodemanager/src/main/java/org/apache/hadoop/yarn/server/nodemanager/NodeResourceMonitorImpl.java,23
hadoop,org.apache.hadoop.yarn.server.nodemanager,NodeStatusUpdaterImpl,26,1,28,9,422,84,6,1,0.0,2,36,/Users/eashraf/hadoop/hadoop-yarn-project/hadoop-yarn/hadoop-yarn-server/hadoop-yarn-server-nodemanager/src/main/java/org/apache/hadoop/yarn/server/nodemanager/NodeStatusUpdaterImpl.java,77
hadoop,org.apache.hadoop.yarn.server.nodemanager,ContainerManagerEvent,0,0,1,1,5,1,2,0,-1.0,1,1,/Users/eashraf/hadoop/hadoop-yarn-project/hadoop-yarn/hadoop-yarn-server/hadoop-yarn-server-nodemanager/src/main/java/org/apache/hadoop/yarn/server/nodemanager/ContainerManagerEvent.java,23
hadoop,org.apache.hadoop.yarn.server.nodemanager,DirectoryCollection,9,0,20,8,250,38,0,0,0.2,2,4,/Users/eashraf/hadoop/hadoop-yarn-project/hadoop-yarn/hadoop-yarn-server/hadoop-yarn-server-nodemanager/src/main/java/org/apache/hadoop/yarn/server/nodemanager/DirectoryCollection.java,42
hadoop,org.apache.hadoop.yarn.server.nodemanager,DirectoryCollection.DiskErrorCause,0,0,0,0,1,0,0,0,-1.0,0,0,/Users/eashraf/hadoop/hadoop-yarn-project/hadoop-yarn/hadoop-yarn-server/hadoop-yarn-server-nodemanager/src/main/java/org/apache/hadoop/yarn/server/nodemanager/DirectoryCollection.java,48
hadoop,org.apache.hadoop.yarn.server.nodemanager,DirectoryCollection.DiskErrorInformation,2,0,0,0,8,0,0,0,-1.0,0,0,/Users/eashraf/hadoop/hadoop-yarn-project/hadoop-yarn/hadoop-yarn-server/hadoop-yarn-server-nodemanager/src/main/java/org/apache/hadoop/yarn/server/nodemanager/DirectoryCollection.java,52
hadoop,org.apache.hadoop.yarn.server.nodemanager,NodeManager,27,1,29,10,315,41,8,0,0.20689655172413793,16,34,/Users/eashraf/hadoop/hadoop-yarn-project/hadoop-yarn/hadoop-yarn-server/hadoop-yarn-server-nodemanager/src/main/java/org/apache/hadoop/yarn/server/nodemanager/NodeManager.java,71
hadoop,org.apache.hadoop.yarn.server.nodemanager,NodeManager.NMContext,13,0,0,0,82,0,0,1,-1.0,0,9,/Users/eashraf/hadoop/hadoop-yarn-project/hadoop-yarn/hadoop-yarn-server/hadoop-yarn-server-nodemanager/src/main/java/org/apache/hadoop/yarn/server/nodemanager/NodeManager.java,337
hadoop,org.apache.hadoop.yarn.server.nodemanager,NodeResourceMonitor,0,0,0,0,2,0,1,0,-1.0,1,0,/Users/eashraf/hadoop/hadoop-yarn-project/hadoop-yarn/hadoop-yarn-server/hadoop-yarn-server-nodemanager/src/main/java/org/apache/hadoop/yarn/server/nodemanager/NodeResourceMonitor.java,23
hadoop,org.apache.hadoop.yarn.server.nodemanager,ContainerManagerEventType,0,0,0,0,1,0,0,0,-1.0,4,0,/Users/eashraf/hadoop/hadoop-yarn-project/hadoop-yarn/hadoop-yarn-server/hadoop-yarn-server-nodemanager/src/main/java/org/apache/hadoop/yarn/server/nodemanager/ContainerManagerEventType.java,21
hadoop,org.apache.hadoop.yarn.server.nodemanager,NodeStatusUpdater,0,0,5,3,26,5,1,0,-1.0,10,1,/Users/eashraf/hadoop/hadoop-yarn-project/hadoop-yarn/hadoop-yarn-server/hadoop-yarn-server-nodemanager/src/main/java/org/apache/hadoop/yarn/server/nodemanager/NodeStatusUpdater.java,24
hadoop,org.apache.hadoop.yarn.server.nodemanager,NodeHealthCheckerService,3,0,7,2,59,9,0,0,0.0,13,4,/Users/eashraf/hadoop/hadoop-yarn-project/hadoop-yarn/hadoop-yarn-server/hadoop-yarn-server-nodemanager/src/main/java/org/apache/hadoop/yarn/server/nodemanager/NodeHealthCheckerService.java,26
hadoop,org.apache.hadoop.yarn.server.nodemanager,NMAuditLogger,10,5,9,4,126,18,0,0,0.0,2,3,/Users/eashraf/hadoop/hadoop-yarn-project/hadoop-yarn/hadoop-yarn-server/hadoop-yarn-server-nodemanager/src/main/java/org/apache/hadoop/yarn/server/nodemanager/NMAuditLogger.java,28
hadoop,org.apache.hadoop.yarn.server.nodemanager,NMAuditLogger.Keys,0,0,0,0,1,0,0,0,-1.0,0,0,/Users/eashraf/hadoop/hadoop-yarn-project/hadoop-yarn/hadoop-yarn-server/hadoop-yarn-server-nodemanager/src/main/java/org/apache/hadoop/yarn/server/nodemanager/NMAuditLogger.java,36
hadoop,org.apache.hadoop.yarn.server.nodemanager,NMAuditLogger.AuditConstants,9,5,0,0,11,0,0,0,-1.0,0,0,/Users/eashraf/hadoop/hadoop-yarn-project/hadoop-yarn/hadoop-yarn-server/hadoop-yarn-server-nodemanager/src/main/java/org/apache/hadoop/yarn/server/nodemanager/NMAuditLogger.java,39
hadoop,org.apache.hadoop.yarn.server.nodemanager,WindowsSecureContainerExecutor,22,1,11,4,442,18,0,2,0.2727272727272727,0,12,/Users/eashraf/hadoop/hadoop-yarn-project/hadoop-yarn/hadoop-yarn-server/hadoop-yarn-server-nodemanager/src/main/java/org/apache/hadoop/yarn/server/nodemanager/WindowsSecureContainerExecutor.java,59
hadoop,org.apache.hadoop.yarn.server.nodemanager,WindowsSecureContainerExecutor.Native,9,0,0,0,138,0,0,0,-1.0,0,1,/Users/eashraf/hadoop/hadoop-yarn-project/hadoop-yarn/hadoop-yarn-server/hadoop-yarn-server-nodemanager/src/main/java/org/apache/hadoop/yarn/server/nodemanager/WindowsSecureContainerExecutor.java,75
hadoop,org.apache.hadoop.yarn.server.nodemanager,WindowsSecureContainerExecutor.Elevated,2,0,0,0,75,0,0,0,-1.0,0,0,/Users/eashraf/hadoop/hadoop-yarn-project/hadoop-yarn/hadoop-yarn-server/hadoop-yarn-server-nodemanager/src/main/java/org/apache/hadoop/yarn/server/nodemanager/WindowsSecureContainerExecutor.java,97
hadoop,org.apache.hadoop.yarn.server.nodemanager,WindowsSecureContainerExecutor.WinutilsProcessStub,6,0,0,0,33,0,0,0,-1.0,0,0,/Users/eashraf/hadoop/hadoop-yarn-project/hadoop-yarn/hadoop-yarn-server/hadoop-yarn-server-nodemanager/src/main/java/org/apache/hadoop/yarn/server/nodemanager/WindowsSecureContainerExecutor.java,213
hadoop,org.apache.hadoop.yarn.server.nodemanager,WindowsSecureContainerExecutor.WindowsSecureWrapperScriptBuilder,0,0,0,0,11,0,0,0,-1.0,0,0,/Users/eashraf/hadoop/hadoop-yarn-project/hadoop-yarn/hadoop-yarn-server/hadoop-yarn-server-nodemanager/src/main/java/org/apache/hadoop/yarn/server/nodemanager/WindowsSecureContainerExecutor.java,282
hadoop,org.apache.hadoop.yarn.server.nodemanager,WindowsSecureContainerExecutor.ElevatedFileSystem,0,0,0,0,91,0,0,0,-1.0,0,1,/Users/eashraf/hadoop/hadoop-yarn-project/hadoop-yarn/hadoop-yarn-server/hadoop-yarn-server-nodemanager/src/main/java/org/apache/hadoop/yarn/server/nodemanager/WindowsSecureContainerExecutor.java,301
hadoop,org.apache.hadoop.yarn.server.nodemanager,WindowsSecureContainerExecutor.ElevatedRawLocalFilesystem,0,0,0,0,83,0,0,0,-1.0,0,0,/Users/eashraf/hadoop/hadoop-yarn-project/hadoop-yarn/hadoop-yarn-server/hadoop-yarn-server-nodemanager/src/main/java/org/apache/hadoop/yarn/server/nodemanager/WindowsSecureContainerExecutor.java,310
hadoop,org.apache.hadoop.yarn.server.nodemanager,WindowsSecureContainerExecutor.WintuilsProcessStubExecutor,9,0,0,0,85,0,0,0,-1.0,0,0,/Users/eashraf/hadoop/hadoop-yarn-project/hadoop-yarn/hadoop-yarn-server/hadoop-yarn-server-nodemanager/src/main/java/org/apache/hadoop/yarn/server/nodemanager/WindowsSecureContainerExecutor.java,438
hadoop,org.apache.hadoop.yarn.server.nodemanager,WindowsSecureContainerExecutor.State,0,0,0,0,1,0,0,0,-1.0,0,0,/Users/eashraf/hadoop/hadoop-yarn-project/hadoop-yarn/hadoop-yarn-server/hadoop-yarn-server-nodemanager/src/main/java/org/apache/hadoop/yarn/server/nodemanager/WindowsSecureContainerExecutor.java,444
hadoop,org.apache.hadoop.yarn.server.nodemanager,NodeManagerEvent,0,0,1,1,5,1,0,0,-1.0,2,1,/Users/eashraf/hadoop/hadoop-yarn-project/hadoop-yarn/hadoop-yarn-server/hadoop-yarn-server-nodemanager/src/main/java/org/apache/hadoop/yarn/server/nodemanager/NodeManagerEvent.java,22
hadoop,org.apache.hadoop.yarn.server.nodemanager,DeletionService,19,1,13,6,375,37,0,0,0.15384615384615385,24,6,/Users/eashraf/hadoop/hadoop-yarn-project/hadoop-yarn/hadoop-yarn-server/hadoop-yarn-server-nodemanager/src/main/java/org/apache/hadoop/yarn/server/nodemanager/DeletionService.java,56
hadoop,org.apache.hadoop.yarn.server.nodemanager,DeletionService.DelServiceSchedThreadPoolExecutor,0,0,0,0,24,0,0,0,-1.0,0,0,/Users/eashraf/hadoop/hadoop-yarn-project/hadoop-yarn/hadoop-yarn-server/hadoop-yarn-server-nodemanager/src/main/java/org/apache/hadoop/yarn/server/nodemanager/DeletionService.java,160
hadoop,org.apache.hadoop.yarn.server.nodemanager,DeletionService.FileDeletionTask,9,1,0,0,157,0,0,0,-1.0,0,2,/Users/eashraf/hadoop/hadoop-yarn-project/hadoop-yarn/hadoop-yarn-server/hadoop-yarn-server-nodemanager/src/main/java/org/apache/hadoop/yarn/server/nodemanager/DeletionService.java,188
hadoop,org.apache.hadoop.yarn.server.nodemanager,DeletionService.DeletionTaskRecoveryInfo,3,0,0,0,10,0,0,0,-1.0,0,0,/Users/eashraf/hadoop/hadoop-yarn-project/hadoop-yarn/hadoop-yarn-server/hadoop-yarn-server-nodemanager/src/main/java/org/apache/hadoop/yarn/server/nodemanager/DeletionService.java,501
hadoop,org.apache.hadoop.yarn.server.nodemanager,LocalDirsHandlerService,12,0,23,15,300,47,0,0,0.17391304347826086,40,7,/Users/eashraf/hadoop/hadoop-yarn-project/hadoop-yarn/hadoop-yarn-server/hadoop-yarn-server-nodemanager/src/main/java/org/apache/hadoop/yarn/server/nodemanager/LocalDirsHandlerService.java,42
hadoop,org.apache.hadoop.yarn.server.nodemanager,LocalDirsHandlerService.MonitoringTimerTask,0,0,0,0,16,0,0,0,-1.0,0,1,/Users/eashraf/hadoop/hadoop-yarn-project/hadoop-yarn/hadoop-yarn-server/hadoop-yarn-server-nodemanager/src/main/java/org/apache/hadoop/yarn/server/nodemanager/LocalDirsHandlerService.java,87
hadoop,org.apache.hadoop.yarn.server.nodemanager,NodeManagerEventType,0,0,0,0,1,0,0,0,-1.0,4,0,/Users/eashraf/hadoop/hadoop-yarn-project/hadoop-yarn/hadoop-yarn-server/hadoop-yarn-server-nodemanager/src/main/java/org/apache/hadoop/yarn/server/nodemanager/NodeManagerEventType.java,20
hadoop,org.apache.hadoop.yarn.server.nodemanager,CMgrCompletedContainersEvent,2,0,3,3,25,3,0,1,0.0,2,1,/Users/eashraf/hadoop/hadoop-yarn-project/hadoop-yarn/hadoop-yarn-server/hadoop-yarn-server-nodemanager/src/main/java/org/apache/hadoop/yarn/server/nodemanager/CMgrCompletedContainersEvent.java,25
hadoop,org.apache.hadoop.yarn.server.nodemanager,CMgrCompletedContainersEvent.Reason,0,0,0,0,10,0,0,0,-1.0,0,0,/Users/eashraf/hadoop/hadoop-yarn-project/hadoop-yarn/hadoop-yarn-server/hadoop-yarn-server-nodemanager/src/main/java/org/apache/hadoop/yarn/server/nodemanager/CMgrCompletedContainersEvent.java,45
hadoop,org.apache.hadoop.yarn.server.nodemanager,DefaultContainerExecutor,11,0,27,8,461,59,3,1,0.07407407407407407,8,14,/Users/eashraf/hadoop/hadoop-yarn-project/hadoop-yarn/hadoop-yarn-server/hadoop-yarn-server-nodemanager/src/main/java/org/apache/hadoop/yarn/server/nodemanager/DefaultContainerExecutor.java,61
hadoop,org.apache.hadoop.yarn.server.nodemanager,DefaultContainerExecutor.LocalWrapperScriptBuilder,1,0,0,0,22,0,0,0,-1.0,0,1,/Users/eashraf/hadoop/hadoop-yarn-project/hadoop-yarn/hadoop-yarn-server/hadoop-yarn-server-nodemanager/src/main/java/org/apache/hadoop/yarn/server/nodemanager/DefaultContainerExecutor.java,280
hadoop,org.apache.hadoop.yarn.server.nodemanager,DefaultContainerExecutor.UnixLocalWrapperScriptBuilder,1,0,0,0,39,0,0,0,-1.0,0,3,/Users/eashraf/hadoop/hadoop-yarn-project/hadoop-yarn/hadoop-yarn-server/hadoop-yarn-server-nodemanager/src/main/java/org/apache/hadoop/yarn/server/nodemanager/DefaultContainerExecutor.java,310
hadoop,org.apache.hadoop.yarn.server.nodemanager,DefaultContainerExecutor.WindowsLocalWrapperScriptBuilder,1,0,0,0,13,0,0,0,-1.0,0,0,/Users/eashraf/hadoop/hadoop-yarn-project/hadoop-yarn/hadoop-yarn-server/hadoop-yarn-server-nodemanager/src/main/java/org/apache/hadoop/yarn/server/nodemanager/DefaultContainerExecutor.java,366
hadoop,org.apache.hadoop.yarn.server.nodemanager.metrics,TestNodeManagerMetrics,1,0,2,1,48,3,0,0,0.0,0,5,/Users/eashraf/hadoop/hadoop-yarn-project/hadoop-yarn/hadoop-yarn-server/hadoop-yarn-server-nodemanager/src/test/java/org/apache/hadoop/yarn/server/nodemanager/metrics/TestNodeManagerMetrics.java,29
hadoop,org.apache.hadoop.yarn.server.nodemanager.metrics,NodeManagerMetrics,14,0,18,17,85,18,0,0,0.5,12,7,/Users/eashraf/hadoop/hadoop-yarn-project/hadoop-yarn/hadoop-yarn-server/hadoop-yarn-server-nodemanager/src/main/java/org/apache/hadoop/yarn/server/nodemanager/metrics/NodeManagerMetrics.java,32
hadoop,org.apache.hadoop.yarn.server.nodemanager.util,TestNodeManagerHardwareUtils,0,0,1,1,31,1,0,0,-1.0,0,3,/Users/eashraf/hadoop/hadoop-yarn-project/hadoop-yarn/hadoop-yarn-server/hadoop-yarn-server-nodemanager/src/test/java/org/apache/hadoop/yarn/server/nodemanager/util/TestNodeManagerHardwareUtils.java,27
hadoop,org.apache.hadoop.yarn.server.nodemanager.util,TestProcessIdFileReader,0,0,3,3,57,5,0,0,-1.0,0,3,/Users/eashraf/hadoop/hadoop-yarn-project/hadoop-yarn/hadoop-yarn-server/hadoop-yarn-server-nodemanager/src/test/java/org/apache/hadoop/yarn/server/nodemanager/util/TestProcessIdFileReader.java,33
hadoop,org.apache.hadoop.yarn.server.nodemanager.util,TestCgroupsLCEResourcesHandler,5,0,11,8,231,15,0,0,0.18181818181818182,0,6,/Users/eashraf/hadoop/hadoop-yarn-project/hadoop-yarn/hadoop-yarn-server/hadoop-yarn-server-nodemanager/src/test/java/org/apache/hadoop/yarn/server/nodemanager/util/TestCgroupsLCEResourcesHandler.java,39
hadoop,org.apache.hadoop.yarn.server.nodemanager.util,TestCgroupsLCEResourcesHandler.MockClock,1,0,0,0,6,0,0,0,-1.0,0,0,/Users/eashraf/hadoop/hadoop-yarn-project/hadoop-yarn/hadoop-yarn-server/hadoop-yarn-server-nodemanager/src/test/java/org/apache/hadoop/yarn/server/nodemanager/util/TestCgroupsLCEResourcesHandler.java,42
hadoop,org.apache.hadoop.yarn.server.nodemanager.util,TestCgroupsLCEResourcesHandler.MockLinuxContainerExecutor,0,0,0,0,4,0,0,0,-1.0,0,0,/Users/eashraf/hadoop/hadoop-yarn-project/hadoop-yarn/hadoop-yarn-server/hadoop-yarn-server-nodemanager/src/test/java/org/apache/hadoop/yarn/server/nodemanager/util/TestCgroupsLCEResourcesHandler.java,130
hadoop,org.apache.hadoop.yarn.server.nodemanager.util,TestCgroupsLCEResourcesHandler.CustomCgroupsLCEResourceHandler,3,0,0,0,17,0,0,2,-1.0,0,0,/Users/eashraf/hadoop/hadoop-yarn-project/hadoop-yarn/hadoop-yarn-server/hadoop-yarn-server-nodemanager/src/test/java/org/apache/hadoop/yarn/server/nodemanager/util/TestCgroupsLCEResourcesHandler.java,136
hadoop,org.apache.hadoop.yarn.server.nodemanager.util,LCEResourcesHandler,0,0,4,0,15,4,2,0,-1.0,2,3,/Users/eashraf/hadoop/hadoop-yarn-project/hadoop-yarn/hadoop-yarn-server/hadoop-yarn-server-nodemanager/src/main/java/org/apache/hadoop/yarn/server/nodemanager/util/LCEResourcesHandler.java,28
hadoop,org.apache.hadoop.yarn.server.nodemanager.util,NodeManagerBuilderUtils,0,0,1,1,9,1,0,0,-1.0,0,6,/Users/eashraf/hadoop/hadoop-yarn-project/hadoop-yarn/hadoop-yarn-server/hadoop-yarn-server-nodemanager/src/main/java/org/apache/hadoop/yarn/server/nodemanager/util/NodeManagerBuilderUtils.java,27
hadoop,org.apache.hadoop.yarn.server.nodemanager.util,DefaultLCEResourcesHandler,2,0,7,7,21,7,0,1,0.8571428571428571,1,4,/Users/eashraf/hadoop/hadoop-yarn-project/hadoop-yarn/hadoop-yarn-server/hadoop-yarn-server-nodemanager/src/main/java/org/apache/hadoop/yarn/server/nodemanager/util/DefaultLCEResourcesHandler.java,28
hadoop,org.apache.hadoop.yarn.server.nodemanager.util,CgroupsLCEResourcesHandler,21,0,24,7,307,62,1,1,0.0,1,10,/Users/eashraf/hadoop/hadoop-yarn-project/hadoop-yarn/hadoop-yarn-server/hadoop-yarn-server-nodemanager/src/main/java/org/apache/hadoop/yarn/server/nodemanager/util/CgroupsLCEResourcesHandler.java,56
hadoop,org.apache.hadoop.yarn.server.nodemanager.util,NodeManagerHardwareUtils,0,0,2,2,27,3,0,0,-1.0,2,3,/Users/eashraf/hadoop/hadoop-yarn-project/hadoop-yarn/hadoop-yarn-server/hadoop-yarn-server-nodemanager/src/main/java/org/apache/hadoop/yarn/server/nodemanager/util/NodeManagerHardwareUtils.java,27
hadoop,org.apache.hadoop.yarn.server.nodemanager.util,ProcessIdFileReader,1,0,1,1,62,9,0,0,0.0,3,3,/Users/eashraf/hadoop/hadoop-yarn-project/hadoop-yarn/hadoop-yarn-server/hadoop-yarn-server-nodemanager/src/main/java/org/apache/hadoop/yarn/server/nodemanager/util/ProcessIdFileReader.java,32
hadoop,org.apache.hadoop.yarn.server.nodemanager.security,TestNMTokenSecretManagerInNM,0,0,2,1,88,2,0,0,-1.0,0,11,/Users/eashraf/hadoop/hadoop-yarn-project/hadoop-yarn/hadoop-yarn-server/hadoop-yarn-server-nodemanager/src/test/java/org/apache/hadoop/yarn/server/nodemanager/security/TestNMTokenSecretManagerInNM.java,43
hadoop,org.apache.hadoop.yarn.server.nodemanager.security,TestNMTokenSecretManagerInNM.NMTokenKeyGeneratorForTest,0,0,0,0,5,0,0,0,-1.0,0,0,/Users/eashraf/hadoop/hadoop-yarn-project/hadoop-yarn/hadoop-yarn-server/hadoop-yarn-server-nodemanager/src/test/java/org/apache/hadoop/yarn/server/nodemanager/security/TestNMTokenSecretManagerInNM.java,148
hadoop,org.apache.hadoop.yarn.server.nodemanager.security,TestNMContainerTokenSecretManager,0,0,2,1,75,2,0,0,-1.0,0,10,/Users/eashraf/hadoop/hadoop-yarn-project/hadoop-yarn/hadoop-yarn-server/hadoop-yarn-server-nodemanager/src/test/java/org/apache/hadoop/yarn/server/nodemanager/security/TestNMContainerTokenSecretManager.java,43
hadoop,org.apache.hadoop.yarn.server.nodemanager.security,TestNMContainerTokenSecretManager.ContainerTokenKeyGeneratorForTest,0,0,0,0,8,0,0,0,-1.0,0,0,/Users/eashraf/hadoop/hadoop-yarn-project/hadoop-yarn/hadoop-yarn-server/hadoop-yarn-server-nodemanager/src/test/java/org/apache/hadoop/yarn/server/nodemanager/security/TestNMContainerTokenSecretManager.java,134
hadoop,org.apache.hadoop.yarn.server.nodemanager.security,NMContainerTokenSecretManager,5,0,11,8,153,28,0,0,0.18181818181818182,5,7,/Users/eashraf/hadoop/hadoop-yarn-project/hadoop-yarn/hadoop-yarn-server/hadoop-yarn-server-nodemanager/src/main/java/org/apache/hadoop/yarn/server/nodemanager/security/NMContainerTokenSecretManager.java,43
hadoop,org.apache.hadoop.yarn.server.nodemanager.security,NMTokenSecretManagerInNM,6,0,14,10,164,33,0,0,0.14285714285714285,9,7,/Users/eashraf/hadoop/hadoop-yarn-project/hadoop-yarn/hadoop-yarn-server/hadoop-yarn-server-nodemanager/src/main/java/org/apache/hadoop/yarn/server/nodemanager/security/NMTokenSecretManagerInNM.java,43
hadoop,org.apache.hadoop.yarn.server.nodemanager.recovery,NMMemoryStateStoreService,12,0,38,32,250,48,0,1,0.10526315789473684,4,9,/Users/eashraf/hadoop/hadoop-yarn-project/hadoop-yarn/hadoop-yarn-server/hadoop-yarn-server-nodemanager/src/test/java/org/apache/hadoop/yarn/server/nodemanager/recovery/NMMemoryStateStoreService.java,44
hadoop,org.apache.hadoop.yarn.server.nodemanager.recovery,NMMemoryStateStoreService.TrackerState,2,0,0,0,4,0,0,0,-1.0,0,0,/Users/eashraf/hadoop/hadoop-yarn-project/hadoop-yarn/hadoop-yarn-server/hadoop-yarn-server-nodemanager/src/test/java/org/apache/hadoop/yarn/server/nodemanager/recovery/NMMemoryStateStoreService.java,388
hadoop,org.apache.hadoop.yarn.server.nodemanager.recovery,NMMemoryStateStoreService.TrackerKey,2,0,0,0,30,0,0,0,-1.0,0,1,/Users/eashraf/hadoop/hadoop-yarn-project/hadoop-yarn/hadoop-yarn-server/hadoop-yarn-server-nodemanager/src/test/java/org/apache/hadoop/yarn/server/nodemanager/recovery/NMMemoryStateStoreService.java,395
hadoop,org.apache.hadoop.yarn.server.nodemanager.recovery,TestNMLeveldbStateStoreService,3,0,16,14,535,18,0,0,0.0,0,24,/Users/eashraf/hadoop/hadoop-yarn-project/hadoop-yarn/hadoop-yarn-server/hadoop-yarn-server-nodemanager/src/test/java/org/apache/hadoop/yarn/server/nodemanager/recovery/TestNMLeveldbStateStoreService.java,83
hadoop,org.apache.hadoop.yarn.server.nodemanager.recovery,TestNMLeveldbStateStoreService.NMTokenSecretManagerForTest,0,0,0,0,5,0,0,0,-1.0,0,0,/Users/eashraf/hadoop/hadoop-yarn-project/hadoop-yarn/hadoop-yarn-server/hadoop-yarn-server-nodemanager/src/test/java/org/apache/hadoop/yarn/server/nodemanager/recovery/TestNMLeveldbStateStoreService.java,885
hadoop,org.apache.hadoop.yarn.server.nodemanager.recovery,TestNMLeveldbStateStoreService.ContainerTokenKeyGeneratorForTest,0,0,0,0,8,0,0,0,-1.0,0,0,/Users/eashraf/hadoop/hadoop-yarn-project/hadoop-yarn/hadoop-yarn-server/hadoop-yarn-server-nodemanager/src/test/java/org/apache/hadoop/yarn/server/nodemanager/recovery/TestNMLeveldbStateStoreService.java,892
hadoop,org.apache.hadoop.yarn.server.nodemanager.recovery,NMLeveldbStateStoreService,33,1,55,33,785,121,0,1,0.05454545454545454,1,14,/Users/eashraf/hadoop/hadoop-yarn-project/hadoop-yarn/hadoop-yarn-server/hadoop-yarn-server-nodemanager/src/main/java/org/apache/hadoop/yarn/server/nodemanager/recovery/NMLeveldbStateStoreService.java,68
hadoop,org.apache.hadoop.yarn.server.nodemanager.recovery,NMLeveldbStateStoreService.LeveldbLogger,1,0,0,0,6,0,0,0,-1.0,0,0,/Users/eashraf/hadoop/hadoop-yarn-project/hadoop-yarn/hadoop-yarn-server/hadoop-yarn-server-nodemanager/src/main/java/org/apache/hadoop/yarn/server/nodemanager/recovery/NMLeveldbStateStoreService.java,964
hadoop,org.apache.hadoop.yarn.server.nodemanager.recovery,NMNullStateStoreService,0,0,36,33,83,36,0,1,-1.0,0,7,/Users/eashraf/hadoop/hadoop-yarn-project/hadoop-yarn/hadoop-yarn-server/hadoop-yarn-server-nodemanager/src/main/java/org/apache/hadoop/yarn/server/nodemanager/recovery/NMNullStateStoreService.java,38
hadoop,org.apache.hadoop.yarn.server.nodemanager.recovery,NMStateStoreService,21,0,40,37,339,40,3,0,0.925,16,8,/Users/eashraf/hadoop/hadoop-yarn-project/hadoop-yarn/hadoop-yarn-server/hadoop-yarn-server-nodemanager/src/main/java/org/apache/hadoop/yarn/server/nodemanager/recovery/NMStateStoreService.java,44
hadoop,org.apache.hadoop.yarn.server.nodemanager.recovery,NMStateStoreService.RecoveredApplicationsState,2,0,0,0,10,0,0,0,-1.0,0,0,/Users/eashraf/hadoop/hadoop-yarn-project/hadoop-yarn/hadoop-yarn-server/hadoop-yarn-server-nodemanager/src/main/java/org/apache/hadoop/yarn/server/nodemanager/recovery/NMStateStoreService.java,52
hadoop,org.apache.hadoop.yarn.server.nodemanager.recovery,NMStateStoreService.RecoveredContainerStatus,0,0,0,0,1,0,0,0,-1.0,0,0,/Users/eashraf/hadoop/hadoop-yarn-project/hadoop-yarn/hadoop-yarn-server/hadoop-yarn-server-nodemanager/src/main/java/org/apache/hadoop/yarn/server/nodemanager/recovery/NMStateStoreService.java,65
hadoop,org.apache.hadoop.yarn.server.nodemanager.recovery,NMStateStoreService.RecoveredContainerState,5,0,0,0,22,0,0,0,-1.0,0,2,/Users/eashraf/hadoop/hadoop-yarn-project/hadoop-yarn/hadoop-yarn-server/hadoop-yarn-server-nodemanager/src/main/java/org/apache/hadoop/yarn/server/nodemanager/recovery/NMStateStoreService.java,71
hadoop,org.apache.hadoop.yarn.server.nodemanager.recovery,NMStateStoreService.LocalResourceTrackerState,2,0,0,0,13,0,0,0,-1.0,0,0,/Users/eashraf/hadoop/hadoop-yarn-project/hadoop-yarn/hadoop-yarn-server/hadoop-yarn-server-nodemanager/src/main/java/org/apache/hadoop/yarn/server/nodemanager/recovery/NMStateStoreService.java,99
hadoop,org.apache.hadoop.yarn.server.nodemanager.recovery,NMStateStoreService.RecoveredUserResources,2,0,0,0,10,0,0,0,-1.0,0,0,/Users/eashraf/hadoop/hadoop-yarn-project/hadoop-yarn/hadoop-yarn-server/hadoop-yarn-server-nodemanager/src/main/java/org/apache/hadoop/yarn/server/nodemanager/recovery/NMStateStoreService.java,118
hadoop,org.apache.hadoop.yarn.server.nodemanager.recovery,NMStateStoreService.RecoveredLocalizationState,2,0,0,0,10,0,0,0,-1.0,0,0,/Users/eashraf/hadoop/hadoop-yarn-project/hadoop-yarn/hadoop-yarn-server/hadoop-yarn-server-nodemanager/src/main/java/org/apache/hadoop/yarn/server/nodemanager/recovery/NMStateStoreService.java,134
hadoop,org.apache.hadoop.yarn.server.nodemanager.recovery,NMStateStoreService.RecoveredDeletionServiceState,1,0,0,0,6,0,0,0,-1.0,0,0,/Users/eashraf/hadoop/hadoop-yarn-project/hadoop-yarn/hadoop-yarn-server/hadoop-yarn-server-nodemanager/src/main/java/org/apache/hadoop/yarn/server/nodemanager/recovery/NMStateStoreService.java,149
hadoop,org.apache.hadoop.yarn.server.nodemanager.recovery,NMStateStoreService.RecoveredNMTokensState,3,0,0,0,14,0,0,0,-1.0,0,1,/Users/eashraf/hadoop/hadoop-yarn-project/hadoop-yarn/hadoop-yarn-server/hadoop-yarn-server-nodemanager/src/main/java/org/apache/hadoop/yarn/server/nodemanager/recovery/NMStateStoreService.java,157
hadoop,org.apache.hadoop.yarn.server.nodemanager.recovery,NMStateStoreService.RecoveredContainerTokensState,3,0,0,0,14,0,0,0,-1.0,0,1,/Users/eashraf/hadoop/hadoop-yarn-project/hadoop-yarn/hadoop-yarn-server/hadoop-yarn-server-nodemanager/src/main/java/org/apache/hadoop/yarn/server/nodemanager/recovery/NMStateStoreService.java,175
hadoop,org.apache.hadoop.yarn.server.nodemanager.recovery,NMStateStoreService.RecoveredLogDeleterState,1,0,0,0,6,0,0,0,-1.0,0,0,/Users/eashraf/hadoop/hadoop-yarn-project/hadoop-yarn/hadoop-yarn-server/hadoop-yarn-server-nodemanager/src/main/java/org/apache/hadoop/yarn/server/nodemanager/recovery/NMStateStoreService.java,193
hadoop,org.apache.hadoop.yarn.server.nodemanager.webapp,TestNMWebServer,2,0,20,16,135,22,0,0,0.6,0,26,/Users/eashraf/hadoop/hadoop-yarn-project/hadoop-yarn/hadoop-yarn-server/hadoop-yarn-server-nodemanager/src/test/java/org/apache/hadoop/yarn/server/nodemanager/webapp/TestNMWebServer.java,63
hadoop,org.apache.hadoop.yarn.server.nodemanager.webapp,TestNMWebServicesApps,9,0,35,32,452,39,0,0,0.22857142857142856,0,23,/Users/eashraf/hadoop/hadoop-yarn-project/hadoop-yarn/hadoop-yarn-server/hadoop-yarn-server-nodemanager/src/test/java/org/apache/hadoop/yarn/server/nodemanager/webapp/TestNMWebServicesApps.java,80
hadoop,org.apache.hadoop.yarn.server.nodemanager.webapp,TestNMWebServicesApps.GuiceServletConfig,0,0,0,0,5,0,0,0,-1.0,0,0,/Users/eashraf/hadoop/hadoop-yarn-project/hadoop-yarn/hadoop-yarn-server/hadoop-yarn-server-nodemanager/src/test/java/org/apache/hadoop/yarn/server/nodemanager/webapp/TestNMWebServicesApps.java,153
hadoop,org.apache.hadoop.yarn.server.nodemanager.webapp,TestNMWebServicesContainers,9,0,29,27,293,33,0,0,0.3448275862068966,0,23,/Users/eashraf/hadoop/hadoop-yarn-project/hadoop-yarn/hadoop-yarn-server/hadoop-yarn-server-nodemanager/src/test/java/org/apache/hadoop/yarn/server/nodemanager/webapp/TestNMWebServicesContainers.java,80
hadoop,org.apache.hadoop.yarn.server.nodemanager.webapp,TestNMWebServicesContainers.GuiceServletConfig,0,0,0,0,5,0,0,0,-1.0,0,0,/Users/eashraf/hadoop/hadoop-yarn-project/hadoop-yarn/hadoop-yarn-server/hadoop-yarn-server-nodemanager/src/test/java/org/apache/hadoop/yarn/server/nodemanager/webapp/TestNMWebServicesContainers.java,157
hadoop,org.apache.hadoop.yarn.server.nodemanager.webapp,MockContainer,7,0,14,14,60,14,0,0,0.42857142857142855,4,13,/Users/eashraf/hadoop/hadoop-yarn-project/hadoop-yarn/hadoop-yarn-server/hadoop-yarn-server-nodemanager/src/test/java/org/apache/hadoop/yarn/server/nodemanager/webapp/MockContainer.java,45
hadoop,org.apache.hadoop.yarn.server.nodemanager.webapp,TestNMWebServices,8,0,23,22,230,24,0,0,0.43478260869565216,0,25,/Users/eashraf/hadoop/hadoop-yarn-project/hadoop-yarn/hadoop-yarn-server/hadoop-yarn-server-nodemanager/src/test/java/org/apache/hadoop/yarn/server/nodemanager/webapp/TestNMWebServices.java,85
hadoop,org.apache.hadoop.yarn.server.nodemanager.webapp,TestNMWebServices.GuiceServletConfig,0,0,0,0,5,0,0,0,-1.0,0,0,/Users/eashraf/hadoop/hadoop-yarn-project/hadoop-yarn/hadoop-yarn-server/hadoop-yarn-server-nodemanager/src/test/java/org/apache/hadoop/yarn/server/nodemanager/webapp/TestNMWebServices.java,156
hadoop,org.apache.hadoop.yarn.server.nodemanager.webapp,MockApp,5,0,8,8,34,8,0,0,0.5,2,7,/Users/eashraf/hadoop/hadoop-yarn-project/hadoop-yarn/hadoop-yarn-server/hadoop-yarn-server-nodemanager/src/test/java/org/apache/hadoop/yarn/server/nodemanager/webapp/MockApp.java,35
hadoop,org.apache.hadoop.yarn.server.nodemanager.webapp,TestContainerLogsPage,0,0,5,4,139,9,0,0,-1.0,0,28,/Users/eashraf/hadoop/hadoop-yarn-project/hadoop-yarn/hadoop-yarn-server/hadoop-yarn-server-nodemanager/src/test/java/org/apache/hadoop/yarn/server/nodemanager/webapp/TestContainerLogsPage.java,76
hadoop,org.apache.hadoop.yarn.server.nodemanager.webapp,JAXBContextResolver,3,0,2,2,12,2,0,0,0.0,3,0,/Users/eashraf/hadoop/hadoop-yarn-project/hadoop-yarn/hadoop-yarn-server/hadoop-yarn-server-nodemanager/src/main/java/org/apache/hadoop/yarn/server/nodemanager/webapp/JAXBContextResolver.java,40
hadoop,org.apache.hadoop.yarn.server.nodemanager.webapp,ApplicationPage,3,0,3,0,35,3,0,1,0.6666666666666666,1,3,/Users/eashraf/hadoop/hadoop-yarn-project/hadoop-yarn/hadoop-yarn-server/hadoop-yarn-server-nodemanager/src/main/java/org/apache/hadoop/yarn/server/nodemanager/webapp/ApplicationPage.java,43
hadoop,org.apache.hadoop.yarn.server.nodemanager.webapp,ApplicationPage.ApplicationBlock,3,0,0,0,21,0,0,0,-1.0,0,3,/Users/eashraf/hadoop/hadoop-yarn-project/hadoop-yarn/hadoop-yarn-server/hadoop-yarn-server-nodemanager/src/main/java/org/apache/hadoop/yarn/server/nodemanager/webapp/ApplicationPage.java,62
hadoop,org.apache.hadoop.yarn.server.nodemanager.webapp,NMView,0,0,3,0,12,3,6,0,-1.0,0,0,/Users/eashraf/hadoop/hadoop-yarn-project/hadoop-yarn/hadoop-yarn-server/hadoop-yarn-server-nodemanager/src/main/java/org/apache/hadoop/yarn/server/nodemanager/webapp/NMView.java,28
hadoop,org.apache.hadoop.yarn.server.nodemanager.webapp,NMWebServices,7,0,10,9,131,23,0,0,0.2,3,15,/Users/eashraf/hadoop/hadoop-yarn-project/hadoop-yarn/hadoop-yarn-server/hadoop-yarn-server-nodemanager/src/main/java/org/apache/hadoop/yarn/server/nodemanager/webapp/NMWebServices.java,65
hadoop,org.apache.hadoop.yarn.server.nodemanager.webapp,ContainerLogsPage,2,1,2,0,132,4,0,1,1.0,2,1,/Users/eashraf/hadoop/hadoop-yarn-project/hadoop-yarn/hadoop-yarn-server/hadoop-yarn-server-nodemanager/src/main/java/org/apache/hadoop/yarn/server/nodemanager/webapp/ContainerLogsPage.java,50
hadoop,org.apache.hadoop.yarn.server.nodemanager.webapp,ContainerLogsPage.ContainersLogsBlock,1,0,0,0,109,0,0,0,-1.0,0,1,/Users/eashraf/hadoop/hadoop-yarn-project/hadoop-yarn/hadoop-yarn-server/hadoop-yarn-server-nodemanager/src/main/java/org/apache/hadoop/yarn/server/nodemanager/webapp/ContainerLogsPage.java,77
hadoop,org.apache.hadoop.yarn.server.nodemanager.webapp,NMController,2,0,9,9,55,11,0,0,0.8888888888888888,0,13,/Users/eashraf/hadoop/hadoop-yarn-project/hadoop-yarn/hadoop-yarn-server/hadoop-yarn-server-nodemanager/src/main/java/org/apache/hadoop/yarn/server/nodemanager/webapp/NMController.java,35
hadoop,org.apache.hadoop.yarn.server.nodemanager.webapp,ContainerLogsUtils,1,1,7,3,94,16,0,0,0.0,3,13,/Users/eashraf/hadoop/hadoop-yarn-project/hadoop-yarn/hadoop-yarn-server/hadoop-yarn-server-nodemanager/src/main/java/org/apache/hadoop/yarn/server/nodemanager/webapp/ContainerLogsUtils.java,46
hadoop,org.apache.hadoop.yarn.server.nodemanager.webapp,NodePage,3,0,2,0,23,2,0,1,1.0,1,2,/Users/eashraf/hadoop/hadoop-yarn-project/hadoop-yarn/hadoop-yarn-server/hadoop-yarn-server-nodemanager/src/main/java/org/apache/hadoop/yarn/server/nodemanager/webapp/NodePage.java,37
hadoop,org.apache.hadoop.yarn.server.nodemanager.webapp,NodePage.NodeBlock,2,0,0,0,13,0,0,0,-1.0,0,2,/Users/eashraf/hadoop/hadoop-yarn-project/hadoop-yarn/hadoop-yarn-server/hadoop-yarn-server-nodemanager/src/main/java/org/apache/hadoop/yarn/server/nodemanager/webapp/NodePage.java,53
hadoop,org.apache.hadoop.yarn.server.nodemanager.webapp,WebServer,8,0,4,2,61,5,0,0,0.0,3,8,/Users/eashraf/hadoop/hadoop-yarn-project/hadoop-yarn/hadoop-yarn-server/hadoop-yarn-server-nodemanager/src/main/java/org/apache/hadoop/yarn/server/nodemanager/webapp/WebServer.java,39
hadoop,org.apache.hadoop.yarn.server.nodemanager.webapp,WebServer.NMWebApp,3,0,0,0,25,0,0,0,-1.0,0,3,/Users/eashraf/hadoop/hadoop-yarn-project/hadoop-yarn/hadoop-yarn-server/hadoop-yarn-server-nodemanager/src/main/java/org/apache/hadoop/yarn/server/nodemanager/webapp/WebServer.java,96
hadoop,org.apache.hadoop.yarn.server.nodemanager.webapp,NavBlock,1,0,2,1,10,2,0,0,0.0,0,2,/Users/eashraf/hadoop/hadoop-yarn-project/hadoop-yarn/hadoop-yarn-server/hadoop-yarn-server-nodemanager/src/main/java/org/apache/hadoop/yarn/server/nodemanager/webapp/NavBlock.java,28
hadoop,org.apache.hadoop.yarn.server.nodemanager.webapp,AllContainersPage,1,0,3,0,29,3,0,1,0.6666666666666666,1,1,/Users/eashraf/hadoop/hadoop-yarn-project/hadoop-yarn/hadoop-yarn-server/hadoop-yarn-server-nodemanager/src/main/java/org/apache/hadoop/yarn/server/nodemanager/webapp/AllContainersPage.java,42
hadoop,org.apache.hadoop.yarn.server.nodemanager.webapp,AllContainersPage.AllContainersBlock,1,0,0,0,14,0,0,0,-1.0,0,1,/Users/eashraf/hadoop/hadoop-yarn-project/hadoop-yarn/hadoop-yarn-server/hadoop-yarn-server-nodemanager/src/main/java/org/apache/hadoop/yarn/server/nodemanager/webapp/AllContainersPage.java,63
hadoop,org.apache.hadoop.yarn.server.nodemanager.webapp,AllApplicationsPage,1,0,3,0,29,3,0,1,0.6666666666666666,1,1,/Users/eashraf/hadoop/hadoop-yarn-project/hadoop-yarn/hadoop-yarn-server/hadoop-yarn-server-nodemanager/src/main/java/org/apache/hadoop/yarn/server/nodemanager/webapp/AllApplicationsPage.java,42
hadoop,org.apache.hadoop.yarn.server.nodemanager.webapp,AllApplicationsPage.AllApplicationsBlock,1,0,0,0,14,0,0,0,-1.0,0,1,/Users/eashraf/hadoop/hadoop-yarn-project/hadoop-yarn/hadoop-yarn-server/hadoop-yarn-server-nodemanager/src/main/java/org/apache/hadoop/yarn/server/nodemanager/webapp/AllApplicationsPage.java,65
hadoop,org.apache.hadoop.yarn.server.nodemanager.webapp,ContainerPage,1,0,2,0,35,2,0,1,1.0,1,1,/Users/eashraf/hadoop/hadoop-yarn-project/hadoop-yarn/hadoop-yarn-server/hadoop-yarn-server-nodemanager/src/main/java/org/apache/hadoop/yarn/server/nodemanager/webapp/ContainerPage.java,38
hadoop,org.apache.hadoop.yarn.server.nodemanager.webapp,ContainerPage.ContainerBlock,1,0,0,0,25,0,0,0,-1.0,0,1,/Users/eashraf/hadoop/hadoop-yarn-project/hadoop-yarn/hadoop-yarn-server/hadoop-yarn-server-nodemanager/src/main/java/org/apache/hadoop/yarn/server/nodemanager/webapp/ContainerPage.java,53
hadoop,org.apache.hadoop.yarn.server.nodemanager.api.protocolrecords.impl.pb,TestPBLocalizerRPC,3,0,3,1,51,3,0,0,0.6666666666666666,0,9,/Users/eashraf/hadoop/hadoop-yarn-project/hadoop-yarn/hadoop-yarn-server/hadoop-yarn-server-nodemanager/src/test/java/org/apache/hadoop/yarn/server/nodemanager/api/protocolrecords/impl/pb/TestPBLocalizerRPC.java,37
hadoop,org.apache.hadoop.yarn.server.nodemanager.api.protocolrecords.impl.pb,TestPBLocalizerRPC.LocalizerService,2,0,0,0,21,0,0,0,-1.0,0,1,/Users/eashraf/hadoop/hadoop-yarn-project/hadoop-yarn/hadoop-yarn-server/hadoop-yarn-server-nodemanager/src/test/java/org/apache/hadoop/yarn/server/nodemanager/api/protocolrecords/impl/pb/TestPBLocalizerRPC.java,46
hadoop,org.apache.hadoop.yarn.server.nodemanager.api.protocolrecords.impl.pb,TestPBRecordImpl,1,0,9,4,115,9,0,0,0.3333333333333333,0,19,/Users/eashraf/hadoop/hadoop-yarn-project/hadoop-yarn/hadoop-yarn-server/hadoop-yarn-server-nodemanager/src/test/java/org/apache/hadoop/yarn/server/nodemanager/api/protocolrecords/impl/pb/TestPBRecordImpl.java,53
hadoop,org.apache.hadoop.yarn.server.nodemanager.api.protocolrecords.impl.pb,LocalizerHeartbeatResponsePBImpl,5,0,19,11,108,28,0,0,0.15789473684210525,2,2,/Users/eashraf/hadoop/hadoop-yarn-project/hadoop-yarn/hadoop-yarn-server/hadoop-yarn-server-nodemanager/src/main/java/org/apache/hadoop/yarn/server/nodemanager/api/protocolrecords/impl/pb/LocalizerHeartbeatResponsePBImpl.java,35
hadoop,org.apache.hadoop.yarn.server.nodemanager.api.protocolrecords.impl.pb,LocalizerStatusPBImpl,5,0,22,15,117,31,0,0,0.09090909090909091,2,1,/Users/eashraf/hadoop/hadoop-yarn-project/hadoop-yarn/hadoop-yarn-server/hadoop-yarn-server-nodemanager/src/main/java/org/apache/hadoop/yarn/server/nodemanager/api/protocolrecords/impl/pb/LocalizerStatusPBImpl.java,31
hadoop,org.apache.hadoop.yarn.server.nodemanager.api.protocolrecords.impl.pb,LocalResourceStatusPBImpl,6,0,24,13,139,40,0,0,0.2916666666666667,1,4,/Users/eashraf/hadoop/hadoop-yarn-project/hadoop-yarn/hadoop-yarn-server/hadoop-yarn-server-nodemanager/src/main/java/org/apache/hadoop/yarn/server/nodemanager/api/protocolrecords/impl/pb/LocalResourceStatusPBImpl.java,36
hadoop,org.apache.hadoop.yarn.server.nodemanager.containermanager.loghandler,TestNonAggregatingLogHandler,12,0,12,10,269,21,0,0,0.0,1,20,/Users/eashraf/hadoop/hadoop-yarn-project/hadoop-yarn/hadoop-yarn-server/hadoop-yarn-server-nodemanager/src/test/java/org/apache/hadoop/yarn/server/nodemanager/containermanager/loghandler/TestNonAggregatingLogHandler.java,83
hadoop,org.apache.hadoop.yarn.server.nodemanager.containermanager.loghandler,TestNonAggregatingLogHandler.NonAggregatingLogHandlerWithMockExecutor,1,0,0,0,13,0,0,2,-1.0,0,0,/Users/eashraf/hadoop/hadoop-yarn-project/hadoop-yarn/hadoop-yarn-server/hadoop-yarn-server-nodemanager/src/test/java/org/apache/hadoop/yarn/server/nodemanager/containermanager/loghandler/TestNonAggregatingLogHandler.java,263
hadoop,org.apache.hadoop.yarn.server.nodemanager.containermanager.loghandler,TestNonAggregatingLogHandler.DeletePathsMatcher,2,0,0,0,13,0,0,0,-1.0,0,1,/Users/eashraf/hadoop/hadoop-yarn-project/hadoop-yarn/hadoop-yarn-server/hadoop-yarn-server-nodemanager/src/test/java/org/apache/hadoop/yarn/server/nodemanager/containermanager/loghandler/TestNonAggregatingLogHandler.java,473
hadoop,org.apache.hadoop.yarn.server.nodemanager.containermanager.loghandler,NonAggregatingLogHandler,10,0,7,2,151,16,1,1,0.2857142857142857,1,12,/Users/eashraf/hadoop/hadoop-yarn-project/hadoop-yarn/hadoop-yarn-server/hadoop-yarn-server-nodemanager/src/main/java/org/apache/hadoop/yarn/server/nodemanager/containermanager/loghandler/NonAggregatingLogHandler.java,54
hadoop,org.apache.hadoop.yarn.server.nodemanager.containermanager.loghandler,NonAggregatingLogHandler.LogDeleterRunnable,2,0,0,0,39,0,0,0,-1.0,0,2,/Users/eashraf/hadoop/hadoop-yarn-project/hadoop-yarn/hadoop-yarn-server/hadoop-yarn-server-nodemanager/src/main/java/org/apache/hadoop/yarn/server/nodemanager/containermanager/loghandler/NonAggregatingLogHandler.java,212
hadoop,org.apache.hadoop.yarn.server.nodemanager.containermanager.loghandler,LogHandler,0,0,1,1,3,1,1,0,-1.0,3,1,/Users/eashraf/hadoop/hadoop-yarn-project/hadoop-yarn/hadoop-yarn-server/hadoop-yarn-server-nodemanager/src/main/java/org/apache/hadoop/yarn/server/nodemanager/containermanager/loghandler/LogHandler.java,24
hadoop,org.apache.hadoop.yarn.server.nodemanager.containermanager.launcher,TestContainerLaunch,1,0,21,19,630,50,0,0,0.6190476190476191,0,43,/Users/eashraf/hadoop/hadoop-yarn-project/hadoop-yarn/hadoop-yarn-server/hadoop-yarn-server-nodemanager/src/test/java/org/apache/hadoop/yarn/server/nodemanager/containermanager/launcher/TestContainerLaunch.java,98
hadoop,org.apache.hadoop.yarn.server.nodemanager.containermanager.launcher,ContainerLaunch,20,2,14,7,418,46,1,0,0.0,8,30,/Users/eashraf/hadoop/hadoop-yarn-project/hadoop-yarn/hadoop-yarn-server/hadoop-yarn-server-nodemanager/src/main/java/org/apache/hadoop/yarn/server/nodemanager/containermanager/launcher/ContainerLaunch.java,82
hadoop,org.apache.hadoop.yarn.server.nodemanager.containermanager.launcher,ContainerLaunch.ShellScriptBuilder,2,0,0,0,35,0,0,0,-1.0,0,1,/Users/eashraf/hadoop/hadoop-yarn-project/hadoop-yarn/hadoop-yarn-server/hadoop-yarn-server-nodemanager/src/main/java/org/apache/hadoop/yarn/server/nodemanager/containermanager/launcher/ContainerLaunch.java,505
hadoop,org.apache.hadoop.yarn.server.nodemanager.containermanager.launcher,ContainerLaunch.UnixShellScriptBuilder,0,0,0,0,28,0,0,0,-1.0,0,0,/Users/eashraf/hadoop/hadoop-yarn-project/hadoop-yarn/hadoop-yarn-server/hadoop-yarn-server-nodemanager/src/main/java/org/apache/hadoop/yarn/server/nodemanager/containermanager/launcher/ContainerLaunch.java,553
hadoop,org.apache.hadoop.yarn.server.nodemanager.containermanager.launcher,ContainerLaunch.WindowsShellScriptBuilder,0,0,0,0,38,0,0,0,-1.0,0,1,/Users/eashraf/hadoop/hadoop-yarn-project/hadoop-yarn/hadoop-yarn-server/hadoop-yarn-server-nodemanager/src/main/java/org/apache/hadoop/yarn/server/nodemanager/containermanager/launcher/ContainerLaunch.java,592
hadoop,org.apache.hadoop.yarn.server.nodemanager.containermanager.launcher,ContainersLauncherEvent,1,0,2,2,10,2,0,0,0.0,4,2,/Users/eashraf/hadoop/hadoop-yarn-project/hadoop-yarn/hadoop-yarn-server/hadoop-yarn-server-nodemanager/src/main/java/org/apache/hadoop/yarn/server/nodemanager/containermanager/launcher/ContainersLauncherEvent.java,25
hadoop,org.apache.hadoop.yarn.server.nodemanager.containermanager.launcher,RecoveredContainerLaunch,1,0,3,2,70,8,0,1,0.6666666666666666,1,11,/Users/eashraf/hadoop/hadoop-yarn-project/hadoop-yarn/hadoop-yarn-server/hadoop-yarn-server-nodemanager/src/main/java/org/apache/hadoop/yarn/server/nodemanager/containermanager/launcher/RecoveredContainerLaunch.java,42
hadoop,org.apache.hadoop.yarn.server.nodemanager.containermanager.launcher,ContainersLauncherEventType,0,0,0,0,1,0,0,0,-1.0,8,0,/Users/eashraf/hadoop/hadoop-yarn-project/hadoop-yarn/hadoop-yarn-server/hadoop-yarn-server-nodemanager/src/main/java/org/apache/hadoop/yarn/server/nodemanager/containermanager/launcher/ContainersLauncherEventType.java,21
hadoop,org.apache.hadoop.yarn.server.nodemanager.containermanager.launcher,ContainersLauncher,8,2,4,2,61,8,0,0,0.5,4,13,/Users/eashraf/hadoop/hadoop-yarn-project/hadoop-yarn/hadoop-yarn-server/hadoop-yarn-server-nodemanager/src/main/java/org/apache/hadoop/yarn/server/nodemanager/containermanager/launcher/ContainersLauncher.java,49
hadoop,org.apache.hadoop.yarn.server.nodemanager.containermanager.monitor,TestContainerMetrics,0,0,2,2,53,2,0,0,-1.0,0,6,/Users/eashraf/hadoop/hadoop-yarn-project/hadoop-yarn/hadoop-yarn-server/hadoop-yarn-server-nodemanager/src/test/java/org/apache/hadoop/yarn/server/nodemanager/containermanager/monitor/TestContainerMetrics.java,35
hadoop,org.apache.hadoop.yarn.server.nodemanager.containermanager.monitor,TestContainersMonitor,0,0,6,5,151,8,0,0,-1.0,0,32,/Users/eashraf/hadoop/hadoop-yarn-project/hadoop-yarn/hadoop-yarn-server/hadoop-yarn-server-nodemanager/src/test/java/org/apache/hadoop/yarn/server/nodemanager/containermanager/monitor/TestContainersMonitor.java,76
hadoop,org.apache.hadoop.yarn.server.nodemanager.containermanager.monitor,ContainerMetrics,20,9,12,7,111,23,0,0,0.0,1,8,/Users/eashraf/hadoop/hadoop-yarn-project/hadoop-yarn/hadoop-yarn-server/hadoop-yarn-server-nodemanager/src/main/java/org/apache/hadoop/yarn/server/nodemanager/containermanager/monitor/ContainerMetrics.java,41
hadoop,org.apache.hadoop.yarn.server.nodemanager.containermanager.monitor,ContainerStopMonitoringEvent,0,0,1,1,5,1,0,1,-1.0,0,2,/Users/eashraf/hadoop/hadoop-yarn-project/hadoop-yarn/hadoop-yarn-server/hadoop-yarn-server-nodemanager/src/main/java/org/apache/hadoop/yarn/server/nodemanager/containermanager/monitor/ContainerStopMonitoringEvent.java,23
hadoop,org.apache.hadoop.yarn.server.nodemanager.containermanager.monitor,ContainersMonitorImpl,26,0,13,7,334,27,0,1,0.0,1,12,/Users/eashraf/hadoop/hadoop-yarn-project/hadoop-yarn/hadoop-yarn-server/hadoop-yarn-server-nodemanager/src/main/java/org/apache/hadoop/yarn/server/nodemanager/containermanager/monitor/ContainersMonitorImpl.java,46
hadoop,org.apache.hadoop.yarn.server.nodemanager.containermanager.monitor,ContainersMonitorImpl.ProcessTreeInfo,6,0,0,0,47,0,0,0,-1.0,0,2,/Users/eashraf/hadoop/hadoop-yarn-project/hadoop-yarn/hadoop-yarn-server/hadoop-yarn-server-nodemanager/src/main/java/org/apache/hadoop/yarn/server/nodemanager/containermanager/monitor/ContainersMonitorImpl.java,216
hadoop,org.apache.hadoop.yarn.server.nodemanager.containermanager.monitor,ContainersMonitorImpl.MonitoringThread,0,0,0,0,121,0,0,0,-1.0,0,1,/Users/eashraf/hadoop/hadoop-yarn-project/hadoop-yarn/hadoop-yarn-server/hadoop-yarn-server-nodemanager/src/main/java/org/apache/hadoop/yarn/server/nodemanager/containermanager/monitor/ContainersMonitorImpl.java,339
hadoop,org.apache.hadoop.yarn.server.nodemanager.containermanager.monitor,ContainerStartMonitoringEvent,3,0,4,4,20,4,0,1,0.0,1,2,/Users/eashraf/hadoop/hadoop-yarn-project/hadoop-yarn/hadoop-yarn-server/hadoop-yarn-server-nodemanager/src/main/java/org/apache/hadoop/yarn/server/nodemanager/containermanager/monitor/ContainerStartMonitoringEvent.java,23
hadoop,org.apache.hadoop.yarn.server.nodemanager.containermanager.monitor,ContainersMonitor,0,0,0,0,2,0,1,0,-1.0,2,0,/Users/eashraf/hadoop/hadoop-yarn-project/hadoop-yarn/hadoop-yarn-server/hadoop-yarn-server-nodemanager/src/main/java/org/apache/hadoop/yarn/server/nodemanager/containermanager/monitor/ContainersMonitor.java,25
hadoop,org.apache.hadoop.yarn.server.nodemanager.containermanager.monitor,ContainersMonitorEvent,1,0,2,2,10,2,2,0,0.0,1,2,/Users/eashraf/hadoop/hadoop-yarn-project/hadoop-yarn/hadoop-yarn-server/hadoop-yarn-server-nodemanager/src/main/java/org/apache/hadoop/yarn/server/nodemanager/containermanager/monitor/ContainersMonitorEvent.java,24
hadoop,org.apache.hadoop.yarn.server.nodemanager.containermanager.monitor,ContainersMonitorEventType,0,0,0,0,1,0,0,0,-1.0,4,0,/Users/eashraf/hadoop/hadoop-yarn-project/hadoop-yarn/hadoop-yarn-server/hadoop-yarn-server-nodemanager/src/main/java/org/apache/hadoop/yarn/server/nodemanager/containermanager/monitor/ContainersMonitorEventType.java,21
hadoop,org.apache.hadoop.yarn.server.nodemanager.containermanager,TestContainerManagerRecovery,1,0,14,8,152,15,0,0,0.7857142857142857,0,33,/Users/eashraf/hadoop/hadoop-yarn-project/hadoop-yarn/hadoop-yarn-server/hadoop-yarn-server-nodemanager/src/test/java/org/apache/hadoop/yarn/server/nodemanager/containermanager/TestContainerManagerRecovery.java,77
hadoop,org.apache.hadoop.yarn.server.nodemanager.containermanager,TestNMProxy,1,0,7,6,57,13,0,1,0.42857142857142855,0,17,/Users/eashraf/hadoop/hadoop-yarn-project/hadoop-yarn/hadoop-yarn-server/hadoop-yarn-server-nodemanager/src/test/java/org/apache/hadoop/yarn/server/nodemanager/containermanager/TestNMProxy.java,50
hadoop,org.apache.hadoop.yarn.server.nodemanager.containermanager,TestContainerManager,0,0,20,15,428,45,0,1,-1.0,5,43,/Users/eashraf/hadoop/hadoop-yarn-project/hadoop-yarn/hadoop-yarn-server/hadoop-yarn-server-nodemanager/src/test/java/org/apache/hadoop/yarn/server/nodemanager/containermanager/TestContainerManager.java,87
hadoop,org.apache.hadoop.yarn.server.nodemanager.containermanager,BaseContainerManagerTest,19,0,21,10,142,24,2,0,0.5714285714285714,5,27,/Users/eashraf/hadoop/hadoop-yarn-project/hadoop-yarn/hadoop-yarn-server/hadoop-yarn-server-nodemanager/src/test/java/org/apache/hadoop/yarn/server/nodemanager/containermanager/BaseContainerManagerTest.java,76
hadoop,org.apache.hadoop.yarn.server.nodemanager.containermanager,TestAuxServices,12,0,6,6,266,20,0,0,1.0,0,15,/Users/eashraf/hadoop/hadoop-yarn-project/hadoop-yarn/hadoop-yarn-server/hadoop-yarn-server-nodemanager/src/test/java/org/apache/hadoop/yarn/server/nodemanager/containermanager/TestAuxServices.java,61
hadoop,org.apache.hadoop.yarn.server.nodemanager.containermanager,TestAuxServices.LightService,8,0,0,0,53,0,0,0,-1.0,0,2,/Users/eashraf/hadoop/hadoop-yarn-project/hadoop-yarn/hadoop-yarn-server/hadoop-yarn-server-nodemanager/src/test/java/org/apache/hadoop/yarn/server/nodemanager/containermanager/TestAuxServices.java,68
hadoop,org.apache.hadoop.yarn.server.nodemanager.containermanager,TestAuxServices.ServiceA,0,0,0,0,5,0,0,0,-1.0,0,0,/Users/eashraf/hadoop/hadoop-yarn-project/hadoop-yarn/hadoop-yarn-server/hadoop-yarn-server-nodemanager/src/test/java/org/apache/hadoop/yarn/server/nodemanager/containermanager/TestAuxServices.java,138
hadoop,org.apache.hadoop.yarn.server.nodemanager.containermanager,TestAuxServices.ServiceB,0,0,0,0,5,0,0,0,-1.0,0,0,/Users/eashraf/hadoop/hadoop-yarn-project/hadoop-yarn/hadoop-yarn-server/hadoop-yarn-server-nodemanager/src/test/java/org/apache/hadoop/yarn/server/nodemanager/containermanager/TestAuxServices.java,144
hadoop,org.apache.hadoop.yarn.server.nodemanager.containermanager,TestAuxServices.RecoverableAuxService,2,0,0,0,24,0,0,0,-1.0,0,1,/Users/eashraf/hadoop/hadoop-yarn-project/hadoop-yarn/hadoop-yarn-server/hadoop-yarn-server-nodemanager/src/test/java/org/apache/hadoop/yarn/server/nodemanager/containermanager/TestAuxServices.java,356
hadoop,org.apache.hadoop.yarn.server.nodemanager.containermanager,TestAuxServices.RecoverableServiceA,0,0,0,0,5,0,0,0,-1.0,0,0,/Users/eashraf/hadoop/hadoop-yarn-project/hadoop-yarn/hadoop-yarn-server/hadoop-yarn-server-nodemanager/src/test/java/org/apache/hadoop/yarn/server/nodemanager/containermanager/TestAuxServices.java,397
hadoop,org.apache.hadoop.yarn.server.nodemanager.containermanager,TestAuxServices.RecoverableServiceB,0,0,0,0,5,0,0,0,-1.0,0,0,/Users/eashraf/hadoop/hadoop-yarn-project/hadoop-yarn/hadoop-yarn-server/hadoop-yarn-server-nodemanager/src/test/java/org/apache/hadoop/yarn/server/nodemanager/containermanager/TestAuxServices.java,403
hadoop,org.apache.hadoop.yarn.server.nodemanager.containermanager,AuxServicesEventType,0,0,0,0,1,0,0,0,-1.0,9,0,/Users/eashraf/hadoop/hadoop-yarn-project/hadoop-yarn/hadoop-yarn-server/hadoop-yarn-server-nodemanager/src/main/java/org/apache/hadoop/yarn/server/nodemanager/containermanager/AuxServicesEventType.java,21
hadoop,org.apache.hadoop.yarn.server.nodemanager.containermanager,ContainerManagerImpl,19,0,38,15,645,109,0,0,0.05263157894736842,9,68,/Users/eashraf/hadoop/hadoop-yarn-project/hadoop-yarn/hadoop-yarn-server/hadoop-yarn-server-nodemanager/src/main/java/org/apache/hadoop/yarn/server/nodemanager/containermanager/ContainerManagerImpl.java,143
hadoop,org.apache.hadoop.yarn.server.nodemanager.containermanager,ContainerManagerImpl.ContainerEventDispatcher,0,0,0,0,12,0,0,0,-1.0,0,0,/Users/eashraf/hadoop/hadoop-yarn-project/hadoop-yarn/hadoop-yarn-server/hadoop-yarn-server-nodemanager/src/main/java/org/apache/hadoop/yarn/server/nodemanager/containermanager/ContainerManagerImpl.java,1071
hadoop,org.apache.hadoop.yarn.server.nodemanager.containermanager,ContainerManagerImpl.ApplicationEventDispatcher,0,0,0,0,11,0,0,0,-1.0,0,0,/Users/eashraf/hadoop/hadoop-yarn-project/hadoop-yarn/hadoop-yarn-server/hadoop-yarn-server-nodemanager/src/main/java/org/apache/hadoop/yarn/server/nodemanager/containermanager/ContainerManagerImpl.java,1086
hadoop,org.apache.hadoop.yarn.server.nodemanager.containermanager,ContainerLocalizationImpl,0,0,1,1,4,1,0,1,-1.0,0,3,/Users/eashraf/hadoop/hadoop-yarn-project/hadoop-yarn/hadoop-yarn-server/hadoop-yarn-server-nodemanager/src/main/java/org/apache/hadoop/yarn/server/nodemanager/containermanager/ContainerLocalizationImpl.java,24
hadoop,org.apache.hadoop.yarn.server.nodemanager.containermanager,AuxServicesEvent,5,0,9,9,39,9,0,0,0.0,3,3,/Users/eashraf/hadoop/hadoop-yarn-project/hadoop-yarn/hadoop-yarn-server/hadoop-yarn-server-nodemanager/src/main/java/org/apache/hadoop/yarn/server/nodemanager/containermanager/AuxServicesEvent.java,29
hadoop,org.apache.hadoop.yarn.server.nodemanager.containermanager,ContainerLocalization,0,0,0,0,2,0,1,0,-1.0,0,0,/Users/eashraf/hadoop/hadoop-yarn-project/hadoop-yarn/hadoop-yarn-server/hadoop-yarn-server-nodemanager/src/main/java/org/apache/hadoop/yarn/server/nodemanager/containermanager/ContainerLocalization.java,20
hadoop,org.apache.hadoop.yarn.server.nodemanager.containermanager,AuxServices,5,0,11,7,153,29,0,0,0.0,2,10,/Users/eashraf/hadoop/hadoop-yarn-project/hadoop-yarn/hadoop-yarn-server/hadoop-yarn-server-nodemanager/src/main/java/org/apache/hadoop/yarn/server/nodemanager/containermanager/AuxServices.java,49
hadoop,org.apache.hadoop.yarn.server.nodemanager.containermanager.container,TestContainer,18,0,25,21,698,50,0,0,0.16,0,20,/Users/eashraf/hadoop/hadoop-yarn-project/hadoop-yarn/hadoop-yarn-server/hadoop-yarn-server-nodemanager/src/test/java/org/apache/hadoop/yarn/server/nodemanager/containermanager/container/TestContainer.java,97
hadoop,org.apache.hadoop.yarn.server.nodemanager.containermanager.container,TestContainer.ResourcesReleasedMatcher,1,0,0,0,25,0,0,0,-1.0,0,0,/Users/eashraf/hadoop/hadoop-yarn-project/hadoop-yarn/hadoop-yarn-server/hadoop-yarn-server-nodemanager/src/test/java/org/apache/hadoop/yarn/server/nodemanager/containermanager/container/TestContainer.java,599
hadoop,org.apache.hadoop.yarn.server.nodemanager.containermanager.container,TestContainer.ResourcesRequestedMatcher,1,0,0,0,22,0,0,0,-1.0,0,0,/Users/eashraf/hadoop/hadoop-yarn-project/hadoop-yarn/hadoop-yarn-server/hadoop-yarn-server-nodemanager/src/test/java/org/apache/hadoop/yarn/server/nodemanager/containermanager/container/TestContainer.java,634
hadoop,org.apache.hadoop.yarn.server.nodemanager.containermanager.container,TestContainer.WrappedContainer,13,0,0,0,188,0,0,0,-1.0,0,9,/Users/eashraf/hadoop/hadoop-yarn-project/hadoop-yarn/hadoop-yarn-server/hadoop-yarn-server-nodemanager/src/test/java/org/apache/hadoop/yarn/server/nodemanager/containermanager/container/TestContainer.java,709
hadoop,org.apache.hadoop.yarn.server.nodemanager.containermanager.container,ContainerResourceEvent,1,0,2,2,10,2,2,1,0.0,0,3,/Users/eashraf/hadoop/hadoop-yarn-project/hadoop-yarn/hadoop-yarn-server/hadoop-yarn-server-nodemanager/src/main/java/org/apache/hadoop/yarn/server/nodemanager/containermanager/container/ContainerResourceEvent.java,23
hadoop,org.apache.hadoop.yarn.server.nodemanager.containermanager.container,ContainerResourceFailedEvent,1,0,2,2,10,2,0,2,0.0,2,3,/Users/eashraf/hadoop/hadoop-yarn-project/hadoop-yarn/hadoop-yarn-server/hadoop-yarn-server-nodemanager/src/main/java/org/apache/hadoop/yarn/server/nodemanager/containermanager/container/ContainerResourceFailedEvent.java,24
hadoop,org.apache.hadoop.yarn.server.nodemanager.containermanager.container,ContainerState,0,0,0,0,1,0,0,0,-1.0,9,0,/Users/eashraf/hadoop/hadoop-yarn-project/hadoop-yarn/hadoop-yarn-server/hadoop-yarn-server-nodemanager/src/main/java/org/apache/hadoop/yarn/server/nodemanager/containermanager/container/ContainerState.java,21
hadoop,org.apache.hadoop.yarn.server.nodemanager.containermanager.container,ContainerImpl,32,0,23,16,581,42,0,1,0.0,3,27,/Users/eashraf/hadoop/hadoop-yarn-project/hadoop-yarn/hadoop-yarn-server/hadoop-yarn-server-nodemanager/src/main/java/org/apache/hadoop/yarn/server/nodemanager/containermanager/container/ContainerImpl.java,80
hadoop,org.apache.hadoop.yarn.server.nodemanager.containermanager.container,ContainerImpl.ContainerTransition,0,0,0,0,4,0,0,0,-1.0,0,0,/Users/eashraf/hadoop/hadoop-yarn-project/hadoop-yarn/hadoop-yarn-server/hadoop-yarn-server-nodemanager/src/main/java/org/apache/hadoop/yarn/server/nodemanager/containermanager/container/ContainerImpl.java,534
hadoop,org.apache.hadoop.yarn.server.nodemanager.containermanager.container,ContainerImpl.RequestResourcesTransition,0,0,0,0,79,0,0,0,-1.0,0,3,/Users/eashraf/hadoop/hadoop-yarn-project/hadoop-yarn/hadoop-yarn-server/hadoop-yarn-server-nodemanager/src/main/java/org/apache/hadoop/yarn/server/nodemanager/containermanager/container/ContainerImpl.java,544
hadoop,org.apache.hadoop.yarn.server.nodemanager.containermanager.container,ContainerImpl.LocalizedTransition,0,0,0,0,29,0,0,0,-1.0,0,2,/Users/eashraf/hadoop/hadoop-yarn-project/hadoop-yarn/hadoop-yarn-server/hadoop-yarn-server-nodemanager/src/main/java/org/apache/hadoop/yarn/server/nodemanager/containermanager/container/ContainerImpl.java,685
hadoop,org.apache.hadoop.yarn.server.nodemanager.containermanager.container,ContainerImpl.LaunchTransition,0,0,0,0,17,0,0,0,-1.0,0,1,/Users/eashraf/hadoop/hadoop-yarn-project/hadoop-yarn/hadoop-yarn-server/hadoop-yarn-server-nodemanager/src/main/java/org/apache/hadoop/yarn/server/nodemanager/containermanager/container/ContainerImpl.java,740
hadoop,org.apache.hadoop.yarn.server.nodemanager.containermanager.container,ContainerImpl.ExitedWithSuccessTransition,1,0,0,0,16,0,0,0,-1.0,0,1,/Users/eashraf/hadoop/hadoop-yarn-project/hadoop-yarn/hadoop-yarn-server/hadoop-yarn-server-nodemanager/src/main/java/org/apache/hadoop/yarn/server/nodemanager/containermanager/container/ContainerImpl.java,765
hadoop,org.apache.hadoop.yarn.server.nodemanager.containermanager.container,ContainerImpl.ExitedWithFailureTransition,1,0,0,0,20,0,0,0,-1.0,0,1,/Users/eashraf/hadoop/hadoop-yarn-project/hadoop-yarn/hadoop-yarn-server/hadoop-yarn-server-nodemanager/src/main/java/org/apache/hadoop/yarn/server/nodemanager/containermanager/container/ContainerImpl.java,795
hadoop,org.apache.hadoop.yarn.server.nodemanager.containermanager.container,ContainerImpl.KilledExternallyTransition,0,0,0,0,12,0,0,0,-1.0,0,0,/Users/eashraf/hadoop/hadoop-yarn-project/hadoop-yarn/hadoop-yarn-server/hadoop-yarn-server-nodemanager/src/main/java/org/apache/hadoop/yarn/server/nodemanager/containermanager/container/ContainerImpl.java,829
hadoop,org.apache.hadoop.yarn.server.nodemanager.containermanager.container,ContainerImpl.ResourceFailedTransition,0,0,0,0,11,0,0,0,-1.0,0,0,/Users/eashraf/hadoop/hadoop-yarn-project/hadoop-yarn/hadoop-yarn-server/hadoop-yarn-server-nodemanager/src/main/java/org/apache/hadoop/yarn/server/nodemanager/containermanager/container/ContainerImpl.java,844
hadoop,org.apache.hadoop.yarn.server.nodemanager.containermanager.container,ContainerImpl.KillDuringLocalizationTransition,0,0,0,0,13,0,0,0,-1.0,0,0,/Users/eashraf/hadoop/hadoop-yarn-project/hadoop-yarn/hadoop-yarn-server/hadoop-yarn-server-nodemanager/src/main/java/org/apache/hadoop/yarn/server/nodemanager/containermanager/container/ContainerImpl.java,864
hadoop,org.apache.hadoop.yarn.server.nodemanager.containermanager.container,ContainerImpl.LocalizedResourceDuringKillTransition,0,0,0,0,15,0,0,0,-1.0,0,0,/Users/eashraf/hadoop/hadoop-yarn-project/hadoop-yarn/hadoop-yarn-server/hadoop-yarn-server-nodemanager/src/main/java/org/apache/hadoop/yarn/server/nodemanager/containermanager/container/ContainerImpl.java,883
hadoop,org.apache.hadoop.yarn.server.nodemanager.containermanager.container,ContainerImpl.KillTransition,0,0,0,0,11,0,0,0,-1.0,0,1,/Users/eashraf/hadoop/hadoop-yarn-project/hadoop-yarn/hadoop-yarn-server/hadoop-yarn-server-nodemanager/src/main/java/org/apache/hadoop/yarn/server/nodemanager/containermanager/container/ContainerImpl.java,905
hadoop,org.apache.hadoop.yarn.server.nodemanager.containermanager.container,ContainerImpl.ContainerKilledTransition,0,0,0,0,15,0,0,0,-1.0,0,0,/Users/eashraf/hadoop/hadoop-yarn-project/hadoop-yarn/hadoop-yarn-server/hadoop-yarn-server-nodemanager/src/main/java/org/apache/hadoop/yarn/server/nodemanager/containermanager/container/ContainerImpl.java,925
hadoop,org.apache.hadoop.yarn.server.nodemanager.containermanager.container,ContainerImpl.ContainerDoneTransition,0,0,0,0,12,0,0,0,-1.0,0,2,/Users/eashraf/hadoop/hadoop-yarn-project/hadoop-yarn/hadoop-yarn-server/hadoop-yarn-server-nodemanager/src/main/java/org/apache/hadoop/yarn/server/nodemanager/containermanager/container/ContainerImpl.java,948
hadoop,org.apache.hadoop.yarn.server.nodemanager.containermanager.container,ContainerImpl.KillOnNewTransition,0,0,0,0,14,0,0,0,-1.0,0,0,/Users/eashraf/hadoop/hadoop-yarn-project/hadoop-yarn/hadoop-yarn-server/hadoop-yarn-server-nodemanager/src/main/java/org/apache/hadoop/yarn/server/nodemanager/containermanager/container/ContainerImpl.java,971
hadoop,org.apache.hadoop.yarn.server.nodemanager.containermanager.container,ContainerImpl.LocalizationFailedToDoneTransition,0,0,0,0,10,0,0,0,-1.0,0,0,/Users/eashraf/hadoop/hadoop-yarn-project/hadoop-yarn/hadoop-yarn-server/hadoop-yarn-server-nodemanager/src/main/java/org/apache/hadoop/yarn/server/nodemanager/containermanager/container/ContainerImpl.java,991
hadoop,org.apache.hadoop.yarn.server.nodemanager.containermanager.container,ContainerImpl.ExitedWithSuccessToDoneTransition,0,0,0,0,11,0,0,0,-1.0,0,0,/Users/eashraf/hadoop/hadoop-yarn-project/hadoop-yarn/hadoop-yarn-server/hadoop-yarn-server-nodemanager/src/main/java/org/apache/hadoop/yarn/server/nodemanager/containermanager/container/ContainerImpl.java,1009
hadoop,org.apache.hadoop.yarn.server.nodemanager.containermanager.container,ContainerImpl.ExitedWithFailureToDoneTransition,0,0,0,0,13,0,0,0,-1.0,0,0,/Users/eashraf/hadoop/hadoop-yarn-project/hadoop-yarn/hadoop-yarn-server/hadoop-yarn-server-nodemanager/src/main/java/org/apache/hadoop/yarn/server/nodemanager/containermanager/container/ContainerImpl.java,1027
hadoop,org.apache.hadoop.yarn.server.nodemanager.containermanager.container,ContainerImpl.KillingToDoneTransition,0,0,0,0,10,0,0,0,-1.0,0,0,/Users/eashraf/hadoop/hadoop-yarn-project/hadoop-yarn/hadoop-yarn-server/hadoop-yarn-server-nodemanager/src/main/java/org/apache/hadoop/yarn/server/nodemanager/containermanager/container/ContainerImpl.java,1048
hadoop,org.apache.hadoop.yarn.server.nodemanager.containermanager.container,ContainerImpl.ContainerCleanedupAfterKillToDoneTransition,0,0,0,0,13,0,0,0,-1.0,0,0,/Users/eashraf/hadoop/hadoop-yarn-project/hadoop-yarn/hadoop-yarn-server/hadoop-yarn-server-nodemanager/src/main/java/org/apache/hadoop/yarn/server/nodemanager/containermanager/container/ContainerImpl.java,1065
hadoop,org.apache.hadoop.yarn.server.nodemanager.containermanager.container,ContainerImpl.ContainerDiagnosticsUpdateTransition,0,0,0,0,15,0,0,0,-1.0,0,0,/Users/eashraf/hadoop/hadoop-yarn-project/hadoop-yarn/hadoop-yarn-server/hadoop-yarn-server-nodemanager/src/main/java/org/apache/hadoop/yarn/server/nodemanager/containermanager/container/ContainerImpl.java,1085
hadoop,org.apache.hadoop.yarn.server.nodemanager.containermanager.container,ContainerDiagnosticsUpdateEvent,1,0,2,2,10,2,0,1,0.0,2,2,/Users/eashraf/hadoop/hadoop-yarn-project/hadoop-yarn/hadoop-yarn-server/hadoop-yarn-server-nodemanager/src/main/java/org/apache/hadoop/yarn/server/nodemanager/containermanager/container/ContainerDiagnosticsUpdateEvent.java,23
hadoop,org.apache.hadoop.yarn.server.nodemanager.containermanager.container,ContainerEvent,1,0,2,2,10,2,5,0,0.0,4,2,/Users/eashraf/hadoop/hadoop-yarn-project/hadoop-yarn/hadoop-yarn-server/hadoop-yarn-server-nodemanager/src/main/java/org/apache/hadoop/yarn/server/nodemanager/containermanager/container/ContainerEvent.java,25
hadoop,org.apache.hadoop.yarn.server.nodemanager.containermanager.container,Container,0,0,11,0,13,11,1,0,-1.0,5,1,/Users/eashraf/hadoop/hadoop-yarn-project/hadoop-yarn/hadoop-yarn-server/hadoop-yarn-server-nodemanager/src/main/java/org/apache/hadoop/yarn/server/nodemanager/containermanager/container/Container.java,34
hadoop,org.apache.hadoop.yarn.server.nodemanager.containermanager.container,ContainerEventType,0,0,0,0,1,0,0,0,-1.0,21,0,/Users/eashraf/hadoop/hadoop-yarn-project/hadoop-yarn/hadoop-yarn-server/hadoop-yarn-server-nodemanager/src/main/java/org/apache/hadoop/yarn/server/nodemanager/containermanager/container/ContainerEventType.java,21
hadoop,org.apache.hadoop.yarn.server.nodemanager.containermanager.container,ContainerExitEvent,2,0,3,3,15,3,0,1,0.0,1,2,/Users/eashraf/hadoop/hadoop-yarn-project/hadoop-yarn/hadoop-yarn-server/hadoop-yarn-server-nodemanager/src/main/java/org/apache/hadoop/yarn/server/nodemanager/containermanager/container/ContainerExitEvent.java,23
hadoop,org.apache.hadoop.yarn.server.nodemanager.containermanager.container,ContainerKillEvent,2,0,3,3,15,3,0,1,0.0,0,2,/Users/eashraf/hadoop/hadoop-yarn-project/hadoop-yarn/hadoop-yarn-server/hadoop-yarn-server-nodemanager/src/main/java/org/apache/hadoop/yarn/server/nodemanager/containermanager/container/ContainerKillEvent.java,23
hadoop,org.apache.hadoop.yarn.server.nodemanager.containermanager.container,ContainerResourceLocalizedEvent,1,0,2,2,10,2,0,2,0.0,1,4,/Users/eashraf/hadoop/hadoop-yarn-project/hadoop-yarn/hadoop-yarn-server/hadoop-yarn-server-nodemanager/src/main/java/org/apache/hadoop/yarn/server/nodemanager/containermanager/container/ContainerResourceLocalizedEvent.java,24
hadoop,org.apache.hadoop.yarn.server.nodemanager.containermanager.container,ContainerInitEvent,0,0,1,1,5,1,0,1,-1.0,0,2,/Users/eashraf/hadoop/hadoop-yarn-project/hadoop-yarn/hadoop-yarn-server/hadoop-yarn-server-nodemanager/src/main/java/org/apache/hadoop/yarn/server/nodemanager/containermanager/container/ContainerInitEvent.java,22
hadoop,org.apache.hadoop.yarn.server.nodemanager.containermanager.logaggregation,TestLogAggregationService,5,0,31,20,753,62,0,0,0.1935483870967742,0,55,/Users/eashraf/hadoop/hadoop-yarn-project/hadoop-yarn/hadoop-yarn-server/hadoop-yarn-server-nodemanager/src/test/java/org/apache/hadoop/yarn/server/nodemanager/containermanager/logaggregation/TestLogAggregationService.java,131
hadoop,org.apache.hadoop.yarn.server.nodemanager.containermanager.logaggregation,AppLogAggregatorImpl,33,0,16,11,347,55,0,1,0.1875,2,20,/Users/eashraf/hadoop/hadoop-yarn-project/hadoop-yarn/hadoop-yarn-server/hadoop-yarn-server-nodemanager/src/main/java/org/apache/hadoop/yarn/server/nodemanager/containermanager/logaggregation/AppLogAggregatorImpl.java,74
hadoop,org.apache.hadoop.yarn.server.nodemanager.containermanager.logaggregation,AppLogAggregatorImpl.ContainerLogAggregator,2,0,0,0,28,0,0,0,-1.0,0,1,/Users/eashraf/hadoop/hadoop-yarn-project/hadoop-yarn/hadoop-yarn-server/hadoop-yarn-server-nodemanager/src/main/java/org/apache/hadoop/yarn/server/nodemanager/containermanager/logaggregation/AppLogAggregatorImpl.java,530
hadoop,org.apache.hadoop.yarn.server.nodemanager.containermanager.logaggregation,AppLogAggregator,0,0,3,0,5,3,1,0,-1.0,1,1,/Users/eashraf/hadoop/hadoop-yarn-project/hadoop-yarn/hadoop-yarn-server/hadoop-yarn-server-nodemanager/src/main/java/org/apache/hadoop/yarn/server/nodemanager/containermanager/logaggregation/AppLogAggregator.java,23
hadoop,org.apache.hadoop.yarn.server.nodemanager.containermanager.logaggregation,LogAggregationService,12,0,24,6,272,48,0,0,0.0,1,27,/Users/eashraf/hadoop/hadoop-yarn-project/hadoop-yarn/hadoop-yarn-server/hadoop-yarn-server-nodemanager/src/main/java/org/apache/hadoop/yarn/server/nodemanager/containermanager/logaggregation/LogAggregationService.java,67
hadoop,org.apache.hadoop.yarn.server.nodemanager.containermanager.application,TestApplication,16,0,12,10,403,28,0,0,0.0,0,16,/Users/eashraf/hadoop/hadoop-yarn-project/hadoop-yarn/hadoop-yarn-server/hadoop-yarn-server-nodemanager/src/test/java/org/apache/hadoop/yarn/server/nodemanager/containermanager/application/TestApplication.java,73
hadoop,org.apache.hadoop.yarn.server.nodemanager.containermanager.application,TestApplication.ContainerKillMatcher,1,0,0,0,13,0,0,0,-1.0,0,1,/Users/eashraf/hadoop/hadoop-yarn-project/hadoop-yarn/hadoop-yarn-server/hadoop-yarn-server-nodemanager/src/test/java/org/apache/hadoop/yarn/server/nodemanager/containermanager/application/TestApplication.java,439
hadoop,org.apache.hadoop.yarn.server.nodemanager.containermanager.application,TestApplication.ContainerInitMatcher,1,0,0,0,13,0,0,0,-1.0,0,1,/Users/eashraf/hadoop/hadoop-yarn-project/hadoop-yarn/hadoop-yarn-server/hadoop-yarn-server-nodemanager/src/test/java/org/apache/hadoop/yarn/server/nodemanager/containermanager/application/TestApplication.java,456
hadoop,org.apache.hadoop.yarn.server.nodemanager.containermanager.application,TestApplication.WrappedApplication,14,0,0,0,96,0,0,0,-1.0,0,7,/Users/eashraf/hadoop/hadoop-yarn-project/hadoop-yarn/hadoop-yarn-server/hadoop-yarn-server-nodemanager/src/test/java/org/apache/hadoop/yarn/server/nodemanager/containermanager/application/TestApplication.java,473
hadoop,org.apache.hadoop.yarn.server.nodemanager.containermanager.application,Application,0,0,4,0,6,4,1,0,-1.0,25,1,/Users/eashraf/hadoop/hadoop-yarn-project/hadoop-yarn/hadoop-yarn-server/hadoop-yarn-server-nodemanager/src/main/java/org/apache/hadoop/yarn/server/nodemanager/containermanager/application/Application.java,28
hadoop,org.apache.hadoop.yarn.server.nodemanager.containermanager.application,ApplicationInitedEvent,0,0,1,1,5,1,0,1,-1.0,0,2,/Users/eashraf/hadoop/hadoop-yarn-project/hadoop-yarn/hadoop-yarn-server/hadoop-yarn-server-nodemanager/src/main/java/org/apache/hadoop/yarn/server/nodemanager/containermanager/application/ApplicationInitedEvent.java,22
hadoop,org.apache.hadoop.yarn.server.nodemanager.containermanager.application,ApplicationEventType,0,0,0,0,1,0,0,0,-1.0,20,0,/Users/eashraf/hadoop/hadoop-yarn-project/hadoop-yarn/hadoop-yarn-server/hadoop-yarn-server-nodemanager/src/main/java/org/apache/hadoop/yarn/server/nodemanager/containermanager/application/ApplicationEventType.java,21
hadoop,org.apache.hadoop.yarn.server.nodemanager.containermanager.application,ApplicationImpl,15,0,9,8,201,10,0,1,0.0,2,15,/Users/eashraf/hadoop/hadoop-yarn-project/hadoop-yarn/hadoop-yarn-server/hadoop-yarn-server-nodemanager/src/main/java/org/apache/hadoop/yarn/server/nodemanager/containermanager/application/ApplicationImpl.java,60
hadoop,org.apache.hadoop.yarn.server.nodemanager.containermanager.application,ApplicationImpl.AppInitTransition,0,0,0,0,12,0,0,0,-1.0,0,1,/Users/eashraf/hadoop/hadoop-yarn-project/hadoop-yarn/hadoop-yarn-server/hadoop-yarn-server-nodemanager/src/main/java/org/apache/hadoop/yarn/server/nodemanager/containermanager/application/ApplicationImpl.java,228
hadoop,org.apache.hadoop.yarn.server.nodemanager.containermanager.application,ApplicationImpl.AppLogInitDoneTransition,0,0,0,0,8,0,0,0,-1.0,0,1,/Users/eashraf/hadoop/hadoop-yarn-project/hadoop-yarn/hadoop-yarn-server/hadoop-yarn-server-nodemanager/src/main/java/org/apache/hadoop/yarn/server/nodemanager/containermanager/application/ApplicationImpl.java,250
hadoop,org.apache.hadoop.yarn.server.nodemanager.containermanager.application,ApplicationImpl.AppLogInitFailTransition,0,0,0,0,9,0,0,0,-1.0,0,1,/Users/eashraf/hadoop/hadoop-yarn-project/hadoop-yarn/hadoop-yarn-server/hadoop-yarn-server-nodemanager/src/main/java/org/apache/hadoop/yarn/server/nodemanager/containermanager/application/ApplicationImpl.java,269
hadoop,org.apache.hadoop.yarn.server.nodemanager.containermanager.application,ApplicationImpl.InitContainerTransition,0,0,0,0,17,0,0,0,-1.0,0,0,/Users/eashraf/hadoop/hadoop-yarn-project/hadoop-yarn/hadoop-yarn-server/hadoop-yarn-server-nodemanager/src/main/java/org/apache/hadoop/yarn/server/nodemanager/containermanager/application/ApplicationImpl.java,289
hadoop,org.apache.hadoop.yarn.server.nodemanager.containermanager.application,ApplicationImpl.AppInitDoneTransition,0,0,0,0,7,0,0,0,-1.0,0,0,/Users/eashraf/hadoop/hadoop-yarn-project/hadoop-yarn/hadoop-yarn-server/hadoop-yarn-server-nodemanager/src/main/java/org/apache/hadoop/yarn/server/nodemanager/containermanager/application/ApplicationImpl.java,323
hadoop,org.apache.hadoop.yarn.server.nodemanager.containermanager.application,ApplicationImpl.ContainerDoneTransition,0,0,0,0,11,0,0,0,-1.0,0,0,/Users/eashraf/hadoop/hadoop-yarn-project/hadoop-yarn/hadoop-yarn-server/hadoop-yarn-server-nodemanager/src/main/java/org/apache/hadoop/yarn/server/nodemanager/containermanager/application/ApplicationImpl.java,337
hadoop,org.apache.hadoop.yarn.server.nodemanager.containermanager.application,ApplicationImpl.AppFinishTriggeredTransition,0,0,0,0,13,0,0,0,-1.0,0,2,/Users/eashraf/hadoop/hadoop-yarn-project/hadoop-yarn/hadoop-yarn-server/hadoop-yarn-server-nodemanager/src/main/java/org/apache/hadoop/yarn/server/nodemanager/containermanager/application/ApplicationImpl.java,367
hadoop,org.apache.hadoop.yarn.server.nodemanager.containermanager.application,ApplicationImpl.AppFinishTransition,0,0,0,0,12,0,0,0,-1.0,0,1,/Users/eashraf/hadoop/hadoop-yarn-project/hadoop-yarn/hadoop-yarn-server/hadoop-yarn-server-nodemanager/src/main/java/org/apache/hadoop/yarn/server/nodemanager/containermanager/application/ApplicationImpl.java,393
hadoop,org.apache.hadoop.yarn.server.nodemanager.containermanager.application,ApplicationImpl.AppCompletelyDoneTransition,0,0,0,0,6,0,0,0,-1.0,0,0,/Users/eashraf/hadoop/hadoop-yarn-project/hadoop-yarn/hadoop-yarn-server/hadoop-yarn-server-nodemanager/src/main/java/org/apache/hadoop/yarn/server/nodemanager/containermanager/application/ApplicationImpl.java,417
hadoop,org.apache.hadoop.yarn.server.nodemanager.containermanager.application,ApplicationImpl.AppLogsAggregatedTransition,0,0,0,0,13,0,0,0,-1.0,0,0,/Users/eashraf/hadoop/hadoop-yarn-project/hadoop-yarn/hadoop-yarn-server/hadoop-yarn-server-nodemanager/src/main/java/org/apache/hadoop/yarn/server/nodemanager/containermanager/application/ApplicationImpl.java,431
hadoop,org.apache.hadoop.yarn.server.nodemanager.containermanager.application,ApplicationState,0,0,0,0,1,0,0,0,-1.0,13,0,/Users/eashraf/hadoop/hadoop-yarn-project/hadoop-yarn/hadoop-yarn-server/hadoop-yarn-server-nodemanager/src/main/java/org/apache/hadoop/yarn/server/nodemanager/containermanager/application/ApplicationState.java,21
hadoop,org.apache.hadoop.yarn.server.nodemanager.containermanager.application,ApplicationContainerFinishedEvent,1,0,2,2,10,2,0,1,0.0,0,2,/Users/eashraf/hadoop/hadoop-yarn-project/hadoop-yarn/hadoop-yarn-server/hadoop-yarn-server-nodemanager/src/main/java/org/apache/hadoop/yarn/server/nodemanager/containermanager/application/ApplicationContainerFinishedEvent.java,23
hadoop,org.apache.hadoop.yarn.server.nodemanager.containermanager.application,ApplicationFinishEvent,1,0,2,2,22,2,0,1,0.0,0,2,/Users/eashraf/hadoop/hadoop-yarn-project/hadoop-yarn/hadoop-yarn-server/hadoop-yarn-server-nodemanager/src/main/java/org/apache/hadoop/yarn/server/nodemanager/containermanager/application/ApplicationFinishEvent.java,23
hadoop,org.apache.hadoop.yarn.server.nodemanager.containermanager.application,ApplicationContainerInitEvent,1,0,2,1,13,2,0,1,0.0,0,2,/Users/eashraf/hadoop/hadoop-yarn-project/hadoop-yarn/hadoop-yarn-server/hadoop-yarn-server-nodemanager/src/main/java/org/apache/hadoop/yarn/server/nodemanager/containermanager/application/ApplicationContainerInitEvent.java,24
hadoop,org.apache.hadoop.yarn.server.nodemanager.containermanager.application,ApplicationEvent,1,0,2,2,10,2,5,0,0.0,5,2,/Users/eashraf/hadoop/hadoop-yarn-project/hadoop-yarn/hadoop-yarn-server/hadoop-yarn-server-nodemanager/src/main/java/org/apache/hadoop/yarn/server/nodemanager/containermanager/application/ApplicationEvent.java,24
hadoop,org.apache.hadoop.yarn.server.nodemanager.containermanager.application,ApplicationInitEvent,2,0,4,4,18,4,0,1,0.5,0,3,/Users/eashraf/hadoop/hadoop-yarn-project/hadoop-yarn/hadoop-yarn-server/hadoop-yarn-server-nodemanager/src/main/java/org/apache/hadoop/yarn/server/nodemanager/containermanager/application/ApplicationInitEvent.java,27
hadoop,org.apache.hadoop.yarn.server.nodemanager.containermanager.localizer,MockLocalResourceStatus,5,0,14,12,55,15,0,0,0.2857142857142857,0,4,/Users/eashraf/hadoop/hadoop-yarn-project/hadoop-yarn/hadoop-yarn-server/hadoop-yarn-server-nodemanager/src/test/java/org/apache/hadoop/yarn/server/nodemanager/containermanager/localizer/MockLocalResourceStatus.java,26
hadoop,org.apache.hadoop.yarn.server.nodemanager.containermanager.localizer,TestResourceLocalizationService,6,0,38,21,1372,103,0,0,0.15789473684210525,0,59,/Users/eashraf/hadoop/hadoop-yarn-project/hadoop-yarn/hadoop-yarn-server/hadoop-yarn-server-nodemanager/src/test/java/org/apache/hadoop/yarn/server/nodemanager/containermanager/localizer/TestResourceLocalizationService.java,154
hadoop,org.apache.hadoop.yarn.server.nodemanager.containermanager.localizer,FakeFSDataInputStream,0,0,7,7,23,7,0,0,-1.0,0,0,/Users/eashraf/hadoop/hadoop-yarn-project/hadoop-yarn/hadoop-yarn-server/hadoop-yarn-server-nodemanager/src/test/java/org/apache/hadoop/yarn/server/nodemanager/containermanager/localizer/FakeFSDataInputStream.java,27
hadoop,org.apache.hadoop.yarn.server.nodemanager.containermanager.localizer,TestLocalResource,0,0,5,2,81,5,0,0,-1.0,0,7,/Users/eashraf/hadoop/hadoop-yarn-project/hadoop-yarn/hadoop-yarn-server/hadoop-yarn-server-nodemanager/src/test/java/org/apache/hadoop/yarn/server/nodemanager/containermanager/localizer/TestLocalResource.java,37
hadoop,org.apache.hadoop.yarn.server.nodemanager.containermanager.localizer,TestLocalResourcesTrackerImpl,0,0,13,8,471,26,0,0,-1.0,0,29,/Users/eashraf/hadoop/hadoop-yarn-project/hadoop-yarn/hadoop-yarn-server/hadoop-yarn-server-nodemanager/src/test/java/org/apache/hadoop/yarn/server/nodemanager/containermanager/localizer/TestLocalResourcesTrackerImpl.java,70
hadoop,org.apache.hadoop.yarn.server.nodemanager.containermanager.localizer,MockLocalizerHeartbeatResponse,2,0,6,4,23,6,0,0,0.0,0,1,/Users/eashraf/hadoop/hadoop-yarn-project/hadoop-yarn/hadoop-yarn-server/hadoop-yarn-server-nodemanager/src/test/java/org/apache/hadoop/yarn/server/nodemanager/containermanager/localizer/MockLocalizerHeartbeatResponse.java,27
hadoop,org.apache.hadoop.yarn.server.nodemanager.containermanager.localizer,MockLocalizerStatus,2,0,12,12,45,13,0,0,0.16666666666666666,0,1,/Users/eashraf/hadoop/hadoop-yarn-project/hadoop-yarn/hadoop-yarn-server/hadoop-yarn-server-nodemanager/src/test/java/org/apache/hadoop/yarn/server/nodemanager/containermanager/localizer/MockLocalizerStatus.java,26
hadoop,org.apache.hadoop.yarn.server.nodemanager.containermanager.localizer,TestContainerLocalizer,15,0,11,7,211,15,0,0,0.36363636363636365,0,23,/Users/eashraf/hadoop/hadoop-yarn-project/hadoop-yarn/hadoop-yarn-server/hadoop-yarn-server-nodemanager/src/test/java/org/apache/hadoop/yarn/server/nodemanager/containermanager/localizer/TestContainerLocalizer.java,81
hadoop,org.apache.hadoop.yarn.server.nodemanager.containermanager.localizer,TestContainerLocalizer.HBMatches,1,0,0,0,20,0,0,0,-1.0,0,1,/Users/eashraf/hadoop/hadoop-yarn-project/hadoop-yarn/hadoop-yarn-server/hadoop-yarn-server-nodemanager/src/test/java/org/apache/hadoop/yarn/server/nodemanager/containermanager/localizer/TestContainerLocalizer.java,296
hadoop,org.apache.hadoop.yarn.server.nodemanager.containermanager.localizer,TestContainerLocalizer.FakeDownload,2,0,0,0,14,0,0,0,-1.0,0,1,/Users/eashraf/hadoop/hadoop-yarn-project/hadoop-yarn/hadoop-yarn-server/hadoop-yarn-server-nodemanager/src/test/java/org/apache/hadoop/yarn/server/nodemanager/containermanager/localizer/TestContainerLocalizer.java,321
hadoop,org.apache.hadoop.yarn.server.nodemanager.containermanager.localizer,TestResourceRetention,0,0,7,6,56,9,0,0,-1.0,0,11,/Users/eashraf/hadoop/hadoop-yarn-project/hadoop-yarn/hadoop-yarn-server/hadoop-yarn-server-nodemanager/src/test/java/org/apache/hadoop/yarn/server/nodemanager/containermanager/localizer/TestResourceRetention.java,38
hadoop,org.apache.hadoop.yarn.server.nodemanager.containermanager.localizer,TestLocalCacheDirectoryManager,0,0,5,5,93,10,0,0,-1.0,0,5,/Users/eashraf/hadoop/hadoop-yarn-project/hadoop-yarn/hadoop-yarn-server/hadoop-yarn-server-nodemanager/src/test/java/org/apache/hadoop/yarn/server/nodemanager/containermanager/localizer/TestLocalCacheDirectoryManager.java,34
hadoop,org.apache.hadoop.yarn.server.nodemanager.containermanager.localizer,TestLocalizedResource,6,0,3,1,129,3,0,0,0.0,0,18,/Users/eashraf/hadoop/hadoop-yarn-project/hadoop-yarn/hadoop-yarn-server/hadoop-yarn-server-nodemanager/src/test/java/org/apache/hadoop/yarn/server/nodemanager/containermanager/localizer/TestLocalizedResource.java,50
hadoop,org.apache.hadoop.yarn.server.nodemanager.containermanager.localizer,TestLocalizedResource.LocalizerEventMatcher,4,0,0,0,17,0,0,0,-1.0,0,4,/Users/eashraf/hadoop/hadoop-yarn-project/hadoop-yarn/hadoop-yarn-server/hadoop-yarn-server-nodemanager/src/test/java/org/apache/hadoop/yarn/server/nodemanager/containermanager/localizer/TestLocalizedResource.java,195
hadoop,org.apache.hadoop.yarn.server.nodemanager.containermanager.localizer,TestLocalizedResource.ContainerEventMatcher,2,0,0,0,13,0,0,0,-1.0,0,2,/Users/eashraf/hadoop/hadoop-yarn-project/hadoop-yarn/hadoop-yarn-server/hadoop-yarn-server-nodemanager/src/test/java/org/apache/hadoop/yarn/server/nodemanager/containermanager/localizer/TestLocalizedResource.java,219
hadoop,org.apache.hadoop.yarn.server.nodemanager.containermanager.localizer,ResourceState,0,0,0,0,1,0,0,0,-1.0,9,0,/Users/eashraf/hadoop/hadoop-yarn-project/hadoop-yarn/hadoop-yarn-server/hadoop-yarn-server-nodemanager/src/main/java/org/apache/hadoop/yarn/server/nodemanager/containermanager/localizer/ResourceState.java,20
hadoop,org.apache.hadoop.yarn.server.nodemanager.containermanager.localizer,ResourceRetentionSet,5,0,5,2,54,9,0,0,0.0,2,3,/Users/eashraf/hadoop/hadoop-yarn-project/hadoop-yarn/hadoop-yarn-server/hadoop-yarn-server-nodemanager/src/main/java/org/apache/hadoop/yarn/server/nodemanager/containermanager/localizer/ResourceRetentionSet.java,29
hadoop,org.apache.hadoop.yarn.server.nodemanager.containermanager.localizer,ResourceRetentionSet.LRUComparator,0,0,0,0,12,0,0,0,-1.0,0,0,/Users/eashraf/hadoop/hadoop-yarn-project/hadoop-yarn/hadoop-yarn-server/hadoop-yarn-server-nodemanager/src/main/java/org/apache/hadoop/yarn/server/nodemanager/containermanager/localizer/ResourceRetentionSet.java,84
hadoop,org.apache.hadoop.yarn.server.nodemanager.containermanager.localizer,LocalResourcesTrackerImpl,13,0,17,9,273,58,0,1,0.0,3,16,/Users/eashraf/hadoop/hadoop-yarn-project/hadoop-yarn/hadoop-yarn-server/hadoop-yarn-server-nodemanager/src/main/java/org/apache/hadoop/yarn/server/nodemanager/containermanager/localizer/LocalResourcesTrackerImpl.java,50
hadoop,org.apache.hadoop.yarn.server.nodemanager.containermanager.localizer,ContainerLocalizer,19,6,16,5,269,40,0,0,0.1875,18,22,/Users/eashraf/hadoop/hadoop-yarn-project/hadoop-yarn/hadoop-yarn-server/hadoop-yarn-server-nodemanager/src/main/java/org/apache/hadoop/yarn/server/nodemanager/containermanager/localizer/ContainerLocalizer.java,74
hadoop,org.apache.hadoop.yarn.server.nodemanager.containermanager.localizer,LocalResourceRequest,5,0,21,20,125,31,0,0,0.3333333333333333,19,6,/Users/eashraf/hadoop/hadoop-yarn-project/hadoop-yarn/hadoop-yarn-server/hadoop-yarn-server-nodemanager/src/main/java/org/apache/hadoop/yarn/server/nodemanager/containermanager/localizer/LocalResourceRequest.java,30
hadoop,org.apache.hadoop.yarn.server.nodemanager.containermanager.localizer,LocalResourcesTracker,0,0,4,0,9,4,1,0,-1.0,5,4,/Users/eashraf/hadoop/hadoop-yarn-project/hadoop-yarn/hadoop-yarn-server/hadoop-yarn-server-nodemanager/src/main/java/org/apache/hadoop/yarn/server/nodemanager/containermanager/localizer/LocalResourcesTracker.java,27
hadoop,org.apache.hadoop.yarn.server.nodemanager.containermanager.localizer,LocalizerContext,4,0,6,6,27,6,0,0,0.0,7,2,/Users/eashraf/hadoop/hadoop-yarn-project/hadoop-yarn/hadoop-yarn-server/hadoop-yarn-server-nodemanager/src/main/java/org/apache/hadoop/yarn/server/nodemanager/containermanager/localizer/LocalizerContext.java,30
hadoop,org.apache.hadoop.yarn.server.nodemanager.containermanager.localizer,LocalCacheDirectoryManager,7,1,6,5,141,14,0,0,0.3333333333333333,3,3,/Users/eashraf/hadoop/hadoop-yarn-project/hadoop-yarn/hadoop-yarn-server/hadoop-yarn-server-nodemanager/src/main/java/org/apache/hadoop/yarn/server/nodemanager/containermanager/localizer/LocalCacheDirectoryManager.java,31
hadoop,org.apache.hadoop.yarn.server.nodemanager.containermanager.localizer,LocalCacheDirectoryManager.Directory,2,0,0,0,49,0,0,0,-1.0,0,1,/Users/eashraf/hadoop/hadoop-yarn-project/hadoop-yarn/hadoop-yarn-server/hadoop-yarn-server-nodemanager/src/main/java/org/apache/hadoop/yarn/server/nodemanager/containermanager/localizer/LocalCacheDirectoryManager.java,159
hadoop,org.apache.hadoop.yarn.server.nodemanager.containermanager.localizer,LocalizedResource,12,0,14,12,172,17,0,0,0.14285714285714285,8,9,/Users/eashraf/hadoop/hadoop-yarn-project/hadoop-yarn/hadoop-yarn-server/hadoop-yarn-server-nodemanager/src/main/java/org/apache/hadoop/yarn/server/nodemanager/containermanager/localizer/LocalizedResource.java,49
hadoop,org.apache.hadoop.yarn.server.nodemanager.containermanager.localizer,LocalizedResource.ResourceTransition,0,0,0,0,2,0,0,0,-1.0,0,0,/Users/eashraf/hadoop/hadoop-yarn-project/hadoop-yarn/hadoop-yarn-server/hadoop-yarn-server-nodemanager/src/main/java/org/apache/hadoop/yarn/server/nodemanager/containermanager/localizer/LocalizedResource.java,212
hadoop,org.apache.hadoop.yarn.server.nodemanager.containermanager.localizer,LocalizedResource.FetchResourceTransition,0,0,0,0,12,0,0,0,-1.0,0,0,/Users/eashraf/hadoop/hadoop-yarn-project/hadoop-yarn/hadoop-yarn-server/hadoop-yarn-server-nodemanager/src/main/java/org/apache/hadoop/yarn/server/nodemanager/containermanager/localizer/LocalizedResource.java,217
hadoop,org.apache.hadoop.yarn.server.nodemanager.containermanager.localizer,LocalizedResource.FetchSuccessTransition,0,0,0,0,13,0,0,0,-1.0,0,0,/Users/eashraf/hadoop/hadoop-yarn-project/hadoop-yarn/hadoop-yarn-server/hadoop-yarn-server-nodemanager/src/main/java/org/apache/hadoop/yarn/server/nodemanager/containermanager/localizer/LocalizedResource.java,236
hadoop,org.apache.hadoop.yarn.server.nodemanager.containermanager.localizer,LocalizedResource.FetchFailedTransition,0,0,0,0,12,0,0,0,-1.0,0,0,/Users/eashraf/hadoop/hadoop-yarn-project/hadoop-yarn/hadoop-yarn-server/hadoop-yarn-server-nodemanager/src/main/java/org/apache/hadoop/yarn/server/nodemanager/containermanager/localizer/LocalizedResource.java,255
hadoop,org.apache.hadoop.yarn.server.nodemanager.containermanager.localizer,LocalizedResource.LocalizedResourceTransition,0,0,0,0,11,0,0,0,-1.0,0,0,/Users/eashraf/hadoop/hadoop-yarn-project/hadoop-yarn/hadoop-yarn-server/hadoop-yarn-server-nodemanager/src/main/java/org/apache/hadoop/yarn/server/nodemanager/containermanager/localizer/LocalizedResource.java,273
hadoop,org.apache.hadoop.yarn.server.nodemanager.containermanager.localizer,LocalizedResource.ReleaseTransition,0,0,0,0,9,0,0,0,-1.0,0,0,/Users/eashraf/hadoop/hadoop-yarn-project/hadoop-yarn/hadoop-yarn-server/hadoop-yarn-server-nodemanager/src/main/java/org/apache/hadoop/yarn/server/nodemanager/containermanager/localizer/LocalizedResource.java,291
hadoop,org.apache.hadoop.yarn.server.nodemanager.containermanager.localizer,LocalizedResource.RecoveredTransition,0,0,0,0,7,0,0,0,-1.0,0,0,/Users/eashraf/hadoop/hadoop-yarn-project/hadoop-yarn/hadoop-yarn-server/hadoop-yarn-server-nodemanager/src/main/java/org/apache/hadoop/yarn/server/nodemanager/containermanager/localizer/LocalizedResource.java,303
hadoop,org.apache.hadoop.yarn.server.nodemanager.containermanager.localizer,ResourceLocalizationService,34,2,38,10,897,86,0,0,0.07894736842105263,9,45,/Users/eashraf/hadoop/hadoop-yarn-project/hadoop-yarn/hadoop-yarn-server/hadoop-yarn-server-nodemanager/src/main/java/org/apache/hadoop/yarn/server/nodemanager/containermanager/localizer/ResourceLocalizationService.java,138
hadoop,org.apache.hadoop.yarn.server.nodemanager.containermanager.localizer,ResourceLocalizationService.LocalizerTracker,2,0,0,0,71,0,0,0,-1.0,0,1,/Users/eashraf/hadoop/hadoop-yarn-project/hadoop-yarn/hadoop-yarn-server/hadoop-yarn-server-nodemanager/src/main/java/org/apache/hadoop/yarn/server/nodemanager/containermanager/localizer/ResourceLocalizationService.java,627
hadoop,org.apache.hadoop.yarn.server.nodemanager.containermanager.localizer,ResourceLocalizationService.PublicLocalizer,5,0,0,0,93,0,0,0,-1.0,0,5,/Users/eashraf/hadoop/hadoop-yarn-project/hadoop-yarn/hadoop-yarn-server/hadoop-yarn-server-nodemanager/src/main/java/org/apache/hadoop/yarn/server/nodemanager/containermanager/localizer/ResourceLocalizationService.java,733
hadoop,org.apache.hadoop.yarn.server.nodemanager.containermanager.localizer,ResourceLocalizationService.LocalizerRunner,5,0,0,0,212,0,0,0,-1.0,0,7,/Users/eashraf/hadoop/hadoop-yarn-project/hadoop-yarn/hadoop-yarn-server/hadoop-yarn-server-nodemanager/src/main/java/org/apache/hadoop/yarn/server/nodemanager/containermanager/localizer/ResourceLocalizationService.java,861
hadoop,org.apache.hadoop.yarn.server.nodemanager.containermanager.localizer,ResourceLocalizationService.CacheCleanup,1,0,0,0,10,0,0,0,-1.0,0,2,/Users/eashraf/hadoop/hadoop-yarn-project/hadoop-yarn/hadoop-yarn-server/hadoop-yarn-server-nodemanager/src/main/java/org/apache/hadoop/yarn/server/nodemanager/containermanager/localizer/ResourceLocalizationService.java,1173
hadoop,org.apache.hadoop.yarn.server.nodemanager.containermanager.localizer.sharedcache,TestSharedCacheUploader,0,0,8,6,134,8,0,0,-1.0,0,11,/Users/eashraf/hadoop/hadoop-yarn-project/hadoop-yarn/hadoop-yarn-server/hadoop-yarn-server-nodemanager/src/test/java/org/apache/hadoop/yarn/server/nodemanager/containermanager/localizer/sharedcache/TestSharedCacheUploader.java,46
hadoop,org.apache.hadoop.yarn.server.nodemanager.containermanager.localizer.sharedcache,TestSharedCacheUploadService,0,0,3,3,16,3,0,0,-1.0,0,3,/Users/eashraf/hadoop/hadoop-yarn-project/hadoop-yarn/hadoop-yarn-server/hadoop-yarn-server-nodemanager/src/test/java/org/apache/hadoop/yarn/server/nodemanager/containermanager/localizer/sharedcache/TestSharedCacheUploadService.java,27
hadoop,org.apache.hadoop.yarn.server.nodemanager.containermanager.localizer.sharedcache,SharedCacheUploadEvent,3,0,4,4,20,4,0,0,0.0,1,2,/Users/eashraf/hadoop/hadoop-yarn-project/hadoop-yarn/hadoop-yarn-server/hadoop-yarn-server-nodemanager/src/main/java/org/apache/hadoop/yarn/server/nodemanager/containermanager/localizer/sharedcache/SharedCacheUploadEvent.java,30
hadoop,org.apache.hadoop.yarn.server.nodemanager.containermanager.localizer.sharedcache,SharedCacheUploader,15,0,12,3,169,21,0,0,0.16666666666666666,2,18,/Users/eashraf/hadoop/hadoop-yarn-project/hadoop-yarn/hadoop-yarn-server/hadoop-yarn-server-nodemanager/src/main/java/org/apache/hadoop/yarn/server/nodemanager/containermanager/localizer/sharedcache/SharedCacheUploader.java,52
hadoop,org.apache.hadoop.yarn.server.nodemanager.containermanager.localizer.sharedcache,SharedCacheUploadService,6,0,6,3,52,10,0,0,0.3333333333333333,2,8,/Users/eashraf/hadoop/hadoop-yarn-project/hadoop-yarn/hadoop-yarn-server/hadoop-yarn-server-nodemanager/src/main/java/org/apache/hadoop/yarn/server/nodemanager/containermanager/localizer/sharedcache/SharedCacheUploadService.java,44
hadoop,org.apache.hadoop.yarn.server.nodemanager.containermanager.localizer.sharedcache,SharedCacheUploadEventType,0,0,0,0,1,0,0,0,-1.0,4,0,/Users/eashraf/hadoop/hadoop-yarn-project/hadoop-yarn/hadoop-yarn-server/hadoop-yarn-server-nodemanager/src/main/java/org/apache/hadoop/yarn/server/nodemanager/containermanager/localizer/sharedcache/SharedCacheUploadEventType.java,24
hadoop,org.apache.hadoop.yarn.server.nodemanager.security.authorize,NMPolicyProvider,1,0,1,1,9,1,0,0,0.0,0,2,/Users/eashraf/hadoop/hadoop-yarn-project/hadoop-yarn/hadoop-yarn-server/hadoop-yarn-server-nodemanager/src/main/java/org/apache/hadoop/yarn/server/nodemanager/security/authorize/NMPolicyProvider.java,28
hadoop,(default package),ClassWithNoPackage,0,0,0,0,5,0,0,0,-1.0,0,0,/Users/eashraf/hadoop/hadoop-tools/hadoop-streaming/src/test/java/ClassWithNoPackage.java,1
hadoop,(default package),TestFuseDFS,7,0,19,9,324,32,0,0,0.2631578947368421,0,3,/Users/eashraf/hadoop/hadoop-hdfs-project/hadoop-hdfs/src/main/native/fuse-dfs/test/TestFuseDFS.java,40
hadoop,(default package),TestFuseDFS.RedirectToStdoutThread,1,0,0,0,19,0,0,0,-1.0,0,0,/Users/eashraf/hadoop/hadoop-hdfs-project/hadoop-hdfs/src/main/native/fuse-dfs/test/TestFuseDFS.java,141
hadoop,org.apache.hadoop.yarn.server.nodemanager.webapp.dao,AppInfo,4,0,6,6,31,7,0,0,0.3333333333333333,2,2,/Users/eashraf/hadoop/hadoop-yarn-project/hadoop-yarn/hadoop-yarn-server/hadoop-yarn-server-nodemanager/src/main/java/org/apache/hadoop/yarn/server/nodemanager/webapp/dao/AppInfo.java,32
hadoop,org.apache.hadoop.yarn.server.nodemanager.webapp.dao,ContainersInfo,1,0,3,3,11,3,0,0,0.6666666666666666,1,1,/Users/eashraf/hadoop/hadoop-yarn-project/hadoop-yarn/hadoop-yarn-server/hadoop-yarn-server-nodemanager/src/main/java/org/apache/hadoop/yarn/server/nodemanager/webapp/dao/ContainersInfo.java,26
hadoop,org.apache.hadoop.yarn.server.nodemanager.webapp.dao,NodeInfo,17,0,18,18,87,18,0,0,0.1111111111111111,0,4,/Users/eashraf/hadoop/hadoop-yarn-project/hadoop-yarn/hadoop-yarn-server/hadoop-yarn-server-nodemanager/src/main/java/org/apache/hadoop/yarn/server/nodemanager/webapp/dao/NodeInfo.java,30
hadoop,org.apache.hadoop.yarn.server.nodemanager.webapp.dao,AppsInfo,1,0,3,3,11,3,0,0,0.6666666666666666,1,1,/Users/eashraf/hadoop/hadoop-yarn-project/hadoop-yarn/hadoop-yarn-server/hadoop-yarn-server-nodemanager/src/main/java/org/apache/hadoop/yarn/server/nodemanager/webapp/dao/AppsInfo.java,26
hadoop,org.apache.hadoop.yarn.server.nodemanager.webapp.dao,ContainerInfo,11,0,14,14,77,18,0,0,0.21428571428571427,2,5,/Users/eashraf/hadoop/hadoop-yarn-project/hadoop-yarn/hadoop-yarn-server/hadoop-yarn-server-nodemanager/src/main/java/org/apache/hadoop/yarn/server/nodemanager/webapp/dao/ContainerInfo.java,35
hadoop,org.apache.hadoop.yarn.server.nodemanager.api.impl.pb,ResourceLocalizationSpecPBImpl,5,0,9,7,67,16,0,0,0.0,0,2,/Users/eashraf/hadoop/hadoop-yarn-project/hadoop-yarn/hadoop-yarn-server/hadoop-yarn-server-nodemanager/src/main/java/org/apache/hadoop/yarn/server/nodemanager/api/impl/pb/ResourceLocalizationSpecPBImpl.java,29
hadoop,org.apache.hadoop.yarn.server.nodemanager.api.impl.pb.service,LocalizationProtocolPBServiceImpl,1,0,2,2,19,2,0,0,0.0,0,3,/Users/eashraf/hadoop/hadoop-yarn-project/hadoop-yarn/hadoop-yarn-server/hadoop-yarn-server-nodemanager/src/main/java/org/apache/hadoop/yarn/server/nodemanager/api/impl/pb/service/LocalizationProtocolPBServiceImpl.java,35
hadoop,org.apache.hadoop.yarn.server.nodemanager.api.impl.pb.client,LocalizationProtocolPBClientImpl,1,0,3,3,22,4,0,0,0.0,0,6,/Users/eashraf/hadoop/hadoop-yarn-project/hadoop-yarn/hadoop-yarn-server/hadoop-yarn-server-nodemanager/src/main/java/org/apache/hadoop/yarn/server/nodemanager/api/impl/pb/client/LocalizationProtocolPBClientImpl.java,39
hadoop,org.apache.hadoop.yarn.server.nodemanager.api,LocalizationProtocol,0,0,1,1,3,1,0,0,-1.0,7,1,/Users/eashraf/hadoop/hadoop-yarn-project/hadoop-yarn/hadoop-yarn-server/hadoop-yarn-server-nodemanager/src/main/java/org/apache/hadoop/yarn/server/nodemanager/api/LocalizationProtocol.java,26
hadoop,org.apache.hadoop.yarn.server.nodemanager.api,ResourceLocalizationSpec,0,0,4,4,6,4,0,0,-1.0,4,2,/Users/eashraf/hadoop/hadoop-yarn-project/hadoop-yarn/hadoop-yarn-server/hadoop-yarn-server-nodemanager/src/main/java/org/apache/hadoop/yarn/server/nodemanager/api/ResourceLocalizationSpec.java,26
hadoop,org.apache.hadoop.yarn.server.nodemanager.api,LocalizationProtocolPB,0,0,0,0,2,0,0,0,-1.0,1,0,/Users/eashraf/hadoop/hadoop-yarn-project/hadoop-yarn/hadoop-yarn-server/hadoop-yarn-server-nodemanager/src/main/java/org/apache/hadoop/yarn/server/nodemanager/api/LocalizationProtocolPB.java,23
hadoop,org.apache.hadoop.yarn.server.nodemanager.api.protocolrecords,LocalizerStatus,0,0,8,0,10,8,0,0,-1.0,8,1,/Users/eashraf/hadoop/hadoop-yarn-project/hadoop-yarn/hadoop-yarn-server/hadoop-yarn-server-nodemanager/src/main/java/org/apache/hadoop/yarn/server/nodemanager/api/protocolrecords/LocalizerStatus.java,22
hadoop,org.apache.hadoop.yarn.server.nodemanager.api.protocolrecords,LocalizerAction,0,0,0,0,1,0,0,0,-1.0,10,0,/Users/eashraf/hadoop/hadoop-yarn-project/hadoop-yarn/hadoop-yarn-server/hadoop-yarn-server-nodemanager/src/main/java/org/apache/hadoop/yarn/server/nodemanager/api/protocolrecords/LocalizerAction.java,20
hadoop,org.apache.hadoop.yarn.server.nodemanager.api.protocolrecords,ResourceStatusType,0,0,0,0,1,0,0,0,-1.0,6,0,/Users/eashraf/hadoop/hadoop-yarn-project/hadoop-yarn/hadoop-yarn-server/hadoop-yarn-server-nodemanager/src/main/java/org/apache/hadoop/yarn/server/nodemanager/api/protocolrecords/ResourceStatusType.java,20
hadoop,org.apache.hadoop.yarn.server.nodemanager.api.protocolrecords,LocalizerHeartbeatResponse,0,0,4,4,6,4,0,0,-1.0,6,1,/Users/eashraf/hadoop/hadoop-yarn-project/hadoop-yarn/hadoop-yarn-server/hadoop-yarn-server-nodemanager/src/main/java/org/apache/hadoop/yarn/server/nodemanager/api/protocolrecords/LocalizerHeartbeatResponse.java,23
hadoop,org.apache.hadoop.yarn.server.nodemanager.api.protocolrecords,LocalResourceStatus,0,0,10,10,12,10,0,0,-1.0,7,4,/Users/eashraf/hadoop/hadoop-yarn-project/hadoop-yarn/hadoop-yarn-server/hadoop-yarn-server-nodemanager/src/main/java/org/apache/hadoop/yarn/server/nodemanager/api/protocolrecords/LocalResourceStatus.java,24
hadoop,org.apache.hadoop.yarn.server.nodemanager.containermanager.loghandler.event,LogHandlerAppFinishedEvent,1,0,2,2,10,2,0,1,0.0,2,2,/Users/eashraf/hadoop/hadoop-yarn-project/hadoop-yarn/hadoop-yarn-server/hadoop-yarn-server-nodemanager/src/main/java/org/apache/hadoop/yarn/server/nodemanager/containermanager/loghandler/event/LogHandlerAppFinishedEvent.java,23
hadoop,org.apache.hadoop.yarn.server.nodemanager.containermanager.loghandler.event,LogHandlerContainerFinishedEvent,2,0,3,3,15,3,0,1,0.0,1,2,/Users/eashraf/hadoop/hadoop-yarn-project/hadoop-yarn/hadoop-yarn-server/hadoop-yarn-server-nodemanager/src/main/java/org/apache/hadoop/yarn/server/nodemanager/containermanager/loghandler/event/LogHandlerContainerFinishedEvent.java,23
hadoop,org.apache.hadoop.yarn.server.nodemanager.containermanager.loghandler.event,LogHandlerEventType,0,0,0,0,1,0,0,0,-1.0,5,0,/Users/eashraf/hadoop/hadoop-yarn-project/hadoop-yarn/hadoop-yarn-server/hadoop-yarn-server-nodemanager/src/main/java/org/apache/hadoop/yarn/server/nodemanager/containermanager/loghandler/event/LogHandlerEventType.java,21
hadoop,org.apache.hadoop.yarn.server.nodemanager.containermanager.loghandler.event,LogHandlerAppStartedEvent,6,0,8,8,38,8,0,1,0.0,2,5,/Users/eashraf/hadoop/hadoop-yarn-project/hadoop-yarn/hadoop-yarn-server/hadoop-yarn-server-nodemanager/src/main/java/org/apache/hadoop/yarn/server/nodemanager/containermanager/loghandler/event/LogHandlerAppStartedEvent.java,29
hadoop,org.apache.hadoop.yarn.server.nodemanager.containermanager.loghandler.event,LogHandlerEvent,0,0,1,1,5,1,3,0,-1.0,4,1,/Users/eashraf/hadoop/hadoop-yarn-project/hadoop-yarn/hadoop-yarn-server/hadoop-yarn-server-nodemanager/src/main/java/org/apache/hadoop/yarn/server/nodemanager/containermanager/loghandler/event/LogHandlerEvent.java,23
hadoop,org.apache.hadoop.yarn.server.nodemanager.containermanager.localizer.security,LocalizerSecurityInfo,1,0,4,4,21,5,0,0,0.75,0,1,/Users/eashraf/hadoop/hadoop-yarn-project/hadoop-yarn/hadoop-yarn-server/hadoop-yarn-server-nodemanager/src/main/java/org/apache/hadoop/yarn/server/nodemanager/containermanager/localizer/security/LocalizerSecurityInfo.java,33
hadoop,org.apache.hadoop.yarn.server.nodemanager.containermanager.localizer.security,LocalizerTokenSecretManager,1,0,4,3,15,4,0,0,0.5,1,1,/Users/eashraf/hadoop/hadoop-yarn-project/hadoop-yarn/hadoop-yarn-server/hadoop-yarn-server-nodemanager/src/main/java/org/apache/hadoop/yarn/server/nodemanager/containermanager/localizer/security/LocalizerTokenSecretManager.java,25
hadoop,org.apache.hadoop.yarn.server.nodemanager.containermanager.localizer.security,LocalizerTokenIdentifier,1,1,4,4,15,4,0,0,1.0,3,2,/Users/eashraf/hadoop/hadoop-yarn-project/hadoop-yarn/hadoop-yarn-server/hadoop-yarn-server-nodemanager/src/main/java/org/apache/hadoop/yarn/server/nodemanager/containermanager/localizer/security/LocalizerTokenIdentifier.java,29
hadoop,org.apache.hadoop.yarn.server.nodemanager.containermanager.localizer.security,LocalizerTokenSelector,1,0,1,1,14,3,0,0,0.0,0,2,/Users/eashraf/hadoop/hadoop-yarn-project/hadoop-yarn/hadoop-yarn-server/hadoop-yarn-server-nodemanager/src/main/java/org/apache/hadoop/yarn/server/nodemanager/containermanager/localizer/security/LocalizerTokenSelector.java,30
hadoop,org.apache.hadoop.yarn.server.nodemanager.containermanager.localizer.event,ResourceEventType,0,0,0,0,19,0,0,0,-1.0,8,0,/Users/eashraf/hadoop/hadoop-yarn-project/hadoop-yarn/hadoop-yarn-server/hadoop-yarn-server-nodemanager/src/main/java/org/apache/hadoop/yarn/server/nodemanager/containermanager/localizer/event/ResourceEventType.java,22
hadoop,org.apache.hadoop.yarn.server.nodemanager.containermanager.localizer.event,ResourceLocalizedEvent,2,0,3,3,15,3,0,1,0.0,1,3,/Users/eashraf/hadoop/hadoop-yarn-project/hadoop-yarn/hadoop-yarn-server/hadoop-yarn-server-nodemanager/src/main/java/org/apache/hadoop/yarn/server/nodemanager/containermanager/localizer/event/ResourceLocalizedEvent.java,23
hadoop,org.apache.hadoop.yarn.server.nodemanager.containermanager.localizer.event,ResourceRecoveredEvent,2,0,3,3,15,3,0,1,0.0,1,3,/Users/eashraf/hadoop/hadoop-yarn-project/hadoop-yarn/hadoop-yarn-server/hadoop-yarn-server-nodemanager/src/main/java/org/apache/hadoop/yarn/server/nodemanager/containermanager/localizer/event/ResourceRecoveredEvent.java,24
hadoop,org.apache.hadoop.yarn.server.nodemanager.containermanager.localizer.event,ResourceEvent,1,0,2,2,10,2,5,0,0.0,3,2,/Users/eashraf/hadoop/hadoop-yarn-project/hadoop-yarn/hadoop-yarn-server/hadoop-yarn-server-nodemanager/src/main/java/org/apache/hadoop/yarn/server/nodemanager/containermanager/localizer/event/ResourceEvent.java,23
hadoop,org.apache.hadoop.yarn.server.nodemanager.containermanager.localizer.event,ContainerLocalizationRequestEvent,1,0,2,2,18,2,0,2,0.0,2,2,/Users/eashraf/hadoop/hadoop-yarn-project/hadoop-yarn/hadoop-yarn-server/hadoop-yarn-server-nodemanager/src/main/java/org/apache/hadoop/yarn/server/nodemanager/containermanager/localizer/event/ContainerLocalizationRequestEvent.java,29
hadoop,org.apache.hadoop.yarn.server.nodemanager.containermanager.localizer.event,ResourceReleaseEvent,1,0,2,2,10,2,0,1,0.0,2,3,/Users/eashraf/hadoop/hadoop-yarn-project/hadoop-yarn/hadoop-yarn-server/hadoop-yarn-server-nodemanager/src/main/java/org/apache/hadoop/yarn/server/nodemanager/containermanager/localizer/event/ResourceReleaseEvent.java,23
hadoop,org.apache.hadoop.yarn.server.nodemanager.containermanager.localizer.event,LocalizerEvent,1,0,2,2,13,2,1,0,0.0,0,1,/Users/eashraf/hadoop/hadoop-yarn-project/hadoop-yarn/hadoop-yarn-server/hadoop-yarn-server-nodemanager/src/main/java/org/apache/hadoop/yarn/server/nodemanager/containermanager/localizer/event/LocalizerEvent.java,23
hadoop,org.apache.hadoop.yarn.server.nodemanager.containermanager.localizer.event,ContainerLocalizationEvent,1,0,2,2,10,2,2,1,0.0,0,2,/Users/eashraf/hadoop/hadoop-yarn-project/hadoop-yarn/hadoop-yarn-server/hadoop-yarn-server-nodemanager/src/main/java/org/apache/hadoop/yarn/server/nodemanager/containermanager/localizer/event/ContainerLocalizationEvent.java,22
hadoop,org.apache.hadoop.yarn.server.nodemanager.containermanager.localizer.event,ResourceRequestEvent,2,0,3,3,15,3,0,1,0.0,0,4,/Users/eashraf/hadoop/hadoop-yarn-project/hadoop-yarn/hadoop-yarn-server/hadoop-yarn-server-nodemanager/src/main/java/org/apache/hadoop/yarn/server/nodemanager/containermanager/localizer/event/ResourceRequestEvent.java,24
hadoop,org.apache.hadoop.yarn.server.nodemanager.containermanager.localizer.event,LocalizerEventType,0,0,0,0,4,0,0,0,-1.0,7,0,/Users/eashraf/hadoop/hadoop-yarn-project/hadoop-yarn/hadoop-yarn-server/hadoop-yarn-server-nodemanager/src/main/java/org/apache/hadoop/yarn/server/nodemanager/containermanager/localizer/event/LocalizerEventType.java,20
hadoop,org.apache.hadoop.yarn.server.nodemanager.containermanager.localizer.event,ApplicationLocalizationEvent,1,0,2,2,10,2,0,1,0.0,0,2,/Users/eashraf/hadoop/hadoop-yarn-project/hadoop-yarn/hadoop-yarn-server/hadoop-yarn-server-nodemanager/src/main/java/org/apache/hadoop/yarn/server/nodemanager/containermanager/localizer/event/ApplicationLocalizationEvent.java,23
hadoop,org.apache.hadoop.yarn.server.nodemanager.containermanager.localizer.event,LocalizationEvent,0,0,1,1,8,1,2,0,-1.0,4,1,/Users/eashraf/hadoop/hadoop-yarn-project/hadoop-yarn/hadoop-yarn-server/hadoop-yarn-server-nodemanager/src/main/java/org/apache/hadoop/yarn/server/nodemanager/containermanager/localizer/event/LocalizationEvent.java,24
hadoop,org.apache.hadoop.yarn.server.nodemanager.containermanager.localizer.event,LocalizerResourceRequestEvent,4,0,5,5,28,5,0,1,0.0,2,5,/Users/eashraf/hadoop/hadoop-yarn-project/hadoop-yarn/hadoop-yarn-server/hadoop-yarn-server-nodemanager/src/main/java/org/apache/hadoop/yarn/server/nodemanager/containermanager/localizer/event/LocalizerResourceRequestEvent.java,26
hadoop,org.apache.hadoop.yarn.server.nodemanager.containermanager.localizer.event,LocalizationEventType,0,0,0,0,1,0,0,0,-1.0,13,0,/Users/eashraf/hadoop/hadoop-yarn-project/hadoop-yarn/hadoop-yarn-server/hadoop-yarn-server-nodemanager/src/main/java/org/apache/hadoop/yarn/server/nodemanager/containermanager/localizer/event/LocalizationEventType.java,20
hadoop,org.apache.hadoop.yarn.server.nodemanager.containermanager.localizer.event,ContainerLocalizationCleanupEvent,1,0,2,2,15,2,0,2,0.0,1,2,/Users/eashraf/hadoop/hadoop-yarn-project/hadoop-yarn/hadoop-yarn-server/hadoop-yarn-server-nodemanager/src/main/java/org/apache/hadoop/yarn/server/nodemanager/containermanager/localizer/event/ContainerLocalizationCleanupEvent.java,27
hadoop,org.apache.hadoop.yarn.server.nodemanager.containermanager.localizer.event,ResourceFailedLocalizationEvent,1,0,2,2,13,2,0,1,0.0,2,2,/Users/eashraf/hadoop/hadoop-yarn-project/hadoop-yarn/hadoop-yarn-server/hadoop-yarn-server-nodemanager/src/main/java/org/apache/hadoop/yarn/server/nodemanager/containermanager/localizer/event/ResourceFailedLocalizationEvent.java,22
hadoop,org.apache.hadoop.yarn.server.applicationhistoryservice,TestFileSystemApplicationHistoryStore,3,0,15,9,194,26,0,1,0.0,0,11,/Users/eashraf/hadoop/hadoop-yarn-project/hadoop-yarn/hadoop-yarn-server/hadoop-yarn-server-applicationhistoryservice/src/test/java/org/apache/hadoop/yarn/server/applicationhistoryservice/TestFileSystemApplicationHistoryStore.java,52
hadoop,org.apache.hadoop.yarn.server.applicationhistoryservice,TestApplicationHistoryClientService,1,0,7,7,81,7,0,0,0.0,0,26,/Users/eashraf/hadoop/hadoop-yarn-project/hadoop-yarn/hadoop-yarn-server/hadoop-yarn-server-applicationhistoryservice/src/test/java/org/apache/hadoop/yarn/server/applicationhistoryservice/TestApplicationHistoryClientService.java,53
hadoop,org.apache.hadoop.yarn.server.applicationhistoryservice,ApplicationHistoryStoreTestUtils,1,0,6,0,21,6,3,0,0.0,0,17,/Users/eashraf/hadoop/hadoop-yarn-project/hadoop-yarn/hadoop-yarn-server/hadoop-yarn-server-applicationhistoryservice/src/test/java/org/apache/hadoop/yarn/server/applicationhistoryservice/ApplicationHistoryStoreTestUtils.java,40
hadoop,org.apache.hadoop.yarn.server.applicationhistoryservice,TestApplicationHistoryManagerOnTimelineStore,5,0,23,19,369,48,0,0,0.08695652173913043,2,28,/Users/eashraf/hadoop/hadoop-yarn-project/hadoop-yarn/hadoop-yarn-server/hadoop-yarn-server-applicationhistoryservice/src/test/java/org/apache/hadoop/yarn/server/applicationhistoryservice/TestApplicationHistoryManagerOnTimelineStore.java,66
hadoop,org.apache.hadoop.yarn.server.applicationhistoryservice,TestApplicationHistoryServer,0,0,4,4,104,7,0,0,-1.0,0,9,/Users/eashraf/hadoop/hadoop-yarn-project/hadoop-yarn/hadoop-yarn-server/hadoop-yarn-server-applicationhistoryservice/src/test/java/org/apache/hadoop/yarn/server/applicationhistoryservice/TestApplicationHistoryServer.java,44
hadoop,org.apache.hadoop.yarn.server.applicationhistoryservice,TestApplicationHistoryManagerImpl,1,0,3,3,30,3,0,1,0.0,0,8,/Users/eashraf/hadoop/hadoop-yarn-project/hadoop-yarn/hadoop-yarn-server/hadoop-yarn-server-applicationhistoryservice/src/test/java/org/apache/hadoop/yarn/server/applicationhistoryservice/TestApplicationHistoryManagerImpl.java,34
hadoop,org.apache.hadoop.yarn.server.applicationhistoryservice,TestMemoryApplicationHistoryStore,0,0,5,5,147,12,0,1,-1.0,0,7,/Users/eashraf/hadoop/hadoop-yarn-project/hadoop-yarn/hadoop-yarn-server/hadoop-yarn-server-applicationhistoryservice/src/test/java/org/apache/hadoop/yarn/server/applicationhistoryservice/TestMemoryApplicationHistoryStore.java,35
hadoop,org.apache.hadoop.yarn.server.applicationhistoryservice,ApplicationHistoryReader,0,0,7,0,50,7,1,0,-1.0,0,3,/Users/eashraf/hadoop/hadoop-yarn-project/hadoop-yarn/hadoop-yarn-server/hadoop-yarn-server-applicationhistoryservice/src/main/java/org/apache/hadoop/yarn/server/applicationhistoryservice/ApplicationHistoryReader.java,33
hadoop,org.apache.hadoop.yarn.server.applicationhistoryservice,ApplicationHistoryWriter,0,0,6,0,41,6,1,0,-1.0,1,6,/Users/eashraf/hadoop/hadoop-yarn-project/hadoop-yarn/hadoop-yarn-server/hadoop-yarn-server-applicationhistoryservice/src/main/java/org/apache/hadoop/yarn/server/applicationhistoryservice/ApplicationHistoryWriter.java,32
hadoop,org.apache.hadoop.yarn.server.applicationhistoryservice,NullApplicationHistoryStore,0,0,14,14,41,14,0,2,-1.0,1,9,/Users/eashraf/hadoop/hadoop-yarn-project/hadoop-yarn/hadoop-yarn-server/hadoop-yarn-server-applicationhistoryservice/src/main/java/org/apache/hadoop/yarn/server/applicationhistoryservice/NullApplicationHistoryStore.java,41
hadoop,org.apache.hadoop.yarn.server.applicationhistoryservice,ApplicationHistoryManagerOnTimelineStore,6,0,15,8,328,79,0,1,0.0,3,27,/Users/eashraf/hadoop/hadoop-yarn-project/hadoop-yarn/hadoop-yarn-server/hadoop-yarn-server-applicationhistoryservice/src/main/java/org/apache/hadoop/yarn/server/applicationhistoryservice/ApplicationHistoryManagerOnTimelineStore.java,67
hadoop,org.apache.hadoop.yarn.server.applicationhistoryservice,ApplicationHistoryManagerOnTimelineStore.ApplicationReportField,0,0,0,0,1,0,0,0,-1.0,0,0,/Users/eashraf/hadoop/hadoop-yarn-project/hadoop-yarn/hadoop-yarn-server/hadoop-yarn-server-applicationhistoryservice/src/main/java/org/apache/hadoop/yarn/server/applicationhistoryservice/ApplicationHistoryManagerOnTimelineStore.java,580
hadoop,org.apache.hadoop.yarn.server.applicationhistoryservice,ApplicationHistoryManagerOnTimelineStore.ApplicationReportExt,2,0,0,0,8,0,0,0,-1.0,0,1,/Users/eashraf/hadoop/hadoop-yarn-project/hadoop-yarn/hadoop-yarn-server/hadoop-yarn-server-applicationhistoryservice/src/main/java/org/apache/hadoop/yarn/server/applicationhistoryservice/ApplicationHistoryManagerOnTimelineStore.java,585
hadoop,org.apache.hadoop.yarn.server.applicationhistoryservice,ApplicationHistoryManager,0,0,0,0,2,0,2,0,-1.0,4,0,/Users/eashraf/hadoop/hadoop-yarn-project/hadoop-yarn/hadoop-yarn-server/hadoop-yarn-server-applicationhistoryservice/src/main/java/org/apache/hadoop/yarn/server/applicationhistoryservice/ApplicationHistoryManager.java,25
hadoop,org.apache.hadoop.yarn.server.applicationhistoryservice,ApplicationHistoryManagerImpl,4,0,17,9,107,24,0,1,0.11764705882352941,1,15,/Users/eashraf/hadoop/hadoop-yarn-project/hadoop-yarn/hadoop-yarn-server/hadoop-yarn-server-applicationhistoryservice/src/main/java/org/apache/hadoop/yarn/server/applicationhistoryservice/ApplicationHistoryManagerImpl.java,46
hadoop,org.apache.hadoop.yarn.server.applicationhistoryservice,FileSystemApplicationHistoryStore,19,0,31,16,517,73,0,2,0.16129032258064516,1,24,/Users/eashraf/hadoop/hadoop-yarn-project/hadoop-yarn/hadoop-yarn-server/hadoop-yarn-server-applicationhistoryservice/src/main/java/org/apache/hadoop/yarn/server/applicationhistoryservice/FileSystemApplicationHistoryStore.java,77
hadoop,org.apache.hadoop.yarn.server.applicationhistoryservice,FileSystemApplicationHistoryStore.HistoryFileReader,5,0,0,0,39,0,0,0,-1.0,0,2,/Users/eashraf/hadoop/hadoop-yarn-project/hadoop-yarn/hadoop-yarn-server/hadoop-yarn-server-applicationhistoryservice/src/main/java/org/apache/hadoop/yarn/server/applicationhistoryservice/FileSystemApplicationHistoryStore.java,674
hadoop,org.apache.hadoop.yarn.server.applicationhistoryservice,FileSystemApplicationHistoryStore.Entry,2,0,0,0,8,0,0,0,-1.0,0,0,/Users/eashraf/hadoop/hadoop-yarn-project/hadoop-yarn/hadoop-yarn-server/hadoop-yarn-server-applicationhistoryservice/src/main/java/org/apache/hadoop/yarn/server/applicationhistoryservice/FileSystemApplicationHistoryStore.java,676
hadoop,org.apache.hadoop.yarn.server.applicationhistoryservice,FileSystemApplicationHistoryStore.HistoryFileWriter,2,0,0,0,34,0,0,0,-1.0,0,3,/Users/eashraf/hadoop/hadoop-yarn-project/hadoop-yarn/hadoop-yarn-server/hadoop-yarn-server-applicationhistoryservice/src/main/java/org/apache/hadoop/yarn/server/applicationhistoryservice/FileSystemApplicationHistoryStore.java,726
hadoop,org.apache.hadoop.yarn.server.applicationhistoryservice,FileSystemApplicationHistoryStore.HistoryDataKey,2,0,0,0,19,0,0,0,-1.0,0,0,/Users/eashraf/hadoop/hadoop-yarn-project/hadoop-yarn/hadoop-yarn-server/hadoop-yarn-server-applicationhistoryservice/src/main/java/org/apache/hadoop/yarn/server/applicationhistoryservice/FileSystemApplicationHistoryStore.java,768
hadoop,org.apache.hadoop.yarn.server.applicationhistoryservice,ApplicationHistoryServer,9,1,18,3,160,26,0,0,0.1111111111111111,5,20,/Users/eashraf/hadoop/hadoop-yarn-project/hadoop-yarn/hadoop-yarn-server/hadoop-yarn-server-applicationhistoryservice/src/main/java/org/apache/hadoop/yarn/server/applicationhistoryservice/ApplicationHistoryServer.java,59
hadoop,org.apache.hadoop.yarn.server.applicationhistoryservice,MemoryApplicationHistoryStore,3,0,16,14,131,30,0,2,0.1875,2,12,/Users/eashraf/hadoop/hadoop-yarn-project/hadoop-yarn/hadoop-yarn-server/hadoop-yarn-server-applicationhistoryservice/src/main/java/org/apache/hadoop/yarn/server/applicationhistoryservice/MemoryApplicationHistoryStore.java,44
hadoop,org.apache.hadoop.yarn.server.applicationhistoryservice,ApplicationHistoryStore,0,0,0,0,5,0,3,1,-1.0,6,0,/Users/eashraf/hadoop/hadoop-yarn-project/hadoop-yarn/hadoop-yarn-server/hadoop-yarn-server-applicationhistoryservice/src/main/java/org/apache/hadoop/yarn/server/applicationhistoryservice/ApplicationHistoryStore.java,25
hadoop,org.apache.hadoop.yarn.server.applicationhistoryservice,ApplicationHistoryClientService,5,0,6,3,100,8,0,0,0.0,3,8,/Users/eashraf/hadoop/hadoop-yarn-project/hadoop-yarn/hadoop-yarn-server/hadoop-yarn-server-applicationhistoryservice/src/main/java/org/apache/hadoop/yarn/server/applicationhistoryservice/ApplicationHistoryClientService.java,68
hadoop,org.apache.hadoop.yarn.server.applicationhistoryservice,ApplicationHistoryClientService.ApplicationHSClientProtocolHandler,0,0,0,0,59,0,0,0,-1.0,0,0,/Users/eashraf/hadoop/hadoop-yarn-project/hadoop-yarn/hadoop-yarn-server/hadoop-yarn-server-applicationhistoryservice/src/main/java/org/apache/hadoop/yarn/server/applicationhistoryservice/ApplicationHistoryClientService.java,144
hadoop,org.apache.hadoop.yarn.server.applicationhistoryservice.webapp,TestAHSWebServices,4,0,14,13,196,19,0,0,0.21428571428571427,0,24,/Users/eashraf/hadoop/hadoop-yarn-project/hadoop-yarn/hadoop-yarn-server/hadoop-yarn-server-applicationhistoryservice/src/test/java/org/apache/hadoop/yarn/server/applicationhistoryservice/webapp/TestAHSWebServices.java,79
hadoop,org.apache.hadoop.yarn.server.applicationhistoryservice.webapp,TestAHSWebServices.TestSimpleAuthFilter,0,0,0,0,8,0,0,0,-1.0,0,2,/Users/eashraf/hadoop/hadoop-yarn-project/hadoop-yarn/hadoop-yarn-server/hadoop-yarn-server-applicationhistoryservice/src/test/java/org/apache/hadoop/yarn/server/applicationhistoryservice/webapp/TestAHSWebServices.java,127
hadoop,org.apache.hadoop.yarn.server.applicationhistoryservice.webapp,TestAHSWebServices.GuiceServletConfig,0,0,0,0,5,0,0,0,-1.0,0,0,/Users/eashraf/hadoop/hadoop-yarn-project/hadoop-yarn/hadoop-yarn-server/hadoop-yarn-server-applicationhistoryservice/src/test/java/org/apache/hadoop/yarn/server/applicationhistoryservice/webapp/TestAHSWebServices.java,140
hadoop,org.apache.hadoop.yarn.server.applicationhistoryservice.webapp,TestAHSWebApp,0,0,8,7,83,11,0,0,-1.0,0,15,/Users/eashraf/hadoop/hadoop-yarn-project/hadoop-yarn/hadoop-yarn-server/hadoop-yarn-server-applicationhistoryservice/src/test/java/org/apache/hadoop/yarn/server/applicationhistoryservice/webapp/TestAHSWebApp.java,45
hadoop,org.apache.hadoop.yarn.server.applicationhistoryservice.webapp,TestAHSWebApp.MockApplicationHistoryManagerImpl,0,0,0,0,10,0,0,0,-1.0,0,0,/Users/eashraf/hadoop/hadoop-yarn-project/hadoop-yarn/hadoop-yarn-server/hadoop-yarn-server-applicationhistoryservice/src/test/java/org/apache/hadoop/yarn/server/applicationhistoryservice/webapp/TestAHSWebApp.java,167
hadoop,org.apache.hadoop.yarn.server.applicationhistoryservice.webapp,JAXBContextResolver,3,0,2,2,12,2,0,0,0.0,1,0,/Users/eashraf/hadoop/hadoop-yarn-project/hadoop-yarn/hadoop-yarn-server/hadoop-yarn-server-applicationhistoryservice/src/main/java/org/apache/hadoop/yarn/server/applicationhistoryservice/webapp/JAXBContextResolver.java,40
hadoop,org.apache.hadoop.yarn.server.applicationhistoryservice.webapp,AHSView,2,0,6,0,30,6,4,0,0.6666666666666666,1,0,/Users/eashraf/hadoop/hadoop-yarn-project/hadoop-yarn/hadoop-yarn-server/hadoop-yarn-server-applicationhistoryservice/src/main/java/org/apache/hadoop/yarn/server/applicationhistoryservice/webapp/AHSView.java,36
hadoop,org.apache.hadoop.yarn.server.applicationhistoryservice.webapp,AppPage,0,0,4,0,20,4,0,1,-1.0,2,1,/Users/eashraf/hadoop/hadoop-yarn-project/hadoop-yarn/hadoop-yarn-server/hadoop-yarn-server-applicationhistoryservice/src/main/java/org/apache/hadoop/yarn/server/applicationhistoryservice/webapp/AppPage.java,31
hadoop,org.apache.hadoop.yarn.server.applicationhistoryservice.webapp,AHSWebApp,2,0,4,4,28,4,0,0,0.0,0,8,/Users/eashraf/hadoop/hadoop-yarn-project/hadoop-yarn/hadoop-yarn-server/hadoop-yarn-server-applicationhistoryservice/src/main/java/org/apache/hadoop/yarn/server/applicationhistoryservice/webapp/AHSWebApp.java,31
hadoop,org.apache.hadoop.yarn.server.applicationhistoryservice.webapp,AHSWebServices,0,0,9,8,45,14,0,0,-1.0,2,3,/Users/eashraf/hadoop/hadoop-yarn-project/hadoop-yarn/hadoop-yarn-server/hadoop-yarn-server-applicationhistoryservice/src/main/java/org/apache/hadoop/yarn/server/applicationhistoryservice/webapp/AHSWebServices.java,49
hadoop,org.apache.hadoop.yarn.server.applicationhistoryservice.webapp,AHSLogsPage,0,0,2,0,19,4,0,1,-1.0,1,0,/Users/eashraf/hadoop/hadoop-yarn-project/hadoop-yarn/hadoop-yarn-server/hadoop-yarn-server-applicationhistoryservice/src/main/java/org/apache/hadoop/yarn/server/applicationhistoryservice/webapp/AHSLogsPage.java,26
hadoop,org.apache.hadoop.yarn.server.applicationhistoryservice.webapp,AHSController,0,0,6,5,23,6,0,0,-1.0,2,4,/Users/eashraf/hadoop/hadoop-yarn-project/hadoop-yarn/hadoop-yarn-server/hadoop-yarn-server-applicationhistoryservice/src/main/java/org/apache/hadoop/yarn/server/applicationhistoryservice/webapp/AHSController.java,25
hadoop,org.apache.hadoop.yarn.server.applicationhistoryservice.webapp,AppAttemptPage,0,0,4,0,20,4,0,1,-1.0,2,1,/Users/eashraf/hadoop/hadoop-yarn-project/hadoop-yarn/hadoop-yarn-server/hadoop-yarn-server-applicationhistoryservice/src/main/java/org/apache/hadoop/yarn/server/applicationhistoryservice/webapp/AppAttemptPage.java,30
hadoop,org.apache.hadoop.yarn.server.applicationhistoryservice.webapp,NavBlock,0,0,1,1,5,1,0,0,-1.0,0,1,/Users/eashraf/hadoop/hadoop-yarn-project/hadoop-yarn/hadoop-yarn-server/hadoop-yarn-server-applicationhistoryservice/src/main/java/org/apache/hadoop/yarn/server/applicationhistoryservice/webapp/NavBlock.java,24
hadoop,org.apache.hadoop.yarn.server.applicationhistoryservice.webapp,ContainerPage,0,0,2,0,10,2,0,1,-1.0,2,1,/Users/eashraf/hadoop/hadoop-yarn-project/hadoop-yarn/hadoop-yarn-server/hadoop-yarn-server-applicationhistoryservice/src/main/java/org/apache/hadoop/yarn/server/applicationhistoryservice/webapp/ContainerPage.java,26
hadoop,org.apache.hadoop.yarn.server.timeline,TimelineStoreTestUtils,43,0,28,9,618,40,3,0,0.07142857142857142,0,9,/Users/eashraf/hadoop/hadoop-yarn-project/hadoop-yarn/hadoop-yarn-server/hadoop-yarn-server-applicationhistoryservice/src/test/java/org/apache/hadoop/yarn/server/timeline/TimelineStoreTestUtils.java,48
hadoop,org.apache.hadoop.yarn.server.timeline,TestGenericObjectMapper,0,0,4,2,52,6,0,0,-1.0,0,2,/Users/eashraf/hadoop/hadoop-yarn-project/hadoop-yarn/hadoop-yarn-server/hadoop-yarn-server-applicationhistoryservice/src/test/java/org/apache/hadoop/yarn/server/timeline/TestGenericObjectMapper.java,34
hadoop,org.apache.hadoop.yarn.server.timeline,TestLeveldbTimelineStore,3,0,23,21,290,24,0,1,0.7391304347826086,0,14,/Users/eashraf/hadoop/hadoop-yarn-project/hadoop-yarn/hadoop-yarn-server/hadoop-yarn-server-applicationhistoryservice/src/test/java/org/apache/hadoop/yarn/server/timeline/TestLeveldbTimelineStore.java,55
hadoop,org.apache.hadoop.yarn.server.timeline,TestMemoryTimelineStore,0,0,12,12,43,12,0,1,-1.0,1,1,/Users/eashraf/hadoop/hadoop-yarn-project/hadoop-yarn/hadoop-yarn-server/hadoop-yarn-server-applicationhistoryservice/src/test/java/org/apache/hadoop/yarn/server/timeline/TestMemoryTimelineStore.java,30
hadoop,org.apache.hadoop.yarn.server.timeline,TestTimelineDataManager,3,0,5,5,77,7,0,1,0.0,0,9,/Users/eashraf/hadoop/hadoop-yarn-project/hadoop-yarn/hadoop-yarn-server/hadoop-yarn-server-applicationhistoryservice/src/test/java/org/apache/hadoop/yarn/server/timeline/TestTimelineDataManager.java,38
hadoop,org.apache.hadoop.yarn.server.timeline,TimelineDataManager,4,1,10,8,199,37,0,0,0.0,11,14,/Users/eashraf/hadoop/hadoop-yarn-project/hadoop-yarn/hadoop-yarn-server/hadoop-yarn-server-applicationhistoryservice/src/main/java/org/apache/hadoop/yarn/server/timeline/TimelineDataManager.java,50
hadoop,org.apache.hadoop.yarn.server.timeline,NameValuePair,2,0,4,4,28,4,0,0,0.0,6,0,/Users/eashraf/hadoop/hadoop-yarn-project/hadoop-yarn/hadoop-yarn-server/hadoop-yarn-server-applicationhistoryservice/src/main/java/org/apache/hadoop/yarn/server/timeline/NameValuePair.java,23
hadoop,org.apache.hadoop.yarn.server.timeline,TimelineWriter,0,0,2,0,18,2,1,0,-1.0,0,2,/Users/eashraf/hadoop/hadoop-yarn-project/hadoop-yarn/hadoop-yarn-server/hadoop-yarn-server-applicationhistoryservice/src/main/java/org/apache/hadoop/yarn/server/timeline/TimelineWriter.java,29
hadoop,org.apache.hadoop.yarn.server.timeline,MemoryTimelineStore,4,0,14,9,367,85,0,2,0.2857142857142857,4,8,/Users/eashraf/hadoop/hadoop-yarn-project/hadoop-yarn/hadoop-yarn-server/hadoop-yarn-server-applicationhistoryservice/src/main/java/org/apache/hadoop/yarn/server/timeline/MemoryTimelineStore.java,51
hadoop,org.apache.hadoop.yarn.server.timeline,TimelineStore,0,0,0,0,6,0,2,1,-1.0,16,0,/Users/eashraf/hadoop/hadoop-yarn-project/hadoop-yarn/hadoop-yarn-server/hadoop-yarn-server-applicationhistoryservice/src/main/java/org/apache/hadoop/yarn/server/timeline/TimelineStore.java,26
hadoop,org.apache.hadoop.yarn.server.timeline,TimelineStore.SystemFilter,0,0,0,0,4,0,0,0,-1.0,0,0,/Users/eashraf/hadoop/hadoop-yarn-project/hadoop-yarn/hadoop-yarn-server/hadoop-yarn-server-applicationhistoryservice/src/main/java/org/apache/hadoop/yarn/server/timeline/TimelineStore.java,31
hadoop,org.apache.hadoop.yarn.server.timeline,TimelineReader,1,0,5,0,62,5,1,0,-1.0,0,1,/Users/eashraf/hadoop/hadoop-yarn-project/hadoop-yarn/hadoop-yarn-server/hadoop-yarn-server-applicationhistoryservice/src/main/java/org/apache/hadoop/yarn/server/timeline/TimelineReader.java,35
hadoop,org.apache.hadoop.yarn.server.timeline,TimelineReader.Field,0,0,0,0,4,0,0,0,-1.0,0,0,/Users/eashraf/hadoop/hadoop-yarn-project/hadoop-yarn/hadoop-yarn-server/hadoop-yarn-server-applicationhistoryservice/src/main/java/org/apache/hadoop/yarn/server/timeline/TimelineReader.java,42
hadoop,org.apache.hadoop.yarn.server.timeline,GenericObjectMapper,3,2,6,6,78,10,0,0,0.6666666666666666,3,0,/Users/eashraf/hadoop/hadoop-yarn-project/hadoop-yarn/hadoop-yarn-server/hadoop-yarn-server-applicationhistoryservice/src/main/java/org/apache/hadoop/yarn/server/timeline/GenericObjectMapper.java,28
hadoop,org.apache.hadoop.yarn.server.timeline,EntityIdentifier,2,0,7,7,55,17,0,0,0.0,3,0,/Users/eashraf/hadoop/hadoop-yarn-project/hadoop-yarn/hadoop-yarn-server/hadoop-yarn-server-applicationhistoryservice/src/main/java/org/apache/hadoop/yarn/server/timeline/EntityIdentifier.java,24
hadoop,org.apache.hadoop.yarn.server.timeline,LeveldbTimelineStore,36,0,51,11,1247,192,0,2,0.0784313725490196,3,14,/Users/eashraf/hadoop/hadoop-yarn-project/hadoop-yarn/hadoop-yarn-server/hadoop-yarn-server-applicationhistoryservice/src/main/java/org/apache/hadoop/yarn/server/timeline/LeveldbTimelineStore.java,62
hadoop,org.apache.hadoop.yarn.server.timeline,LeveldbTimelineStore.StartAndInsertTime,2,0,0,0,8,0,0,0,-1.0,0,0,/Users/eashraf/hadoop/hadoop-yarn-project/hadoop-yarn/hadoop-yarn-server/hadoop-yarn-server-applicationhistoryservice/src/main/java/org/apache/hadoop/yarn/server/timeline/LeveldbTimelineStore.java,260
hadoop,org.apache.hadoop.yarn.server.timeline,LeveldbTimelineStore.EntityDeletionThread,2,0,0,0,25,0,0,0,-1.0,0,1,/Users/eashraf/hadoop/hadoop-yarn-project/hadoop-yarn/hadoop-yarn-server/hadoop-yarn-server-applicationhistoryservice/src/main/java/org/apache/hadoop/yarn/server/timeline/LeveldbTimelineStore.java,270
hadoop,org.apache.hadoop.yarn.server.timeline,LeveldbTimelineStore.LockMap,4,0,0,0,31,0,0,0,-1.0,0,0,/Users/eashraf/hadoop/hadoop-yarn-project/hadoop-yarn/hadoop-yarn-server/hadoop-yarn-server-applicationhistoryservice/src/main/java/org/apache/hadoop/yarn/server/timeline/LeveldbTimelineStore.java,301
hadoop,org.apache.hadoop.yarn.server.timeline,LeveldbTimelineStore.CountingReentrantLock,3,0,0,0,10,0,0,0,-1.0,0,0,/Users/eashraf/hadoop/hadoop-yarn-project/hadoop-yarn/hadoop-yarn-server/hadoop-yarn-server-applicationhistoryservice/src/main/java/org/apache/hadoop/yarn/server/timeline/LeveldbTimelineStore.java,302
hadoop,org.apache.hadoop.yarn.server.timeline.security,TestTimelineAuthenticationFilterInitializer,0,0,1,1,31,5,0,0,-1.0,0,3,/Users/eashraf/hadoop/hadoop-yarn-project/hadoop-yarn/hadoop-yarn-server/hadoop-yarn-server-applicationhistoryservice/src/test/java/org/apache/hadoop/yarn/server/timeline/security/TestTimelineAuthenticationFilterInitializer.java,30
hadoop,org.apache.hadoop.yarn.server.timeline.security,TestTimelineAuthenticationFilter,14,0,16,16,200,21,0,0,0.0,0,20,/Users/eashraf/hadoop/hadoop-yarn-project/hadoop-yarn/hadoop-yarn-server/hadoop-yarn-server-applicationhistoryservice/src/test/java/org/apache/hadoop/yarn/server/timeline/security/TestTimelineAuthenticationFilter.java,57
hadoop,org.apache.hadoop.yarn.server.timeline.security,TestTimelineACLsManager,1,0,6,6,97,6,0,0,1.0,0,8,/Users/eashraf/hadoop/hadoop-yarn-project/hadoop-yarn/hadoop-yarn-server/hadoop-yarn-server-applicationhistoryservice/src/test/java/org/apache/hadoop/yarn/server/timeline/security/TestTimelineACLsManager.java,35
hadoop,org.apache.hadoop.yarn.server.timeline.security,TestTimelineACLsManager.TestTimelineStore,0,0,0,0,10,0,0,0,-1.0,0,0,/Users/eashraf/hadoop/hadoop-yarn-project/hadoop-yarn/hadoop-yarn-server/hadoop-yarn-server-applicationhistoryservice/src/test/java/org/apache/hadoop/yarn/server/timeline/security/TestTimelineACLsManager.java,202
hadoop,org.apache.hadoop.yarn.server.timeline.security,TimelineACLsManager,7,0,8,6,98,22,0,0,0.0,7,10,/Users/eashraf/hadoop/hadoop-yarn-project/hadoop-yarn/hadoop-yarn-server/hadoop-yarn-server-applicationhistoryservice/src/main/java/org/apache/hadoop/yarn/server/timeline/security/TimelineACLsManager.java,45
hadoop,org.apache.hadoop.yarn.server.timeline.security,TimelineACLsManager.AccessControlListExt,2,0,0,0,8,0,0,0,-1.0,0,0,/Users/eashraf/hadoop/hadoop-yarn-project/hadoop-yarn/hadoop-yarn-server/hadoop-yarn-server-applicationhistoryservice/src/main/java/org/apache/hadoop/yarn/server/timeline/security/TimelineACLsManager.java,182
hadoop,org.apache.hadoop.yarn.server.timeline.security,TimelineDelegationTokenSecretManagerService,4,1,6,2,140,9,0,0,0.3333333333333333,1,5,/Users/eashraf/hadoop/hadoop-yarn-project/hadoop-yarn/hadoop-yarn-server/hadoop-yarn-server-applicationhistoryservice/src/main/java/org/apache/hadoop/yarn/server/timeline/security/TimelineDelegationTokenSecretManagerService.java,39
hadoop,org.apache.hadoop.yarn.server.timeline.security,TimelineDelegationTokenSecretManagerService.TimelineDelegationTokenSecretManager,2,1,0,0,93,0,0,0,-1.0,0,1,/Users/eashraf/hadoop/hadoop-yarn-project/hadoop-yarn/hadoop-yarn-server/hadoop-yarn-server-applicationhistoryservice/src/main/java/org/apache/hadoop/yarn/server/timeline/security/TimelineDelegationTokenSecretManagerService.java,116
hadoop,org.apache.hadoop.yarn.server.timeline.security,TimelineAuthenticationFilter,1,0,2,2,10,2,0,0,0.0,3,1,/Users/eashraf/hadoop/hadoop-yarn-project/hadoop-yarn/hadoop-yarn-server/hadoop-yarn-server-applicationhistoryservice/src/main/java/org/apache/hadoop/yarn/server/timeline/security/TimelineAuthenticationFilter.java,29
hadoop,org.apache.hadoop.yarn.server.timeline.security,TimelineAuthenticationFilterInitializer,3,1,1,1,76,10,0,0,0.0,2,12,/Users/eashraf/hadoop/hadoop-yarn-project/hadoop-yarn/hadoop-yarn-server/hadoop-yarn-server-applicationhistoryservice/src/main/java/org/apache/hadoop/yarn/server/timeline/security/TimelineAuthenticationFilterInitializer.java,47
hadoop,org.apache.hadoop.yarn.server.timeline.recovery,TestLeveldbTimelineStateStore,4,0,5,4,119,7,0,0,0.0,0,8,/Users/eashraf/hadoop/hadoop-yarn-project/hadoop-yarn/hadoop-yarn-server/hadoop-yarn-server-applicationhistoryservice/src/test/java/org/apache/hadoop/yarn/server/timeline/recovery/TestLeveldbTimelineStateStore.java,44
hadoop,org.apache.hadoop.yarn.server.timeline.recovery,TimelineStateStore,3,0,14,11,97,14,2,0,0.7857142857142857,5,3,/Users/eashraf/hadoop/hadoop-yarn-project/hadoop-yarn/hadoop-yarn-server/hadoop-yarn-server-applicationhistoryservice/src/main/java/org/apache/hadoop/yarn/server/timeline/recovery/TimelineStateStore.java,34
hadoop,org.apache.hadoop.yarn.server.timeline.recovery,TimelineStateStore.TimelineServiceState,3,0,0,0,14,0,0,0,-1.0,0,0,/Users/eashraf/hadoop/hadoop-yarn-project/hadoop-yarn/hadoop-yarn-server/hadoop-yarn-server-applicationhistoryservice/src/main/java/org/apache/hadoop/yarn/server/timeline/recovery/TimelineStateStore.java,43
hadoop,org.apache.hadoop.yarn.server.timeline.recovery,LeveldbTimelineStateStore,9,1,23,7,298,37,0,1,0.13043478260869565,2,12,/Users/eashraf/hadoop/hadoop-yarn-project/hadoop-yarn/hadoop-yarn-server/hadoop-yarn-server-applicationhistoryservice/src/main/java/org/apache/hadoop/yarn/server/timeline/recovery/LeveldbTimelineStateStore.java,56
hadoop,org.apache.hadoop.yarn.server.timeline.recovery,MemoryTimelineStateStore,1,0,9,6,46,12,0,1,0.2222222222222222,2,3,/Users/eashraf/hadoop/hadoop-yarn-project/hadoop-yarn/hadoop-yarn-server/hadoop-yarn-server-applicationhistoryservice/src/main/java/org/apache/hadoop/yarn/server/timeline/recovery/MemoryTimelineStateStore.java,26
hadoop,org.apache.hadoop.yarn.server.timeline.webapp,TestTimelineWebServices,5,0,32,28,561,34,0,0,0.40625,0,22,/Users/eashraf/hadoop/hadoop-yarn-project/hadoop-yarn/hadoop-yarn-server/hadoop-yarn-server-applicationhistoryservice/src/test/java/org/apache/hadoop/yarn/server/timeline/webapp/TestTimelineWebServices.java,78
hadoop,org.apache.hadoop.yarn.server.timeline.webapp,TestTimelineWebServices.GuiceServletConfig,0,0,0,0,5,0,0,0,-1.0,0,0,/Users/eashraf/hadoop/hadoop-yarn-project/hadoop-yarn/hadoop-yarn-server/hadoop-yarn-server-applicationhistoryservice/src/test/java/org/apache/hadoop/yarn/server/timeline/webapp/TestTimelineWebServices.java,151
hadoop,org.apache.hadoop.yarn.server.timeline.webapp,TestTimelineWebServicesWithSSL,7,0,3,3,64,4,0,0,0.0,0,10,/Users/eashraf/hadoop/hadoop-yarn-project/hadoop-yarn/hadoop-yarn-server/hadoop-yarn-server-applicationhistoryservice/src/test/java/org/apache/hadoop/yarn/server/timeline/webapp/TestTimelineWebServicesWithSSL.java,44
hadoop,org.apache.hadoop.yarn.server.timeline.webapp,TestTimelineWebServicesWithSSL.TestTimelineClient,1,0,0,0,7,0,0,0,-1.0,0,0,/Users/eashraf/hadoop/hadoop-yarn-project/hadoop-yarn/hadoop-yarn-server/hadoop-yarn-server-applicationhistoryservice/src/test/java/org/apache/hadoop/yarn/server/timeline/webapp/TestTimelineWebServicesWithSSL.java,121
hadoop,org.apache.hadoop.yarn.server.timeline.webapp,TestCrossOriginFilterInitializer,0,0,1,1,15,1,0,0,-1.0,0,2,/Users/eashraf/hadoop/hadoop-yarn-project/hadoop-yarn/hadoop-yarn-server/hadoop-yarn-server-applicationhistoryservice/src/test/java/org/apache/hadoop/yarn/server/timeline/webapp/TestCrossOriginFilterInitializer.java,28
hadoop,org.apache.hadoop.yarn.server.timeline.webapp,TestCrossOriginFilter,1,0,9,9,154,9,0,0,1.0,0,1,/Users/eashraf/hadoop/hadoop-yarn-project/hadoop-yarn/hadoop-yarn-server/hadoop-yarn-server-applicationhistoryservice/src/test/java/org/apache/hadoop/yarn/server/timeline/webapp/TestCrossOriginFilter.java,42
hadoop,org.apache.hadoop.yarn.server.timeline.webapp,TestCrossOriginFilter.FilterConfigTest,1,0,0,0,18,0,0,0,-1.0,0,0,/Users/eashraf/hadoop/hadoop-yarn-project/hadoop-yarn/hadoop-yarn-server/hadoop-yarn-server-applicationhistoryservice/src/test/java/org/apache/hadoop/yarn/server/timeline/webapp/TestCrossOriginFilter.java,296
hadoop,org.apache.hadoop.yarn.server.timeline.webapp,CrossOriginFilterInitializer,1,1,2,1,16,3,0,0,0.0,1,2,/Users/eashraf/hadoop/hadoop-yarn-project/hadoop-yarn/hadoop-yarn-server/hadoop-yarn-server-applicationhistoryservice/src/main/java/org/apache/hadoop/yarn/server/timeline/webapp/CrossOriginFilterInitializer.java,28
hadoop,org.apache.hadoop.yarn.server.timeline.webapp,TimelineWebServices,3,0,17,9,262,39,0,0,0.0,2,7,/Users/eashraf/hadoop/hadoop-yarn-project/hadoop-yarn/hadoop-yarn-server/hadoop-yarn-server-applicationhistoryservice/src/main/java/org/apache/hadoop/yarn/server/timeline/webapp/TimelineWebServices.java,75
hadoop,org.apache.hadoop.yarn.server.timeline.webapp,TimelineWebServices.AboutInfo,1,0,0,0,14,0,0,0,-1.0,0,0,/Users/eashraf/hadoop/hadoop-yarn-project/hadoop-yarn/hadoop-yarn-server/hadoop-yarn-server-applicationhistoryservice/src/main/java/org/apache/hadoop/yarn/server/timeline/webapp/TimelineWebServices.java,89
hadoop,org.apache.hadoop.yarn.server.timeline.webapp,CrossOriginFilter,22,8,15,3,159,37,0,0,0.0,1,0,/Users/eashraf/hadoop/hadoop-yarn-project/hadoop-yarn/hadoop-yarn-server/hadoop-yarn-server-applicationhistoryservice/src/main/java/org/apache/hadoop/yarn/server/timeline/webapp/CrossOriginFilter.java,43
hadoop,org.apache.hadoop.yarn.server.applicationhistoryservice.records.impl.pb,ApplicationAttemptFinishDataPBImpl,4,0,25,16,147,41,0,0,0.2,0,4,/Users/eashraf/hadoop/hadoop-yarn-project/hadoop-yarn/hadoop-yarn-server/hadoop-yarn-server-applicationhistoryservice/src/main/java/org/apache/hadoop/yarn/server/applicationhistoryservice/records/impl/pb/ApplicationAttemptFinishDataPBImpl.java,35
hadoop,org.apache.hadoop.yarn.server.applicationhistoryservice.records.impl.pb,ApplicationFinishDataPBImpl,4,0,25,16,140,39,0,0,0.2,0,4,/Users/eashraf/hadoop/hadoop-yarn-project/hadoop-yarn/hadoop-yarn-server/hadoop-yarn-server-applicationhistoryservice/src/main/java/org/apache/hadoop/yarn/server/applicationhistoryservice/records/impl/pb/ApplicationFinishDataPBImpl.java,35
hadoop,org.apache.hadoop.yarn.server.applicationhistoryservice.records.impl.pb,ApplicationStartDataPBImpl,4,0,25,20,151,41,0,0,0.0,0,1,/Users/eashraf/hadoop/hadoop-yarn-project/hadoop-yarn/hadoop-yarn-server/hadoop-yarn-server-applicationhistoryservice/src/main/java/org/apache/hadoop/yarn/server/applicationhistoryservice/records/impl/pb/ApplicationStartDataPBImpl.java,30
hadoop,org.apache.hadoop.yarn.server.applicationhistoryservice.records.impl.pb,ContainerStartDataPBImpl,7,0,27,16,167,47,0,0,0.0,0,4,/Users/eashraf/hadoop/hadoop-yarn-project/hadoop-yarn/hadoop-yarn-server/hadoop-yarn-server-applicationhistoryservice/src/main/java/org/apache/hadoop/yarn/server/applicationhistoryservice/records/impl/pb/ContainerStartDataPBImpl.java,39
hadoop,org.apache.hadoop.yarn.server.applicationhistoryservice.records.impl.pb,ApplicationAttemptStartDataPBImpl,5,0,21,14,126,35,0,0,0.09523809523809523,0,2,/Users/eashraf/hadoop/hadoop-yarn-project/hadoop-yarn/hadoop-yarn-server/hadoop-yarn-server-applicationhistoryservice/src/main/java/org/apache/hadoop/yarn/server/applicationhistoryservice/records/impl/pb/ApplicationAttemptStartDataPBImpl.java,33
hadoop,org.apache.hadoop.yarn.server.applicationhistoryservice.records.impl.pb,ContainerFinishDataPBImpl,4,0,23,16,127,35,0,0,0.13043478260869565,0,3,/Users/eashraf/hadoop/hadoop-yarn-project/hadoop-yarn/hadoop-yarn-server/hadoop-yarn-server-applicationhistoryservice/src/main/java/org/apache/hadoop/yarn/server/applicationhistoryservice/records/impl/pb/ContainerFinishDataPBImpl.java,33
hadoop,org.apache.hadoop.yarn.server.applicationhistoryservice.records,ApplicationAttemptStartData,0,0,9,9,21,9,0,0,-1.0,7,3,/Users/eashraf/hadoop/hadoop-yarn-project/hadoop-yarn/hadoop-yarn-server/hadoop-yarn-server-applicationhistoryservice/src/main/java/org/apache/hadoop/yarn/server/applicationhistoryservice/records/ApplicationAttemptStartData.java,27
hadoop,org.apache.hadoop.yarn.server.applicationhistoryservice.records,ApplicationHistoryData,11,0,23,23,97,23,0,0,0.0,6,3,/Users/eashraf/hadoop/hadoop-yarn-project/hadoop-yarn/hadoop-yarn-server/hadoop-yarn-server-applicationhistoryservice/src/main/java/org/apache/hadoop/yarn/server/applicationhistoryservice/records/ApplicationHistoryData.java,27
hadoop,org.apache.hadoop.yarn.server.applicationhistoryservice.records,ApplicationAttemptFinishData,0,0,11,11,24,11,0,0,-1.0,7,4,/Users/eashraf/hadoop/hadoop-yarn-project/hadoop-yarn/hadoop-yarn-server/hadoop-yarn-server-applicationhistoryservice/src/main/java/org/apache/hadoop/yarn/server/applicationhistoryservice/records/ApplicationAttemptFinishData.java,28
hadoop,org.apache.hadoop.yarn.server.applicationhistoryservice.records,ApplicationFinishData,0,0,11,11,24,11,0,0,-1.0,7,4,/Users/eashraf/hadoop/hadoop-yarn-project/hadoop-yarn/hadoop-yarn-server/hadoop-yarn-server-applicationhistoryservice/src/main/java/org/apache/hadoop/yarn/server/applicationhistoryservice/records/ApplicationFinishData.java,28
hadoop,org.apache.hadoop.yarn.server.applicationhistoryservice.records,ContainerStartData,0,0,11,11,24,11,0,0,-1.0,7,5,/Users/eashraf/hadoop/hadoop-yarn-project/hadoop-yarn/hadoop-yarn-server/hadoop-yarn-server-applicationhistoryservice/src/main/java/org/apache/hadoop/yarn/server/applicationhistoryservice/records/ContainerStartData.java,29
hadoop,org.apache.hadoop.yarn.server.applicationhistoryservice.records,ApplicationStartData,0,0,15,15,30,15,0,0,-1.0,7,2,/Users/eashraf/hadoop/hadoop-yarn-project/hadoop-yarn/hadoop-yarn-server/hadoop-yarn-server-applicationhistoryservice/src/main/java/org/apache/hadoop/yarn/server/applicationhistoryservice/records/ApplicationStartData.java,26
hadoop,org.apache.hadoop.yarn.server.applicationhistoryservice.records,ContainerFinishData,0,0,11,11,24,11,0,0,-1.0,7,3,/Users/eashraf/hadoop/hadoop-yarn-project/hadoop-yarn/hadoop-yarn-server/hadoop-yarn-server-applicationhistoryservice/src/main/java/org/apache/hadoop/yarn/server/applicationhistoryservice/records/ContainerFinishData.java,27
hadoop,org.apache.hadoop.yarn.server.applicationhistoryservice.records,ContainerHistoryData,9,0,19,19,81,19,0,0,0.0,6,5,/Users/eashraf/hadoop/hadoop-yarn-project/hadoop-yarn/hadoop-yarn-server/hadoop-yarn-server-applicationhistoryservice/src/main/java/org/apache/hadoop/yarn/server/applicationhistoryservice/records/ContainerHistoryData.java,29
hadoop,org.apache.hadoop.yarn.server.applicationhistoryservice.records,ApplicationAttemptHistoryData,8,0,17,17,73,17,0,0,0.0,6,4,/Users/eashraf/hadoop/hadoop-yarn-project/hadoop-yarn/hadoop-yarn-server/hadoop-yarn-server-applicationhistoryservice/src/main/java/org/apache/hadoop/yarn/server/applicationhistoryservice/records/ApplicationAttemptHistoryData.java,28
hadoop,org.apache.hadoop.yarn.server.timeline.util,LeveldbUtils,7,0,1,1,94,2,0,0,0.0,0,1,/Users/eashraf/hadoop/hadoop-yarn-project/hadoop-yarn/hadoop-yarn-server/hadoop-yarn-server-applicationhistoryservice/src/main/java/org/apache/hadoop/yarn/server/timeline/util/LeveldbUtils.java,30
hadoop,org.apache.hadoop.yarn.server.timeline.util,LeveldbUtils.KeyBuilder,5,0,0,0,52,0,0,0,-1.0,0,0,/Users/eashraf/hadoop/hadoop-yarn-project/hadoop-yarn/hadoop-yarn-server/hadoop-yarn-server-applicationhistoryservice/src/main/java/org/apache/hadoop/yarn/server/timeline/util/LeveldbUtils.java,32
hadoop,org.apache.hadoop.yarn.server.timeline.util,LeveldbUtils.KeyParser,2,0,0,0,31,0,0,0,-1.0,0,0,/Users/eashraf/hadoop/hadoop-yarn-project/hadoop-yarn/hadoop-yarn-server/hadoop-yarn-server-applicationhistoryservice/src/main/java/org/apache/hadoop/yarn/server/timeline/util/LeveldbUtils.java,92
hadoop,org.apache.hadoop.yarn.server.timeline.security.authorize,TimelinePolicyProvider,0,0,1,1,8,1,0,0,-1.0,0,1,/Users/eashraf/hadoop/hadoop-yarn-project/hadoop-yarn/hadoop-yarn-server/hadoop-yarn-server-applicationhistoryservice/src/main/java/org/apache/hadoop/yarn/server/timeline/security/authorize/TimelinePolicyProvider.java,28
hadoop,org.apache.hadoop.yarn.server.timeline.recovery.records,TimelineDelegationTokenIdentifierData,1,0,6,6,24,6,0,0,0.3333333333333333,1,1,/Users/eashraf/hadoop/hadoop-yarn-project/hadoop-yarn/hadoop-yarn-server/hadoop-yarn-server-applicationhistoryservice/src/main/java/org/apache/hadoop/yarn/server/timeline/recovery/records/TimelineDelegationTokenIdentifierData.java,29
hadoop,org.apache.hadoop.yarn.security,TestYARNTokenIdentifier,0,0,7,7,155,7,0,0,-1.0,0,17,/Users/eashraf/hadoop/hadoop-yarn-project/hadoop-yarn/hadoop-yarn-common/src/test/java/org/apache/hadoop/yarn/security/TestYARNTokenIdentifier.java,43
hadoop,org.apache.hadoop.yarn.security,AdminACLsManager,4,0,4,4,60,4,0,0,0.0,3,4,/Users/eashraf/hadoop/hadoop-yarn-project/hadoop-yarn/hadoop-yarn-common/src/main/java/org/apache/hadoop/yarn/security/AdminACLsManager.java,33
hadoop,org.apache.hadoop.yarn.security,AMRMTokenSelector,1,0,2,1,22,6,0,0,0.0,0,3,/Users/eashraf/hadoop/hadoop-yarn-project/hadoop-yarn/hadoop-yarn-common/src/main/java/org/apache/hadoop/yarn/security/AMRMTokenSelector.java,32
hadoop,org.apache.hadoop.yarn.security,NMTokenIdentifier,3,1,14,14,73,21,0,0,0.21428571428571427,13,4,/Users/eashraf/hadoop/hadoop-yarn-project/hadoop-yarn/hadoop-yarn-common/src/main/java/org/apache/hadoop/yarn/security/NMTokenIdentifier.java,41
hadoop,org.apache.hadoop.yarn.security,ContainerTokenIdentifier,3,1,21,21,122,32,0,0,0.19047619047619047,26,6,/Users/eashraf/hadoop/hadoop-yarn-project/hadoop-yarn/hadoop-yarn-common/src/main/java/org/apache/hadoop/yarn/security/ContainerTokenIdentifier.java,48
hadoop,org.apache.hadoop.yarn.security,ContainerTokenIdentifier.Renewer,0,0,0,0,5,0,0,0,-1.0,0,0,/Users/eashraf/hadoop/hadoop-yarn-project/hadoop-yarn/hadoop-yarn-common/src/main/java/org/apache/hadoop/yarn/security/ContainerTokenIdentifier.java,191
hadoop,org.apache.hadoop.yarn.security,ContainerTokenSelector,1,0,1,1,17,5,0,0,0.0,0,2,/Users/eashraf/hadoop/hadoop-yarn-project/hadoop-yarn/hadoop-yarn-common/src/main/java/org/apache/hadoop/yarn/security/ContainerTokenSelector.java,32
hadoop,org.apache.hadoop.yarn.security,AccessType,0,0,0,0,4,0,0,0,-1.0,3,0,/Users/eashraf/hadoop/hadoop-yarn-project/hadoop-yarn/hadoop-yarn-common/src/main/java/org/apache/hadoop/yarn/security/AccessType.java,24
hadoop,org.apache.hadoop.yarn.security,NMTokenSelector,1,0,1,1,17,5,0,0,0.0,0,2,/Users/eashraf/hadoop/hadoop-yarn-project/hadoop-yarn/hadoop-yarn-common/src/main/java/org/apache/hadoop/yarn/security/NMTokenSelector.java,30
hadoop,org.apache.hadoop.yarn.security,PrivilegedEntity,2,0,5,5,37,12,0,0,0.0,3,0,/Users/eashraf/hadoop/hadoop-yarn-project/hadoop-yarn/hadoop-yarn-common/src/main/java/org/apache/hadoop/yarn/security/PrivilegedEntity.java,26
hadoop,org.apache.hadoop.yarn.security,PrivilegedEntity.EntityType,0,0,0,0,1,0,0,0,-1.0,0,0,/Users/eashraf/hadoop/hadoop-yarn-project/hadoop-yarn/hadoop-yarn-common/src/main/java/org/apache/hadoop/yarn/security/PrivilegedEntity.java,36
hadoop,org.apache.hadoop.yarn.security,YarnAuthorizationProvider,2,0,6,6,49,7,1,0,0.8333333333333334,7,8,/Users/eashraf/hadoop/hadoop-yarn-project/hadoop-yarn/hadoop-yarn-common/src/main/java/org/apache/hadoop/yarn/security/YarnAuthorizationProvider.java,33
hadoop,org.apache.hadoop.yarn.security,ConfiguredYarnAuthorizer,2,0,6,6,41,10,0,1,0.3333333333333333,1,6,/Users/eashraf/hadoop/hadoop-yarn-project/hadoop-yarn/hadoop-yarn-common/src/main/java/org/apache/hadoop/yarn/security/ConfiguredYarnAuthorizer.java,33
hadoop,org.apache.hadoop.yarn.security,AMRMTokenIdentifier,2,1,12,12,63,17,0,0,0.25,13,3,/Users/eashraf/hadoop/hadoop-yarn-project/hadoop-yarn/hadoop-yarn-common/src/main/java/org/apache/hadoop/yarn/security/AMRMTokenIdentifier.java,40
hadoop,org.apache.hadoop.yarn.security,AMRMTokenIdentifier.Renewer,0,0,0,0,5,0,0,0,-1.0,0,0,/Users/eashraf/hadoop/hadoop-yarn-project/hadoop-yarn/hadoop-yarn-common/src/main/java/org/apache/hadoop/yarn/security/AMRMTokenIdentifier.java,108
hadoop,org.apache.hadoop.yarn.security,SchedulerSecurityInfo,0,0,4,4,19,5,0,0,-1.0,0,1,/Users/eashraf/hadoop/hadoop-yarn-project/hadoop-yarn/hadoop-yarn-common/src/main/java/org/apache/hadoop/yarn/security/SchedulerSecurityInfo.java,33
hadoop,org.apache.hadoop.yarn.security,ContainerManagerSecurityInfo,0,0,4,4,19,5,0,0,-1.0,0,1,/Users/eashraf/hadoop/hadoop-yarn-project/hadoop-yarn/hadoop-yarn-common/src/main/java/org/apache/hadoop/yarn/security/ContainerManagerSecurityInfo.java,33
hadoop,org.apache.hadoop.yarn.webapp,TestWebApp,2,0,16,12,198,19,0,0,0.6875,1,4,/Users/eashraf/hadoop/hadoop-yarn-project/hadoop-yarn/hadoop-yarn-common/src/test/java/org/apache/hadoop/yarn/webapp/TestWebApp.java,48
hadoop,org.apache.hadoop.yarn.webapp,TestWebApp.FooController,1,0,0,0,27,0,0,2,-1.0,0,1,/Users/eashraf/hadoop/hadoop-yarn-project/hadoop-yarn/hadoop-yarn-common/src/test/java/org/apache/hadoop/yarn/webapp/TestWebApp.java,51
hadoop,org.apache.hadoop.yarn.webapp,TestWebApp.FooView,0,0,0,0,5,0,0,0,-1.0,0,0,/Users/eashraf/hadoop/hadoop-yarn-project/hadoop-yarn/hadoop-yarn-common/src/test/java/org/apache/hadoop/yarn/webapp/TestWebApp.java,85
hadoop,org.apache.hadoop.yarn.webapp,TestWebApp.DefaultController,0,0,0,0,6,0,0,2,-1.0,0,0,/Users/eashraf/hadoop/hadoop-yarn-project/hadoop-yarn/hadoop-yarn-common/src/test/java/org/apache/hadoop/yarn/webapp/TestWebApp.java,91
hadoop,org.apache.hadoop.yarn.webapp,TestWebApp.TablesView,0,0,0,0,10,0,0,0,-1.0,0,0,/Users/eashraf/hadoop/hadoop-yarn-project/hadoop-yarn/hadoop-yarn-common/src/test/java/org/apache/hadoop/yarn/webapp/TestWebApp.java,98
hadoop,org.apache.hadoop.yarn.webapp,TestParseRoute,0,0,10,10,34,10,0,0,-1.0,0,1,/Users/eashraf/hadoop/hadoop-yarn-project/hadoop-yarn/hadoop-yarn-common/src/test/java/org/apache/hadoop/yarn/webapp/TestParseRoute.java,28
hadoop,org.apache.hadoop.yarn.webapp,JerseyTestBase,0,0,2,2,16,4,0,0,-1.0,0,0,/Users/eashraf/hadoop/hadoop-yarn-project/hadoop-yarn/hadoop-yarn-common/src/test/java/org/apache/hadoop/yarn/webapp/JerseyTestBase.java,25
hadoop,org.apache.hadoop.yarn.webapp,MyTestWebService,0,0,1,1,9,1,0,0,-1.0,1,0,/Users/eashraf/hadoop/hadoop-yarn-project/hadoop-yarn/hadoop-yarn-common/src/test/java/org/apache/hadoop/yarn/webapp/MyTestWebService.java,31
hadoop,org.apache.hadoop.yarn.webapp,MyTestWebService.MyInfo,0,0,0,0,4,0,0,0,-1.0,0,0,/Users/eashraf/hadoop/hadoop-yarn-project/hadoop-yarn/hadoop-yarn-common/src/test/java/org/apache/hadoop/yarn/webapp/MyTestWebService.java,40
hadoop,org.apache.hadoop.yarn.webapp,WebServicesTestUtils,0,0,9,9,50,13,0,0,-1.0,22,0,/Users/eashraf/hadoop/hadoop-yarn-project/hadoop-yarn/hadoop-yarn-common/src/test/java/org/apache/hadoop/yarn/webapp/WebServicesTestUtils.java,28
hadoop,org.apache.hadoop.yarn.webapp,MyTestJAXBContextResolver,3,0,2,2,12,2,0,0,0.0,1,0,/Users/eashraf/hadoop/hadoop-yarn-project/hadoop-yarn/hadoop-yarn-common/src/test/java/org/apache/hadoop/yarn/webapp/MyTestJAXBContextResolver.java,35
hadoop,org.apache.hadoop.yarn.webapp,TestSubViews,0,0,1,1,26,1,0,0,-1.0,0,1,/Users/eashraf/hadoop/hadoop-yarn-project/hadoop-yarn/hadoop-yarn-common/src/test/java/org/apache/hadoop/yarn/webapp/TestSubViews.java,31
hadoop,org.apache.hadoop.yarn.webapp,TestSubViews.MainView,0,0,0,0,5,0,0,0,-1.0,0,0,/Users/eashraf/hadoop/hadoop-yarn-project/hadoop-yarn/hadoop-yarn-common/src/test/java/org/apache/hadoop/yarn/webapp/TestSubViews.java,33
hadoop,org.apache.hadoop.yarn.webapp,TestSubViews.Sub1,0,0,0,0,5,0,0,0,-1.0,0,0,/Users/eashraf/hadoop/hadoop-yarn-project/hadoop-yarn/hadoop-yarn-common/src/test/java/org/apache/hadoop/yarn/webapp/TestSubViews.java,46
hadoop,org.apache.hadoop.yarn.webapp,TestSubViews.Sub2,0,0,0,0,5,0,0,0,-1.0,0,0,/Users/eashraf/hadoop/hadoop-yarn-project/hadoop-yarn/hadoop-yarn-common/src/test/java/org/apache/hadoop/yarn/webapp/TestSubViews.java,55
hadoop,org.apache.hadoop.yarn.webapp,WebApps,18,3,5,5,247,5,0,0,0.0,13,3,/Users/eashraf/hadoop/hadoop-yarn-project/hadoop-yarn/hadoop-yarn-common/src/main/java/org/apache/hadoop/yarn/webapp/WebApps.java,52
hadoop,org.apache.hadoop.yarn.webapp,WebApps.Builder,17,3,0,0,207,0,0,0,-1.0,0,3,/Users/eashraf/hadoop/hadoop-yarn-project/hadoop-yarn/hadoop-yarn-common/src/main/java/org/apache/hadoop/yarn/webapp/WebApps.java,75
hadoop,org.apache.hadoop.yarn.webapp,WebApps.ServletStruct,3,3,0,0,5,0,0,0,-1.0,0,0,/Users/eashraf/hadoop/hadoop-yarn-project/hadoop-yarn/hadoop-yarn-common/src/main/java/org/apache/hadoop/yarn/webapp/WebApps.java,76
hadoop,org.apache.hadoop.yarn.webapp,ForbiddenException,1,0,3,3,12,3,0,0,1.0,0,0,/Users/eashraf/hadoop/hadoop-yarn-project/hadoop-yarn/hadoop-yarn-common/src/main/java/org/apache/hadoop/yarn/webapp/ForbiddenException.java,27
hadoop,org.apache.hadoop.yarn.webapp,WebApp,14,0,29,15,204,43,0,0,0.20689655172413793,23,5,/Users/eashraf/hadoop/hadoop-yarn-project/hadoop-yarn/hadoop-yarn-common/src/main/java/org/apache/hadoop/yarn/webapp/WebApp.java,47
hadoop,org.apache.hadoop.yarn.webapp,WebApp.HTTP,0,0,0,0,1,0,0,0,-1.0,0,0,/Users/eashraf/hadoop/hadoop-yarn-project/hadoop-yarn/hadoop-yarn-common/src/main/java/org/apache/hadoop/yarn/webapp/WebApp.java,54
hadoop,org.apache.hadoop.yarn.webapp,GenericExceptionHandler,2,1,1,1,59,15,0,0,0.0,26,1,/Users/eashraf/hadoop/hadoop-yarn-project/hadoop-yarn/hadoop-yarn-common/src/main/java/org/apache/hadoop/yarn/webapp/GenericExceptionHandler.java,39
hadoop,org.apache.hadoop.yarn.webapp,Router,12,0,16,0,201,39,0,0,0.125,2,1,/Users/eashraf/hadoop/hadoop-yarn-project/hadoop-yarn/hadoop-yarn-common/src/main/java/org/apache/hadoop/yarn/webapp/Router.java,43
hadoop,org.apache.hadoop.yarn.webapp,Router.Dest,6,0,0,0,15,0,0,0,-1.0,0,1,/Users/eashraf/hadoop/hadoop-yarn-project/hadoop-yarn/hadoop-yarn-common/src/main/java/org/apache/hadoop/yarn/webapp/Router.java,54
hadoop,org.apache.hadoop.yarn.webapp,ResponseInfo,6,4,8,8,55,8,0,0,0.25,10,0,/Users/eashraf/hadoop/hadoop-yarn-project/hadoop-yarn/hadoop-yarn-common/src/main/java/org/apache/hadoop/yarn/webapp/ResponseInfo.java,29
hadoop,org.apache.hadoop.yarn.webapp,ResponseInfo.Item,4,4,0,0,18,0,0,0,-1.0,0,0,/Users/eashraf/hadoop/hadoop-yarn-project/hadoop-yarn/hadoop-yarn-common/src/main/java/org/apache/hadoop/yarn/webapp/ResponseInfo.java,36
hadoop,org.apache.hadoop.yarn.webapp,YarnJacksonJaxbJsonProvider,0,0,3,3,18,3,0,0,-1.0,3,0,/Users/eashraf/hadoop/hadoop-yarn-project/hadoop-yarn/hadoop-yarn-common/src/main/java/org/apache/hadoop/yarn/webapp/YarnJacksonJaxbJsonProvider.java,34
hadoop,org.apache.hadoop.yarn.webapp,BadRequestException,1,0,3,3,12,3,0,0,1.0,0,0,/Users/eashraf/hadoop/hadoop-yarn-project/hadoop-yarn/hadoop-yarn-common/src/main/java/org/apache/hadoop/yarn/webapp/BadRequestException.java,26
hadoop,org.apache.hadoop.yarn.webapp,Params,4,0,0,0,9,0,2,0,-1.0,2,0,/Users/eashraf/hadoop/hadoop-yarn-project/hadoop-yarn/hadoop-yarn-common/src/main/java/org/apache/hadoop/yarn/webapp/Params.java,23
hadoop,org.apache.hadoop.yarn.webapp,RemoteExceptionData,3,0,5,5,24,5,0,0,0.4,1,0,/Users/eashraf/hadoop/hadoop-yarn-project/hadoop-yarn/hadoop-yarn-common/src/main/java/org/apache/hadoop/yarn/webapp/RemoteExceptionData.java,27
hadoop,org.apache.hadoop.yarn.webapp,Controller,14,1,26,21,185,28,2,1,0.15384615384615385,3,2,/Users/eashraf/hadoop/hadoop-yarn-project/hadoop-yarn/hadoop-yarn-common/src/main/java/org/apache/hadoop/yarn/webapp/Controller.java,42
hadoop,org.apache.hadoop.yarn.webapp,Controller.RequestContext,10,0,0,0,58,0,0,0,-1.0,0,0,/Users/eashraf/hadoop/hadoop-yarn-project/hadoop-yarn/hadoop-yarn-common/src/main/java/org/apache/hadoop/yarn/webapp/Controller.java,47
hadoop,org.apache.hadoop.yarn.webapp,WebAppException,1,0,3,3,12,3,0,0,1.0,0,0,/Users/eashraf/hadoop/hadoop-yarn-project/hadoop-yarn/hadoop-yarn-common/src/main/java/org/apache/hadoop/yarn/webapp/WebAppException.java,24
hadoop,org.apache.hadoop.yarn.webapp,View,6,1,26,26,175,32,0,1,0.15384615384615385,2,3,/Users/eashraf/hadoop/hadoop-yarn-project/hadoop-yarn/hadoop-yarn-common/src/main/java/org/apache/hadoop/yarn/webapp/View.java,40
hadoop,org.apache.hadoop.yarn.webapp,View.ViewContext,3,0,0,0,21,0,0,0,-1.0,0,1,/Users/eashraf/hadoop/hadoop-yarn-project/hadoop-yarn/hadoop-yarn-common/src/main/java/org/apache/hadoop/yarn/webapp/View.java,47
hadoop,org.apache.hadoop.yarn.webapp,YarnWebParams,11,0,0,0,13,0,0,0,-1.0,11,0,/Users/eashraf/hadoop/hadoop-yarn-project/hadoop-yarn/hadoop-yarn-common/src/main/java/org/apache/hadoop/yarn/webapp/YarnWebParams.java,23
hadoop,org.apache.hadoop.yarn.webapp,Dispatcher,8,0,12,7,168,32,0,0,0.0,1,6,/Users/eashraf/hadoop/hadoop-yarn-project/hadoop-yarn/hadoop-yarn-common/src/main/java/org/apache/hadoop/yarn/webapp/Dispatcher.java,46
hadoop,org.apache.hadoop.yarn.webapp,NotFoundException,1,0,3,3,12,3,0,0,1.0,0,0,/Users/eashraf/hadoop/hadoop-yarn-project/hadoop-yarn/hadoop-yarn-common/src/main/java/org/apache/hadoop/yarn/webapp/NotFoundException.java,31
hadoop,org.apache.hadoop.yarn.webapp,DefaultWrapperServlet,1,0,2,2,13,2,0,0,1.0,1,0,/Users/eashraf/hadoop/hadoop-yarn-project/hadoop-yarn/hadoop-yarn-common/src/main/java/org/apache/hadoop/yarn/webapp/DefaultWrapperServlet.java,35
hadoop,org.apache.hadoop.yarn.webapp,MimeType,5,5,0,0,7,0,0,0,-1.0,8,0,/Users/eashraf/hadoop/hadoop-yarn-project/hadoop-yarn/hadoop-yarn-common/src/main/java/org/apache/hadoop/yarn/webapp/MimeType.java,23
hadoop,org.apache.hadoop.yarn.webapp,SubView,0,0,1,0,9,1,0,0,-1.0,0,0,/Users/eashraf/hadoop/hadoop-yarn-project/hadoop-yarn/hadoop-yarn-common/src/main/java/org/apache/hadoop/yarn/webapp/SubView.java,23
hadoop,org.apache.hadoop.yarn.webapp,ToJSON,0,0,1,0,6,1,0,0,-1.0,0,0,/Users/eashraf/hadoop/hadoop-yarn-project/hadoop-yarn/hadoop-yarn-common/src/main/java/org/apache/hadoop/yarn/webapp/ToJSON.java,25
hadoop,org.apache.hadoop.yarn.webapp.test,TestWebAppTests,1,0,6,4,53,6,0,0,0.6666666666666666,0,1,/Users/eashraf/hadoop/hadoop-yarn-project/hadoop-yarn/hadoop-yarn-common/src/test/java/org/apache/hadoop/yarn/webapp/test/TestWebAppTests.java,34
hadoop,org.apache.hadoop.yarn.webapp.test,TestWebAppTests.Foo,0,0,0,0,2,0,0,0,-1.0,0,0,/Users/eashraf/hadoop/hadoop-yarn-project/hadoop-yarn/hadoop-yarn-common/src/test/java/org/apache/hadoop/yarn/webapp/test/TestWebAppTests.java,55
hadoop,org.apache.hadoop.yarn.webapp.test,TestWebAppTests.Bar,0,0,0,0,2,0,0,0,-1.0,0,0,/Users/eashraf/hadoop/hadoop-yarn-project/hadoop-yarn/hadoop-yarn-common/src/test/java/org/apache/hadoop/yarn/webapp/test/TestWebAppTests.java,58
hadoop,org.apache.hadoop.yarn.webapp.test,TestWebAppTests.FooBar,0,0,0,0,2,0,0,0,-1.0,0,0,/Users/eashraf/hadoop/hadoop-yarn-project/hadoop-yarn/hadoop-yarn-common/src/test/java/org/apache/hadoop/yarn/webapp/test/TestWebAppTests.java,61
hadoop,org.apache.hadoop.yarn.webapp.test,TestWebAppTests.ScopeTest,0,0,0,0,2,0,0,0,-1.0,0,0,/Users/eashraf/hadoop/hadoop-yarn-project/hadoop-yarn/hadoop-yarn-common/src/test/java/org/apache/hadoop/yarn/webapp/test/TestWebAppTests.java,86
hadoop,org.apache.hadoop.yarn.webapp.test,WebAppTests,3,0,17,11,114,25,0,0,0.6470588235294118,16,1,/Users/eashraf/hadoop/hadoop-yarn-project/hadoop-yarn/hadoop-yarn-common/src/test/java/org/apache/hadoop/yarn/webapp/test/WebAppTests.java,46
hadoop,org.apache.hadoop.yarn.webapp.util,TestWebAppUtils,3,3,3,2,67,3,0,0,0.0,0,6,/Users/eashraf/hadoop/hadoop-yarn-project/hadoop-yarn/hadoop-yarn-common/src/test/java/org/apache/hadoop/yarn/webapp/util/TestWebAppUtils.java,36
hadoop,org.apache.hadoop.yarn.webapp.util,TestWebAppUtils.TestBuilder,3,3,0,0,17,0,0,0,-1.0,0,0,/Users/eashraf/hadoop/hadoop-yarn-project/hadoop-yarn/hadoop-yarn-common/src/test/java/org/apache/hadoop/yarn/webapp/util/TestWebAppUtils.java,127
hadoop,org.apache.hadoop.yarn.webapp.util,WebAppUtils,5,5,21,19,217,41,0,0,0.42857142857142855,29,6,/Users/eashraf/hadoop/hadoop-yarn-project/hadoop-yarn/hadoop-yarn-common/src/main/java/org/apache/hadoop/yarn/webapp/util/WebAppUtils.java,40
hadoop,org.apache.hadoop.yarn.webapp.view,TestHtmlBlock,0,0,3,3,29,3,0,0,-1.0,0,1,/Users/eashraf/hadoop/hadoop-yarn-project/hadoop-yarn/hadoop-yarn-common/src/test/java/org/apache/hadoop/yarn/webapp/view/TestHtmlBlock.java,33
hadoop,org.apache.hadoop.yarn.webapp.view,TestHtmlBlock.TestBlock,0,0,0,0,5,0,0,2,-1.0,0,0,/Users/eashraf/hadoop/hadoop-yarn-project/hadoop-yarn/hadoop-yarn-common/src/test/java/org/apache/hadoop/yarn/webapp/view/TestHtmlBlock.java,34
hadoop,org.apache.hadoop.yarn.webapp.view,TestHtmlBlock.ShortBlock,0,0,0,0,5,0,0,2,-1.0,0,0,/Users/eashraf/hadoop/hadoop-yarn-project/hadoop-yarn/hadoop-yarn-common/src/test/java/org/apache/hadoop/yarn/webapp/view/TestHtmlBlock.java,42
hadoop,org.apache.hadoop.yarn.webapp.view,TestHtmlBlock.ShortPage,0,0,0,0,5,0,0,2,-1.0,0,0,/Users/eashraf/hadoop/hadoop-yarn-project/hadoop-yarn/hadoop-yarn-common/src/test/java/org/apache/hadoop/yarn/webapp/view/TestHtmlBlock.java,50
hadoop,org.apache.hadoop.yarn.webapp.view,TestInfoBlock,6,2,3,3,58,3,0,0,0.0,2,2,/Users/eashraf/hadoop/hadoop-yarn-project/hadoop-yarn/hadoop-yarn-common/src/test/java/org/apache/hadoop/yarn/webapp/view/TestInfoBlock.java,32
hadoop,org.apache.hadoop.yarn.webapp.view,TestInfoBlock.JavaScriptInfoBlock,1,0,0,0,16,0,0,3,-1.0,0,2,/Users/eashraf/hadoop/hadoop-yarn-project/hadoop-yarn/hadoop-yarn-common/src/test/java/org/apache/hadoop/yarn/webapp/view/TestInfoBlock.java,42
hadoop,org.apache.hadoop.yarn.webapp.view,TestInfoBlock.MultilineInfoBlock,1,0,0,0,17,0,0,3,-1.0,0,2,/Users/eashraf/hadoop/hadoop-yarn-project/hadoop-yarn/hadoop-yarn-common/src/test/java/org/apache/hadoop/yarn/webapp/view/TestInfoBlock.java,65
hadoop,org.apache.hadoop.yarn.webapp.view,TestHtmlPage,0,0,2,2,26,2,0,0,-1.0,0,2,/Users/eashraf/hadoop/hadoop-yarn-project/hadoop-yarn/hadoop-yarn-common/src/test/java/org/apache/hadoop/yarn/webapp/view/TestHtmlPage.java,33
hadoop,org.apache.hadoop.yarn.webapp.view,TestHtmlPage.TestView,0,0,0,0,5,0,0,2,-1.0,0,0,/Users/eashraf/hadoop/hadoop-yarn-project/hadoop-yarn/hadoop-yarn-common/src/test/java/org/apache/hadoop/yarn/webapp/view/TestHtmlPage.java,35
hadoop,org.apache.hadoop.yarn.webapp.view,TestHtmlPage.ShortView,0,0,0,0,5,0,0,2,-1.0,0,0,/Users/eashraf/hadoop/hadoop-yarn-project/hadoop-yarn/hadoop-yarn-common/src/test/java/org/apache/hadoop/yarn/webapp/view/TestHtmlPage.java,44
hadoop,org.apache.hadoop.yarn.webapp.view,TestCommonViews,0,0,5,5,18,5,0,0,-1.0,0,6,/Users/eashraf/hadoop/hadoop-yarn-project/hadoop-yarn/hadoop-yarn-common/src/test/java/org/apache/hadoop/yarn/webapp/view/TestCommonViews.java,33
hadoop,org.apache.hadoop.yarn.webapp.view,TestTwoColumnCssPage,0,0,2,2,31,2,0,0,-1.0,0,3,/Users/eashraf/hadoop/hadoop-yarn-project/hadoop-yarn/hadoop-yarn-common/src/test/java/org/apache/hadoop/yarn/webapp/view/TestTwoColumnCssPage.java,29
hadoop,org.apache.hadoop.yarn.webapp.view,TestTwoColumnCssPage.TestController,0,0,0,0,18,0,0,0,-1.0,0,0,/Users/eashraf/hadoop/hadoop-yarn-project/hadoop-yarn/hadoop-yarn-common/src/test/java/org/apache/hadoop/yarn/webapp/view/TestTwoColumnCssPage.java,31
hadoop,org.apache.hadoop.yarn.webapp.view,TestTwoColumnCssPage.TestView,0,0,0,0,5,0,0,2,-1.0,0,0,/Users/eashraf/hadoop/hadoop-yarn-project/hadoop-yarn/hadoop-yarn-common/src/test/java/org/apache/hadoop/yarn/webapp/view/TestTwoColumnCssPage.java,53
hadoop,org.apache.hadoop.yarn.webapp.view,TestTwoColumnLayout,0,0,2,2,15,2,0,0,-1.0,0,3,/Users/eashraf/hadoop/hadoop-yarn-project/hadoop-yarn/hadoop-yarn-common/src/test/java/org/apache/hadoop/yarn/webapp/view/TestTwoColumnLayout.java,26
hadoop,org.apache.hadoop.yarn.webapp.view,TestTwoColumnLayout.TestController,0,0,0,0,7,0,0,0,-1.0,0,0,/Users/eashraf/hadoop/hadoop-yarn-project/hadoop-yarn/hadoop-yarn-common/src/test/java/org/apache/hadoop/yarn/webapp/view/TestTwoColumnLayout.java,28
hadoop,org.apache.hadoop.yarn.webapp.view,HtmlBlockForTest,0,0,1,0,5,1,0,2,-1.0,0,0,/Users/eashraf/hadoop/hadoop-yarn-project/hadoop-yarn/hadoop-yarn-common/src/test/java/org/apache/hadoop/yarn/webapp/view/HtmlBlockForTest.java,21
hadoop,org.apache.hadoop.yarn.webapp.view,BlockForTest,0,0,1,1,5,1,0,2,-1.0,0,1,/Users/eashraf/hadoop/hadoop-yarn-project/hadoop-yarn/hadoop-yarn-common/src/test/java/org/apache/hadoop/yarn/webapp/view/BlockForTest.java,23
hadoop,org.apache.hadoop.yarn.webapp.view,LipsumBlock,0,0,1,1,5,1,0,2,-1.0,0,0,/Users/eashraf/hadoop/hadoop-yarn-project/hadoop-yarn/hadoop-yarn-common/src/main/java/org/apache/hadoop/yarn/webapp/view/LipsumBlock.java,23
hadoop,org.apache.hadoop.yarn.webapp.view,JQueryUI,21,21,10,5,122,28,0,2,0.3,4,1,/Users/eashraf/hadoop/hadoop-yarn-project/hadoop-yarn/hadoop-yarn-common/src/main/java/org/apache/hadoop/yarn/webapp/view/JQueryUI.java,33
hadoop,org.apache.hadoop.yarn.webapp.view,Html,1,0,1,1,9,1,0,0,0.0,1,0,/Users/eashraf/hadoop/hadoop-yarn-project/hadoop-yarn/hadoop-yarn-common/src/main/java/org/apache/hadoop/yarn/webapp/view/Html.java,25
hadoop,org.apache.hadoop.yarn.webapp.view,TwoColumnLayout,0,0,8,0,66,9,0,2,-1.0,1,1,/Users/eashraf/hadoop/hadoop-yarn-project/hadoop-yarn/hadoop-yarn-common/src/main/java/org/apache/hadoop/yarn/webapp/view/TwoColumnLayout.java,30
hadoop,org.apache.hadoop.yarn.webapp.view,TextView,1,0,4,3,29,5,3,0,0.0,0,0,/Users/eashraf/hadoop/hadoop-yarn-project/hadoop-yarn/hadoop-yarn-common/src/main/java/org/apache/hadoop/yarn/webapp/view/TextView.java,26
hadoop,org.apache.hadoop.yarn.webapp.view,HeaderBlock,0,0,1,0,9,2,0,2,-1.0,1,0,/Users/eashraf/hadoop/hadoop-yarn-project/hadoop-yarn/hadoop-yarn-common/src/main/java/org/apache/hadoop/yarn/webapp/view/HeaderBlock.java,23
hadoop,org.apache.hadoop.yarn.webapp.view,DefaultPage,1,0,1,1,32,5,0,2,0.0,0,0,/Users/eashraf/hadoop/hadoop-yarn-project/hadoop-yarn/hadoop-yarn-common/src/main/java/org/apache/hadoop/yarn/webapp/view/DefaultPage.java,28
hadoop,org.apache.hadoop.yarn.webapp.view,InfoBlock,1,0,2,0,40,7,2,2,0.0,7,1,/Users/eashraf/hadoop/hadoop-yarn-project/hadoop-yarn/hadoop-yarn-common/src/main/java/org/apache/hadoop/yarn/webapp/view/InfoBlock.java,37
hadoop,org.apache.hadoop.yarn.webapp.view,HtmlBlock,1,0,7,2,50,10,11,1,0.5714285714285714,3,2,/Users/eashraf/hadoop/hadoop-yarn-project/hadoop-yarn/hadoop-yarn-common/src/main/java/org/apache/hadoop/yarn/webapp/view/HtmlBlock.java,30
hadoop,org.apache.hadoop.yarn.webapp.view,HtmlBlock.Block,0,0,0,0,10,0,0,0,-1.0,0,0,/Users/eashraf/hadoop/hadoop-yarn-project/hadoop-yarn/hadoop-yarn-common/src/main/java/org/apache/hadoop/yarn/webapp/view/HtmlBlock.java,33
hadoop,org.apache.hadoop.yarn.webapp.view,HtmlPage,2,1,5,1,46,7,7,1,0.8,1,1,/Users/eashraf/hadoop/hadoop-yarn-project/hadoop-yarn/hadoop-yarn-common/src/main/java/org/apache/hadoop/yarn/webapp/view/HtmlPage.java,30
hadoop,org.apache.hadoop.yarn.webapp.view,HtmlPage._,0,0,0,0,2,0,0,0,-1.0,0,0,/Users/eashraf/hadoop/hadoop-yarn-project/hadoop-yarn/hadoop-yarn-common/src/main/java/org/apache/hadoop/yarn/webapp/view/HtmlPage.java,38
hadoop,org.apache.hadoop.yarn.webapp.view,HtmlPage.Page,0,0,0,0,13,0,0,0,-1.0,0,1,/Users/eashraf/hadoop/hadoop-yarn-project/hadoop-yarn/hadoop-yarn-common/src/main/java/org/apache/hadoop/yarn/webapp/view/HtmlPage.java,41
hadoop,org.apache.hadoop.yarn.webapp.view,TwoColumnCssLayout,0,0,7,0,29,7,0,2,-1.0,1,1,/Users/eashraf/hadoop/hadoop-yarn-project/hadoop-yarn/hadoop-yarn-common/src/main/java/org/apache/hadoop/yarn/webapp/view/TwoColumnCssLayout.java,24
hadoop,org.apache.hadoop.yarn.webapp.view,FooterBlock,0,0,1,0,5,1,0,2,-1.0,1,0,/Users/eashraf/hadoop/hadoop-yarn-project/hadoop-yarn/hadoop-yarn-common/src/main/java/org/apache/hadoop/yarn/webapp/view/FooterBlock.java,23
hadoop,org.apache.hadoop.yarn.webapp.view,TextPage,0,0,2,0,8,2,1,1,-1.0,0,1,/Users/eashraf/hadoop/hadoop-yarn-project/hadoop-yarn/hadoop-yarn-common/src/main/java/org/apache/hadoop/yarn/webapp/view/TextPage.java,24
hadoop,org.apache.hadoop.yarn.webapp.view,ErrorPage,0,0,3,1,24,5,0,2,-1.0,2,1,/Users/eashraf/hadoop/hadoop-yarn-project/hadoop-yarn/hadoop-yarn-common/src/main/java/org/apache/hadoop/yarn/webapp/view/ErrorPage.java,26
hadoop,org.apache.hadoop.yarn.webapp.view,NavBlock,0,0,1,0,5,1,0,2,-1.0,0,0,/Users/eashraf/hadoop/hadoop-yarn-project/hadoop-yarn/hadoop-yarn-common/src/main/java/org/apache/hadoop/yarn/webapp/view/NavBlock.java,23
hadoop,org.apache.hadoop.yarn.webapp.view,BlockForTest,0,0,1,1,8,1,0,2,-1.0,0,1,/Users/eashraf/hadoop/hadoop-mapreduce-project/hadoop-mapreduce-client/hadoop-mapreduce-client-app/src/test/java/org/apache/hadoop/yarn/webapp/view/BlockForTest.java,23
hadoop,org.apache.hadoop.yarn.webapp.log,AggregatedLogsBlockForTest,2,0,5,5,19,5,0,1,0.8,1,1,/Users/eashraf/hadoop/hadoop-yarn-project/hadoop-yarn/hadoop-yarn-common/src/test/java/org/apache/hadoop/yarn/webapp/log/AggregatedLogsBlockForTest.java,28
hadoop,org.apache.hadoop.yarn.webapp.log,AggregatedLogsPage,0,0,3,0,20,5,0,0,-1.0,3,0,/Users/eashraf/hadoop/hadoop-yarn-project/hadoop-yarn/hadoop-yarn-common/src/main/java/org/apache/hadoop/yarn/webapp/log/AggregatedLogsPage.java,33
hadoop,org.apache.hadoop.yarn.webapp.log,AggregatedLogsBlock,3,0,7,0,227,32,1,0,0.0,0,16,/Users/eashraf/hadoop/hadoop-yarn-project/hadoop-yarn/hadoop-yarn-common/src/main/java/org/apache/hadoop/yarn/webapp/log/AggregatedLogsBlock.java,54
hadoop,org.apache.hadoop.yarn.webapp.log,AggregatedLogsBlock.LogLimits,2,0,0,0,4,0,0,0,-1.0,0,0,/Users/eashraf/hadoop/hadoop-yarn-project/hadoop-yarn/hadoop-yarn-common/src/main/java/org/apache/hadoop/yarn/webapp/log/AggregatedLogsBlock.java,310
hadoop,org.apache.hadoop.yarn.webapp.log,AggregatedLogsNavBlock,0,0,1,0,5,1,0,0,-1.0,0,0,/Users/eashraf/hadoop/hadoop-yarn-project/hadoop-yarn/hadoop-yarn-common/src/main/java/org/apache/hadoop/yarn/webapp/log/AggregatedLogsNavBlock.java,24
hadoop,org.apache.hadoop.yarn.webapp.hamlet,TestParseSelector,0,0,5,5,25,5,0,0,-1.0,0,0,/Users/eashraf/hadoop/hadoop-yarn-project/hadoop-yarn/hadoop-yarn-common/src/test/java/org/apache/hadoop/yarn/webapp/hamlet/TestParseSelector.java,28
hadoop,org.apache.hadoop.yarn.webapp.hamlet,TestHamlet,0,0,7,6,90,8,0,0,-1.0,0,1,/Users/eashraf/hadoop/hadoop-yarn-project/hadoop-yarn/hadoop-yarn-common/src/test/java/org/apache/hadoop/yarn/webapp/hamlet/TestHamlet.java,32
hadoop,org.apache.hadoop.yarn.webapp.hamlet,TestHamlet.TestView1,0,0,0,0,4,0,0,0,-1.0,0,0,/Users/eashraf/hadoop/hadoop-yarn-project/hadoop-yarn/hadoop-yarn-common/src/test/java/org/apache/hadoop/yarn/webapp/hamlet/TestHamlet.java,141
hadoop,org.apache.hadoop.yarn.webapp.hamlet,TestHamlet.TestView2,0,0,0,0,4,0,0,0,-1.0,0,0,/Users/eashraf/hadoop/hadoop-yarn-project/hadoop-yarn/hadoop-yarn-common/src/test/java/org/apache/hadoop/yarn/webapp/hamlet/TestHamlet.java,145
hadoop,org.apache.hadoop.yarn.webapp.hamlet,TestHamletImpl,0,0,4,4,50,4,0,0,-1.0,0,1,/Users/eashraf/hadoop/hadoop-yarn-project/hadoop-yarn/hadoop-yarn-common/src/test/java/org/apache/hadoop/yarn/webapp/hamlet/TestHamletImpl.java,29
hadoop,org.apache.hadoop.yarn.webapp.hamlet,HamletImpl,16,0,16,11,296,30,1,1,0.25,1,0,/Users/eashraf/hadoop/hadoop-yarn-project/hadoop-yarn/hadoop-yarn-common/src/main/java/org/apache/hadoop/yarn/webapp/hamlet/HamletImpl.java,39
hadoop,org.apache.hadoop.yarn.webapp.hamlet,HamletImpl.EOpt,0,0,0,0,13,0,0,0,-1.0,0,0,/Users/eashraf/hadoop/hadoop-yarn-project/hadoop-yarn/hadoop-yarn-common/src/main/java/org/apache/hadoop/yarn/webapp/hamlet/HamletImpl.java,63
hadoop,org.apache.hadoop.yarn.webapp.hamlet,HamletImpl.EImp,5,0,0,0,93,0,0,0,-1.0,0,0,/Users/eashraf/hadoop/hadoop-yarn-project/hadoop-yarn/hadoop-yarn-common/src/main/java/org/apache/hadoop/yarn/webapp/hamlet/HamletImpl.java,75
hadoop,org.apache.hadoop.yarn.webapp.hamlet,HamletImpl.Generic,0,0,0,0,36,0,0,0,-1.0,0,0,/Users/eashraf/hadoop/hadoop-yarn-project/hadoop-yarn/hadoop-yarn-common/src/main/java/org/apache/hadoop/yarn/webapp/hamlet/HamletImpl.java,184
hadoop,org.apache.hadoop.yarn.webapp.hamlet,HamletGen,10,0,20,2,324,75,0,0,0.0,0,3,/Users/eashraf/hadoop/hadoop-yarn-project/hadoop-yarn/hadoop-yarn-common/src/main/java/org/apache/hadoop/yarn/webapp/hamlet/HamletGen.java,43
hadoop,org.apache.hadoop.yarn.webapp.hamlet,HamletSpec,0,0,0,0,2569,0,76,0,-1.0,76,0,/Users/eashraf/hadoop/hadoop-yarn-project/hadoop-yarn/hadoop-yarn-common/src/main/java/org/apache/hadoop/yarn/webapp/hamlet/HamletSpec.java,27
hadoop,org.apache.hadoop.yarn.webapp.hamlet,HamletSpec.Shape,0,0,0,0,16,0,0,0,-1.0,0,0,/Users/eashraf/hadoop/hadoop-yarn-project/hadoop-yarn/hadoop-yarn-common/src/main/java/org/apache/hadoop/yarn/webapp/hamlet/HamletSpec.java,53
hadoop,org.apache.hadoop.yarn.webapp.hamlet,HamletSpec.Dir,0,0,0,0,10,0,0,0,-1.0,0,0,/Users/eashraf/hadoop/hadoop-yarn-project/hadoop-yarn/hadoop-yarn-common/src/main/java/org/apache/hadoop/yarn/webapp/hamlet/HamletSpec.java,73
hadoop,org.apache.hadoop.yarn.webapp.hamlet,HamletSpec.Media,0,0,0,0,31,0,0,0,-1.0,0,0,/Users/eashraf/hadoop/hadoop-yarn-project/hadoop-yarn/hadoop-yarn-common/src/main/java/org/apache/hadoop/yarn/webapp/hamlet/HamletSpec.java,85
hadoop,org.apache.hadoop.yarn.webapp.hamlet,HamletSpec.LinkType,0,0,0,0,34,0,0,0,-1.0,0,0,/Users/eashraf/hadoop/hadoop-yarn-project/hadoop-yarn/hadoop-yarn-common/src/main/java/org/apache/hadoop/yarn/webapp/hamlet/HamletSpec.java,125
hadoop,org.apache.hadoop.yarn.webapp.hamlet,HamletSpec.Method,0,0,0,0,10,0,0,0,-1.0,0,0,/Users/eashraf/hadoop/hadoop-yarn-project/hadoop-yarn/hadoop-yarn-common/src/main/java/org/apache/hadoop/yarn/webapp/hamlet/HamletSpec.java,189
hadoop,org.apache.hadoop.yarn.webapp.hamlet,HamletSpec.InputType,0,0,0,0,24,0,0,0,-1.0,0,0,/Users/eashraf/hadoop/hadoop-yarn-project/hadoop-yarn/hadoop-yarn-common/src/main/java/org/apache/hadoop/yarn/webapp/hamlet/HamletSpec.java,201
hadoop,org.apache.hadoop.yarn.webapp.hamlet,HamletSpec.ButtonType,0,0,0,0,10,0,0,0,-1.0,0,0,/Users/eashraf/hadoop/hadoop-yarn-project/hadoop-yarn/hadoop-yarn-common/src/main/java/org/apache/hadoop/yarn/webapp/hamlet/HamletSpec.java,245
hadoop,org.apache.hadoop.yarn.webapp.hamlet,HamletSpec.Scope,0,0,0,0,12,0,0,0,-1.0,0,0,/Users/eashraf/hadoop/hadoop-yarn-project/hadoop-yarn/hadoop-yarn-common/src/main/java/org/apache/hadoop/yarn/webapp/hamlet/HamletSpec.java,261
hadoop,org.apache.hadoop.yarn.webapp.hamlet,HamletSpec._,0,0,0,0,4,0,0,0,-1.0,0,0,/Users/eashraf/hadoop/hadoop-yarn-project/hadoop-yarn/hadoop-yarn-common/src/main/java/org/apache/hadoop/yarn/webapp/hamlet/HamletSpec.java,301
hadoop,org.apache.hadoop.yarn.webapp.hamlet,HamletSpec._Child,0,0,0,0,9,0,0,0,-1.0,0,0,/Users/eashraf/hadoop/hadoop-yarn-project/hadoop-yarn/hadoop-yarn-common/src/main/java/org/apache/hadoop/yarn/webapp/hamlet/HamletSpec.java,306
hadoop,org.apache.hadoop.yarn.webapp.hamlet,HamletSpec._Script,0,0,0,0,15,0,0,0,-1.0,0,0,/Users/eashraf/hadoop/hadoop-yarn-project/hadoop-yarn/hadoop-yarn-common/src/main/java/org/apache/hadoop/yarn/webapp/hamlet/HamletSpec.java,317
hadoop,org.apache.hadoop.yarn.webapp.hamlet,HamletSpec._Object,0,0,0,0,15,0,0,0,-1.0,0,0,/Users/eashraf/hadoop/hadoop-yarn-project/hadoop-yarn/hadoop-yarn-common/src/main/java/org/apache/hadoop/yarn/webapp/hamlet/HamletSpec.java,335
hadoop,org.apache.hadoop.yarn.webapp.hamlet,HamletSpec.HeadMisc,0,0,0,0,46,0,0,0,-1.0,0,0,/Users/eashraf/hadoop/hadoop-yarn-project/hadoop-yarn/hadoop-yarn-common/src/main/java/org/apache/hadoop/yarn/webapp/hamlet/HamletSpec.java,353
hadoop,org.apache.hadoop.yarn.webapp.hamlet,HamletSpec.Heading,0,0,0,0,113,0,0,0,-1.0,0,0,/Users/eashraf/hadoop/hadoop-yarn-project/hadoop-yarn/hadoop-yarn-common/src/main/java/org/apache/hadoop/yarn/webapp/hamlet/HamletSpec.java,411
hadoop,org.apache.hadoop.yarn.webapp.hamlet,HamletSpec.Listing,0,0,0,0,27,0,0,0,-1.0,0,0,/Users/eashraf/hadoop/hadoop-yarn-project/hadoop-yarn/hadoop-yarn-common/src/main/java/org/apache/hadoop/yarn/webapp/hamlet/HamletSpec.java,540
hadoop,org.apache.hadoop.yarn.webapp.hamlet,HamletSpec.Preformatted,0,0,0,0,16,0,0,0,-1.0,0,0,/Users/eashraf/hadoop/hadoop-yarn-project/hadoop-yarn/hadoop-yarn-common/src/main/java/org/apache/hadoop/yarn/webapp/hamlet/HamletSpec.java,570
hadoop,org.apache.hadoop.yarn.webapp.hamlet,HamletSpec.CoreAttrs,0,0,0,0,29,0,0,0,-1.0,0,0,/Users/eashraf/hadoop/hadoop-yarn-project/hadoop-yarn/hadoop-yarn-common/src/main/java/org/apache/hadoop/yarn/webapp/hamlet/HamletSpec.java,587
hadoop,org.apache.hadoop.yarn.webapp.hamlet,HamletSpec.I18nAttrs,0,0,0,0,17,0,0,0,-1.0,0,0,/Users/eashraf/hadoop/hadoop-yarn-project/hadoop-yarn/hadoop-yarn-common/src/main/java/org/apache/hadoop/yarn/webapp/hamlet/HamletSpec.java,614
hadoop,org.apache.hadoop.yarn.webapp.hamlet,HamletSpec.EventsAttrs,0,0,0,0,65,0,0,0,-1.0,0,0,/Users/eashraf/hadoop/hadoop-yarn-project/hadoop-yarn/hadoop-yarn-common/src/main/java/org/apache/hadoop/yarn/webapp/hamlet/HamletSpec.java,629
hadoop,org.apache.hadoop.yarn.webapp.hamlet,HamletSpec.Attrs,0,0,0,0,5,0,0,0,-1.0,0,0,/Users/eashraf/hadoop/hadoop-yarn-project/hadoop-yarn/hadoop-yarn-common/src/main/java/org/apache/hadoop/yarn/webapp/hamlet/HamletSpec.java,693
hadoop,org.apache.hadoop.yarn.webapp.hamlet,HamletSpec._FontSize,0,0,0,0,23,0,0,0,-1.0,0,0,/Users/eashraf/hadoop/hadoop-yarn-project/hadoop-yarn/hadoop-yarn-common/src/main/java/org/apache/hadoop/yarn/webapp/hamlet/HamletSpec.java,697
hadoop,org.apache.hadoop.yarn.webapp.hamlet,HamletSpec._FontStyle,0,0,0,0,41,0,0,0,-1.0,0,0,/Users/eashraf/hadoop/hadoop-yarn-project/hadoop-yarn/hadoop-yarn-common/src/main/java/org/apache/hadoop/yarn/webapp/hamlet/HamletSpec.java,725
hadoop,org.apache.hadoop.yarn.webapp.hamlet,HamletSpec.FontStyle,0,0,0,0,5,0,0,0,-1.0,0,0,/Users/eashraf/hadoop/hadoop-yarn-project/hadoop-yarn/hadoop-yarn-common/src/main/java/org/apache/hadoop/yarn/webapp/hamlet/HamletSpec.java,772
hadoop,org.apache.hadoop.yarn.webapp.hamlet,HamletSpec.Phrase,0,0,0,0,167,0,0,0,-1.0,0,0,/Users/eashraf/hadoop/hadoop-yarn-project/hadoop-yarn/hadoop-yarn-common/src/main/java/org/apache/hadoop/yarn/webapp/hamlet/HamletSpec.java,776
hadoop,org.apache.hadoop.yarn.webapp.hamlet,HamletSpec._ImgObject,0,0,0,0,16,0,0,0,-1.0,0,0,/Users/eashraf/hadoop/hadoop-yarn-project/hadoop-yarn/hadoop-yarn-common/src/main/java/org/apache/hadoop/yarn/webapp/hamlet/HamletSpec.java,971
hadoop,org.apache.hadoop.yarn.webapp.hamlet,HamletSpec._SubSup,0,0,0,0,41,0,0,0,-1.0,0,0,/Users/eashraf/hadoop/hadoop-yarn-project/hadoop-yarn/hadoop-yarn-common/src/main/java/org/apache/hadoop/yarn/webapp/hamlet/HamletSpec.java,988
hadoop,org.apache.hadoop.yarn.webapp.hamlet,HamletSpec._Anchor,0,0,0,0,30,0,0,0,-1.0,0,0,/Users/eashraf/hadoop/hadoop-yarn-project/hadoop-yarn/hadoop-yarn-common/src/main/java/org/apache/hadoop/yarn/webapp/hamlet/HamletSpec.java,1034
hadoop,org.apache.hadoop.yarn.webapp.hamlet,HamletSpec._InsDel,0,0,0,0,27,0,0,0,-1.0,0,0,/Users/eashraf/hadoop/hadoop-yarn-project/hadoop-yarn/hadoop-yarn-common/src/main/java/org/apache/hadoop/yarn/webapp/hamlet/HamletSpec.java,1068
hadoop,org.apache.hadoop.yarn.webapp.hamlet,HamletSpec._Special,0,0,0,0,75,0,0,0,-1.0,0,0,/Users/eashraf/hadoop/hadoop-yarn-project/hadoop-yarn/hadoop-yarn-common/src/main/java/org/apache/hadoop/yarn/webapp/hamlet/HamletSpec.java,1104
hadoop,org.apache.hadoop.yarn.webapp.hamlet,HamletSpec.Special,0,0,0,0,5,0,0,0,-1.0,0,0,/Users/eashraf/hadoop/hadoop-yarn-project/hadoop-yarn/hadoop-yarn-common/src/main/java/org/apache/hadoop/yarn/webapp/hamlet/HamletSpec.java,1190
hadoop,org.apache.hadoop.yarn.webapp.hamlet,HamletSpec._Label,0,0,0,0,16,0,0,0,-1.0,0,0,/Users/eashraf/hadoop/hadoop-yarn-project/hadoop-yarn/hadoop-yarn-common/src/main/java/org/apache/hadoop/yarn/webapp/hamlet/HamletSpec.java,1194
hadoop,org.apache.hadoop.yarn.webapp.hamlet,HamletSpec._FormCtrl,0,0,0,0,62,0,0,0,-1.0,0,0,/Users/eashraf/hadoop/hadoop-yarn-project/hadoop-yarn/hadoop-yarn-common/src/main/java/org/apache/hadoop/yarn/webapp/hamlet/HamletSpec.java,1215
hadoop,org.apache.hadoop.yarn.webapp.hamlet,HamletSpec.FormCtrl,0,0,0,0,5,0,0,0,-1.0,0,0,/Users/eashraf/hadoop/hadoop-yarn-project/hadoop-yarn/hadoop-yarn-common/src/main/java/org/apache/hadoop/yarn/webapp/hamlet/HamletSpec.java,1289
hadoop,org.apache.hadoop.yarn.webapp.hamlet,HamletSpec._Content,0,0,0,0,10,0,0,0,-1.0,0,0,/Users/eashraf/hadoop/hadoop-yarn-project/hadoop-yarn/hadoop-yarn-common/src/main/java/org/apache/hadoop/yarn/webapp/hamlet/HamletSpec.java,1293
hadoop,org.apache.hadoop.yarn.webapp.hamlet,HamletSpec._RawContent,0,0,0,0,10,0,0,0,-1.0,0,0,/Users/eashraf/hadoop/hadoop-yarn-project/hadoop-yarn/hadoop-yarn-common/src/main/java/org/apache/hadoop/yarn/webapp/hamlet/HamletSpec.java,1305
hadoop,org.apache.hadoop.yarn.webapp.hamlet,HamletSpec.PCData,0,0,0,0,5,0,0,0,-1.0,0,0,/Users/eashraf/hadoop/hadoop-yarn-project/hadoop-yarn/hadoop-yarn-common/src/main/java/org/apache/hadoop/yarn/webapp/hamlet/HamletSpec.java,1317
hadoop,org.apache.hadoop.yarn.webapp.hamlet,HamletSpec.Inline,0,0,0,0,5,0,0,0,-1.0,0,0,/Users/eashraf/hadoop/hadoop-yarn-project/hadoop-yarn/hadoop-yarn-common/src/main/java/org/apache/hadoop/yarn/webapp/hamlet/HamletSpec.java,1321
hadoop,org.apache.hadoop.yarn.webapp.hamlet,HamletSpec.I,0,0,0,0,4,0,0,0,-1.0,0,0,/Users/eashraf/hadoop/hadoop-yarn-project/hadoop-yarn/hadoop-yarn-common/src/main/java/org/apache/hadoop/yarn/webapp/hamlet/HamletSpec.java,1325
hadoop,org.apache.hadoop.yarn.webapp.hamlet,HamletSpec.B,0,0,0,0,4,0,0,0,-1.0,0,0,/Users/eashraf/hadoop/hadoop-yarn-project/hadoop-yarn/hadoop-yarn-common/src/main/java/org/apache/hadoop/yarn/webapp/hamlet/HamletSpec.java,1331
hadoop,org.apache.hadoop.yarn.webapp.hamlet,HamletSpec.SMALL,0,0,0,0,4,0,0,0,-1.0,0,0,/Users/eashraf/hadoop/hadoop-yarn-project/hadoop-yarn/hadoop-yarn-common/src/main/java/org/apache/hadoop/yarn/webapp/hamlet/HamletSpec.java,1337
hadoop,org.apache.hadoop.yarn.webapp.hamlet,HamletSpec.EM,0,0,0,0,4,0,0,0,-1.0,0,0,/Users/eashraf/hadoop/hadoop-yarn-project/hadoop-yarn/hadoop-yarn-common/src/main/java/org/apache/hadoop/yarn/webapp/hamlet/HamletSpec.java,1343
hadoop,org.apache.hadoop.yarn.webapp.hamlet,HamletSpec.STRONG,0,0,0,0,4,0,0,0,-1.0,0,0,/Users/eashraf/hadoop/hadoop-yarn-project/hadoop-yarn/hadoop-yarn-common/src/main/java/org/apache/hadoop/yarn/webapp/hamlet/HamletSpec.java,1349
hadoop,org.apache.hadoop.yarn.webapp.hamlet,HamletSpec.DFN,0,0,0,0,4,0,0,0,-1.0,0,0,/Users/eashraf/hadoop/hadoop-yarn-project/hadoop-yarn/hadoop-yarn-common/src/main/java/org/apache/hadoop/yarn/webapp/hamlet/HamletSpec.java,1355
hadoop,org.apache.hadoop.yarn.webapp.hamlet,HamletSpec.CODE,0,0,0,0,4,0,0,0,-1.0,0,0,/Users/eashraf/hadoop/hadoop-yarn-project/hadoop-yarn/hadoop-yarn-common/src/main/java/org/apache/hadoop/yarn/webapp/hamlet/HamletSpec.java,1361
hadoop,org.apache.hadoop.yarn.webapp.hamlet,HamletSpec.SAMP,0,0,0,0,4,0,0,0,-1.0,0,0,/Users/eashraf/hadoop/hadoop-yarn-project/hadoop-yarn/hadoop-yarn-common/src/main/java/org/apache/hadoop/yarn/webapp/hamlet/HamletSpec.java,1367
hadoop,org.apache.hadoop.yarn.webapp.hamlet,HamletSpec.KBD,0,0,0,0,4,0,0,0,-1.0,0,0,/Users/eashraf/hadoop/hadoop-yarn-project/hadoop-yarn/hadoop-yarn-common/src/main/java/org/apache/hadoop/yarn/webapp/hamlet/HamletSpec.java,1373
hadoop,org.apache.hadoop.yarn.webapp.hamlet,HamletSpec.VAR,0,0,0,0,4,0,0,0,-1.0,0,0,/Users/eashraf/hadoop/hadoop-yarn-project/hadoop-yarn/hadoop-yarn-common/src/main/java/org/apache/hadoop/yarn/webapp/hamlet/HamletSpec.java,1379
hadoop,org.apache.hadoop.yarn.webapp.hamlet,HamletSpec.CITE,0,0,0,0,4,0,0,0,-1.0,0,0,/Users/eashraf/hadoop/hadoop-yarn-project/hadoop-yarn/hadoop-yarn-common/src/main/java/org/apache/hadoop/yarn/webapp/hamlet/HamletSpec.java,1385
hadoop,org.apache.hadoop.yarn.webapp.hamlet,HamletSpec.ABBR,0,0,0,0,4,0,0,0,-1.0,0,0,/Users/eashraf/hadoop/hadoop-yarn-project/hadoop-yarn/hadoop-yarn-common/src/main/java/org/apache/hadoop/yarn/webapp/hamlet/HamletSpec.java,1391
hadoop,org.apache.hadoop.yarn.webapp.hamlet,HamletSpec.ACRONYM,0,0,0,0,4,0,0,0,-1.0,0,0,/Users/eashraf/hadoop/hadoop-yarn-project/hadoop-yarn/hadoop-yarn-common/src/main/java/org/apache/hadoop/yarn/webapp/hamlet/HamletSpec.java,1397
hadoop,org.apache.hadoop.yarn.webapp.hamlet,HamletSpec.SUB,0,0,0,0,4,0,0,0,-1.0,0,0,/Users/eashraf/hadoop/hadoop-yarn-project/hadoop-yarn/hadoop-yarn-common/src/main/java/org/apache/hadoop/yarn/webapp/hamlet/HamletSpec.java,1403
hadoop,org.apache.hadoop.yarn.webapp.hamlet,HamletSpec.SUP,0,0,0,0,4,0,0,0,-1.0,0,0,/Users/eashraf/hadoop/hadoop-yarn-project/hadoop-yarn/hadoop-yarn-common/src/main/java/org/apache/hadoop/yarn/webapp/hamlet/HamletSpec.java,1409
hadoop,org.apache.hadoop.yarn.webapp.hamlet,HamletSpec.SPAN,0,0,0,0,4,0,0,0,-1.0,0,0,/Users/eashraf/hadoop/hadoop-yarn-project/hadoop-yarn/hadoop-yarn-common/src/main/java/org/apache/hadoop/yarn/webapp/hamlet/HamletSpec.java,1415
hadoop,org.apache.hadoop.yarn.webapp.hamlet,HamletSpec.BDO,0,0,0,0,5,0,0,0,-1.0,0,0,/Users/eashraf/hadoop/hadoop-yarn-project/hadoop-yarn/hadoop-yarn-common/src/main/java/org/apache/hadoop/yarn/webapp/hamlet/HamletSpec.java,1421
hadoop,org.apache.hadoop.yarn.webapp.hamlet,HamletSpec.BR,0,0,0,0,4,0,0,0,-1.0,0,0,/Users/eashraf/hadoop/hadoop-yarn-project/hadoop-yarn/hadoop-yarn-common/src/main/java/org/apache/hadoop/yarn/webapp/hamlet/HamletSpec.java,1425
hadoop,org.apache.hadoop.yarn.webapp.hamlet,HamletSpec._Form,0,0,0,0,15,0,0,0,-1.0,0,0,/Users/eashraf/hadoop/hadoop-yarn-project/hadoop-yarn/hadoop-yarn-common/src/main/java/org/apache/hadoop/yarn/webapp/hamlet/HamletSpec.java,1432
hadoop,org.apache.hadoop.yarn.webapp.hamlet,HamletSpec._FieldSet,0,0,0,0,15,0,0,0,-1.0,0,0,/Users/eashraf/hadoop/hadoop-yarn-project/hadoop-yarn/hadoop-yarn-common/src/main/java/org/apache/hadoop/yarn/webapp/hamlet/HamletSpec.java,1451
hadoop,org.apache.hadoop.yarn.webapp.hamlet,HamletSpec._Block,0,0,0,0,87,0,0,0,-1.0,0,0,/Users/eashraf/hadoop/hadoop-yarn-project/hadoop-yarn/hadoop-yarn-common/src/main/java/org/apache/hadoop/yarn/webapp/hamlet/HamletSpec.java,1470
hadoop,org.apache.hadoop.yarn.webapp.hamlet,HamletSpec.Block,0,0,0,0,5,0,0,0,-1.0,0,0,/Users/eashraf/hadoop/hadoop-yarn-project/hadoop-yarn/hadoop-yarn-common/src/main/java/org/apache/hadoop/yarn/webapp/hamlet/HamletSpec.java,1574
hadoop,org.apache.hadoop.yarn.webapp.hamlet,HamletSpec.Flow,0,0,0,0,5,0,0,0,-1.0,0,0,/Users/eashraf/hadoop/hadoop-yarn-project/hadoop-yarn/hadoop-yarn-common/src/main/java/org/apache/hadoop/yarn/webapp/hamlet/HamletSpec.java,1578
hadoop,org.apache.hadoop.yarn.webapp.hamlet,HamletSpec._Body,0,0,0,0,4,0,0,0,-1.0,0,0,/Users/eashraf/hadoop/hadoop-yarn-project/hadoop-yarn/hadoop-yarn-common/src/main/java/org/apache/hadoop/yarn/webapp/hamlet/HamletSpec.java,1582
hadoop,org.apache.hadoop.yarn.webapp.hamlet,HamletSpec.BODY,0,0,0,0,16,0,0,0,-1.0,0,0,/Users/eashraf/hadoop/hadoop-yarn-project/hadoop-yarn/hadoop-yarn-common/src/main/java/org/apache/hadoop/yarn/webapp/hamlet/HamletSpec.java,1588
hadoop,org.apache.hadoop.yarn.webapp.hamlet,HamletSpec.ADDRESS,0,0,0,0,4,0,0,0,-1.0,0,0,/Users/eashraf/hadoop/hadoop-yarn-project/hadoop-yarn/hadoop-yarn-common/src/main/java/org/apache/hadoop/yarn/webapp/hamlet/HamletSpec.java,1608
hadoop,org.apache.hadoop.yarn.webapp.hamlet,HamletSpec.DIV,0,0,0,0,4,0,0,0,-1.0,0,0,/Users/eashraf/hadoop/hadoop-yarn-project/hadoop-yarn/hadoop-yarn-common/src/main/java/org/apache/hadoop/yarn/webapp/hamlet/HamletSpec.java,1614
hadoop,org.apache.hadoop.yarn.webapp.hamlet,HamletSpec.A,0,0,0,0,58,0,0,0,-1.0,0,0,/Users/eashraf/hadoop/hadoop-yarn-project/hadoop-yarn/hadoop-yarn-common/src/main/java/org/apache/hadoop/yarn/webapp/hamlet/HamletSpec.java,1620
hadoop,org.apache.hadoop.yarn.webapp.hamlet,HamletSpec.MAP,0,0,0,0,21,0,0,0,-1.0,0,0,/Users/eashraf/hadoop/hadoop-yarn-project/hadoop-yarn/hadoop-yarn-common/src/main/java/org/apache/hadoop/yarn/webapp/hamlet/HamletSpec.java,1688
hadoop,org.apache.hadoop.yarn.webapp.hamlet,HamletSpec.AREA,0,0,0,0,52,0,0,0,-1.0,0,0,/Users/eashraf/hadoop/hadoop-yarn-project/hadoop-yarn/hadoop-yarn-common/src/main/java/org/apache/hadoop/yarn/webapp/hamlet/HamletSpec.java,1713
hadoop,org.apache.hadoop.yarn.webapp.hamlet,HamletSpec.LINK,0,0,0,0,46,0,0,0,-1.0,0,0,/Users/eashraf/hadoop/hadoop-yarn-project/hadoop-yarn/hadoop-yarn-common/src/main/java/org/apache/hadoop/yarn/webapp/hamlet/HamletSpec.java,1769
hadoop,org.apache.hadoop.yarn.webapp.hamlet,HamletSpec.IMG,0,0,0,0,51,0,0,0,-1.0,0,0,/Users/eashraf/hadoop/hadoop-yarn-project/hadoop-yarn/hadoop-yarn-common/src/main/java/org/apache/hadoop/yarn/webapp/hamlet/HamletSpec.java,1822
hadoop,org.apache.hadoop.yarn.webapp.hamlet,HamletSpec._Param,0,0,0,0,16,0,0,0,-1.0,0,0,/Users/eashraf/hadoop/hadoop-yarn-project/hadoop-yarn/hadoop-yarn-common/src/main/java/org/apache/hadoop/yarn/webapp/hamlet/HamletSpec.java,1881
hadoop,org.apache.hadoop.yarn.webapp.hamlet,HamletSpec.OBJECT,0,0,0,0,58,0,0,0,-1.0,0,0,/Users/eashraf/hadoop/hadoop-yarn-project/hadoop-yarn/hadoop-yarn-common/src/main/java/org/apache/hadoop/yarn/webapp/hamlet/HamletSpec.java,1902
hadoop,org.apache.hadoop.yarn.webapp.hamlet,HamletSpec.PARAM,0,0,0,0,22,0,0,0,-1.0,0,0,/Users/eashraf/hadoop/hadoop-yarn-project/hadoop-yarn/hadoop-yarn-common/src/main/java/org/apache/hadoop/yarn/webapp/hamlet/HamletSpec.java,1969
hadoop,org.apache.hadoop.yarn.webapp.hamlet,HamletSpec.HR,0,0,0,0,4,0,0,0,-1.0,0,0,/Users/eashraf/hadoop/hadoop-yarn-project/hadoop-yarn/hadoop-yarn-common/src/main/java/org/apache/hadoop/yarn/webapp/hamlet/HamletSpec.java,1996
hadoop,org.apache.hadoop.yarn.webapp.hamlet,HamletSpec.P,0,0,0,0,4,0,0,0,-1.0,0,0,/Users/eashraf/hadoop/hadoop-yarn-project/hadoop-yarn/hadoop-yarn-common/src/main/java/org/apache/hadoop/yarn/webapp/hamlet/HamletSpec.java,2003
hadoop,org.apache.hadoop.yarn.webapp.hamlet,HamletSpec.H1,0,0,0,0,4,0,0,0,-1.0,0,0,/Users/eashraf/hadoop/hadoop-yarn-project/hadoop-yarn/hadoop-yarn-common/src/main/java/org/apache/hadoop/yarn/webapp/hamlet/HamletSpec.java,2010
hadoop,org.apache.hadoop.yarn.webapp.hamlet,HamletSpec.H2,0,0,0,0,4,0,0,0,-1.0,0,0,/Users/eashraf/hadoop/hadoop-yarn-project/hadoop-yarn/hadoop-yarn-common/src/main/java/org/apache/hadoop/yarn/webapp/hamlet/HamletSpec.java,2016
hadoop,org.apache.hadoop.yarn.webapp.hamlet,HamletSpec.H3,0,0,0,0,4,0,0,0,-1.0,0,0,/Users/eashraf/hadoop/hadoop-yarn-project/hadoop-yarn/hadoop-yarn-common/src/main/java/org/apache/hadoop/yarn/webapp/hamlet/HamletSpec.java,2022
hadoop,org.apache.hadoop.yarn.webapp.hamlet,HamletSpec.H4,0,0,0,0,4,0,0,0,-1.0,0,0,/Users/eashraf/hadoop/hadoop-yarn-project/hadoop-yarn/hadoop-yarn-common/src/main/java/org/apache/hadoop/yarn/webapp/hamlet/HamletSpec.java,2028
hadoop,org.apache.hadoop.yarn.webapp.hamlet,HamletSpec.H5,0,0,0,0,4,0,0,0,-1.0,0,0,/Users/eashraf/hadoop/hadoop-yarn-project/hadoop-yarn/hadoop-yarn-common/src/main/java/org/apache/hadoop/yarn/webapp/hamlet/HamletSpec.java,2034
hadoop,org.apache.hadoop.yarn.webapp.hamlet,HamletSpec.H6,0,0,0,0,4,0,0,0,-1.0,0,0,/Users/eashraf/hadoop/hadoop-yarn-project/hadoop-yarn/hadoop-yarn-common/src/main/java/org/apache/hadoop/yarn/webapp/hamlet/HamletSpec.java,2040
hadoop,org.apache.hadoop.yarn.webapp.hamlet,HamletSpec.PRE,0,0,0,0,4,0,0,0,-1.0,0,0,/Users/eashraf/hadoop/hadoop-yarn-project/hadoop-yarn/hadoop-yarn-common/src/main/java/org/apache/hadoop/yarn/webapp/hamlet/HamletSpec.java,2046
hadoop,org.apache.hadoop.yarn.webapp.hamlet,HamletSpec.Q,0,0,0,0,10,0,0,0,-1.0,0,0,/Users/eashraf/hadoop/hadoop-yarn-project/hadoop-yarn/hadoop-yarn-common/src/main/java/org/apache/hadoop/yarn/webapp/hamlet/HamletSpec.java,2054
hadoop,org.apache.hadoop.yarn.webapp.hamlet,HamletSpec.BLOCKQUOTE,0,0,0,0,10,0,0,0,-1.0,0,0,/Users/eashraf/hadoop/hadoop-yarn-project/hadoop-yarn/hadoop-yarn-common/src/main/java/org/apache/hadoop/yarn/webapp/hamlet/HamletSpec.java,2066
hadoop,org.apache.hadoop.yarn.webapp.hamlet,HamletSpec.INS,0,0,0,0,17,0,0,0,-1.0,0,0,/Users/eashraf/hadoop/hadoop-yarn-project/hadoop-yarn/hadoop-yarn-common/src/main/java/org/apache/hadoop/yarn/webapp/hamlet/HamletSpec.java,2078
hadoop,org.apache.hadoop.yarn.webapp.hamlet,HamletSpec.DEL,0,0,0,0,17,0,0,0,-1.0,0,0,/Users/eashraf/hadoop/hadoop-yarn-project/hadoop-yarn/hadoop-yarn-common/src/main/java/org/apache/hadoop/yarn/webapp/hamlet/HamletSpec.java,2095
hadoop,org.apache.hadoop.yarn.webapp.hamlet,HamletSpec._Dl,0,0,0,0,26,0,0,0,-1.0,0,0,/Users/eashraf/hadoop/hadoop-yarn-project/hadoop-yarn/hadoop-yarn-common/src/main/java/org/apache/hadoop/yarn/webapp/hamlet/HamletSpec.java,2112
hadoop,org.apache.hadoop.yarn.webapp.hamlet,HamletSpec.DL,0,0,0,0,4,0,0,0,-1.0,0,0,/Users/eashraf/hadoop/hadoop-yarn-project/hadoop-yarn/hadoop-yarn-common/src/main/java/org/apache/hadoop/yarn/webapp/hamlet/HamletSpec.java,2144
hadoop,org.apache.hadoop.yarn.webapp.hamlet,HamletSpec.DT,0,0,0,0,4,0,0,0,-1.0,0,0,/Users/eashraf/hadoop/hadoop-yarn-project/hadoop-yarn/hadoop-yarn-common/src/main/java/org/apache/hadoop/yarn/webapp/hamlet/HamletSpec.java,2150
hadoop,org.apache.hadoop.yarn.webapp.hamlet,HamletSpec.DD,0,0,0,0,4,0,0,0,-1.0,0,0,/Users/eashraf/hadoop/hadoop-yarn-project/hadoop-yarn/hadoop-yarn-common/src/main/java/org/apache/hadoop/yarn/webapp/hamlet/HamletSpec.java,2157
hadoop,org.apache.hadoop.yarn.webapp.hamlet,HamletSpec._Li,0,0,0,0,15,0,0,0,-1.0,0,0,/Users/eashraf/hadoop/hadoop-yarn-project/hadoop-yarn/hadoop-yarn-common/src/main/java/org/apache/hadoop/yarn/webapp/hamlet/HamletSpec.java,2164
hadoop,org.apache.hadoop.yarn.webapp.hamlet,HamletSpec.OL,0,0,0,0,4,0,0,0,-1.0,0,0,/Users/eashraf/hadoop/hadoop-yarn-project/hadoop-yarn/hadoop-yarn-common/src/main/java/org/apache/hadoop/yarn/webapp/hamlet/HamletSpec.java,2183
hadoop,org.apache.hadoop.yarn.webapp.hamlet,HamletSpec.UL,0,0,0,0,4,0,0,0,-1.0,0,0,/Users/eashraf/hadoop/hadoop-yarn-project/hadoop-yarn/hadoop-yarn-common/src/main/java/org/apache/hadoop/yarn/webapp/hamlet/HamletSpec.java,2189
hadoop,org.apache.hadoop.yarn.webapp.hamlet,HamletSpec.LI,0,0,0,0,4,0,0,0,-1.0,0,0,/Users/eashraf/hadoop/hadoop-yarn-project/hadoop-yarn/hadoop-yarn-common/src/main/java/org/apache/hadoop/yarn/webapp/hamlet/HamletSpec.java,2195
hadoop,org.apache.hadoop.yarn.webapp.hamlet,HamletSpec.FORM,0,0,0,0,52,0,0,0,-1.0,0,0,/Users/eashraf/hadoop/hadoop-yarn-project/hadoop-yarn/hadoop-yarn-common/src/main/java/org/apache/hadoop/yarn/webapp/hamlet/HamletSpec.java,2202
hadoop,org.apache.hadoop.yarn.webapp.hamlet,HamletSpec.LABEL,0,0,0,0,28,0,0,0,-1.0,0,0,/Users/eashraf/hadoop/hadoop-yarn-project/hadoop-yarn/hadoop-yarn-common/src/main/java/org/apache/hadoop/yarn/webapp/hamlet/HamletSpec.java,2259
hadoop,org.apache.hadoop.yarn.webapp.hamlet,HamletSpec.INPUT,0,0,0,0,108,0,0,0,-1.0,0,0,/Users/eashraf/hadoop/hadoop-yarn-project/hadoop-yarn/hadoop-yarn-common/src/main/java/org/apache/hadoop/yarn/webapp/hamlet/HamletSpec.java,2289
hadoop,org.apache.hadoop.yarn.webapp.hamlet,HamletSpec._Option,0,0,0,0,15,0,0,0,-1.0,0,0,/Users/eashraf/hadoop/hadoop-yarn-project/hadoop-yarn/hadoop-yarn-common/src/main/java/org/apache/hadoop/yarn/webapp/hamlet/HamletSpec.java,2400
hadoop,org.apache.hadoop.yarn.webapp.hamlet,HamletSpec.SELECT,0,0,0,0,55,0,0,0,-1.0,0,0,/Users/eashraf/hadoop/hadoop-yarn-project/hadoop-yarn/hadoop-yarn-common/src/main/java/org/apache/hadoop/yarn/webapp/hamlet/HamletSpec.java,2418
hadoop,org.apache.hadoop.yarn.webapp.hamlet,HamletSpec.OPTGROUP,0,0,0,0,15,0,0,0,-1.0,0,0,/Users/eashraf/hadoop/hadoop-yarn-project/hadoop-yarn/hadoop-yarn-common/src/main/java/org/apache/hadoop/yarn/webapp/hamlet/HamletSpec.java,2475
hadoop,org.apache.hadoop.yarn.webapp.hamlet,HamletSpec.OPTION,0,0,0,0,26,0,0,0,-1.0,0,0,/Users/eashraf/hadoop/hadoop-yarn-project/hadoop-yarn/hadoop-yarn-common/src/main/java/org/apache/hadoop/yarn/webapp/hamlet/HamletSpec.java,2491
hadoop,org.apache.hadoop.yarn.webapp.hamlet,HamletSpec.TEXTAREA,0,0,0,0,68,0,0,0,-1.0,0,0,/Users/eashraf/hadoop/hadoop-yarn-project/hadoop-yarn/hadoop-yarn-common/src/main/java/org/apache/hadoop/yarn/webapp/hamlet/HamletSpec.java,2519
hadoop,org.apache.hadoop.yarn.webapp.hamlet,HamletSpec._Legend,0,0,0,0,15,0,0,0,-1.0,0,0,/Users/eashraf/hadoop/hadoop-yarn-project/hadoop-yarn/hadoop-yarn-common/src/main/java/org/apache/hadoop/yarn/webapp/hamlet/HamletSpec.java,2588
hadoop,org.apache.hadoop.yarn.webapp.hamlet,HamletSpec.FIELDSET,0,0,0,0,4,0,0,0,-1.0,0,0,/Users/eashraf/hadoop/hadoop-yarn-project/hadoop-yarn/hadoop-yarn-common/src/main/java/org/apache/hadoop/yarn/webapp/hamlet/HamletSpec.java,2606
hadoop,org.apache.hadoop.yarn.webapp.hamlet,HamletSpec.LEGEND,0,0,0,0,10,0,0,0,-1.0,0,0,/Users/eashraf/hadoop/hadoop-yarn-project/hadoop-yarn/hadoop-yarn-common/src/main/java/org/apache/hadoop/yarn/webapp/hamlet/HamletSpec.java,2612
hadoop,org.apache.hadoop.yarn.webapp.hamlet,HamletSpec.BUTTON,0,0,0,0,51,0,0,0,-1.0,0,0,/Users/eashraf/hadoop/hadoop-yarn-project/hadoop-yarn/hadoop-yarn-common/src/main/java/org/apache/hadoop/yarn/webapp/hamlet/HamletSpec.java,2623
hadoop,org.apache.hadoop.yarn.webapp.hamlet,HamletSpec._TableRow,0,0,0,0,15,0,0,0,-1.0,0,0,/Users/eashraf/hadoop/hadoop-yarn-project/hadoop-yarn/hadoop-yarn-common/src/main/java/org/apache/hadoop/yarn/webapp/hamlet/HamletSpec.java,2676
hadoop,org.apache.hadoop.yarn.webapp.hamlet,HamletSpec._TableCol,0,0,0,0,15,0,0,0,-1.0,0,0,/Users/eashraf/hadoop/hadoop-yarn-project/hadoop-yarn/hadoop-yarn-common/src/main/java/org/apache/hadoop/yarn/webapp/hamlet/HamletSpec.java,2694
hadoop,org.apache.hadoop.yarn.webapp.hamlet,HamletSpec._Table,0,0,0,0,53,0,0,0,-1.0,0,0,/Users/eashraf/hadoop/hadoop-yarn-project/hadoop-yarn/hadoop-yarn-common/src/main/java/org/apache/hadoop/yarn/webapp/hamlet/HamletSpec.java,2712
hadoop,org.apache.hadoop.yarn.webapp.hamlet,HamletSpec.TABLE,0,0,0,0,5,0,0,0,-1.0,0,0,/Users/eashraf/hadoop/hadoop-yarn-project/hadoop-yarn/hadoop-yarn-common/src/main/java/org/apache/hadoop/yarn/webapp/hamlet/HamletSpec.java,2778
hadoop,org.apache.hadoop.yarn.webapp.hamlet,HamletSpec.CAPTION,0,0,0,0,4,0,0,0,-1.0,0,0,/Users/eashraf/hadoop/hadoop-yarn-project/hadoop-yarn/hadoop-yarn-common/src/main/java/org/apache/hadoop/yarn/webapp/hamlet/HamletSpec.java,2784
hadoop,org.apache.hadoop.yarn.webapp.hamlet,HamletSpec.THEAD,0,0,0,0,4,0,0,0,-1.0,0,0,/Users/eashraf/hadoop/hadoop-yarn-project/hadoop-yarn/hadoop-yarn-common/src/main/java/org/apache/hadoop/yarn/webapp/hamlet/HamletSpec.java,2790
hadoop,org.apache.hadoop.yarn.webapp.hamlet,HamletSpec.TFOOT,0,0,0,0,4,0,0,0,-1.0,0,0,/Users/eashraf/hadoop/hadoop-yarn-project/hadoop-yarn/hadoop-yarn-common/src/main/java/org/apache/hadoop/yarn/webapp/hamlet/HamletSpec.java,2797
hadoop,org.apache.hadoop.yarn.webapp.hamlet,HamletSpec.TBODY,0,0,0,0,4,0,0,0,-1.0,0,0,/Users/eashraf/hadoop/hadoop-yarn-project/hadoop-yarn/hadoop-yarn-common/src/main/java/org/apache/hadoop/yarn/webapp/hamlet/HamletSpec.java,2804
hadoop,org.apache.hadoop.yarn.webapp.hamlet,HamletSpec.COLGROUP,0,0,0,0,10,0,0,0,-1.0,0,0,/Users/eashraf/hadoop/hadoop-yarn-project/hadoop-yarn/hadoop-yarn-common/src/main/java/org/apache/hadoop/yarn/webapp/hamlet/HamletSpec.java,2810
hadoop,org.apache.hadoop.yarn.webapp.hamlet,HamletSpec.COL,0,0,0,0,10,0,0,0,-1.0,0,0,/Users/eashraf/hadoop/hadoop-yarn-project/hadoop-yarn/hadoop-yarn-common/src/main/java/org/apache/hadoop/yarn/webapp/hamlet/HamletSpec.java,2824
hadoop,org.apache.hadoop.yarn.webapp.hamlet,HamletSpec._Tr,0,0,0,0,40,0,0,0,-1.0,0,0,/Users/eashraf/hadoop/hadoop-yarn-project/hadoop-yarn/hadoop-yarn-common/src/main/java/org/apache/hadoop/yarn/webapp/hamlet/HamletSpec.java,2837
hadoop,org.apache.hadoop.yarn.webapp.hamlet,HamletSpec.TR,0,0,0,0,4,0,0,0,-1.0,0,0,/Users/eashraf/hadoop/hadoop-yarn-project/hadoop-yarn/hadoop-yarn-common/src/main/java/org/apache/hadoop/yarn/webapp/hamlet/HamletSpec.java,2884
hadoop,org.apache.hadoop.yarn.webapp.hamlet,HamletSpec._Cell,0,0,0,0,28,0,0,0,-1.0,0,0,/Users/eashraf/hadoop/hadoop-yarn-project/hadoop-yarn/hadoop-yarn-common/src/main/java/org/apache/hadoop/yarn/webapp/hamlet/HamletSpec.java,2891
hadoop,org.apache.hadoop.yarn.webapp.hamlet,HamletSpec.TH,0,0,0,0,4,0,0,0,-1.0,0,0,/Users/eashraf/hadoop/hadoop-yarn-project/hadoop-yarn/hadoop-yarn-common/src/main/java/org/apache/hadoop/yarn/webapp/hamlet/HamletSpec.java,2923
hadoop,org.apache.hadoop.yarn.webapp.hamlet,HamletSpec.TD,0,0,0,0,4,0,0,0,-1.0,0,0,/Users/eashraf/hadoop/hadoop-yarn-project/hadoop-yarn/hadoop-yarn-common/src/main/java/org/apache/hadoop/yarn/webapp/hamlet/HamletSpec.java,2930
hadoop,org.apache.hadoop.yarn.webapp.hamlet,HamletSpec._Head,0,0,0,0,26,0,0,0,-1.0,0,0,/Users/eashraf/hadoop/hadoop-yarn-project/hadoop-yarn/hadoop-yarn-common/src/main/java/org/apache/hadoop/yarn/webapp/hamlet/HamletSpec.java,2937
hadoop,org.apache.hadoop.yarn.webapp.hamlet,HamletSpec.HEAD,0,0,0,0,4,0,0,0,-1.0,0,0,/Users/eashraf/hadoop/hadoop-yarn-project/hadoop-yarn/hadoop-yarn-common/src/main/java/org/apache/hadoop/yarn/webapp/hamlet/HamletSpec.java,2968
hadoop,org.apache.hadoop.yarn.webapp.hamlet,HamletSpec.TITLE,0,0,0,0,4,0,0,0,-1.0,0,0,/Users/eashraf/hadoop/hadoop-yarn-project/hadoop-yarn/hadoop-yarn-common/src/main/java/org/apache/hadoop/yarn/webapp/hamlet/HamletSpec.java,2975
hadoop,org.apache.hadoop.yarn.webapp.hamlet,HamletSpec.BASE,0,0,0,0,10,0,0,0,-1.0,0,0,/Users/eashraf/hadoop/hadoop-yarn-project/hadoop-yarn/hadoop-yarn-common/src/main/java/org/apache/hadoop/yarn/webapp/hamlet/HamletSpec.java,2981
hadoop,org.apache.hadoop.yarn.webapp.hamlet,HamletSpec.META,0,0,0,0,22,0,0,0,-1.0,0,0,/Users/eashraf/hadoop/hadoop-yarn-project/hadoop-yarn/hadoop-yarn-common/src/main/java/org/apache/hadoop/yarn/webapp/hamlet/HamletSpec.java,2993
hadoop,org.apache.hadoop.yarn.webapp.hamlet,HamletSpec.STYLE,0,0,0,0,22,0,0,0,-1.0,0,0,/Users/eashraf/hadoop/hadoop-yarn-project/hadoop-yarn/hadoop-yarn-common/src/main/java/org/apache/hadoop/yarn/webapp/hamlet/HamletSpec.java,3019
hadoop,org.apache.hadoop.yarn.webapp.hamlet,HamletSpec.SCRIPT,0,0,0,0,28,0,0,0,-1.0,0,0,/Users/eashraf/hadoop/hadoop-yarn-project/hadoop-yarn/hadoop-yarn-common/src/main/java/org/apache/hadoop/yarn/webapp/hamlet/HamletSpec.java,3042
hadoop,org.apache.hadoop.yarn.webapp.hamlet,HamletSpec._Html,0,0,0,0,20,0,0,0,-1.0,0,0,/Users/eashraf/hadoop/hadoop-yarn-project/hadoop-yarn/hadoop-yarn-common/src/main/java/org/apache/hadoop/yarn/webapp/hamlet/HamletSpec.java,3071
hadoop,org.apache.hadoop.yarn.webapp.hamlet,HamletSpec.HTML,0,0,0,0,5,0,0,0,-1.0,0,0,/Users/eashraf/hadoop/hadoop-yarn-project/hadoop-yarn/hadoop-yarn-common/src/main/java/org/apache/hadoop/yarn/webapp/hamlet/HamletSpec.java,3096
hadoop,org.apache.hadoop.yarn.webapp.hamlet,Hamlet,0,0,140,66,19654,143,0,2,-1.0,1,1,/Users/eashraf/hadoop/hadoop-yarn-project/hadoop-yarn/hadoop-yarn-common/src/main/java/org/apache/hadoop/yarn/webapp/hamlet/Hamlet.java,29
hadoop,org.apache.hadoop.yarn.webapp.hamlet,Hamlet.HTML,0,0,0,0,239,0,0,1,-1.0,0,1,/Users/eashraf/hadoop/hadoop-yarn-project/hadoop-yarn/hadoop-yarn-common/src/main/java/org/apache/hadoop/yarn/webapp/hamlet/Hamlet.java,43
hadoop,org.apache.hadoop.yarn.webapp.hamlet,Hamlet.SCRIPT,0,0,0,0,25,0,0,1,-1.0,0,1,/Users/eashraf/hadoop/hadoop-yarn-project/hadoop-yarn/hadoop-yarn-common/src/main/java/org/apache/hadoop/yarn/webapp/hamlet/Hamlet.java,423
hadoop,org.apache.hadoop.yarn.webapp.hamlet,Hamlet.STYLE,0,0,0,0,29,0,0,1,-1.0,0,1,/Users/eashraf/hadoop/hadoop-yarn-project/hadoop-yarn/hadoop-yarn-common/src/main/java/org/apache/hadoop/yarn/webapp/hamlet/Hamlet.java,459
hadoop,org.apache.hadoop.yarn.webapp.hamlet,Hamlet.META,0,0,0,0,25,0,0,1,-1.0,0,1,/Users/eashraf/hadoop/hadoop-yarn-project/hadoop-yarn/hadoop-yarn-common/src/main/java/org/apache/hadoop/yarn/webapp/hamlet/Hamlet.java,501
hadoop,org.apache.hadoop.yarn.webapp.hamlet,Hamlet.BASE,0,0,0,0,9,0,0,1,-1.0,0,1,/Users/eashraf/hadoop/hadoop-yarn-project/hadoop-yarn/hadoop-yarn-common/src/main/java/org/apache/hadoop/yarn/webapp/hamlet/Hamlet.java,537
hadoop,org.apache.hadoop.yarn.webapp.hamlet,Hamlet.TITLE,0,0,0,0,21,0,0,1,-1.0,0,1,/Users/eashraf/hadoop/hadoop-yarn-project/hadoop-yarn/hadoop-yarn-common/src/main/java/org/apache/hadoop/yarn/webapp/hamlet/Hamlet.java,549
hadoop,org.apache.hadoop.yarn.webapp.hamlet,Hamlet.HEAD,0,0,0,0,65,0,0,1,-1.0,0,1,/Users/eashraf/hadoop/hadoop-yarn-project/hadoop-yarn/hadoop-yarn-common/src/main/java/org/apache/hadoop/yarn/webapp/hamlet/Hamlet.java,579
hadoop,org.apache.hadoop.yarn.webapp.hamlet,Hamlet.TD,0,0,0,0,512,0,0,1,-1.0,0,1,/Users/eashraf/hadoop/hadoop-yarn-project/hadoop-yarn/hadoop-yarn-common/src/main/java/org/apache/hadoop/yarn/webapp/hamlet/Hamlet.java,685
hadoop,org.apache.hadoop.yarn.webapp.hamlet,Hamlet.TH,0,0,0,0,512,0,0,1,-1.0,0,1,/Users/eashraf/hadoop/hadoop-yarn-project/hadoop-yarn/hadoop-yarn-common/src/main/java/org/apache/hadoop/yarn/webapp/hamlet/Hamlet.java,1488
hadoop,org.apache.hadoop.yarn.webapp.hamlet,Hamlet.TR,0,0,0,0,89,0,0,1,-1.0,0,1,/Users/eashraf/hadoop/hadoop-yarn-project/hadoop-yarn/hadoop-yarn-common/src/main/java/org/apache/hadoop/yarn/webapp/hamlet/Hamlet.java,2291
hadoop,org.apache.hadoop.yarn.webapp.hamlet,Hamlet.COL,0,0,0,0,73,0,0,1,-1.0,0,1,/Users/eashraf/hadoop/hadoop-yarn-project/hadoop-yarn/hadoop-yarn-common/src/main/java/org/apache/hadoop/yarn/webapp/hamlet/Hamlet.java,2431
hadoop,org.apache.hadoop.yarn.webapp.hamlet,Hamlet.COLGROUP,0,0,0,0,80,0,0,1,-1.0,0,1,/Users/eashraf/hadoop/hadoop-yarn-project/hadoop-yarn/hadoop-yarn-common/src/main/java/org/apache/hadoop/yarn/webapp/hamlet/Hamlet.java,2539
hadoop,org.apache.hadoop.yarn.webapp.hamlet,Hamlet.TBODY,0,0,0,0,76,0,0,1,-1.0,0,1,/Users/eashraf/hadoop/hadoop-yarn-project/hadoop-yarn/hadoop-yarn-common/src/main/java/org/apache/hadoop/yarn/webapp/hamlet/Hamlet.java,2658
hadoop,org.apache.hadoop.yarn.webapp.hamlet,Hamlet.TFOOT,0,0,0,0,76,0,0,1,-1.0,0,1,/Users/eashraf/hadoop/hadoop-yarn-project/hadoop-yarn/hadoop-yarn-common/src/main/java/org/apache/hadoop/yarn/webapp/hamlet/Hamlet.java,2771
hadoop,org.apache.hadoop.yarn.webapp.hamlet,Hamlet.THEAD,0,0,0,0,76,0,0,1,-1.0,0,1,/Users/eashraf/hadoop/hadoop-yarn-project/hadoop-yarn/hadoop-yarn-common/src/main/java/org/apache/hadoop/yarn/webapp/hamlet/Hamlet.java,2884
hadoop,org.apache.hadoop.yarn.webapp.hamlet,Hamlet.CAPTION,0,0,0,0,347,0,0,1,-1.0,0,1,/Users/eashraf/hadoop/hadoop-yarn-project/hadoop-yarn/hadoop-yarn-common/src/main/java/org/apache/hadoop/yarn/webapp/hamlet/Hamlet.java,2997
hadoop,org.apache.hadoop.yarn.webapp.hamlet,Hamlet.TABLE,0,0,0,0,115,0,0,1,-1.0,0,1,/Users/eashraf/hadoop/hadoop-yarn-project/hadoop-yarn/hadoop-yarn-common/src/main/java/org/apache/hadoop/yarn/webapp/hamlet/Hamlet.java,3541
hadoop,org.apache.hadoop.yarn.webapp.hamlet,Hamlet.BUTTON,0,0,0,0,460,0,0,1,-1.0,0,1,/Users/eashraf/hadoop/hadoop-yarn-project/hadoop-yarn/hadoop-yarn-common/src/main/java/org/apache/hadoop/yarn/webapp/hamlet/Hamlet.java,3736
hadoop,org.apache.hadoop.yarn.webapp.hamlet,Hamlet.LEGEND,0,0,0,0,351,0,0,1,-1.0,0,1,/Users/eashraf/hadoop/hadoop-yarn-project/hadoop-yarn/hadoop-yarn-common/src/main/java/org/apache/hadoop/yarn/webapp/hamlet/Hamlet.java,4455
hadoop,org.apache.hadoop.yarn.webapp.hamlet,Hamlet.FIELDSET,0,0,0,0,503,0,0,1,-1.0,0,1,/Users/eashraf/hadoop/hadoop-yarn-project/hadoop-yarn/hadoop-yarn-common/src/main/java/org/apache/hadoop/yarn/webapp/hamlet/Hamlet.java,5005
hadoop,org.apache.hadoop.yarn.webapp.hamlet,Hamlet.TEXTAREA,0,0,0,0,121,0,0,1,-1.0,0,1,/Users/eashraf/hadoop/hadoop-yarn-project/hadoop-yarn/hadoop-yarn-common/src/main/java/org/apache/hadoop/yarn/webapp/hamlet/Hamlet.java,5798
hadoop,org.apache.hadoop.yarn.webapp.hamlet,Hamlet.OPTION,0,0,0,0,93,0,0,1,-1.0,0,1,/Users/eashraf/hadoop/hadoop-yarn-project/hadoop-yarn/hadoop-yarn-common/src/main/java/org/apache/hadoop/yarn/webapp/hamlet/Hamlet.java,5978
hadoop,org.apache.hadoop.yarn.webapp.hamlet,Hamlet.OPTGROUP,0,0,0,0,84,0,0,1,-1.0,0,1,/Users/eashraf/hadoop/hadoop-yarn-project/hadoop-yarn/hadoop-yarn-common/src/main/java/org/apache/hadoop/yarn/webapp/hamlet/Hamlet.java,6116
hadoop,org.apache.hadoop.yarn.webapp.hamlet,Hamlet.SELECT,0,0,0,0,112,0,0,1,-1.0,0,1,/Users/eashraf/hadoop/hadoop-yarn-project/hadoop-yarn/hadoop-yarn-common/src/main/java/org/apache/hadoop/yarn/webapp/hamlet/Hamlet.java,6244
hadoop,org.apache.hadoop.yarn.webapp.hamlet,Hamlet.INPUT,0,0,0,0,141,0,0,1,-1.0,0,1,/Users/eashraf/hadoop/hadoop-yarn-project/hadoop-yarn/hadoop-yarn-common/src/main/java/org/apache/hadoop/yarn/webapp/hamlet/Hamlet.java,6414
hadoop,org.apache.hadoop.yarn.webapp.hamlet,Hamlet.LABEL,0,0,0,0,356,0,0,1,-1.0,0,1,/Users/eashraf/hadoop/hadoop-yarn-project/hadoop-yarn/hadoop-yarn-common/src/main/java/org/apache/hadoop/yarn/webapp/hamlet/Hamlet.java,6624
hadoop,org.apache.hadoop.yarn.webapp.hamlet,Hamlet.FORM,0,0,0,0,250,0,0,1,-1.0,0,1,/Users/eashraf/hadoop/hadoop-yarn-project/hadoop-yarn/hadoop-yarn-common/src/main/java/org/apache/hadoop/yarn/webapp/hamlet/Hamlet.java,7181
hadoop,org.apache.hadoop.yarn.webapp.hamlet,Hamlet.LI,0,0,0,0,496,0,0,1,-1.0,0,1,/Users/eashraf/hadoop/hadoop-yarn-project/hadoop-yarn/hadoop-yarn-common/src/main/java/org/apache/hadoop/yarn/webapp/hamlet/Hamlet.java,7566
hadoop,org.apache.hadoop.yarn.webapp.hamlet,Hamlet.UL,0,0,0,0,76,0,0,1,-1.0,0,1,/Users/eashraf/hadoop/hadoop-yarn-project/hadoop-yarn/hadoop-yarn-common/src/main/java/org/apache/hadoop/yarn/webapp/hamlet/Hamlet.java,8345
hadoop,org.apache.hadoop.yarn.webapp.hamlet,Hamlet.OL,0,0,0,0,76,0,0,1,-1.0,0,1,/Users/eashraf/hadoop/hadoop-yarn-project/hadoop-yarn/hadoop-yarn-common/src/main/java/org/apache/hadoop/yarn/webapp/hamlet/Hamlet.java,8458
hadoop,org.apache.hadoop.yarn.webapp.hamlet,Hamlet.DD,0,0,0,0,496,0,0,1,-1.0,0,1,/Users/eashraf/hadoop/hadoop-yarn-project/hadoop-yarn/hadoop-yarn-common/src/main/java/org/apache/hadoop/yarn/webapp/hamlet/Hamlet.java,8574
hadoop,org.apache.hadoop.yarn.webapp.hamlet,Hamlet.DT,0,0,0,0,347,0,0,1,-1.0,0,1,/Users/eashraf/hadoop/hadoop-yarn-project/hadoop-yarn/hadoop-yarn-common/src/main/java/org/apache/hadoop/yarn/webapp/hamlet/Hamlet.java,9353
hadoop,org.apache.hadoop.yarn.webapp.hamlet,Hamlet.DL,0,0,0,0,83,0,0,1,-1.0,0,1,/Users/eashraf/hadoop/hadoop-yarn-project/hadoop-yarn/hadoop-yarn-common/src/main/java/org/apache/hadoop/yarn/webapp/hamlet/Hamlet.java,9897
hadoop,org.apache.hadoop.yarn.webapp.hamlet,Hamlet.DEL,0,0,0,0,504,0,0,1,-1.0,0,1,/Users/eashraf/hadoop/hadoop-yarn-project/hadoop-yarn/hadoop-yarn-common/src/main/java/org/apache/hadoop/yarn/webapp/hamlet/Hamlet.java,10027
hadoop,org.apache.hadoop.yarn.webapp.hamlet,Hamlet.INS,0,0,0,0,504,0,0,1,-1.0,0,1,/Users/eashraf/hadoop/hadoop-yarn-project/hadoop-yarn/hadoop-yarn-common/src/main/java/org/apache/hadoop/yarn/webapp/hamlet/Hamlet.java,10818
hadoop,org.apache.hadoop.yarn.webapp.hamlet,Hamlet.BLOCKQUOTE,0,0,0,0,229,0,0,1,-1.0,0,1,/Users/eashraf/hadoop/hadoop-yarn-project/hadoop-yarn/hadoop-yarn-common/src/main/java/org/apache/hadoop/yarn/webapp/hamlet/Hamlet.java,11609
hadoop,org.apache.hadoop.yarn.webapp.hamlet,Hamlet.Q,0,0,0,0,351,0,0,1,-1.0,0,1,/Users/eashraf/hadoop/hadoop-yarn-project/hadoop-yarn/hadoop-yarn-common/src/main/java/org/apache/hadoop/yarn/webapp/hamlet/Hamlet.java,11963
hadoop,org.apache.hadoop.yarn.webapp.hamlet,Hamlet.PRE,0,0,0,0,303,0,0,1,-1.0,0,1,/Users/eashraf/hadoop/hadoop-yarn-project/hadoop-yarn/hadoop-yarn-common/src/main/java/org/apache/hadoop/yarn/webapp/hamlet/Hamlet.java,12513
hadoop,org.apache.hadoop.yarn.webapp.hamlet,Hamlet.H6,0,0,0,0,347,0,0,1,-1.0,0,1,/Users/eashraf/hadoop/hadoop-yarn-project/hadoop-yarn/hadoop-yarn-common/src/main/java/org/apache/hadoop/yarn/webapp/hamlet/Hamlet.java,12987
hadoop,org.apache.hadoop.yarn.webapp.hamlet,Hamlet.H5,0,0,0,0,347,0,0,1,-1.0,0,1,/Users/eashraf/hadoop/hadoop-yarn-project/hadoop-yarn/hadoop-yarn-common/src/main/java/org/apache/hadoop/yarn/webapp/hamlet/Hamlet.java,13531
hadoop,org.apache.hadoop.yarn.webapp.hamlet,Hamlet.H4,0,0,0,0,347,0,0,1,-1.0,0,1,/Users/eashraf/hadoop/hadoop-yarn-project/hadoop-yarn/hadoop-yarn-common/src/main/java/org/apache/hadoop/yarn/webapp/hamlet/Hamlet.java,14075
hadoop,org.apache.hadoop.yarn.webapp.hamlet,Hamlet.H3,0,0,0,0,347,0,0,1,-1.0,0,1,/Users/eashraf/hadoop/hadoop-yarn-project/hadoop-yarn/hadoop-yarn-common/src/main/java/org/apache/hadoop/yarn/webapp/hamlet/Hamlet.java,14619
hadoop,org.apache.hadoop.yarn.webapp.hamlet,Hamlet.H2,0,0,0,0,347,0,0,1,-1.0,0,1,/Users/eashraf/hadoop/hadoop-yarn-project/hadoop-yarn/hadoop-yarn-common/src/main/java/org/apache/hadoop/yarn/webapp/hamlet/Hamlet.java,15163
hadoop,org.apache.hadoop.yarn.webapp.hamlet,Hamlet.H1,0,0,0,0,347,0,0,1,-1.0,0,1,/Users/eashraf/hadoop/hadoop-yarn-project/hadoop-yarn/hadoop-yarn-common/src/main/java/org/apache/hadoop/yarn/webapp/hamlet/Hamlet.java,15707
hadoop,org.apache.hadoop.yarn.webapp.hamlet,Hamlet.P,0,0,0,0,347,0,0,1,-1.0,0,1,/Users/eashraf/hadoop/hadoop-yarn-project/hadoop-yarn/hadoop-yarn-common/src/main/java/org/apache/hadoop/yarn/webapp/hamlet/Hamlet.java,16251
hadoop,org.apache.hadoop.yarn.webapp.hamlet,Hamlet.HR,0,0,0,0,69,0,0,1,-1.0,0,1,/Users/eashraf/hadoop/hadoop-yarn-project/hadoop-yarn/hadoop-yarn-common/src/main/java/org/apache/hadoop/yarn/webapp/hamlet/Hamlet.java,16795
hadoop,org.apache.hadoop.yarn.webapp.hamlet,Hamlet.PARAM,0,0,0,0,17,0,0,1,-1.0,0,1,/Users/eashraf/hadoop/hadoop-yarn-project/hadoop-yarn/hadoop-yarn-common/src/main/java/org/apache/hadoop/yarn/webapp/hamlet/Hamlet.java,16897
hadoop,org.apache.hadoop.yarn.webapp.hamlet,Hamlet.OBJECT,0,0,0,0,539,0,0,1,-1.0,0,1,/Users/eashraf/hadoop/hadoop-yarn-project/hadoop-yarn/hadoop-yarn-common/src/main/java/org/apache/hadoop/yarn/webapp/hamlet/Hamlet.java,16921
hadoop,org.apache.hadoop.yarn.webapp.hamlet,Hamlet.IMG,0,0,0,0,101,0,0,1,-1.0,0,1,/Users/eashraf/hadoop/hadoop-yarn-project/hadoop-yarn/hadoop-yarn-common/src/main/java/org/apache/hadoop/yarn/webapp/hamlet/Hamlet.java,17768
hadoop,org.apache.hadoop.yarn.webapp.hamlet,Hamlet.LINK,0,0,0,0,97,0,0,1,-1.0,0,1,/Users/eashraf/hadoop/hadoop-yarn-project/hadoop-yarn/hadoop-yarn-common/src/main/java/org/apache/hadoop/yarn/webapp/hamlet/Hamlet.java,17918
hadoop,org.apache.hadoop.yarn.webapp.hamlet,Hamlet.AREA,0,0,0,0,101,0,0,1,-1.0,0,1,/Users/eashraf/hadoop/hadoop-yarn-project/hadoop-yarn/hadoop-yarn-common/src/main/java/org/apache/hadoop/yarn/webapp/hamlet/Hamlet.java,18062
hadoop,org.apache.hadoop.yarn.webapp.hamlet,Hamlet.MAP,0,0,0,0,229,0,0,1,-1.0,0,1,/Users/eashraf/hadoop/hadoop-yarn-project/hadoop-yarn/hadoop-yarn-common/src/main/java/org/apache/hadoop/yarn/webapp/hamlet/Hamlet.java,18215
hadoop,org.apache.hadoop.yarn.webapp.hamlet,Hamlet.A,0,0,0,0,370,0,0,1,-1.0,0,1,/Users/eashraf/hadoop/hadoop-yarn-project/hadoop-yarn/hadoop-yarn-common/src/main/java/org/apache/hadoop/yarn/webapp/hamlet/Hamlet.java,18569
hadoop,org.apache.hadoop.yarn.webapp.hamlet,Hamlet.DIV,0,0,0,0,496,0,0,1,-1.0,0,1,/Users/eashraf/hadoop/hadoop-yarn-project/hadoop-yarn/hadoop-yarn-common/src/main/java/org/apache/hadoop/yarn/webapp/hamlet/Hamlet.java,19146
hadoop,org.apache.hadoop.yarn.webapp.hamlet,Hamlet.ADDRESS,0,0,0,0,347,0,0,1,-1.0,0,1,/Users/eashraf/hadoop/hadoop-yarn-project/hadoop-yarn/hadoop-yarn-common/src/main/java/org/apache/hadoop/yarn/webapp/hamlet/Hamlet.java,19925
hadoop,org.apache.hadoop.yarn.webapp.hamlet,Hamlet.BODY,0,0,0,0,247,0,0,1,-1.0,0,1,/Users/eashraf/hadoop/hadoop-yarn-project/hadoop-yarn/hadoop-yarn-common/src/main/java/org/apache/hadoop/yarn/webapp/hamlet/Hamlet.java,20469
hadoop,org.apache.hadoop.yarn.webapp.hamlet,Hamlet.BR,0,0,0,0,21,0,0,1,-1.0,0,1,/Users/eashraf/hadoop/hadoop-yarn-project/hadoop-yarn/hadoop-yarn-common/src/main/java/org/apache/hadoop/yarn/webapp/hamlet/Hamlet.java,20881
hadoop,org.apache.hadoop.yarn.webapp.hamlet,Hamlet.BDO,0,0,0,0,307,0,0,1,-1.0,0,1,/Users/eashraf/hadoop/hadoop-yarn-project/hadoop-yarn/hadoop-yarn-common/src/main/java/org/apache/hadoop/yarn/webapp/hamlet/Hamlet.java,20911
hadoop,org.apache.hadoop.yarn.webapp.hamlet,Hamlet.SPAN,0,0,0,0,347,0,0,1,-1.0,0,1,/Users/eashraf/hadoop/hadoop-yarn-project/hadoop-yarn/hadoop-yarn-common/src/main/java/org/apache/hadoop/yarn/webapp/hamlet/Hamlet.java,21395
hadoop,org.apache.hadoop.yarn.webapp.hamlet,Hamlet.SUP,0,0,0,0,347,0,0,1,-1.0,0,1,/Users/eashraf/hadoop/hadoop-yarn-project/hadoop-yarn/hadoop-yarn-common/src/main/java/org/apache/hadoop/yarn/webapp/hamlet/Hamlet.java,21939
hadoop,org.apache.hadoop.yarn.webapp.hamlet,Hamlet.SUB,0,0,0,0,347,0,0,1,-1.0,0,1,/Users/eashraf/hadoop/hadoop-yarn-project/hadoop-yarn/hadoop-yarn-common/src/main/java/org/apache/hadoop/yarn/webapp/hamlet/Hamlet.java,22483
hadoop,org.apache.hadoop.yarn.webapp.hamlet,Hamlet.ACRONYM,0,0,0,0,347,0,0,1,-1.0,0,1,/Users/eashraf/hadoop/hadoop-yarn-project/hadoop-yarn/hadoop-yarn-common/src/main/java/org/apache/hadoop/yarn/webapp/hamlet/Hamlet.java,23027
hadoop,org.apache.hadoop.yarn.webapp.hamlet,Hamlet.ABBR,0,0,0,0,347,0,0,1,-1.0,0,1,/Users/eashraf/hadoop/hadoop-yarn-project/hadoop-yarn/hadoop-yarn-common/src/main/java/org/apache/hadoop/yarn/webapp/hamlet/Hamlet.java,23571
hadoop,org.apache.hadoop.yarn.webapp.hamlet,Hamlet.CITE,0,0,0,0,347,0,0,1,-1.0,0,1,/Users/eashraf/hadoop/hadoop-yarn-project/hadoop-yarn/hadoop-yarn-common/src/main/java/org/apache/hadoop/yarn/webapp/hamlet/Hamlet.java,24115
hadoop,org.apache.hadoop.yarn.webapp.hamlet,Hamlet.VAR,0,0,0,0,347,0,0,1,-1.0,0,1,/Users/eashraf/hadoop/hadoop-yarn-project/hadoop-yarn/hadoop-yarn-common/src/main/java/org/apache/hadoop/yarn/webapp/hamlet/Hamlet.java,24659
hadoop,org.apache.hadoop.yarn.webapp.hamlet,Hamlet.KBD,0,0,0,0,347,0,0,1,-1.0,0,1,/Users/eashraf/hadoop/hadoop-yarn-project/hadoop-yarn/hadoop-yarn-common/src/main/java/org/apache/hadoop/yarn/webapp/hamlet/Hamlet.java,25203
hadoop,org.apache.hadoop.yarn.webapp.hamlet,Hamlet.SAMP,0,0,0,0,347,0,0,1,-1.0,0,1,/Users/eashraf/hadoop/hadoop-yarn-project/hadoop-yarn/hadoop-yarn-common/src/main/java/org/apache/hadoop/yarn/webapp/hamlet/Hamlet.java,25747
hadoop,org.apache.hadoop.yarn.webapp.hamlet,Hamlet.CODE,0,0,0,0,347,0,0,1,-1.0,0,1,/Users/eashraf/hadoop/hadoop-yarn-project/hadoop-yarn/hadoop-yarn-common/src/main/java/org/apache/hadoop/yarn/webapp/hamlet/Hamlet.java,26291
hadoop,org.apache.hadoop.yarn.webapp.hamlet,Hamlet.DFN,0,0,0,0,347,0,0,1,-1.0,0,1,/Users/eashraf/hadoop/hadoop-yarn-project/hadoop-yarn/hadoop-yarn-common/src/main/java/org/apache/hadoop/yarn/webapp/hamlet/Hamlet.java,26835
hadoop,org.apache.hadoop.yarn.webapp.hamlet,Hamlet.STRONG,0,0,0,0,347,0,0,1,-1.0,0,1,/Users/eashraf/hadoop/hadoop-yarn-project/hadoop-yarn/hadoop-yarn-common/src/main/java/org/apache/hadoop/yarn/webapp/hamlet/Hamlet.java,27379
hadoop,org.apache.hadoop.yarn.webapp.hamlet,Hamlet.EM,0,0,0,0,347,0,0,1,-1.0,0,1,/Users/eashraf/hadoop/hadoop-yarn-project/hadoop-yarn/hadoop-yarn-common/src/main/java/org/apache/hadoop/yarn/webapp/hamlet/Hamlet.java,27923
hadoop,org.apache.hadoop.yarn.webapp.hamlet,Hamlet.SMALL,0,0,0,0,347,0,0,1,-1.0,0,1,/Users/eashraf/hadoop/hadoop-yarn-project/hadoop-yarn/hadoop-yarn-common/src/main/java/org/apache/hadoop/yarn/webapp/hamlet/Hamlet.java,28467
hadoop,org.apache.hadoop.yarn.webapp.hamlet,Hamlet.B,0,0,0,0,347,0,0,1,-1.0,0,1,/Users/eashraf/hadoop/hadoop-yarn-project/hadoop-yarn/hadoop-yarn-common/src/main/java/org/apache/hadoop/yarn/webapp/hamlet/Hamlet.java,29011
hadoop,org.apache.hadoop.yarn.webapp.hamlet,Hamlet.I,0,0,0,0,347,0,0,1,-1.0,0,1,/Users/eashraf/hadoop/hadoop-yarn-project/hadoop-yarn/hadoop-yarn-common/src/main/java/org/apache/hadoop/yarn/webapp/hamlet/Hamlet.java,29555
hadoop,org.apache.hadoop.yarn.logaggregation,TestAggregatedLogsBlock,0,0,9,4,141,12,0,0,-1.0,0,15,/Users/eashraf/hadoop/hadoop-yarn-project/hadoop-yarn/hadoop-yarn-common/src/test/java/org/apache/hadoop/yarn/logaggregation/TestAggregatedLogsBlock.java,55
hadoop,org.apache.hadoop.yarn.logaggregation,TestAggregatedLogFormat,5,0,10,5,209,25,0,0,0.2,0,14,/Users/eashraf/hadoop/hadoop-yarn-project/hadoop-yarn/hadoop-yarn-common/src/test/java/org/apache/hadoop/yarn/logaggregation/TestAggregatedLogFormat.java,66
hadoop,org.apache.hadoop.yarn.logaggregation,TestAggregatedLogDeletionService,0,0,14,4,248,18,0,0,-1.0,0,12,/Users/eashraf/hadoop/hadoop-yarn-project/hadoop-yarn/hadoop-yarn-common/src/test/java/org/apache/hadoop/yarn/logaggregation/TestAggregatedLogDeletionService.java,46
hadoop,org.apache.hadoop.yarn.logaggregation,TestAggregatedLogDeletionService.MockFileSystem,0,0,0,0,7,0,0,0,-1.0,0,0,/Users/eashraf/hadoop/hadoop-yarn-project/hadoop-yarn/hadoop-yarn-common/src/test/java/org/apache/hadoop/yarn/logaggregation/TestAggregatedLogDeletionService.java,388
hadoop,org.apache.hadoop.yarn.logaggregation,AggregatedLogDeletionService,9,0,12,3,186,19,0,0,0.16666666666666666,4,7,/Users/eashraf/hadoop/hadoop-yarn-project/hadoop-yarn/hadoop-yarn-common/src/main/java/org/apache/hadoop/yarn/logaggregation/AggregatedLogDeletionService.java,48
hadoop,org.apache.hadoop.yarn.logaggregation,AggregatedLogDeletionService.LogDeletionTask,5,0,0,0,102,0,0,0,-1.0,0,5,/Users/eashraf/hadoop/hadoop-yarn-project/hadoop-yarn/hadoop-yarn-common/src/main/java/org/apache/hadoop/yarn/logaggregation/AggregatedLogDeletionService.java,59
hadoop,org.apache.hadoop.yarn.logaggregation,ContainerLogsRetentionPolicy,0,0,0,0,1,0,0,0,-1.0,7,0,/Users/eashraf/hadoop/hadoop-yarn-project/hadoop-yarn/hadoop-yarn-common/src/main/java/org/apache/hadoop/yarn/logaggregation/ContainerLogsRetentionPolicy.java,23
hadoop,org.apache.hadoop.yarn.logaggregation,AggregatedLogFormat,27,0,0,0,520,0,0,0,-1.0,5,9,/Users/eashraf/hadoop/hadoop-yarn-project/hadoop-yarn/hadoop-yarn-common/src/main/java/org/apache/hadoop/yarn/logaggregation/AggregatedLogFormat.java,81
hadoop,org.apache.hadoop.yarn.logaggregation,AggregatedLogFormat.LogKey,1,0,0,0,33,0,0,0,-1.0,0,0,/Users/eashraf/hadoop/hadoop-yarn-project/hadoop-yarn/hadoop-yarn-common/src/main/java/org/apache/hadoop/yarn/logaggregation/AggregatedLogFormat.java,108
hadoop,org.apache.hadoop.yarn.logaggregation,AggregatedLogFormat.LogValue,7,0,0,0,144,0,0,0,-1.0,0,2,/Users/eashraf/hadoop/hadoop-yarn-project/hadoop-yarn/hadoop-yarn-common/src/main/java/org/apache/hadoop/yarn/logaggregation/AggregatedLogFormat.java,160
hadoop,org.apache.hadoop.yarn.logaggregation,AggregatedLogFormat.LogWriter,3,0,0,0,76,0,0,0,-1.0,0,5,/Users/eashraf/hadoop/hadoop-yarn-project/hadoop-yarn/hadoop-yarn-common/src/main/java/org/apache/hadoop/yarn/logaggregation/AggregatedLogFormat.java,364
hadoop,org.apache.hadoop.yarn.logaggregation,AggregatedLogFormat.LogReader,4,0,0,0,195,0,0,0,-1.0,0,2,/Users/eashraf/hadoop/hadoop-yarn-project/hadoop-yarn/hadoop-yarn-common/src/main/java/org/apache/hadoop/yarn/logaggregation/AggregatedLogFormat.java,463
hadoop,org.apache.hadoop.yarn.logaggregation,AggregatedLogFormat.ContainerLogsReader,5,0,0,0,54,0,0,0,-1.0,0,0,/Users/eashraf/hadoop/hadoop-yarn-project/hadoop-yarn/hadoop-yarn-common/src/main/java/org/apache/hadoop/yarn/logaggregation/AggregatedLogFormat.java,750
hadoop,org.apache.hadoop.yarn.logaggregation,LogCLIHelpers,1,0,8,5,134,22,0,0,0.0,3,10,/Users/eashraf/hadoop/hadoop-yarn-project/hadoop-yarn/hadoop-yarn-common/src/main/java/org/apache/hadoop/yarn/logaggregation/LogCLIHelpers.java,43
hadoop,org.apache.hadoop.yarn.logaggregation,LogAggregationUtils,1,1,7,7,67,8,0,0,0.42857142857142855,6,5,/Users/eashraf/hadoop/hadoop-yarn-project/hadoop-yarn/hadoop-yarn-common/src/main/java/org/apache/hadoop/yarn/logaggregation/LogAggregationUtils.java,30
hadoop,org.apache.hadoop.yarn.api.records.impl.pb,TestSerializedExceptionPBImpl,0,0,3,3,34,3,0,0,-1.0,0,1,/Users/eashraf/hadoop/hadoop-yarn-project/hadoop-yarn/hadoop-yarn-common/src/test/java/org/apache/hadoop/yarn/api/records/impl/pb/TestSerializedExceptionPBImpl.java,27
hadoop,org.apache.hadoop.yarn.api.records.impl.pb,ApplicationAttemptIdPBImpl,3,0,10,6,43,11,0,0,0.0,8,2,/Users/eashraf/hadoop/hadoop-yarn-project/hadoop-yarn/hadoop-yarn-common/src/main/java/org/apache/hadoop/yarn/api/records/impl/pb/ApplicationAttemptIdPBImpl.java,30
hadoop,org.apache.hadoop.yarn.api.records.impl.pb,QueueInfoPBImpl,8,0,46,32,246,66,0,0,0.13043478260869565,0,5,/Users/eashraf/hadoop/hadoop-yarn-project/hadoop-yarn/hadoop-yarn-common/src/main/java/org/apache/hadoop/yarn/api/records/impl/pb/QueueInfoPBImpl.java,39
hadoop,org.apache.hadoop.yarn.api.records.impl.pb,LocalResourcePBImpl,4,0,28,20,156,43,0,0,0.17857142857142858,3,5,/Users/eashraf/hadoop/hadoop-yarn-project/hadoop-yarn/hadoop-yarn-common/src/main/java/org/apache/hadoop/yarn/api/records/impl/pb/LocalResourcePBImpl.java,35
hadoop,org.apache.hadoop.yarn.api.records.impl.pb,SerializedExceptionPBImpl,3,0,15,12,134,27,0,0,0.26666666666666666,2,1,/Users/eashraf/hadoop/hadoop-yarn-project/hadoop-yarn/hadoop-yarn-common/src/main/java/org/apache/hadoop/yarn/api/records/impl/pb/SerializedExceptionPBImpl.java,33
hadoop,org.apache.hadoop.yarn.api.records.impl.pb,TokenPBImpl,5,0,19,14,125,35,0,0,0.0,2,1,/Users/eashraf/hadoop/hadoop-yarn-project/hadoop-yarn/hadoop-yarn-common/src/main/java/org/apache/hadoop/yarn/api/records/impl/pb/TokenPBImpl.java,31
hadoop,org.apache.hadoop.yarn.api.records.impl.pb,NMTokenPBImpl,5,0,14,7,90,24,0,0,0.0,0,2,/Users/eashraf/hadoop/hadoop-yarn-project/hadoop-yarn/hadoop-yarn-common/src/main/java/org/apache/hadoop/yarn/api/records/impl/pb/NMTokenPBImpl.java,31
hadoop,org.apache.hadoop.yarn.api.records.impl.pb,ApplicationAttemptReportPBImpl,5,0,31,22,186,53,0,0,0.06451612903225806,0,6,/Users/eashraf/hadoop/hadoop-yarn-project/hadoop-yarn/hadoop-yarn-common/src/main/java/org/apache/hadoop/yarn/api/records/impl/pb/ApplicationAttemptReportPBImpl.java,33
hadoop,org.apache.hadoop.yarn.api.records.impl.pb,ProtoBase,0,0,6,4,22,8,0,0,-1.0,0,1,/Users/eashraf/hadoop/hadoop-yarn-project/hadoop-yarn/hadoop-yarn-common/src/main/java/org/apache/hadoop/yarn/api/records/impl/pb/ProtoBase.java,30
hadoop,org.apache.hadoop.yarn.api.records.impl.pb,ReservationDefinitionPBImpl,4,0,19,14,118,33,0,0,0.0,0,2,/Users/eashraf/hadoop/hadoop-yarn-project/hadoop-yarn/hadoop-yarn-common/src/main/java/org/apache/hadoop/yarn/api/records/impl/pb/ReservationDefinitionPBImpl.java,27
hadoop,org.apache.hadoop.yarn.api.records.impl.pb,ReservationRequestPBImpl,4,0,17,12,91,25,0,0,0.0,1,2,/Users/eashraf/hadoop/hadoop-yarn-project/hadoop-yarn/hadoop-yarn-common/src/main/java/org/apache/hadoop/yarn/api/records/impl/pb/ReservationRequestPBImpl.java,29
hadoop,org.apache.hadoop.yarn.api.records.impl.pb,ContainerResourceDecreasePBImpl,5,0,14,7,88,24,0,0,0.21428571428571427,0,3,/Users/eashraf/hadoop/hadoop-yarn-project/hadoop-yarn/hadoop-yarn-common/src/main/java/org/apache/hadoop/yarn/api/records/impl/pb/ContainerResourceDecreasePBImpl.java,29
hadoop,org.apache.hadoop.yarn.api.records.impl.pb,PreemptionContainerPBImpl,4,0,13,8,73,21,0,0,0.0,2,2,/Users/eashraf/hadoop/hadoop-yarn-project/hadoop-yarn/hadoop-yarn-common/src/main/java/org/apache/hadoop/yarn/api/records/impl/pb/PreemptionContainerPBImpl.java,30
hadoop,org.apache.hadoop.yarn.api.records.impl.pb,ResourcePBImpl,3,0,9,8,46,11,0,0,0.0,9,1,/Users/eashraf/hadoop/hadoop-yarn-project/hadoop-yarn/hadoop-yarn-common/src/main/java/org/apache/hadoop/yarn/api/records/impl/pb/ResourcePBImpl.java,28
hadoop,org.apache.hadoop.yarn.api.records.impl.pb,ContainerReportPBImpl,7,0,39,26,226,65,0,0,0.23076923076923078,0,10,/Users/eashraf/hadoop/hadoop-yarn-project/hadoop-yarn/hadoop-yarn-common/src/main/java/org/apache/hadoop/yarn/api/records/impl/pb/ContainerReportPBImpl.java,37
hadoop,org.apache.hadoop.yarn.api.records.impl.pb,ResourceRequestPBImpl,5,0,23,16,133,37,0,0,0.13043478260869565,2,4,/Users/eashraf/hadoop/hadoop-yarn-project/hadoop-yarn/hadoop-yarn-common/src/main/java/org/apache/hadoop/yarn/api/records/impl/pb/ResourceRequestPBImpl.java,32
hadoop,org.apache.hadoop.yarn.api.records.impl.pb,LogAggregationContextPBImpl,3,0,12,10,72,20,0,0,0.0,2,0,/Users/eashraf/hadoop/hadoop-yarn-project/hadoop-yarn/hadoop-yarn-common/src/main/java/org/apache/hadoop/yarn/api/records/impl/pb/LogAggregationContextPBImpl.java,25
hadoop,org.apache.hadoop.yarn.api.records.impl.pb,PreemptionMessagePBImpl,5,0,17,10,101,29,0,0,0.17647058823529413,0,4,/Users/eashraf/hadoop/hadoop-yarn-project/hadoop-yarn/hadoop-yarn-common/src/main/java/org/apache/hadoop/yarn/api/records/impl/pb/PreemptionMessagePBImpl.java,32
hadoop,org.apache.hadoop.yarn.api.records.impl.pb,ResourceBlacklistRequestPBImpl,5,0,16,9,116,30,0,0,0.0,0,0,/Users/eashraf/hadoop/hadoop-yarn-project/hadoop-yarn/hadoop-yarn-common/src/main/java/org/apache/hadoop/yarn/api/records/impl/pb/ResourceBlacklistRequestPBImpl.java,30
hadoop,org.apache.hadoop.yarn.api.records.impl.pb,PreemptionContractPBImpl,7,0,29,18,159,43,0,0,0.1724137931034483,1,4,/Users/eashraf/hadoop/hadoop-yarn-project/hadoop-yarn/hadoop-yarn-common/src/main/java/org/apache/hadoop/yarn/api/records/impl/pb/PreemptionContractPBImpl.java,38
hadoop,org.apache.hadoop.yarn.api.records.impl.pb,URLPBImpl,3,0,17,16,104,28,0,0,0.0,1,0,/Users/eashraf/hadoop/hadoop-yarn-project/hadoop-yarn/hadoop-yarn-common/src/main/java/org/apache/hadoop/yarn/api/records/impl/pb/URLPBImpl.java,30
hadoop,org.apache.hadoop.yarn.api.records.impl.pb,ApplicationSubmissionContextPBImpl,11,0,59,40,379,107,0,0,0.22033898305084745,0,16,/Users/eashraf/hadoop/hadoop-yarn-project/hadoop-yarn/hadoop-yarn-common/src/main/java/org/apache/hadoop/yarn/api/records/impl/pb/ApplicationSubmissionContextPBImpl.java,49
hadoop,org.apache.hadoop.yarn.api.records.impl.pb,QueueUserACLInfoPBImpl,5,0,21,14,112,31,0,0,0.09523809523809523,0,2,/Users/eashraf/hadoop/hadoop-yarn-project/hadoop-yarn/hadoop-yarn-common/src/main/java/org/apache/hadoop/yarn/api/records/impl/pb/QueueUserACLInfoPBImpl.java,35
hadoop,org.apache.hadoop.yarn.api.records.impl.pb,ProtoUtils,7,0,32,32,112,32,0,0,0.78125,25,15,/Users/eashraf/hadoop/hadoop-yarn-project/hadoop-yarn/hadoop-yarn-common/src/main/java/org/apache/hadoop/yarn/api/records/impl/pb/ProtoUtils.java,58
hadoop,org.apache.hadoop.yarn.api.records.impl.pb,NodeIdPBImpl,2,0,8,5,33,8,0,0,0.0,3,0,/Users/eashraf/hadoop/hadoop-yarn-project/hadoop-yarn/hadoop-yarn-common/src/main/java/org/apache/hadoop/yarn/api/records/impl/pb/NodeIdPBImpl.java,29
hadoop,org.apache.hadoop.yarn.api.records.impl.pb,PreemptionResourceRequestPBImpl,4,0,13,8,73,21,0,0,0.0,1,2,/Users/eashraf/hadoop/hadoop-yarn-project/hadoop-yarn/hadoop-yarn-common/src/main/java/org/apache/hadoop/yarn/api/records/impl/pb/PreemptionResourceRequestPBImpl.java,30
hadoop,org.apache.hadoop.yarn.api.records.impl.pb,ResourceOptionPBImpl,3,0,13,7,60,16,0,0,0.0,0,2,/Users/eashraf/hadoop/hadoop-yarn-project/hadoop-yarn/hadoop-yarn-common/src/main/java/org/apache/hadoop/yarn/api/records/impl/pb/ResourceOptionPBImpl.java,29
hadoop,org.apache.hadoop.yarn.api.records.impl.pb,ApplicationReportPBImpl,8,0,62,46,384,107,0,0,0.16129032258064516,1,10,/Users/eashraf/hadoop/hadoop-yarn-project/hadoop-yarn/hadoop-yarn-common/src/main/java/org/apache/hadoop/yarn/api/records/impl/pb/ApplicationReportPBImpl.java,44
hadoop,org.apache.hadoop.yarn.api.records.impl.pb,ContainerLaunchContextPBImpl,13,0,51,34,311,84,0,0,0.13725490196078433,1,4,/Users/eashraf/hadoop/hadoop-yarn-project/hadoop-yarn/hadoop-yarn-common/src/main/java/org/apache/hadoop/yarn/api/records/impl/pb/ContainerLaunchContextPBImpl.java,44
hadoop,org.apache.hadoop.yarn.api.records.impl.pb,ContainerIdPBImpl,3,0,11,6,47,12,0,0,0.0,14,2,/Users/eashraf/hadoop/hadoop-yarn-project/hadoop-yarn/hadoop-yarn-common/src/main/java/org/apache/hadoop/yarn/api/records/impl/pb/ContainerIdPBImpl.java,30
hadoop,org.apache.hadoop.yarn.api.records.impl.pb,ApplicationResourceUsageReportPBImpl,6,0,25,20,143,41,0,0,0.0,0,2,/Users/eashraf/hadoop/hadoop-yarn-project/hadoop-yarn/hadoop-yarn-common/src/main/java/org/apache/hadoop/yarn/api/records/impl/pb/ApplicationResourceUsageReportPBImpl.java,31
hadoop,org.apache.hadoop.yarn.api.records.impl.pb,PriorityPBImpl,3,0,7,6,34,8,0,0,0.0,5,0,/Users/eashraf/hadoop/hadoop-yarn-project/hadoop-yarn/hadoop-yarn-common/src/main/java/org/apache/hadoop/yarn/api/records/impl/pb/PriorityPBImpl.java,27
hadoop,org.apache.hadoop.yarn.api.records.impl.pb,ContainerPBImpl,8,0,32,19,214,60,0,0,0.28125,0,11,/Users/eashraf/hadoop/hadoop-yarn-project/hadoop-yarn/hadoop-yarn-common/src/main/java/org/apache/hadoop/yarn/api/records/impl/pb/ContainerPBImpl.java,37
hadoop,org.apache.hadoop.yarn.api.records.impl.pb,ContainerResourceIncreaseRequestPBImpl,5,0,14,7,88,24,0,0,0.21428571428571427,0,3,/Users/eashraf/hadoop/hadoop-yarn-project/hadoop-yarn/hadoop-yarn-common/src/main/java/org/apache/hadoop/yarn/api/records/impl/pb/ContainerResourceIncreaseRequestPBImpl.java,30
hadoop,org.apache.hadoop.yarn.api.records.impl.pb,NodeReportPBImpl,7,0,34,26,210,58,0,0,0.08823529411764706,0,6,/Users/eashraf/hadoop/hadoop-yarn-project/hadoop-yarn/hadoop-yarn-common/src/main/java/org/apache/hadoop/yarn/api/records/impl/pb/NodeReportPBImpl.java,37
hadoop,org.apache.hadoop.yarn.api.records.impl.pb,ReservationIdPBImpl,2,0,8,5,33,8,0,0,0.0,1,0,/Users/eashraf/hadoop/hadoop-yarn-project/hadoop-yarn/hadoop-yarn-common/src/main/java/org/apache/hadoop/yarn/api/records/impl/pb/ReservationIdPBImpl.java,28
hadoop,org.apache.hadoop.yarn.api.records.impl.pb,StrictPreemptionContractPBImpl,5,0,19,12,102,28,0,0,0.10526315789473684,1,2,/Users/eashraf/hadoop/hadoop-yarn-project/hadoop-yarn/hadoop-yarn-common/src/main/java/org/apache/hadoop/yarn/api/records/impl/pb/StrictPreemptionContractPBImpl.java,35
hadoop,org.apache.hadoop.yarn.api.records.impl.pb,ContainerResourceIncreasePBImpl,6,0,18,9,115,32,0,0,0.2777777777777778,0,4,/Users/eashraf/hadoop/hadoop-yarn-project/hadoop-yarn/hadoop-yarn-common/src/main/java/org/apache/hadoop/yarn/api/records/impl/pb/ContainerResourceIncreasePBImpl.java,31
hadoop,org.apache.hadoop.yarn.api.records.impl.pb,ApplicationIdPBImpl,2,0,8,5,33,8,0,0,0.0,9,0,/Users/eashraf/hadoop/hadoop-yarn-project/hadoop-yarn/hadoop-yarn-common/src/main/java/org/apache/hadoop/yarn/api/records/impl/pb/ApplicationIdPBImpl.java,29
hadoop,org.apache.hadoop.yarn.api.records.impl.pb,ContainerStatusPBImpl,4,0,21,14,115,31,0,0,0.14285714285714285,0,4,/Users/eashraf/hadoop/hadoop-yarn-project/hadoop-yarn/hadoop-yarn-common/src/main/java/org/apache/hadoop/yarn/api/records/impl/pb/ContainerStatusPBImpl.java,34
hadoop,org.apache.hadoop.yarn.api.records.impl.pb,ReservationRequestsPBImpl,5,1,23,14,122,34,0,0,0.17391304347826086,1,4,/Users/eashraf/hadoop/hadoop-yarn-project/hadoop-yarn/hadoop-yarn-common/src/main/java/org/apache/hadoop/yarn/api/records/impl/pb/ReservationRequestsPBImpl.java,33
hadoop,org.apache.hadoop.yarn.api.records.impl.pb,YarnClusterMetricsPBImpl,3,0,9,8,44,12,0,0,0.0,0,0,/Users/eashraf/hadoop/hadoop-yarn-project/hadoop-yarn/hadoop-yarn-common/src/main/java/org/apache/hadoop/yarn/api/records/impl/pb/YarnClusterMetricsPBImpl.java,30
hadoop,org.apache.hadoop.yarn.ipc,TestRPCUtil,2,0,12,11,99,12,0,0,0.3333333333333333,0,2,/Users/eashraf/hadoop/hadoop-yarn-project/hadoop-yarn/hadoop-yarn-common/src/test/java/org/apache/hadoop/yarn/ipc/TestRPCUtil.java,32
hadoop,org.apache.hadoop.yarn.ipc,TestRPCUtil.YarnTestException,1,0,0,0,6,0,0,0,-1.0,0,0,/Users/eashraf/hadoop/hadoop-yarn-project/hadoop-yarn/hadoop-yarn-common/src/test/java/org/apache/hadoop/yarn/ipc/TestRPCUtil.java,157
hadoop,org.apache.hadoop.yarn.ipc,TestRPCUtil.YarnTestExceptionNoConstructor,1,0,0,0,3,0,0,0,-1.0,0,0,/Users/eashraf/hadoop/hadoop-yarn-project/hadoop-yarn/hadoop-yarn-common/src/test/java/org/apache/hadoop/yarn/ipc/TestRPCUtil.java,166
hadoop,org.apache.hadoop.yarn.ipc,RPCUtil,0,0,4,3,85,11,0,0,-1.0,24,1,/Users/eashraf/hadoop/hadoop-yarn-project/hadoop-yarn/hadoop-yarn-common/src/main/java/org/apache/hadoop/yarn/ipc/RPCUtil.java,31
hadoop,org.apache.hadoop.yarn.ipc,HadoopYarnProtoRPC,1,0,3,3,17,3,0,1,0.6666666666666666,0,3,/Users/eashraf/hadoop/hadoop-yarn-project/hadoop-yarn/hadoop-yarn-common/src/main/java/org/apache/hadoop/yarn/ipc/HadoopYarnProtoRPC.java,32
hadoop,org.apache.hadoop.yarn.ipc,YarnRPC,1,0,5,5,25,6,1,0,0.8,49,3,/Users/eashraf/hadoop/hadoop-yarn-project/hadoop-yarn/hadoop-yarn-common/src/main/java/org/apache/hadoop/yarn/ipc/YarnRPC.java,33
hadoop,org.apache.hadoop.yarn.event,DrainDispatcher,0,0,3,2,16,4,0,2,-1.0,22,0,/Users/eashraf/hadoop/hadoop-yarn-project/hadoop-yarn/hadoop-yarn-common/src/test/java/org/apache/hadoop/yarn/event/DrainDispatcher.java,23
hadoop,org.apache.hadoop.yarn.event,InlineDispatcher,1,0,2,1,22,3,0,2,1.0,5,2,/Users/eashraf/hadoop/hadoop-yarn-project/hadoop-yarn/hadoop-yarn-common/src/test/java/org/apache/hadoop/yarn/event/InlineDispatcher.java,27
hadoop,org.apache.hadoop.yarn.event,InlineDispatcher.TestEventHandler,0,0,0,0,5,0,0,1,-1.0,0,0,/Users/eashraf/hadoop/hadoop-yarn-project/hadoop-yarn/hadoop-yarn-common/src/test/java/org/apache/hadoop/yarn/event/InlineDispatcher.java,31
hadoop,org.apache.hadoop.yarn.event,InlineDispatcher.EmptyEventHandler,0,0,0,0,4,0,0,1,-1.0,0,0,/Users/eashraf/hadoop/hadoop-yarn-project/hadoop-yarn/hadoop-yarn-common/src/test/java/org/apache/hadoop/yarn/event/InlineDispatcher.java,52
hadoop,org.apache.hadoop.yarn.event,EventHandler,0,0,1,0,7,1,4,0,-1.0,60,0,/Users/eashraf/hadoop/hadoop-yarn-project/hadoop-yarn/hadoop-yarn-common/src/main/java/org/apache/hadoop/yarn/event/EventHandler.java,24
hadoop,org.apache.hadoop.yarn.event,AbstractEvent,2,0,5,5,24,5,0,1,0.0,0,0,/Users/eashraf/hadoop/hadoop-yarn-project/hadoop-yarn/hadoop-yarn-common/src/main/java/org/apache/hadoop/yarn/event/AbstractEvent.java,24
hadoop,org.apache.hadoop.yarn.event,Event,0,0,3,0,8,3,1,0,-1.0,16,0,/Users/eashraf/hadoop/hadoop-yarn-project/hadoop-yarn/hadoop-yarn-common/src/main/java/org/apache/hadoop/yarn/event/Event.java,24
hadoop,org.apache.hadoop.yarn.event,Dispatcher,2,2,2,0,9,2,1,0,-1.0,54,1,/Users/eashraf/hadoop/hadoop-yarn-project/hadoop-yarn/hadoop-yarn-common/src/main/java/org/apache/hadoop/yarn/event/Dispatcher.java,24
hadoop,org.apache.hadoop.yarn.event,AsyncDispatcher,12,0,14,7,191,33,2,1,0.21428571428571427,12,5,/Users/eashraf/hadoop/hadoop-yarn-project/hadoop-yarn/hadoop-yarn-common/src/main/java/org/apache/hadoop/yarn/event/AsyncDispatcher.java,39
hadoop,org.apache.hadoop.yarn.event,AsyncDispatcher.GenericEventHandler,0,0,0,0,25,0,0,1,-1.0,0,0,/Users/eashraf/hadoop/hadoop-yarn-project/hadoop-yarn/hadoop-yarn-common/src/main/java/org/apache/hadoop/yarn/event/AsyncDispatcher.java,225
hadoop,org.apache.hadoop.yarn.event,AsyncDispatcher.MultiListenerHandler,1,0,0,0,18,0,0,1,-1.0,0,0,/Users/eashraf/hadoop/hadoop-yarn-project/hadoop-yarn/hadoop-yarn-common/src/main/java/org/apache/hadoop/yarn/event/AsyncDispatcher.java,253
hadoop,org.apache.hadoop.yarn.client,TestClientRMProxy,0,0,2,2,42,6,0,0,-1.0,0,4,/Users/eashraf/hadoop/hadoop-yarn-project/hadoop-yarn/hadoop-yarn-common/src/test/java/org/apache/hadoop/yarn/client/TestClientRMProxy.java,29
hadoop,org.apache.hadoop.yarn.client,ServerProxy,0,0,3,1,29,4,1,0,-1.0,0,7,/Users/eashraf/hadoop/hadoop-yarn-project/hadoop-yarn/hadoop-yarn-common/src/main/java/org/apache/hadoop/yarn/client/ServerProxy.java,45
hadoop,org.apache.hadoop.yarn.client,NMProxy,0,0,1,1,6,1,0,1,-1.0,2,5,/Users/eashraf/hadoop/hadoop-yarn-project/hadoop-yarn/hadoop-yarn-common/src/main/java/org/apache/hadoop/yarn/client/NMProxy.java,31
hadoop,org.apache.hadoop.yarn.client,RMHAServiceTarget,2,0,6,6,23,6,0,0,0.6666666666666666,0,2,/Users/eashraf/hadoop/hadoop-yarn-project/hadoop-yarn/hadoop-yarn-common/src/main/java/org/apache/hadoop/yarn/client/RMHAServiceTarget.java,30
hadoop,org.apache.hadoop.yarn.client,RMProxy,1,0,9,3,121,18,1,0,0.6666666666666666,2,12,/Users/eashraf/hadoop/hadoop-yarn-project/hadoop-yarn/hadoop-yarn-common/src/main/java/org/apache/hadoop/yarn/client/RMProxy.java,53
hadoop,org.apache.hadoop.yarn.client,AHSProxy,1,0,3,2,15,3,0,0,1.0,1,3,/Users/eashraf/hadoop/hadoop-yarn-project/hadoop-yarn/hadoop-yarn-common/src/main/java/org/apache/hadoop/yarn/client/AHSProxy.java,33
hadoop,org.apache.hadoop.yarn.client,ClientRMProxy,2,0,8,4,70,15,0,1,0.5,13,6,/Users/eashraf/hadoop/hadoop-yarn-project/hadoop-yarn/hadoop-yarn-common/src/main/java/org/apache/hadoop/yarn/client/ClientRMProxy.java,47
hadoop,org.apache.hadoop.yarn.client,ClientRMProxy.ClientRMProtocols,0,0,0,0,2,0,0,0,-1.0,0,0,/Users/eashraf/hadoop/hadoop-yarn-project/hadoop-yarn/hadoop-yarn-common/src/main/java/org/apache/hadoop/yarn/client/ClientRMProxy.java,53
hadoop,org.apache.hadoop.yarn.client,RMFailoverProxyProvider,0,0,1,1,9,1,1,0,-1.0,1,2,/Users/eashraf/hadoop/hadoop-yarn-project/hadoop-yarn/hadoop-yarn-common/src/main/java/org/apache/hadoop/yarn/client/RMFailoverProxyProvider.java,25
hadoop,org.apache.hadoop.yarn.client,ConfiguredRMFailoverProxyProvider,7,0,6,5,60,9,0,1,0.0,0,6,/Users/eashraf/hadoop/hadoop-yarn-project/hadoop-yarn/hadoop-yarn-common/src/main/java/org/apache/hadoop/yarn/client/ConfiguredRMFailoverProxyProvider.java,38
hadoop,org.apache.hadoop.yarn.client,TestApplicationMasterServiceProtocolOnHA,2,0,6,5,39,8,0,1,0.0,0,14,/Users/eashraf/hadoop/hadoop-yarn-project/hadoop-yarn/hadoop-yarn-client/src/test/java/org/apache/hadoop/yarn/client/TestApplicationMasterServiceProtocolOnHA.java,48
hadoop,org.apache.hadoop.yarn.client,GetGroupsForTesting,0,0,6,4,26,6,0,0,-1.0,0,5,/Users/eashraf/hadoop/hadoop-yarn-project/hadoop-yarn/hadoop-yarn-client/src/test/java/org/apache/hadoop/yarn/client/GetGroupsForTesting.java,32
hadoop,org.apache.hadoop.yarn.client,TestGetGroups,3,0,6,4,41,9,0,0,0.3333333333333333,0,3,/Users/eashraf/hadoop/hadoop-yarn-project/hadoop-yarn/hadoop-yarn-client/src/test/java/org/apache/hadoop/yarn/client/TestGetGroups.java,36
hadoop,org.apache.hadoop.yarn.client,TestRMFailover,9,0,16,7,201,19,0,0,0.0,0,9,/Users/eashraf/hadoop/hadoop-yarn-project/hadoop-yarn/hadoop-yarn-client/src/test/java/org/apache/hadoop/yarn/client/TestRMFailover.java,53
hadoop,org.apache.hadoop.yarn.client,ProtocolHATestBase,14,0,13,3,416,19,3,0,0.0,0,13,/Users/eashraf/hadoop/hadoop-yarn-project/hadoop-yarn/hadoop-yarn-client/src/test/java/org/apache/hadoop/yarn/client/ProtocolHATestBase.java,133
hadoop,org.apache.hadoop.yarn.client,ProtocolHATestBase.MiniYARNClusterForHATesting,5,0,0,0,279,0,0,0,-1.0,0,8,/Users/eashraf/hadoop/hadoop-yarn-project/hadoop-yarn/hadoop-yarn-client/src/test/java/org/apache/hadoop/yarn/client/ProtocolHATestBase.java,319
hadoop,org.apache.hadoop.yarn.client,ProtocolHATestBase.CustomedClientRMService,0,0,0,0,96,0,0,0,-1.0,0,0,/Users/eashraf/hadoop/hadoop-yarn-project/hadoop-yarn/hadoop-yarn-client/src/test/java/org/apache/hadoop/yarn/client/ProtocolHATestBase.java,410
hadoop,org.apache.hadoop.yarn.client,ProtocolHATestBase.CustomedResourceTrackerService,0,0,0,0,15,0,0,0,-1.0,0,0,/Users/eashraf/hadoop/hadoop-yarn-project/hadoop-yarn/hadoop-yarn-client/src/test/java/org/apache/hadoop/yarn/client/ProtocolHATestBase.java,740
hadoop,org.apache.hadoop.yarn.client,ProtocolHATestBase.CustomedApplicationMasterService,0,0,0,0,20,0,0,0,-1.0,0,0,/Users/eashraf/hadoop/hadoop-yarn-project/hadoop-yarn/hadoop-yarn-client/src/test/java/org/apache/hadoop/yarn/client/ProtocolHATestBase.java,771
hadoop,org.apache.hadoop.yarn.client,TestResourceTrackerOnHA,1,0,5,3,35,8,0,1,0.0,0,9,/Users/eashraf/hadoop/hadoop-yarn-project/hadoop-yarn/hadoop-yarn-client/src/test/java/org/apache/hadoop/yarn/client/TestResourceTrackerOnHA.java,38
hadoop,org.apache.hadoop.yarn.client,TestApplicationClientProtocolOnHA,1,0,19,19,99,20,0,1,0.15789473684210525,0,18,/Users/eashraf/hadoop/hadoop-yarn-project/hadoop-yarn/hadoop-yarn-client/src/test/java/org/apache/hadoop/yarn/client/TestApplicationClientProtocolOnHA.java,49
hadoop,org.apache.hadoop.yarn.client,TestResourceManagerAdministrationProtocolPBClientImpl,4,0,12,10,101,15,0,0,0.16666666666666666,0,19,/Users/eashraf/hadoop/hadoop-yarn-project/hadoop-yarn/hadoop-yarn-client/src/test/java/org/apache/hadoop/yarn/client/TestResourceManagerAdministrationProtocolPBClientImpl.java,53
hadoop,org.apache.hadoop.yarn.client,TestYarnApiClasses,1,0,4,3,46,4,0,0,0.5,0,7,/Users/eashraf/hadoop/hadoop-yarn-project/hadoop-yarn/hadoop-yarn-client/src/test/java/org/apache/hadoop/yarn/client/TestYarnApiClasses.java,36
hadoop,org.apache.hadoop.yarn.client,SCMAdmin,1,0,8,4,118,17,0,0,0.5,1,8,/Users/eashraf/hadoop/hadoop-yarn-project/hadoop-yarn/hadoop-yarn-client/src/main/java/org/apache/hadoop/yarn/client/SCMAdmin.java,38
hadoop,org.apache.hadoop.yarn.client.api.impl,TestTimelineClient,1,0,18,12,251,23,0,0,0.0,0,11,/Users/eashraf/hadoop/hadoop-yarn-project/hadoop-yarn/hadoop-yarn-common/src/test/java/org/apache/hadoop/yarn/client/api/impl/TestTimelineClient.java,52
hadoop,org.apache.hadoop.yarn.client.api.impl,TestTimelineClient.TestTimlineDelegationTokenSecretManager,0,0,0,0,11,0,0,0,-1.0,0,0,/Users/eashraf/hadoop/hadoop-yarn-project/hadoop-yarn/hadoop-yarn-common/src/test/java/org/apache/hadoop/yarn/client/api/impl/TestTimelineClient.java,368
hadoop,org.apache.hadoop.yarn.client.api.impl,TimelineClientImpl,17,3,23,15,401,49,0,0,0.17391304347826086,1,16,/Users/eashraf/hadoop/hadoop-yarn-project/hadoop-yarn/hadoop-yarn-common/src/main/java/org/apache/hadoop/yarn/client/api/impl/TimelineClientImpl.java,84
hadoop,org.apache.hadoop.yarn.client.api.impl,TimelineClientImpl.TimelineClientRetryOp,0,0,0,0,4,0,0,0,-1.0,0,0,/Users/eashraf/hadoop/hadoop-yarn-project/hadoop-yarn/hadoop-yarn-common/src/main/java/org/apache/hadoop/yarn/client/api/impl/TimelineClientImpl.java,117
hadoop,org.apache.hadoop.yarn.client.api.impl,TimelineClientImpl.TimelineClientConnectionRetry,3,2,0,0,53,0,0,0,-1.0,0,1,/Users/eashraf/hadoop/hadoop-yarn-project/hadoop-yarn/hadoop-yarn-common/src/main/java/org/apache/hadoop/yarn/client/api/impl/TimelineClientImpl.java,126
hadoop,org.apache.hadoop.yarn.client.api.impl,TimelineClientImpl.TimelineJerseyRetryFilter,0,0,0,0,19,0,0,0,-1.0,0,0,/Users/eashraf/hadoop/hadoop-yarn-project/hadoop-yarn/hadoop-yarn-common/src/main/java/org/apache/hadoop/yarn/client/api/impl/TimelineClientImpl.java,222
hadoop,org.apache.hadoop.yarn.client.api.impl,TimelineClientImpl.TimelineURLConnectionFactory,0,0,0,0,21,0,0,0,-1.0,0,1,/Users/eashraf/hadoop/hadoop-yarn-project/hadoop-yarn/hadoop-yarn-common/src/main/java/org/apache/hadoop/yarn/client/api/impl/TimelineClientImpl.java,478
hadoop,org.apache.hadoop.yarn.client.api.impl,TestAMRMClient,17,0,23,17,658,65,0,0,0.21739130434782608,0,37,/Users/eashraf/hadoop/hadoop-yarn-project/hadoop-yarn/hadoop-yarn-client/src/test/java/org/apache/hadoop/yarn/client/api/impl/TestAMRMClient.java,100
hadoop,org.apache.hadoop.yarn.client.api.impl,TestAMRMClient.CountDownSupplier,1,0,0,0,12,0,0,0,-1.0,0,0,/Users/eashraf/hadoop/hadoop-yarn-project/hadoop-yarn/hadoop-yarn-client/src/test/java/org/apache/hadoop/yarn/client/api/impl/TestAMRMClient.java,885
hadoop,org.apache.hadoop.yarn.client.api.impl,TestNMClient,9,0,9,4,211,26,0,0,0.0,0,32,/Users/eashraf/hadoop/hadoop-yarn-project/hadoop-yarn/hadoop-yarn-client/src/test/java/org/apache/hadoop/yarn/client/api/impl/TestNMClient.java,73
hadoop,org.apache.hadoop.yarn.client.api.impl,TestAMRMClientOnRMRestart,9,0,8,5,360,15,0,0,0.0,0,28,/Users/eashraf/hadoop/hadoop-yarn-project/hadoop-yarn/hadoop-yarn-client/src/test/java/org/apache/hadoop/yarn/client/api/impl/TestAMRMClientOnRMRestart.java,74
hadoop,org.apache.hadoop.yarn.client.api.impl,TestAMRMClientOnRMRestart.MyFifoScheduler,4,0,0,0,28,0,0,0,-1.0,0,0,/Users/eashraf/hadoop/hadoop-yarn-project/hadoop-yarn/hadoop-yarn-client/src/test/java/org/apache/hadoop/yarn/client/api/impl/TestAMRMClientOnRMRestart.java,505
hadoop,org.apache.hadoop.yarn.client.api.impl,TestAMRMClientOnRMRestart.MyResourceManager,1,0,0,0,27,0,0,0,-1.0,0,0,/Users/eashraf/hadoop/hadoop-yarn-project/hadoop-yarn/hadoop-yarn-client/src/test/java/org/apache/hadoop/yarn/client/api/impl/TestAMRMClientOnRMRestart.java,546
hadoop,org.apache.hadoop.yarn.client.api.impl,TestAMRMClientOnRMRestart.MyResourceManager2,0,0,0,0,8,0,0,0,-1.0,0,0,/Users/eashraf/hadoop/hadoop-yarn-project/hadoop-yarn/hadoop-yarn-client/src/test/java/org/apache/hadoop/yarn/client/api/impl/TestAMRMClientOnRMRestart.java,588
hadoop,org.apache.hadoop.yarn.client.api.impl,TestAMRMClientOnRMRestart.MyAMRMClientImpl,1,0,0,0,19,0,0,1,-1.0,0,0,/Users/eashraf/hadoop/hadoop-yarn-project/hadoop-yarn/hadoop-yarn-client/src/test/java/org/apache/hadoop/yarn/client/api/impl/TestAMRMClientOnRMRestart.java,600
hadoop,org.apache.hadoop.yarn.client.api.impl,TestSharedCacheClientImpl,7,2,13,10,88,16,0,0,0.15384615384615385,0,8,/Users/eashraf/hadoop/hadoop-yarn-project/hadoop-yarn/hadoop-yarn-client/src/test/java/org/apache/hadoop/yarn/client/api/impl/TestSharedCacheClientImpl.java,48
hadoop,org.apache.hadoop.yarn.client.api.impl,TestAMRMClientContainerRequest,0,0,6,5,102,6,0,0,-1.0,0,8,/Users/eashraf/hadoop/hadoop-yarn-project/hadoop-yarn/hadoop-yarn-client/src/test/java/org/apache/hadoop/yarn/client/api/impl/TestAMRMClientContainerRequest.java,37
hadoop,org.apache.hadoop.yarn.client.api.impl,TestAMRMClientContainerRequest.MyResolver,0,0,0,0,9,0,0,0,-1.0,0,0,/Users/eashraf/hadoop/hadoop-yarn-project/hadoop-yarn/hadoop-yarn-client/src/test/java/org/apache/hadoop/yarn/client/api/impl/TestAMRMClientContainerRequest.java,209
hadoop,org.apache.hadoop.yarn.client.api.impl,AMRMTokenIdentifierForTest,4,1,15,15,63,17,0,0,0.13333333333333333,1,3,/Users/eashraf/hadoop/hadoop-yarn-project/hadoop-yarn/hadoop-yarn-client/src/test/java/org/apache/hadoop/yarn/client/api/impl/AMRMTokenIdentifierForTest.java,40
hadoop,org.apache.hadoop.yarn.client.api.impl,TestYarnClient,11,0,29,21,671,48,0,0,0.8275862068965517,0,57,/Users/eashraf/hadoop/hadoop-yarn-project/hadoop-yarn/hadoop-yarn-client/src/test/java/org/apache/hadoop/yarn/client/api/impl/TestYarnClient.java,127
hadoop,org.apache.hadoop.yarn.client.api.impl,TestYarnClient.MockYarnClient,11,0,0,0,188,0,0,1,-1.0,0,12,/Users/eashraf/hadoop/hadoop-yarn-project/hadoop-yarn/hadoop-yarn-client/src/test/java/org/apache/hadoop/yarn/client/api/impl/TestYarnClient.java,435
hadoop,org.apache.hadoop.yarn.client.api.impl,TestAHSClient,9,0,7,7,194,7,0,0,1.0,0,19,/Users/eashraf/hadoop/hadoop-yarn-project/hadoop-yarn/hadoop-yarn-client/src/test/java/org/apache/hadoop/yarn/client/api/impl/TestAHSClient.java,62
hadoop,org.apache.hadoop.yarn.client.api.impl,TestAHSClient.MockAHSClient,9,0,0,0,109,0,0,1,-1.0,0,11,/Users/eashraf/hadoop/hadoop-yarn-project/hadoop-yarn/hadoop-yarn-client/src/test/java/org/apache/hadoop/yarn/client/api/impl/TestAHSClient.java,188
hadoop,org.apache.hadoop.yarn.client.api.impl,AHSClientImpl,2,0,11,7,59,12,1,0,0.18181818181818182,0,20,/Users/eashraf/hadoop/hadoop-yarn-project/hadoop-yarn/hadoop-yarn-client/src/main/java/org/apache/hadoop/yarn/client/api/impl/AHSClientImpl.java,54
hadoop,org.apache.hadoop.yarn.client.api.impl,SharedCacheClientImpl,5,0,10,4,85,15,0,0,0.2,1,15,/Users/eashraf/hadoop/hadoop-yarn-project/hadoop-yarn/hadoop-yarn-client/src/main/java/org/apache/hadoop/yarn/client/api/impl/SharedCacheClientImpl.java,49
hadoop,org.apache.hadoop.yarn.client.api.impl,ContainerManagementProtocolProxy,11,0,9,5,160,26,0,0,0.0,2,8,/Users/eashraf/hadoop/hadoop-yarn-project/hadoop-yarn/hadoop-yarn-client/src/main/java/org/apache/hadoop/yarn/client/api/impl/ContainerManagementProtocolProxy.java,51
hadoop,org.apache.hadoop.yarn.client.api.impl,ContainerManagementProtocolProxy.ContainerManagementProtocolProxyData,5,0,0,0,29,0,0,0,-1.0,0,2,/Users/eashraf/hadoop/hadoop-yarn-project/hadoop-yarn/hadoop-yarn-client/src/main/java/org/apache/hadoop/yarn/client/api/impl/ContainerManagementProtocolProxy.java,227
hadoop,org.apache.hadoop.yarn.client.api.impl,YarnClientImpl,13,0,43,31,437,90,1,0,0.046511627906976744,2,59,/Users/eashraf/hadoop/hadoop-yarn-project/hadoop-yarn/hadoop-yarn-client/src/main/java/org/apache/hadoop/yarn/client/api/impl/YarnClientImpl.java,115
hadoop,org.apache.hadoop.yarn.client.api.impl,NMClientImpl,7,0,16,7,188,30,0,0,0.1875,1,16,/Users/eashraf/hadoop/hadoop-yarn-project/hadoop-yarn/hadoop-yarn-client/src/main/java/org/apache/hadoop/yarn/client/api/impl/NMClientImpl.java,55
hadoop,org.apache.hadoop.yarn.client.api.impl,NMClientImpl.StartedContainer,3,0,0,0,16,0,0,0,-1.0,0,3,/Users/eashraf/hadoop/hadoop-yarn-project/hadoop-yarn/hadoop-yarn-client/src/main/java/org/apache/hadoop/yarn/client/api/impl/NMClientImpl.java,144
hadoop,org.apache.hadoop.yarn.client.api.impl,AMRMClientImpl,18,0,25,11,449,90,1,0,0.12,4,21,/Users/eashraf/hadoop/hadoop-yarn-project/hadoop-yarn/hadoop-yarn-client/src/main/java/org/apache/hadoop/yarn/client/api/impl/AMRMClientImpl.java,76
hadoop,org.apache.hadoop.yarn.client.api.impl,AMRMClientImpl.ResourceRequestInfo,2,0,0,0,9,0,0,0,-1.0,0,1,/Users/eashraf/hadoop/hadoop-yarn-project/hadoop-yarn/hadoop-yarn-client/src/main/java/org/apache/hadoop/yarn/client/api/impl/AMRMClientImpl.java,101
hadoop,org.apache.hadoop.yarn.client.api.impl,AMRMClientImpl.ResourceReverseMemoryThenCpuComparator,0,0,0,0,24,0,0,0,-1.0,0,0,/Users/eashraf/hadoop/hadoop-yarn-project/hadoop-yarn/hadoop-yarn-client/src/main/java/org/apache/hadoop/yarn/client/api/impl/AMRMClientImpl.java,115
hadoop,org.apache.hadoop.yarn.nodelabels,DummyCommonNodeLabelsManager,3,0,10,6,33,10,0,1,0.7,1,1,/Users/eashraf/hadoop/hadoop-yarn-project/hadoop-yarn/hadoop-yarn-common/src/test/java/org/apache/hadoop/yarn/nodelabels/DummyCommonNodeLabelsManager.java,30
hadoop,org.apache.hadoop.yarn.nodelabels,TestFileSystemNodeLabelsStore,2,0,6,5,106,6,0,1,0.0,0,3,/Users/eashraf/hadoop/hadoop-yarn-project/hadoop-yarn/hadoop-yarn-common/src/test/java/org/apache/hadoop/yarn/nodelabels/TestFileSystemNodeLabelsStore.java,36
hadoop,org.apache.hadoop.yarn.nodelabels,TestFileSystemNodeLabelsStore.MockNodeLabelManager,0,0,0,0,9,0,0,1,-1.0,0,0,/Users/eashraf/hadoop/hadoop-yarn-project/hadoop-yarn/hadoop-yarn-common/src/test/java/org/apache/hadoop/yarn/nodelabels/TestFileSystemNodeLabelsStore.java,40
hadoop,org.apache.hadoop.yarn.nodelabels,NodeLabelTestBase,0,0,7,7,61,14,2,0,-1.0,0,2,/Users/eashraf/hadoop/hadoop-yarn-project/hadoop-yarn/hadoop-yarn-common/src/test/java/org/apache/hadoop/yarn/nodelabels/NodeLabelTestBase.java,34
hadoop,org.apache.hadoop.yarn.nodelabels,TestCommonNodeLabelsManager,1,0,15,14,312,16,0,1,0.13333333333333333,0,5,/Users/eashraf/hadoop/hadoop-yarn-project/hadoop-yarn/hadoop-yarn-common/src/test/java/org/apache/hadoop/yarn/nodelabels/TestCommonNodeLabelsManager.java,42
hadoop,org.apache.hadoop.yarn.nodelabels,NodeLabelsStore,1,0,7,7,28,7,1,0,0.8571428571428571,1,2,/Users/eashraf/hadoop/hadoop-yarn-project/hadoop-yarn/hadoop-yarn-common/src/main/java/org/apache/hadoop/yarn/nodelabels/NodeLabelsStore.java,30
hadoop,org.apache.hadoop.yarn.nodelabels,FileSystemNodeLabelsStore,8,0,11,7,128,21,0,1,0.18181818181818182,2,12,/Users/eashraf/hadoop/hadoop-yarn-project/hadoop-yarn/hadoop-yarn-common/src/main/java/org/apache/hadoop/yarn/nodelabels/FileSystemNodeLabelsStore.java,50
hadoop,org.apache.hadoop.yarn.nodelabels,FileSystemNodeLabelsStore.SerializedLogType,0,0,0,0,1,0,0,0,-1.0,0,0,/Users/eashraf/hadoop/hadoop-yarn-project/hadoop-yarn/hadoop-yarn-common/src/main/java/org/apache/hadoop/yarn/nodelabels/FileSystemNodeLabelsStore.java,62
hadoop,org.apache.hadoop.yarn.nodelabels,CommonNodeLabelsManager,22,12,38,10,606,123,2,0,0.0,24,14,/Users/eashraf/hadoop/hadoop-yarn-project/hadoop-yarn/hadoop-yarn-common/src/main/java/org/apache/hadoop/yarn/nodelabels/CommonNodeLabelsManager.java,59
hadoop,org.apache.hadoop.yarn.nodelabels,CommonNodeLabelsManager.Host,2,2,0,0,19,0,0,0,-1.0,0,0,/Users/eashraf/hadoop/hadoop-yarn-project/hadoop-yarn/hadoop-yarn-common/src/main/java/org/apache/hadoop/yarn/nodelabels/CommonNodeLabelsManager.java,97
hadoop,org.apache.hadoop.yarn.nodelabels,CommonNodeLabelsManager.Node,4,4,0,0,25,0,0,0,-1.0,0,2,/Users/eashraf/hadoop/hadoop-yarn-project/hadoop-yarn/hadoop-yarn-common/src/main/java/org/apache/hadoop/yarn/nodelabels/CommonNodeLabelsManager.java,120
hadoop,org.apache.hadoop.yarn.nodelabels,CommonNodeLabelsManager.NodeLabelUpdateOperation,0,0,0,0,1,0,0,0,-1.0,0,0,/Users/eashraf/hadoop/hadoop-yarn-project/hadoop-yarn/hadoop-yarn-common/src/main/java/org/apache/hadoop/yarn/nodelabels/CommonNodeLabelsManager.java,148
hadoop,org.apache.hadoop.yarn.nodelabels,CommonNodeLabelsManager.ForwardingEventHandler,0,0,0,0,5,0,0,0,-1.0,0,0,/Users/eashraf/hadoop/hadoop-yarn-project/hadoop-yarn/hadoop-yarn-common/src/main/java/org/apache/hadoop/yarn/nodelabels/CommonNodeLabelsManager.java,154
hadoop,org.apache.hadoop.yarn.nodelabels,NodeLabel,4,0,14,13,64,17,0,0,0.0,2,3,/Users/eashraf/hadoop/hadoop-yarn-project/hadoop-yarn/hadoop-yarn-common/src/main/java/org/apache/hadoop/yarn/nodelabels/NodeLabel.java,28
hadoop,org.apache.hadoop.yarn.util.resource,DominantResourceCalculator,0,0,12,11,70,18,0,1,-1.0,2,2,/Users/eashraf/hadoop/hadoop-yarn-project/hadoop-yarn/hadoop-yarn-common/src/main/java/org/apache/hadoop/yarn/util/resource/DominantResourceCalculator.java,24
hadoop,org.apache.hadoop.yarn.util.resource,DefaultResourceCalculator,0,0,12,12,42,13,0,1,-1.0,2,2,/Users/eashraf/hadoop/hadoop-yarn-project/hadoop-yarn/hadoop-yarn-common/src/main/java/org/apache/hadoop/yarn/util/resource/DefaultResourceCalculator.java,24
hadoop,org.apache.hadoop.yarn.util.resource,ResourceCalculator,0,0,15,15,102,16,2,0,-1.0,35,1,/Users/eashraf/hadoop/hadoop-yarn-project/hadoop-yarn/hadoop-yarn-common/src/main/java/org/apache/hadoop/yarn/util/resource/ResourceCalculator.java,24
hadoop,org.apache.hadoop.yarn.util.resource,Resources,2,0,41,41,151,43,0,0,0.7073170731707317,88,3,/Users/eashraf/hadoop/hadoop-yarn-project/hadoop-yarn/hadoop-yarn-common/src/main/java/org/apache/hadoop/yarn/util/resource/Resources.java,26
hadoop,org.apache.hadoop.yarn.util.timeline,TimelineUtils,1,0,4,4,52,6,0,0,0.5,5,3,/Users/eashraf/hadoop/hadoop-yarn-project/hadoop-yarn/hadoop-yarn-common/src/main/java/org/apache/hadoop/yarn/util/timeline/TimelineUtils.java,35
hadoop,org.apache.hadoop.yarn.security.admin,AdminSecurityInfo,0,0,5,5,22,6,0,0,-1.0,0,2,/Users/eashraf/hadoop/hadoop-yarn-project/hadoop-yarn/hadoop-yarn-common/src/main/java/org/apache/hadoop/yarn/security/admin/AdminSecurityInfo.java,32
hadoop,org.apache.hadoop.yarn.security.client,ClientTimelineSecurityInfo,0,0,7,7,33,9,0,0,-1.0,0,2,/Users/eashraf/hadoop/hadoop-yarn-project/hadoop-yarn/hadoop-yarn-common/src/main/java/org/apache/hadoop/yarn/security/client/ClientTimelineSecurityInfo.java,35
hadoop,org.apache.hadoop.yarn.security.client,YARNDelegationTokenIdentifier,1,0,7,6,58,17,2,0,0.42857142857142855,1,1,/Users/eashraf/hadoop/hadoop-yarn-project/hadoop-yarn/hadoop-yarn-common/src/main/java/org/apache/hadoop/yarn/security/client/YARNDelegationTokenIdentifier.java,30
hadoop,org.apache.hadoop.yarn.security.client,RMDelegationTokenSelector,1,0,2,1,22,6,0,0,0.0,1,3,/Users/eashraf/hadoop/hadoop-yarn-project/hadoop-yarn/hadoop-yarn-common/src/main/java/org/apache/hadoop/yarn/security/client/RMDelegationTokenSelector.java,32
hadoop,org.apache.hadoop.yarn.security.client,TimelineDelegationTokenOperation,2,0,3,2,16,3,0,0,0.0,0,0,/Users/eashraf/hadoop/hadoop-yarn-project/hadoop-yarn/hadoop-yarn-common/src/main/java/org/apache/hadoop/yarn/security/client/TimelineDelegationTokenOperation.java,26
hadoop,org.apache.hadoop.yarn.security.client,TimelineDelegationTokenSelector,1,0,1,1,20,6,0,0,0.0,0,2,/Users/eashraf/hadoop/hadoop-yarn-project/hadoop-yarn/hadoop-yarn-common/src/main/java/org/apache/hadoop/yarn/security/client/TimelineDelegationTokenSelector.java,32
hadoop,org.apache.hadoop.yarn.security.client,RMDelegationTokenIdentifier,3,1,3,3,95,3,0,1,1.0,26,2,/Users/eashraf/hadoop/hadoop-yarn-project/hadoop-yarn/hadoop-yarn-common/src/main/java/org/apache/hadoop/yarn/security/client/RMDelegationTokenIdentifier.java,42
hadoop,org.apache.hadoop.yarn.security.client,RMDelegationTokenIdentifier.Renewer,2,0,0,0,75,0,0,0,-1.0,0,1,/Users/eashraf/hadoop/hadoop-yarn-project/hadoop-yarn/hadoop-yarn-common/src/main/java/org/apache/hadoop/yarn/security/client/RMDelegationTokenIdentifier.java,69
hadoop,org.apache.hadoop.yarn.security.client,ClientToAMTokenSelector,1,0,1,1,16,4,0,0,0.0,0,2,/Users/eashraf/hadoop/hadoop-yarn-project/hadoop-yarn/hadoop-yarn-common/src/main/java/org/apache/hadoop/yarn/security/client/ClientToAMTokenSelector.java,30
hadoop,org.apache.hadoop.yarn.security.client,ClientToAMTokenIdentifier,2,1,12,12,57,18,0,0,0.25,6,3,/Users/eashraf/hadoop/hadoop-yarn-project/hadoop-yarn/hadoop-yarn-common/src/main/java/org/apache/hadoop/yarn/security/client/ClientToAMTokenIdentifier.java,38
hadoop,org.apache.hadoop.yarn.security.client,TimelineDelegationTokenIdentifier,1,1,3,3,53,3,0,1,1.0,13,1,/Users/eashraf/hadoop/hadoop-yarn-project/hadoop-yarn/hadoop-yarn-common/src/main/java/org/apache/hadoop/yarn/security/client/TimelineDelegationTokenIdentifier.java,33
hadoop,org.apache.hadoop.yarn.security.client,TimelineDelegationTokenIdentifier.Renewer,0,0,0,0,36,0,0,0,-1.0,0,0,/Users/eashraf/hadoop/hadoop-yarn-project/hadoop-yarn/hadoop-yarn-common/src/main/java/org/apache/hadoop/yarn/security/client/TimelineDelegationTokenIdentifier.java,60
hadoop,org.apache.hadoop.yarn.security.client,TimelineAuthenticationConsts,9,9,0,0,14,0,0,0,-1.0,0,0,/Users/eashraf/hadoop/hadoop-yarn-project/hadoop-yarn/hadoop-yarn-common/src/main/java/org/apache/hadoop/yarn/security/client/TimelineAuthenticationConsts.java,24
hadoop,org.apache.hadoop.yarn.security.client,ClientToAMTokenSecretManager,2,0,4,4,40,7,0,1,0.0,4,3,/Users/eashraf/hadoop/hadoop-yarn-project/hadoop-yarn/hadoop-yarn-common/src/main/java/org/apache/hadoop/yarn/security/client/ClientToAMTokenSecretManager.java,28
hadoop,org.apache.hadoop.yarn.security.client,BaseClientToAMTokenSecretManager,0,0,4,4,19,5,1,0,-1.0,0,2,/Users/eashraf/hadoop/hadoop-yarn-project/hadoop-yarn/hadoop-yarn-common/src/main/java/org/apache/hadoop/yarn/security/client/BaseClientToAMTokenSecretManager.java,29
hadoop,org.apache.hadoop.yarn.security.client,ClientRMSecurityInfo,0,0,7,7,33,9,0,0,-1.0,0,2,/Users/eashraf/hadoop/hadoop-yarn-project/hadoop-yarn/hadoop-yarn-common/src/main/java/org/apache/hadoop/yarn/security/client/ClientRMSecurityInfo.java,34
hadoop,org.apache.hadoop.yarn.webapp.example,MyApp,1,0,2,2,29,2,0,0,1.0,1,1,/Users/eashraf/hadoop/hadoop-yarn-project/hadoop-yarn/hadoop-yarn-common/src/main/java/org/apache/hadoop/yarn/webapp/example/MyApp.java,28
hadoop,org.apache.hadoop.yarn.webapp.example,MyApp.MyController,1,0,0,0,13,0,0,0,-1.0,0,1,/Users/eashraf/hadoop/hadoop-yarn-project/hadoop-yarn/hadoop-yarn-common/src/main/java/org/apache/hadoop/yarn/webapp/example/MyApp.java,40
hadoop,org.apache.hadoop.yarn.webapp.example,MyApp.MyView,0,0,0,0,5,0,0,0,-1.0,0,0,/Users/eashraf/hadoop/hadoop-yarn-project/hadoop-yarn/hadoop-yarn-common/src/main/java/org/apache/hadoop/yarn/webapp/example/MyApp.java,60
hadoop,org.apache.hadoop.yarn.webapp.example,HelloWorld,0,0,1,1,24,1,0,0,-1.0,0,1,/Users/eashraf/hadoop/hadoop-yarn-project/hadoop-yarn/hadoop-yarn-common/src/main/java/org/apache/hadoop/yarn/webapp/example/HelloWorld.java,26
hadoop,org.apache.hadoop.yarn.webapp.example,HelloWorld.Hello,0,0,0,0,11,0,0,0,-1.0,0,0,/Users/eashraf/hadoop/hadoop-yarn-project/hadoop-yarn/hadoop-yarn-common/src/main/java/org/apache/hadoop/yarn/webapp/example/HelloWorld.java,37
hadoop,org.apache.hadoop.yarn.webapp.example,HelloWorld.HelloView,0,0,0,0,5,0,0,0,-1.0,0,0,/Users/eashraf/hadoop/hadoop-yarn-project/hadoop-yarn/hadoop-yarn-common/src/main/java/org/apache/hadoop/yarn/webapp/example/HelloWorld.java,43
hadoop,org.apache.hadoop.yarn.state,MultipleArcTransition,0,0,1,1,12,1,0,0,-1.0,2,0,/Users/eashraf/hadoop/hadoop-yarn-project/hadoop-yarn/hadoop-yarn-common/src/main/java/org/apache/hadoop/yarn/state/MultipleArcTransition.java,24
hadoop,org.apache.hadoop.yarn.state,Graph,11,0,14,12,149,26,0,0,0.14285714285714285,3,0,/Users/eashraf/hadoop/hadoop-yarn-project/hadoop-yarn/hadoop-yarn-common/src/main/java/org/apache/hadoop/yarn/state/Graph.java,32
hadoop,org.apache.hadoop.yarn.state,Graph.Edge,3,0,0,0,20,0,0,0,-1.0,0,0,/Users/eashraf/hadoop/hadoop-yarn-project/hadoop-yarn/hadoop-yarn-common/src/main/java/org/apache/hadoop/yarn/state/Graph.java,34
hadoop,org.apache.hadoop.yarn.state,Graph.Node,4,0,0,0,24,0,0,0,-1.0,0,1,/Users/eashraf/hadoop/hadoop-yarn-project/hadoop-yarn/hadoop-yarn-common/src/main/java/org/apache/hadoop/yarn/state/Graph.java,59
hadoop,org.apache.hadoop.yarn.state,SingleArcTransition,0,0,1,1,11,1,0,0,-1.0,3,0,/Users/eashraf/hadoop/hadoop-yarn-project/hadoop-yarn/hadoop-yarn-common/src/main/java/org/apache/hadoop/yarn/state/SingleArcTransition.java,24
hadoop,org.apache.hadoop.yarn.state,VisualizeStateMachine,0,0,2,2,43,9,0,0,-1.0,0,2,/Users/eashraf/hadoop/hadoop-yarn-project/hadoop-yarn/hadoop-yarn-common/src/main/java/org/apache/hadoop/yarn/state/VisualizeStateMachine.java,26
hadoop,org.apache.hadoop.yarn.state,StateMachine,0,0,2,2,4,2,1,0,-1.0,18,1,/Users/eashraf/hadoop/hadoop-yarn-project/hadoop-yarn/hadoop-yarn-common/src/main/java/org/apache/hadoop/yarn/state/StateMachine.java,24
hadoop,org.apache.hadoop.yarn.state,StateMachineFactory,15,0,15,10,252,28,0,0,0.13333333333333333,18,5,/Users/eashraf/hadoop/hadoop-yarn-project/hadoop-yarn/hadoop-yarn-common/src/main/java/org/apache/hadoop/yarn/state/StateMachineFactory.java,32
hadoop,org.apache.hadoop.yarn.state,StateMachineFactory.ApplicableTransition,0,0,0,0,3,0,0,0,-1.0,0,0,/Users/eashraf/hadoop/hadoop-yarn-project/hadoop-yarn/hadoop-yarn-common/src/main/java/org/apache/hadoop/yarn/state/StateMachineFactory.java,95
hadoop,org.apache.hadoop.yarn.state,StateMachineFactory.TransitionsListNode,2,0,0,0,8,0,0,0,-1.0,0,0,/Users/eashraf/hadoop/hadoop-yarn-project/hadoop-yarn/hadoop-yarn-common/src/main/java/org/apache/hadoop/yarn/state/StateMachineFactory.java,101
hadoop,org.apache.hadoop.yarn.state,StateMachineFactory.ApplicableSingleOrMultipleTransition,3,0,0,0,18,0,0,0,-1.0,0,0,/Users/eashraf/hadoop/hadoop-yarn-project/hadoop-yarn/hadoop-yarn-common/src/main/java/org/apache/hadoop/yarn/state/StateMachineFactory.java,113
hadoop,org.apache.hadoop.yarn.state,StateMachineFactory.Transition,0,0,0,0,3,0,0,0,-1.0,0,0,/Users/eashraf/hadoop/hadoop-yarn-project/hadoop-yarn/hadoop-yarn-common/src/main/java/org/apache/hadoop/yarn/state/StateMachineFactory.java,340
hadoop,org.apache.hadoop.yarn.state,StateMachineFactory.SingleInternalArc,2,0,0,0,14,0,0,0,-1.0,0,1,/Users/eashraf/hadoop/hadoop-yarn-project/hadoop-yarn/hadoop-yarn-common/src/main/java/org/apache/hadoop/yarn/state/StateMachineFactory.java,346
hadoop,org.apache.hadoop.yarn.state,StateMachineFactory.MultipleInternalArc,2,0,0,0,15,0,0,0,-1.0,0,1,/Users/eashraf/hadoop/hadoop-yarn-project/hadoop-yarn/hadoop-yarn-common/src/main/java/org/apache/hadoop/yarn/state/StateMachineFactory.java,368
hadoop,org.apache.hadoop.yarn.state,StateMachineFactory.InternalStateMachine,2,0,0,0,18,0,0,1,-1.0,0,0,/Users/eashraf/hadoop/hadoop-yarn-project/hadoop-yarn/hadoop-yarn-common/src/main/java/org/apache/hadoop/yarn/state/StateMachineFactory.java,427
hadoop,org.apache.hadoop.yarn.state,InvalidStateTransitonException,3,0,3,3,16,3,0,0,0.0,2,0,/Users/eashraf/hadoop/hadoop-yarn-project/hadoop-yarn/hadoop-yarn-common/src/main/java/org/apache/hadoop/yarn/state/InvalidStateTransitonException.java,25
hadoop,org.apache.hadoop.yarn.sharedcache,SharedCacheChecksum,0,0,1,1,9,1,1,0,-1.0,3,0,/Users/eashraf/hadoop/hadoop-yarn-project/hadoop-yarn/hadoop-yarn-common/src/main/java/org/apache/hadoop/yarn/sharedcache/SharedCacheChecksum.java,27
hadoop,org.apache.hadoop.yarn.sharedcache,ChecksumSHA256Impl,0,0,1,1,5,1,0,1,-1.0,0,0,/Users/eashraf/hadoop/hadoop-yarn-project/hadoop-yarn/hadoop-yarn-common/src/main/java/org/apache/hadoop/yarn/sharedcache/ChecksumSHA256Impl.java,28
hadoop,org.apache.hadoop.yarn.sharedcache,SharedCacheChecksumFactory,2,0,1,1,33,3,0,0,0.0,2,4,/Users/eashraf/hadoop/hadoop-yarn-project/hadoop-yarn/hadoop-yarn-common/src/main/java/org/apache/hadoop/yarn/sharedcache/SharedCacheChecksumFactory.java,31
hadoop,org.apache.hadoop.yarn.factories.impl.pb,RpcServerFactoryPBImpl,9,0,9,3,108,11,0,0,0.3333333333333333,6,4,/Users/eashraf/hadoop/hadoop-yarn-project/hadoop-yarn/hadoop-yarn-common/src/main/java/org/apache/hadoop/yarn/factories/impl/pb/RpcServerFactoryPBImpl.java,43
hadoop,org.apache.hadoop.yarn.factories.impl.pb,RpcClientFactoryPBImpl,6,0,7,3,80,10,0,0,0.5714285714285714,6,1,/Users/eashraf/hadoop/hadoop-yarn-project/hadoop-yarn/hadoop-yarn-common/src/main/java/org/apache/hadoop/yarn/factories/impl/pb/RpcClientFactoryPBImpl.java,38
hadoop,org.apache.hadoop.yarn.factories.impl.pb,RecordFactoryPBImpl,5,0,6,2,59,7,0,0,0.5,4,1,/Users/eashraf/hadoop/hadoop-yarn-project/hadoop-yarn/hadoop-yarn-common/src/main/java/org/apache/hadoop/yarn/factories/impl/pb/RecordFactoryPBImpl.java,31
hadoop,org.apache.hadoop.yarn.api.impl.pb.service,ContainerManagementProtocolPBServiceImpl,1,0,4,4,45,4,0,0,0.0,0,7,/Users/eashraf/hadoop/hadoop-yarn-project/hadoop-yarn/hadoop-yarn-common/src/main/java/org/apache/hadoop/yarn/api/impl/pb/service/ContainerManagementProtocolPBServiceImpl.java,46
hadoop,org.apache.hadoop.yarn.api.impl.pb.service,ApplicationClientProtocolPBServiceImpl,1,0,24,24,305,24,0,0,0.0,0,47,/Users/eashraf/hadoop/hadoop-yarn-project/hadoop-yarn/hadoop-yarn-common/src/main/java/org/apache/hadoop/yarn/api/impl/pb/service/ApplicationClientProtocolPBServiceImpl.java,146
hadoop,org.apache.hadoop.yarn.api.impl.pb.service,ClientSCMProtocolPBServiceImpl,1,0,3,3,32,3,0,0,0.0,0,5,/Users/eashraf/hadoop/hadoop-yarn-project/hadoop-yarn/hadoop-yarn-common/src/main/java/org/apache/hadoop/yarn/api/impl/pb/service/ClientSCMProtocolPBServiceImpl.java,40
hadoop,org.apache.hadoop.yarn.api.impl.pb.service,ApplicationMasterProtocolPBServiceImpl,1,0,4,4,45,4,0,0,0.0,0,7,/Users/eashraf/hadoop/hadoop-yarn-project/hadoop-yarn/hadoop-yarn-common/src/main/java/org/apache/hadoop/yarn/api/impl/pb/service/ApplicationMasterProtocolPBServiceImpl.java,46
hadoop,org.apache.hadoop.yarn.api.impl.pb.service,ApplicationHistoryProtocolPBServiceImpl,1,0,10,10,123,10,0,0,0.0,0,19,/Users/eashraf/hadoop/hadoop-yarn-project/hadoop-yarn/hadoop-yarn-common/src/main/java/org/apache/hadoop/yarn/api/impl/pb/service/ApplicationHistoryProtocolPBServiceImpl.java,76
hadoop,org.apache.hadoop.yarn.api.impl.pb.client,ApplicationClientProtocolPBClientImpl,1,0,25,25,242,26,0,0,0.0,0,28,/Users/eashraf/hadoop/hadoop-yarn-project/hadoop-yarn/hadoop-yarn-common/src/main/java/org/apache/hadoop/yarn/api/impl/pb/client/ApplicationClientProtocolPBClientImpl.java,150
hadoop,org.apache.hadoop.yarn.api.impl.pb.client,ClientSCMProtocolPBClientImpl,1,0,4,4,33,5,0,0,0.0,0,7,/Users/eashraf/hadoop/hadoop-yarn-project/hadoop-yarn/hadoop-yarn-common/src/main/java/org/apache/hadoop/yarn/api/impl/pb/client/ClientSCMProtocolPBClientImpl.java,45
hadoop,org.apache.hadoop.yarn.api.impl.pb.client,ContainerManagementProtocolPBClientImpl,3,0,5,5,49,6,0,0,0.0,0,11,/Users/eashraf/hadoop/hadoop-yarn-project/hadoop-yarn/hadoop-yarn-common/src/main/java/org/apache/hadoop/yarn/api/impl/pb/client/ContainerManagementProtocolPBClientImpl.java,54
hadoop,org.apache.hadoop.yarn.api.impl.pb.client,ApplicationHistoryProtocolPBClientImpl,1,0,11,11,102,12,0,0,0.0,0,14,/Users/eashraf/hadoop/hadoop-yarn-project/hadoop-yarn/hadoop-yarn-common/src/main/java/org/apache/hadoop/yarn/api/impl/pb/client/ApplicationHistoryProtocolPBClientImpl.java,81
hadoop,org.apache.hadoop.yarn.api.impl.pb.client,ApplicationMasterProtocolPBClientImpl,1,0,5,5,42,6,0,0,0.0,0,8,/Users/eashraf/hadoop/hadoop-yarn-project/hadoop-yarn/hadoop-yarn-common/src/main/java/org/apache/hadoop/yarn/api/impl/pb/client/ApplicationMasterProtocolPBClientImpl.java,51
hadoop,org.apache.hadoop.yarn.api.protocolrecords.impl.pb,GetContainersResponsePBImpl,5,0,19,12,107,28,0,0,0.10526315789473684,0,1,/Users/eashraf/hadoop/hadoop-yarn-project/hadoop-yarn/hadoop-yarn-common/src/main/java/org/apache/hadoop/yarn/api/protocolrecords/impl/pb/GetContainersResponsePBImpl.java,36
hadoop,org.apache.hadoop.yarn.api.protocolrecords.impl.pb,ReservationUpdateRequestPBImpl,5,0,17,10,102,29,0,0,0.17647058823529413,1,2,/Users/eashraf/hadoop/hadoop-yarn-project/hadoop-yarn/hadoop-yarn-common/src/main/java/org/apache/hadoop/yarn/api/protocolrecords/impl/pb/ReservationUpdateRequestPBImpl.java,33
hadoop,org.apache.hadoop.yarn.api.protocolrecords.impl.pb,GetNewApplicationResponsePBImpl,5,0,17,10,99,29,0,0,0.17647058823529413,0,2,/Users/eashraf/hadoop/hadoop-yarn-project/hadoop-yarn/hadoop-yarn-common/src/main/java/org/apache/hadoop/yarn/api/protocolrecords/impl/pb/GetNewApplicationResponsePBImpl.java,36
hadoop,org.apache.hadoop.yarn.api.protocolrecords.impl.pb,ReservationSubmissionResponsePBImpl,4,0,13,8,74,21,0,0,0.0,0,1,/Users/eashraf/hadoop/hadoop-yarn-project/hadoop-yarn/hadoop-yarn-common/src/main/java/org/apache/hadoop/yarn/api/protocolrecords/impl/pb/ReservationSubmissionResponsePBImpl.java,30
hadoop,org.apache.hadoop.yarn.api.protocolrecords.impl.pb,GetClusterNodeLabelsRequestPBImpl,3,0,6,6,30,8,0,0,0.0,1,0,/Users/eashraf/hadoop/hadoop-yarn-project/hadoop-yarn/hadoop-yarn-common/src/main/java/org/apache/hadoop/yarn/api/protocolrecords/impl/pb/GetClusterNodeLabelsRequestPBImpl.java,26
hadoop,org.apache.hadoop.yarn.api.protocolrecords.impl.pb,GetClusterMetricsResponsePBImpl,4,0,13,8,71,21,0,0,0.0,0,1,/Users/eashraf/hadoop/hadoop-yarn-project/hadoop-yarn/hadoop-yarn-common/src/main/java/org/apache/hadoop/yarn/api/protocolrecords/impl/pb/GetClusterMetricsResponsePBImpl.java,33
hadoop,org.apache.hadoop.yarn.api.protocolrecords.impl.pb,GetApplicationsResponsePBImpl,5,0,19,12,99,28,0,0,0.10526315789473684,0,1,/Users/eashraf/hadoop/hadoop-yarn-project/hadoop-yarn/hadoop-yarn-common/src/main/java/org/apache/hadoop/yarn/api/protocolrecords/impl/pb/GetApplicationsResponsePBImpl.java,36
hadoop,org.apache.hadoop.yarn.api.protocolrecords.impl.pb,StopContainersRequestPBImpl,4,0,15,8,85,25,0,0,0.0,1,1,/Users/eashraf/hadoop/hadoop-yarn-project/hadoop-yarn/hadoop-yarn-common/src/main/java/org/apache/hadoop/yarn/api/protocolrecords/impl/pb/StopContainersRequestPBImpl.java,35
hadoop,org.apache.hadoop.yarn.api.protocolrecords.impl.pb,ReservationDeleteRequestPBImpl,4,0,13,8,74,21,0,0,0.0,1,1,/Users/eashraf/hadoop/hadoop-yarn-project/hadoop-yarn/hadoop-yarn-common/src/main/java/org/apache/hadoop/yarn/api/protocolrecords/impl/pb/ReservationDeleteRequestPBImpl.java,30
hadoop,org.apache.hadoop.yarn.api.protocolrecords.impl.pb,GetQueueInfoResponsePBImpl,4,0,13,8,73,21,0,0,0.0,0,1,/Users/eashraf/hadoop/hadoop-yarn-project/hadoop-yarn/hadoop-yarn-common/src/main/java/org/apache/hadoop/yarn/api/protocolrecords/impl/pb/GetQueueInfoResponsePBImpl.java,32
hadoop,org.apache.hadoop.yarn.api.protocolrecords.impl.pb,GetApplicationsRequestPBImpl,12,0,37,28,280,74,0,0,0.05405405405405406,2,4,/Users/eashraf/hadoop/hadoop-yarn-project/hadoop-yarn/hadoop-yarn-common/src/main/java/org/apache/hadoop/yarn/api/protocolrecords/impl/pb/GetApplicationsRequestPBImpl.java,42
hadoop,org.apache.hadoop.yarn.api.protocolrecords.impl.pb,GetClusterNodesResponsePBImpl,5,0,19,12,100,28,0,0,0.10526315789473684,0,1,/Users/eashraf/hadoop/hadoop-yarn-project/hadoop-yarn/hadoop-yarn-common/src/main/java/org/apache/hadoop/yarn/api/protocolrecords/impl/pb/GetClusterNodesResponsePBImpl.java,36
hadoop,org.apache.hadoop.yarn.api.protocolrecords.impl.pb,GetApplicationReportRequestPBImpl,4,0,13,8,71,21,0,0,0.0,2,1,/Users/eashraf/hadoop/hadoop-yarn-project/hadoop-yarn/hadoop-yarn-common/src/main/java/org/apache/hadoop/yarn/api/protocolrecords/impl/pb/GetApplicationReportRequestPBImpl.java,33
hadoop,org.apache.hadoop.yarn.api.protocolrecords.impl.pb,GetContainerReportResponsePBImpl,4,0,13,8,73,21,0,0,0.0,0,1,/Users/eashraf/hadoop/hadoop-yarn-project/hadoop-yarn/hadoop-yarn-common/src/main/java/org/apache/hadoop/yarn/api/protocolrecords/impl/pb/GetContainerReportResponsePBImpl.java,30
hadoop,org.apache.hadoop.yarn.api.protocolrecords.impl.pb,KillApplicationRequestPBImpl,4,0,13,8,71,21,0,0,0.0,1,1,/Users/eashraf/hadoop/hadoop-yarn-project/hadoop-yarn/hadoop-yarn-common/src/main/java/org/apache/hadoop/yarn/api/protocolrecords/impl/pb/KillApplicationRequestPBImpl.java,33
hadoop,org.apache.hadoop.yarn.api.protocolrecords.impl.pb,GetNodesToLabelsRequestPBImpl,3,0,6,6,30,8,0,0,0.0,1,0,/Users/eashraf/hadoop/hadoop-yarn-project/hadoop-yarn/hadoop-yarn-common/src/main/java/org/apache/hadoop/yarn/api/protocolrecords/impl/pb/GetNodesToLabelsRequestPBImpl.java,26
hadoop,org.apache.hadoop.yarn.api.protocolrecords.impl.pb,ReservationDeleteResponsePBImpl,3,0,6,6,30,8,0,0,0.0,0,0,/Users/eashraf/hadoop/hadoop-yarn-project/hadoop-yarn/hadoop-yarn-common/src/main/java/org/apache/hadoop/yarn/api/protocolrecords/impl/pb/ReservationDeleteResponsePBImpl.java,26
hadoop,org.apache.hadoop.yarn.api.protocolrecords.impl.pb,SubmitApplicationRequestPBImpl,4,0,13,8,71,21,0,0,0.0,1,1,/Users/eashraf/hadoop/hadoop-yarn-project/hadoop-yarn/hadoop-yarn-common/src/main/java/org/apache/hadoop/yarn/api/protocolrecords/impl/pb/SubmitApplicationRequestPBImpl.java,33
hadoop,org.apache.hadoop.yarn.api.protocolrecords.impl.pb,KillApplicationResponsePBImpl,3,0,9,8,44,12,0,0,0.0,0,0,/Users/eashraf/hadoop/hadoop-yarn-project/hadoop-yarn/hadoop-yarn-common/src/main/java/org/apache/hadoop/yarn/api/protocolrecords/impl/pb/KillApplicationResponsePBImpl.java,30
hadoop,org.apache.hadoop.yarn.api.protocolrecords.impl.pb,GetClusterNodeLabelsResponsePBImpl,4,0,11,7,67,18,0,0,0.18181818181818182,0,0,/Users/eashraf/hadoop/hadoop-yarn-project/hadoop-yarn/hadoop-yarn-common/src/main/java/org/apache/hadoop/yarn/api/protocolrecords/impl/pb/GetClusterNodeLabelsResponsePBImpl.java,27
hadoop,org.apache.hadoop.yarn.api.protocolrecords.impl.pb,StartContainerRequestPBImpl,5,0,17,10,99,29,0,0,0.17647058823529413,1,2,/Users/eashraf/hadoop/hadoop-yarn-project/hadoop-yarn/hadoop-yarn-common/src/main/java/org/apache/hadoop/yarn/api/protocolrecords/impl/pb/StartContainerRequestPBImpl.java,36
hadoop,org.apache.hadoop.yarn.api.protocolrecords.impl.pb,GetLabelsToNodesRequestPBImpl,4,0,12,8,68,19,0,0,0.0,1,0,/Users/eashraf/hadoop/hadoop-yarn-project/hadoop-yarn/hadoop-yarn-common/src/main/java/org/apache/hadoop/yarn/api/protocolrecords/impl/pb/GetLabelsToNodesRequestPBImpl.java,31
hadoop,org.apache.hadoop.yarn.api.protocolrecords.impl.pb,CancelDelegationTokenResponsePBImpl,1,0,6,6,24,8,0,0,0.3333333333333333,0,0,/Users/eashraf/hadoop/hadoop-yarn-project/hadoop-yarn/hadoop-yarn-common/src/main/java/org/apache/hadoop/yarn/api/protocolrecords/impl/pb/CancelDelegationTokenResponsePBImpl.java,27
hadoop,org.apache.hadoop.yarn.api.protocolrecords.impl.pb,AllocateRequestPBImpl,10,0,47,30,262,70,0,0,0.2127659574468085,3,4,/Users/eashraf/hadoop/hadoop-yarn-project/hadoop-yarn/hadoop-yarn-common/src/main/java/org/apache/hadoop/yarn/api/protocolrecords/impl/pb/AllocateRequestPBImpl.java,46
hadoop,org.apache.hadoop.yarn.api.protocolrecords.impl.pb,GetContainersRequestPBImpl,4,0,13,8,77,21,0,0,0.0,2,1,/Users/eashraf/hadoop/hadoop-yarn-project/hadoop-yarn/hadoop-yarn-common/src/main/java/org/apache/hadoop/yarn/api/protocolrecords/impl/pb/GetContainersRequestPBImpl.java,30
hadoop,org.apache.hadoop.yarn.api.protocolrecords.impl.pb,GetApplicationAttemptsRequestPBImpl,4,0,13,8,77,21,0,0,0.0,2,1,/Users/eashraf/hadoop/hadoop-yarn-project/hadoop-yarn/hadoop-yarn-common/src/main/java/org/apache/hadoop/yarn/api/protocolrecords/impl/pb/GetApplicationAttemptsRequestPBImpl.java,32
hadoop,org.apache.hadoop.yarn.api.protocolrecords.impl.pb,MoveApplicationAcrossQueuesResponsePBImpl,3,0,6,6,30,8,0,0,0.0,0,0,/Users/eashraf/hadoop/hadoop-yarn-project/hadoop-yarn/hadoop-yarn-common/src/main/java/org/apache/hadoop/yarn/api/protocolrecords/impl/pb/MoveApplicationAcrossQueuesResponsePBImpl.java,27
hadoop,org.apache.hadoop.yarn.api.protocolrecords.impl.pb,AllocateResponsePBImpl,18,0,87,54,487,130,0,0,0.25287356321839083,1,11,/Users/eashraf/hadoop/hadoop-yarn-project/hadoop-yarn/hadoop-yarn-common/src/main/java/org/apache/hadoop/yarn/api/protocolrecords/impl/pb/AllocateResponsePBImpl.java,63
hadoop,org.apache.hadoop.yarn.api.protocolrecords.impl.pb,ReleaseSharedCacheResourceResponsePBImpl,3,0,4,3,23,5,0,0,0.0,0,0,/Users/eashraf/hadoop/hadoop-yarn-project/hadoop-yarn/hadoop-yarn-common/src/main/java/org/apache/hadoop/yarn/api/protocolrecords/impl/pb/ReleaseSharedCacheResourceResponsePBImpl.java,24
hadoop,org.apache.hadoop.yarn.api.protocolrecords.impl.pb,GetClusterNodesRequestPBImpl,5,0,16,12,94,24,0,0,0.125,1,1,/Users/eashraf/hadoop/hadoop-yarn-project/hadoop-yarn/hadoop-yarn-common/src/main/java/org/apache/hadoop/yarn/api/protocolrecords/impl/pb/GetClusterNodesRequestPBImpl.java,36
hadoop,org.apache.hadoop.yarn.api.protocolrecords.impl.pb,GetContainerReportRequestPBImpl,4,0,13,8,73,21,0,0,0.0,2,1,/Users/eashraf/hadoop/hadoop-yarn-project/hadoop-yarn/hadoop-yarn-common/src/main/java/org/apache/hadoop/yarn/api/protocolrecords/impl/pb/GetContainerReportRequestPBImpl.java,32
hadoop,org.apache.hadoop.yarn.api.protocolrecords.impl.pb,ReservationSubmissionRequestPBImpl,4,0,15,10,88,25,0,0,0.0,1,1,/Users/eashraf/hadoop/hadoop-yarn-project/hadoop-yarn/hadoop-yarn-common/src/main/java/org/apache/hadoop/yarn/api/protocolrecords/impl/pb/ReservationSubmissionRequestPBImpl.java,30
hadoop,org.apache.hadoop.yarn.api.protocolrecords.impl.pb,RegisterApplicationMasterResponsePBImpl,11,0,49,32,310,80,0,0,0.14285714285714285,0,5,/Users/eashraf/hadoop/hadoop-yarn-project/hadoop-yarn/hadoop-yarn-common/src/main/java/org/apache/hadoop/yarn/api/protocolrecords/impl/pb/RegisterApplicationMasterResponsePBImpl.java,48
hadoop,org.apache.hadoop.yarn.api.protocolrecords.impl.pb,FinishApplicationMasterResponsePBImpl,3,0,9,8,44,12,0,0,0.0,0,0,/Users/eashraf/hadoop/hadoop-yarn-project/hadoop-yarn/hadoop-yarn-common/src/main/java/org/apache/hadoop/yarn/api/protocolrecords/impl/pb/FinishApplicationMasterResponsePBImpl.java,31
hadoop,org.apache.hadoop.yarn.api.protocolrecords.impl.pb,SubmitApplicationResponsePBImpl,3,0,6,6,30,8,0,0,0.0,0,0,/Users/eashraf/hadoop/hadoop-yarn-project/hadoop-yarn/hadoop-yarn-common/src/main/java/org/apache/hadoop/yarn/api/protocolrecords/impl/pb/SubmitApplicationResponsePBImpl.java,29
hadoop,org.apache.hadoop.yarn.api.protocolrecords.impl.pb,UseSharedCacheResourceRequestPBImpl,4,0,12,7,70,19,0,0,0.0,1,1,/Users/eashraf/hadoop/hadoop-yarn-project/hadoop-yarn/hadoop-yarn-common/src/main/java/org/apache/hadoop/yarn/api/protocolrecords/impl/pb/UseSharedCacheResourceRequestPBImpl.java,28
hadoop,org.apache.hadoop.yarn.api.protocolrecords.impl.pb,GetQueueInfoRequestPBImpl,3,0,15,14,72,19,0,0,0.0,1,0,/Users/eashraf/hadoop/hadoop-yarn-project/hadoop-yarn/hadoop-yarn-common/src/main/java/org/apache/hadoop/yarn/api/protocolrecords/impl/pb/GetQueueInfoRequestPBImpl.java,29
hadoop,org.apache.hadoop.yarn.api.protocolrecords.impl.pb,GetContainerStatusesRequestPBImpl,4,0,15,8,85,25,0,0,0.0,1,1,/Users/eashraf/hadoop/hadoop-yarn-project/hadoop-yarn/hadoop-yarn-common/src/main/java/org/apache/hadoop/yarn/api/protocolrecords/impl/pb/GetContainerStatusesRequestPBImpl.java,35
hadoop,org.apache.hadoop.yarn.api.protocolrecords.impl.pb,UseSharedCacheResourceResponsePBImpl,3,0,7,5,41,10,0,0,0.0,0,0,/Users/eashraf/hadoop/hadoop-yarn-project/hadoop-yarn/hadoop-yarn-common/src/main/java/org/apache/hadoop/yarn/api/protocolrecords/impl/pb/UseSharedCacheResourceResponsePBImpl.java,25
hadoop,org.apache.hadoop.yarn.api.protocolrecords.impl.pb,GetApplicationReportResponsePBImpl,4,0,13,8,71,21,0,0,0.0,0,1,/Users/eashraf/hadoop/hadoop-yarn-project/hadoop-yarn/hadoop-yarn-common/src/main/java/org/apache/hadoop/yarn/api/protocolrecords/impl/pb/GetApplicationReportResponsePBImpl.java,33
hadoop,org.apache.hadoop.yarn.api.protocolrecords.impl.pb,GetLabelsToNodesResponsePBImpl,5,0,17,11,108,30,0,0,0.17647058823529413,0,1,/Users/eashraf/hadoop/hadoop-yarn-project/hadoop-yarn/hadoop-yarn-common/src/main/java/org/apache/hadoop/yarn/api/protocolrecords/impl/pb/GetLabelsToNodesResponsePBImpl.java,40
hadoop,org.apache.hadoop.yarn.api.protocolrecords.impl.pb,GetQueueUserAclsInfoRequestPBImpl,3,0,6,6,30,8,0,0,0.0,1,0,/Users/eashraf/hadoop/hadoop-yarn-project/hadoop-yarn/hadoop-yarn-common/src/main/java/org/apache/hadoop/yarn/api/protocolrecords/impl/pb/GetQueueUserAclsInfoRequestPBImpl.java,28
hadoop,org.apache.hadoop.yarn.api.protocolrecords.impl.pb,StartContainersRequestPBImpl,4,0,14,7,83,23,0,0,0.0,1,2,/Users/eashraf/hadoop/hadoop-yarn-project/hadoop-yarn/hadoop-yarn-common/src/main/java/org/apache/hadoop/yarn/api/protocolrecords/impl/pb/StartContainersRequestPBImpl.java,30
hadoop,org.apache.hadoop.yarn.api.protocolrecords.impl.pb,ReleaseSharedCacheResourceRequestPBImpl,4,0,12,7,70,19,0,0,0.0,1,1,/Users/eashraf/hadoop/hadoop-yarn-project/hadoop-yarn/hadoop-yarn-common/src/main/java/org/apache/hadoop/yarn/api/protocolrecords/impl/pb/ReleaseSharedCacheResourceRequestPBImpl.java,28
hadoop,org.apache.hadoop.yarn.api.protocolrecords.impl.pb,GetNodesToLabelsResponsePBImpl,5,0,17,11,97,25,0,0,0.17647058823529413,0,1,/Users/eashraf/hadoop/hadoop-yarn-project/hadoop-yarn/hadoop-yarn-common/src/main/java/org/apache/hadoop/yarn/api/protocolrecords/impl/pb/GetNodesToLabelsResponsePBImpl.java,38
hadoop,org.apache.hadoop.yarn.api.protocolrecords.impl.pb,ReservationUpdateResponsePBImpl,3,0,6,6,30,8,0,0,0.0,0,0,/Users/eashraf/hadoop/hadoop-yarn-project/hadoop-yarn/hadoop-yarn-common/src/main/java/org/apache/hadoop/yarn/api/protocolrecords/impl/pb/ReservationUpdateResponsePBImpl.java,26
hadoop,org.apache.hadoop.yarn.api.protocolrecords.impl.pb,GetDelegationTokenRequestPBImpl,4,0,11,8,62,18,0,0,0.0,2,0,/Users/eashraf/hadoop/hadoop-yarn-project/hadoop-yarn/hadoop-yarn-common/src/main/java/org/apache/hadoop/yarn/api/protocolrecords/impl/pb/GetDelegationTokenRequestPBImpl.java,28
hadoop,org.apache.hadoop.yarn.api.protocolrecords.impl.pb,GetDelegationTokenResponsePBImpl,4,0,13,8,71,21,0,0,0.0,0,1,/Users/eashraf/hadoop/hadoop-yarn-project/hadoop-yarn/hadoop-yarn-common/src/main/java/org/apache/hadoop/yarn/api/protocolrecords/impl/pb/GetDelegationTokenResponsePBImpl.java,32
hadoop,org.apache.hadoop.yarn.api.protocolrecords.impl.pb,RenewDelegationTokenResponsePBImpl,3,0,9,8,44,12,0,0,0.0,0,0,/Users/eashraf/hadoop/hadoop-yarn-project/hadoop-yarn/hadoop-yarn-common/src/main/java/org/apache/hadoop/yarn/api/protocolrecords/impl/pb/RenewDelegationTokenResponsePBImpl.java,28
hadoop,org.apache.hadoop.yarn.api.protocolrecords.impl.pb,GetApplicationAttemptsResponsePBImpl,5,0,19,12,107,28,0,0,0.10526315789473684,0,1,/Users/eashraf/hadoop/hadoop-yarn-project/hadoop-yarn/hadoop-yarn-common/src/main/java/org/apache/hadoop/yarn/api/protocolrecords/impl/pb/GetApplicationAttemptsResponsePBImpl.java,36
hadoop,org.apache.hadoop.yarn.api.protocolrecords.impl.pb,StopContainersResponsePBImpl,6,0,25,14,143,40,0,0,0.16,0,2,/Users/eashraf/hadoop/hadoop-yarn-project/hadoop-yarn/hadoop-yarn-common/src/main/java/org/apache/hadoop/yarn/api/protocolrecords/impl/pb/StopContainersResponsePBImpl.java,42
hadoop,org.apache.hadoop.yarn.api.protocolrecords.impl.pb,GetClusterMetricsRequestPBImpl,3,0,6,6,30,8,0,0,0.0,1,0,/Users/eashraf/hadoop/hadoop-yarn-project/hadoop-yarn/hadoop-yarn-common/src/main/java/org/apache/hadoop/yarn/api/protocolrecords/impl/pb/GetClusterMetricsRequestPBImpl.java,29
hadoop,org.apache.hadoop.yarn.api.protocolrecords.impl.pb,StartContainersResponsePBImpl,8,0,35,20,201,55,0,0,0.2,0,3,/Users/eashraf/hadoop/hadoop-yarn-project/hadoop-yarn/hadoop-yarn-common/src/main/java/org/apache/hadoop/yarn/api/protocolrecords/impl/pb/StartContainersResponsePBImpl.java,46
hadoop,org.apache.hadoop.yarn.api.protocolrecords.impl.pb,FinishApplicationMasterRequestPBImpl,3,0,17,12,90,25,0,0,0.0,1,2,/Users/eashraf/hadoop/hadoop-yarn-project/hadoop-yarn/hadoop-yarn-common/src/main/java/org/apache/hadoop/yarn/api/protocolrecords/impl/pb/FinishApplicationMasterRequestPBImpl.java,33
hadoop,org.apache.hadoop.yarn.api.protocolrecords.impl.pb,CancelDelegationTokenRequestPBImpl,4,0,13,8,68,20,0,0,0.0,3,1,/Users/eashraf/hadoop/hadoop-yarn-project/hadoop-yarn/hadoop-yarn-common/src/main/java/org/apache/hadoop/yarn/api/protocolrecords/impl/pb/CancelDelegationTokenRequestPBImpl.java,31
hadoop,org.apache.hadoop.yarn.api.protocolrecords.impl.pb,GetContainerStatusesResponsePBImpl,5,0,23,10,131,39,0,0,0.21739130434782608,0,3,/Users/eashraf/hadoop/hadoop-yarn-project/hadoop-yarn/hadoop-yarn-common/src/main/java/org/apache/hadoop/yarn/api/protocolrecords/impl/pb/GetContainerStatusesResponsePBImpl.java,44
hadoop,org.apache.hadoop.yarn.api.protocolrecords.impl.pb,MoveApplicationAcrossQueuesRequestPBImpl,5,0,15,10,99,27,0,0,0.0,1,1,/Users/eashraf/hadoop/hadoop-yarn-project/hadoop-yarn/hadoop-yarn-common/src/main/java/org/apache/hadoop/yarn/api/protocolrecords/impl/pb/MoveApplicationAcrossQueuesRequestPBImpl.java,31
hadoop,org.apache.hadoop.yarn.api.protocolrecords.impl.pb,GetQueueUserAclsInfoResponsePBImpl,5,0,19,12,100,28,0,0,0.10526315789473684,0,1,/Users/eashraf/hadoop/hadoop-yarn-project/hadoop-yarn/hadoop-yarn-common/src/main/java/org/apache/hadoop/yarn/api/protocolrecords/impl/pb/GetQueueUserAclsInfoResponsePBImpl.java,36
hadoop,org.apache.hadoop.yarn.api.protocolrecords.impl.pb,GetApplicationAttemptReportResponsePBImpl,4,0,13,8,77,21,0,0,0.0,0,1,/Users/eashraf/hadoop/hadoop-yarn-project/hadoop-yarn/hadoop-yarn-common/src/main/java/org/apache/hadoop/yarn/api/protocolrecords/impl/pb/GetApplicationAttemptReportResponsePBImpl.java,32
hadoop,org.apache.hadoop.yarn.api.protocolrecords.impl.pb,GetNewApplicationRequestPBImpl,3,0,6,6,30,8,0,0,0.0,1,0,/Users/eashraf/hadoop/hadoop-yarn-project/hadoop-yarn/hadoop-yarn-common/src/main/java/org/apache/hadoop/yarn/api/protocolrecords/impl/pb/GetNewApplicationRequestPBImpl.java,29
hadoop,org.apache.hadoop.yarn.api.protocolrecords.impl.pb,RenewDelegationTokenRequestPBImpl,4,0,13,8,68,20,0,0,0.0,3,1,/Users/eashraf/hadoop/hadoop-yarn-project/hadoop-yarn/hadoop-yarn-common/src/main/java/org/apache/hadoop/yarn/api/protocolrecords/impl/pb/RenewDelegationTokenRequestPBImpl.java,31
hadoop,org.apache.hadoop.yarn.api.protocolrecords.impl.pb,GetApplicationAttemptReportRequestPBImpl,4,0,13,8,77,21,0,0,0.0,2,1,/Users/eashraf/hadoop/hadoop-yarn-project/hadoop-yarn/hadoop-yarn-common/src/main/java/org/apache/hadoop/yarn/api/protocolrecords/impl/pb/GetApplicationAttemptReportRequestPBImpl.java,32
hadoop,org.apache.hadoop.yarn.api.protocolrecords.impl.pb,RegisterApplicationMasterRequestPBImpl,3,0,15,12,77,21,0,0,0.0,1,0,/Users/eashraf/hadoop/hadoop-yarn-project/hadoop-yarn/hadoop-yarn-common/src/main/java/org/apache/hadoop/yarn/api/protocolrecords/impl/pb/RegisterApplicationMasterRequestPBImpl.java,30
hadoop,org.apache.hadoop.yarn.client.api,TimelineClient,0,0,7,6,50,7,0,0,-1.0,9,3,/Users/eashraf/hadoop/hadoop-yarn-project/hadoop-yarn/hadoop-yarn-common/src/main/java/org/apache/hadoop/yarn/client/api/TimelineClient.java,35
hadoop,org.apache.hadoop.yarn.client.api,InvalidContainerRequestException,0,0,3,3,14,3,0,0,-1.0,0,0,/Users/eashraf/hadoop/hadoop-yarn-project/hadoop-yarn/hadoop-yarn-client/src/main/java/org/apache/hadoop/yarn/client/api/InvalidContainerRequestException.java,22
hadoop,org.apache.hadoop.yarn.client.api,AMRMClient,8,0,17,16,212,21,0,0,0.7647058823529411,7,5,/Users/eashraf/hadoop/hadoop-yarn-project/hadoop-yarn/hadoop-yarn-client/src/main/java/org/apache/hadoop/yarn/client/api/AMRMClient.java,45
hadoop,org.apache.hadoop.yarn.client.api,AMRMClient.ContainerRequest,6,0,0,0,76,0,0,0,-1.0,0,2,/Users/eashraf/hadoop/hadoop-yarn-project/hadoop-yarn/hadoop-yarn-client/src/main/java/org/apache/hadoop/yarn/client/api/AMRMClient.java,74
hadoop,org.apache.hadoop.yarn.client.api,AHSClient,0,0,8,8,61,8,0,0,-1.0,2,3,/Users/eashraf/hadoop/hadoop-yarn-project/hadoop-yarn/hadoop-yarn-client/src/main/java/org/apache/hadoop/yarn/client/api/AHSClient.java,40
hadoop,org.apache.hadoop.yarn.client.api,YarnClient,0,0,31,30,239,31,0,0,-1.0,17,10,/Users/eashraf/hadoop/hadoop-yarn-project/hadoop-yarn/hadoop-yarn-client/src/main/java/org/apache/hadoop/yarn/client/api/YarnClient.java,66
hadoop,org.apache.hadoop.yarn.client.api,SharedCacheClient,0,0,5,5,32,5,0,0,-1.0,0,2,/Users/eashraf/hadoop/hadoop-yarn-project/hadoop-yarn/hadoop-yarn-client/src/main/java/org/apache/hadoop/yarn/client/api/SharedCacheClient.java,33
hadoop,org.apache.hadoop.yarn.client.api,NMTokenCache,2,0,10,10,77,10,0,0,0.0,6,1,/Users/eashraf/hadoop/hadoop-yarn-project/hadoop-yarn/hadoop-yarn-client/src/main/java/org/apache/hadoop/yarn/client/api/NMTokenCache.java,34
hadoop,org.apache.hadoop.yarn.client.api,NMClient,1,0,9,8,65,9,0,0,0.8888888888888888,4,5,/Users/eashraf/hadoop/hadoop-yarn-project/hadoop-yarn/hadoop-yarn-client/src/main/java/org/apache/hadoop/yarn/client/api/NMClient.java,39
hadoop,org.apache.hadoop.yarn.client.api,YarnClientApplication,2,0,3,3,14,3,0,0,0.0,3,2,/Users/eashraf/hadoop/hadoop-yarn-project/hadoop-yarn/hadoop-yarn-client/src/main/java/org/apache/hadoop/yarn/client/api/YarnClientApplication.java,26
hadoop,org.apache.hadoop.yarn.nodelabels.event,NodeLabelsStoreEventType,0,0,0,0,1,0,0,0,-1.0,5,0,/Users/eashraf/hadoop/hadoop-yarn-project/hadoop-yarn/hadoop-yarn-common/src/main/java/org/apache/hadoop/yarn/nodelabels/event/NodeLabelsStoreEventType.java,21
hadoop,org.apache.hadoop.yarn.nodelabels.event,StoreNewClusterNodeLabels,1,0,2,2,10,2,0,1,0.0,1,1,/Users/eashraf/hadoop/hadoop-yarn-project/hadoop-yarn/hadoop-yarn-common/src/main/java/org/apache/hadoop/yarn/nodelabels/event/StoreNewClusterNodeLabels.java,23
hadoop,org.apache.hadoop.yarn.nodelabels.event,RemoveClusterNodeLabels,1,0,2,2,10,2,0,1,0.0,1,1,/Users/eashraf/hadoop/hadoop-yarn-project/hadoop-yarn/hadoop-yarn-common/src/main/java/org/apache/hadoop/yarn/nodelabels/event/RemoveClusterNodeLabels.java,23
hadoop,org.apache.hadoop.yarn.nodelabels.event,NodeLabelsStoreEvent,0,0,1,1,5,1,3,0,-1.0,1,1,/Users/eashraf/hadoop/hadoop-yarn-project/hadoop-yarn/hadoop-yarn-common/src/main/java/org/apache/hadoop/yarn/nodelabels/event/NodeLabelsStoreEvent.java,23
hadoop,org.apache.hadoop.yarn.nodelabels.event,UpdateNodeToLabelsMappingsEvent,1,0,2,2,10,2,0,1,0.0,1,1,/Users/eashraf/hadoop/hadoop-yarn-project/hadoop-yarn/hadoop-yarn-common/src/main/java/org/apache/hadoop/yarn/nodelabels/event/UpdateNodeToLabelsMappingsEvent.java,26
hadoop,org.apache.hadoop.yarn.client.cli,TestRMAdminCLI,6,0,29,23,281,29,0,0,0.13793103448275862,0,16,/Users/eashraf/hadoop/hadoop-yarn-project/hadoop-yarn/hadoop-yarn-client/src/test/java/org/apache/hadoop/yarn/client/cli/TestRMAdminCLI.java,64
hadoop,org.apache.hadoop.yarn.client.cli,TestLogsCLI,5,0,11,6,185,15,0,0,0.0,0,21,/Users/eashraf/hadoop/hadoop-yarn-project/hadoop-yarn/hadoop-yarn-client/src/test/java/org/apache/hadoop/yarn/client/cli/TestLogsCLI.java,66
hadoop,org.apache.hadoop.yarn.client.cli,TestLogsCLI.LogsCLIForTest,1,0,0,0,10,0,0,1,-1.0,0,1,/Users/eashraf/hadoop/hadoop-yarn-project/hadoop-yarn/hadoop-yarn-client/src/test/java/org/apache/hadoop/yarn/client/cli/TestLogsCLI.java,342
hadoop,org.apache.hadoop.yarn.client.cli,TestYarnCLI,5,0,37,26,1084,51,0,0,0.0,0,24,/Users/eashraf/hadoop/hadoop-yarn-project/hadoop-yarn/hadoop-yarn-client/src/test/java/org/apache/hadoop/yarn/client/cli/TestYarnCLI.java,76
hadoop,org.apache.hadoop.yarn.client.cli,ApplicationCLI,11,3,12,2,459,53,0,1,0.16666666666666666,1,11,/Users/eashraf/hadoop/hadoop-yarn-project/hadoop-yarn/hadoop-yarn-client/src/main/java/org/apache/hadoop/yarn/client/cli/ApplicationCLI.java,56
hadoop,org.apache.hadoop.yarn.client.cli,YarnCLI,8,5,6,6,31,6,3,0,0.5,1,1,/Users/eashraf/hadoop/hadoop-yarn-project/hadoop-yarn/hadoop-yarn-client/src/main/java/org/apache/hadoop/yarn/client/cli/YarnCLI.java,29
hadoop,org.apache.hadoop.yarn.client.cli,RMAdminCLI,6,0,30,5,430,90,0,0,0.26666666666666666,1,21,/Users/eashraf/hadoop/hadoop-yarn-project/hadoop-yarn/hadoop-yarn-client/src/main/java/org/apache/hadoop/yarn/client/cli/RMAdminCLI.java,66
hadoop,org.apache.hadoop.yarn.client.cli,QueueCLI,1,1,5,2,101,12,0,1,0.4,1,3,/Users/eashraf/hadoop/hadoop-yarn-project/hadoop-yarn/hadoop-yarn-client/src/main/java/org/apache/hadoop/yarn/client/cli/QueueCLI.java,40
hadoop,org.apache.hadoop.yarn.client.cli,LogsCLI,5,1,5,2,126,20,1,0,0.0,1,8,/Users/eashraf/hadoop/hadoop-yarn-project/hadoop-yarn/hadoop-yarn-client/src/main/java/org/apache/hadoop/yarn/client/cli/LogsCLI.java,46
hadoop,org.apache.hadoop.yarn.client.cli,NodeCLI,3,0,5,2,148,19,0,1,0.4,1,7,/Users/eashraf/hadoop/hadoop-yarn-project/hadoop-yarn/hadoop-yarn-client/src/main/java/org/apache/hadoop/yarn/client/cli/NodeCLI.java,49
hadoop,org.apache.hadoop.yarn.client.api.async.impl,TestAMRMClientAsync,12,0,17,14,332,25,0,0,0.17647058823529413,0,12,/Users/eashraf/hadoop/hadoop-yarn-project/hadoop-yarn/hadoop-yarn-client/src/test/java/org/apache/hadoop/yarn/client/api/async/impl/TestAMRMClientAsync.java,65
hadoop,org.apache.hadoop.yarn.client.api.async.impl,TestAMRMClientAsync.TestCallbackHandler,6,0,0,0,74,0,0,0,-1.0,0,0,/Users/eashraf/hadoop/hadoop-yarn-project/hadoop-yarn/hadoop-yarn-client/src/test/java/org/apache/hadoop/yarn/client/api/async/impl/TestAMRMClientAsync.java,408
hadoop,org.apache.hadoop.yarn.client.api.async.impl,TestAMRMClientAsync.TestCallbackHandler2,5,0,0,0,35,0,0,0,-1.0,0,1,/Users/eashraf/hadoop/hadoop-yarn-project/hadoop-yarn/hadoop-yarn-client/src/test/java/org/apache/hadoop/yarn/client/api/async/impl/TestAMRMClientAsync.java,497
hadoop,org.apache.hadoop.yarn.client.api.async.impl,TestNMClientAsync,25,0,6,4,320,18,0,0,0.0,0,15,/Users/eashraf/hadoop/hadoop-yarn-project/hadoop-yarn/hadoop-yarn-client/src/test/java/org/apache/hadoop/yarn/client/api/async/impl/TestNMClientAsync.java,63
hadoop,org.apache.hadoop.yarn.client.api.async.impl,TestNMClientAsync.MockNMClientAsync1,1,0,0,0,22,0,0,1,-1.0,0,0,/Users/eashraf/hadoop/hadoop-yarn-project/hadoop-yarn/hadoop-yarn-client/src/test/java/org/apache/hadoop/yarn/client/api/async/impl/TestNMClientAsync.java,149
hadoop,org.apache.hadoop.yarn.client.api.async.impl,TestNMClientAsync.MockContainerEventProcessor,0,0,0,0,13,0,0,0,-1.0,0,0,/Users/eashraf/hadoop/hadoop-yarn-project/hadoop-yarn/hadoop-yarn-client/src/test/java/org/apache/hadoop/yarn/client/api/async/impl/TestNMClientAsync.java,159
hadoop,org.apache.hadoop.yarn.client.api.async.impl,TestNMClientAsync.TestCallbackHandler1,16,0,0,0,128,0,0,0,-1.0,0,0,/Users/eashraf/hadoop/hadoop-yarn-project/hadoop-yarn/hadoop-yarn-client/src/test/java/org/apache/hadoop/yarn/client/api/async/impl/TestNMClientAsync.java,185
hadoop,org.apache.hadoop.yarn.client.api.async.impl,TestNMClientAsync.MockNMClientAsync2,2,0,0,0,35,0,0,1,-1.0,0,0,/Users/eashraf/hadoop/hadoop-yarn-project/hadoop-yarn/hadoop-yarn-client/src/test/java/org/apache/hadoop/yarn/client/api/async/impl/TestNMClientAsync.java,451
hadoop,org.apache.hadoop.yarn.client.api.async.impl,TestNMClientAsync.MockContainerEventProcessor,0,0,0,0,23,0,0,0,-1.0,0,0,/Users/eashraf/hadoop/hadoop-yarn-project/hadoop-yarn/hadoop-yarn-client/src/test/java/org/apache/hadoop/yarn/client/api/async/impl/TestNMClientAsync.java,463
hadoop,org.apache.hadoop.yarn.client.api.async.impl,TestNMClientAsync.TestCallbackHandler2,2,0,0,0,32,0,0,0,-1.0,0,1,/Users/eashraf/hadoop/hadoop-yarn-project/hadoop-yarn/hadoop-yarn-client/src/test/java/org/apache/hadoop/yarn/client/api/async/impl/TestNMClientAsync.java,495
hadoop,org.apache.hadoop.yarn.client.api.async.impl,AMRMClientAsyncImpl,8,0,15,12,210,15,0,0,0.7333333333333333,0,7,/Users/eashraf/hadoop/hadoop-yarn-project/hadoop-yarn/hadoop-yarn-client/src/main/java/org/apache/hadoop/yarn/client/api/async/impl/AMRMClientAsyncImpl.java,51
hadoop,org.apache.hadoop.yarn.client.api.async.impl,AMRMClientAsyncImpl.HeartbeatThread,0,0,0,0,46,0,0,0,-1.0,0,0,/Users/eashraf/hadoop/hadoop-yarn-project/hadoop-yarn/hadoop-yarn-client/src/main/java/org/apache/hadoop/yarn/client/api/async/impl/AMRMClientAsyncImpl.java,222
hadoop,org.apache.hadoop.yarn.client.api.async.impl,AMRMClientAsyncImpl.CallbackHandlerThread,0,0,0,0,44,0,0,0,-1.0,0,0,/Users/eashraf/hadoop/hadoop-yarn-project/hadoop-yarn/hadoop-yarn-client/src/main/java/org/apache/hadoop/yarn/client/api/async/impl/AMRMClientAsyncImpl.java,269
hadoop,org.apache.hadoop.yarn.client.api.async.impl,NMClientAsyncImpl,21,0,12,6,346,28,2,0,0.3333333333333333,2,12,/Users/eashraf/hadoop/hadoop-yarn-project/hadoop-yarn/hadoop-yarn-client/src/main/java/org/apache/hadoop/yarn/client/api/async/impl/NMClientAsyncImpl.java,67
hadoop,org.apache.hadoop.yarn.client.api.async.impl,NMClientAsyncImpl.ContainerState,0,0,0,0,1,0,0,0,-1.0,0,0,/Users/eashraf/hadoop/hadoop-yarn-project/hadoop-yarn/hadoop-yarn-client/src/main/java/org/apache/hadoop/yarn/client/api/async/impl/NMClientAsyncImpl.java,259
hadoop,org.apache.hadoop.yarn.client.api.async.impl,NMClientAsyncImpl.ContainerEventType,0,0,0,0,4,0,0,0,-1.0,0,0,/Users/eashraf/hadoop/hadoop-yarn-project/hadoop-yarn/hadoop-yarn-client/src/main/java/org/apache/hadoop/yarn/client/api/async/impl/NMClientAsyncImpl.java,273
hadoop,org.apache.hadoop.yarn.client.api.async.impl,NMClientAsyncImpl.ContainerEvent,3,0,0,0,20,0,0,0,-1.0,0,3,/Users/eashraf/hadoop/hadoop-yarn-project/hadoop-yarn/hadoop-yarn-client/src/main/java/org/apache/hadoop/yarn/client/api/async/impl/NMClientAsyncImpl.java,282
hadoop,org.apache.hadoop.yarn.client.api.async.impl,NMClientAsyncImpl.StartContainerEvent,2,0,0,0,15,0,0,0,-1.0,0,2,/Users/eashraf/hadoop/hadoop-yarn-project/hadoop-yarn/hadoop-yarn-client/src/main/java/org/apache/hadoop/yarn/client/api/async/impl/NMClientAsyncImpl.java,309
hadoop,org.apache.hadoop.yarn.client.api.async.impl,NMClientAsyncImpl.StatefulContainer,7,0,0,0,124,0,0,0,-1.0,0,4,/Users/eashraf/hadoop/hadoop-yarn-project/hadoop-yarn/hadoop-yarn-client/src/main/java/org/apache/hadoop/yarn/client/api/async/impl/NMClientAsyncImpl.java,330
hadoop,org.apache.hadoop.yarn.client.api.async.impl,NMClientAsyncImpl.StartContainerTransition,0,0,0,0,38,0,0,0,-1.0,0,0,/Users/eashraf/hadoop/hadoop-yarn-project/hadoop-yarn/hadoop-yarn-client/src/main/java/org/apache/hadoop/yarn/client/api/async/impl/NMClientAsyncImpl.java,363
hadoop,org.apache.hadoop.yarn.client.api.async.impl,NMClientAsyncImpl.StopContainerTransition,0,0,0,0,33,0,0,0,-1.0,0,0,/Users/eashraf/hadoop/hadoop-yarn-project/hadoop-yarn/hadoop-yarn-client/src/main/java/org/apache/hadoop/yarn/client/api/async/impl/NMClientAsyncImpl.java,413
hadoop,org.apache.hadoop.yarn.client.api.async.impl,NMClientAsyncImpl.OutOfOrderTransition,1,0,0,0,11,0,0,0,-1.0,0,0,/Users/eashraf/hadoop/hadoop-yarn-project/hadoop-yarn/hadoop-yarn-client/src/main/java/org/apache/hadoop/yarn/client/api/async/impl/NMClientAsyncImpl.java,456
hadoop,org.apache.hadoop.yarn.client.api.async.impl,NMClientAsyncImpl.ContainerEventProcessor,1,0,0,0,50,0,0,0,-1.0,0,0,/Users/eashraf/hadoop/hadoop-yarn-project/hadoop-yarn/hadoop-yarn-client/src/main/java/org/apache/hadoop/yarn/client/api/async/impl/NMClientAsyncImpl.java,521
hadoop,org.apache.hadoop.yarn.client.api.async,NMClientAsync,2,0,11,8,76,11,0,0,0.36363636363636365,3,5,/Users/eashraf/hadoop/hadoop-yarn-project/hadoop-yarn/hadoop-yarn-client/src/main/java/org/apache/hadoop/yarn/client/api/async/NMClientAsync.java,42
hadoop,org.apache.hadoop.yarn.client.api.async,NMClientAsync.CallbackHandler,0,0,0,0,40,0,0,0,-1.0,0,0,/Users/eashraf/hadoop/hadoop-yarn-project/hadoop-yarn/hadoop-yarn-client/src/main/java/org/apache/hadoop/yarn/client/api/async/NMClientAsync.java,161
hadoop,org.apache.hadoop.yarn.client.api.async,AMRMClientAsync,4,0,17,15,141,21,0,0,0.7647058823529411,3,5,/Users/eashraf/hadoop/hadoop-yarn-project/hadoop-yarn/hadoop-yarn-client/src/main/java/org/apache/hadoop/yarn/client/api/async/AMRMClientAsync.java,50
hadoop,org.apache.hadoop.yarn.client.api.async,AMRMClientAsync.CallbackHandler,0,0,0,0,24,0,0,0,-1.0,0,0,/Users/eashraf/hadoop/hadoop-yarn-project/hadoop-yarn/hadoop-yarn-client/src/main/java/org/apache/hadoop/yarn/client/api/async/AMRMClientAsync.java,267
hadoop,org.apache.hadoop.registry,RegistryTestHelper,13,11,19,19,243,25,1,0,0.5789473684210527,0,10,/Users/eashraf/hadoop/hadoop-yarn-project/hadoop-yarn/hadoop-yarn-registry/src/test/java/org/apache/hadoop/registry/RegistryTestHelper.java,50
hadoop,org.apache.hadoop.registry,AbstractRegistryTest,3,0,6,4,69,6,0,2,0.0,0,5,/Users/eashraf/hadoop/hadoop-yarn-project/hadoop-yarn/hadoop-yarn-registry/src/test/java/org/apache/hadoop/registry/AbstractRegistryTest.java,34
hadoop,org.apache.hadoop.registry,AbstractZKRegistryTest,5,2,6,5,51,6,1,1,0.3333333333333333,0,6,/Users/eashraf/hadoop/hadoop-yarn-project/hadoop-yarn/hadoop-yarn-registry/src/test/java/org/apache/hadoop/registry/AbstractZKRegistryTest.java,41
hadoop,org.apache.hadoop.registry.integration,TestRegistryRMOperations,1,0,7,7,170,8,0,0,0.2857142857142857,0,11,/Users/eashraf/hadoop/hadoop-yarn-project/hadoop-yarn/hadoop-yarn-registry/src/test/java/org/apache/hadoop/registry/integration/TestRegistryRMOperations.java,50
hadoop,org.apache.hadoop.registry.integration,TestYarnPolicySelector,2,0,4,4,17,4,0,0,0.0,0,4,/Users/eashraf/hadoop/hadoop-yarn-project/hadoop-yarn/hadoop-yarn-registry/src/test/java/org/apache/hadoop/registry/integration/TestYarnPolicySelector.java,29
hadoop,org.apache.hadoop.registry.cli,TestRegistryCli,6,0,9,8,131,9,0,0,0.0,0,1,/Users/eashraf/hadoop/hadoop-yarn-project/hadoop-yarn/hadoop-yarn-registry/src/test/java/org/apache/hadoop/registry/cli/TestRegistryCli.java,31
hadoop,org.apache.hadoop.registry.cli,RegistryCli,10,0,13,10,342,51,0,0,0.15384615384615385,1,10,/Users/eashraf/hadoop/hadoop-yarn-project/hadoop-yarn/hadoop-yarn-registry/src/main/java/org/apache/hadoop/registry/cli/RegistryCli.java,60
hadoop,org.apache.hadoop.registry.operations,TestRegistryOperations,1,0,24,24,204,25,0,0,1.0,0,8,/Users/eashraf/hadoop/hadoop-yarn-project/hadoop-yarn/hadoop-yarn-registry/src/test/java/org/apache/hadoop/registry/operations/TestRegistryOperations.java,42
hadoop,org.apache.hadoop.registry.secure,TestSecureRegistry,1,0,8,7,108,8,0,1,0.625,0,5,/Users/eashraf/hadoop/hadoop-yarn-project/hadoop-yarn/hadoop-yarn-registry/src/test/java/org/apache/hadoop/registry/secure/TestSecureRegistry.java,41
hadoop,org.apache.hadoop.registry.secure,TestRegistrySecurityHelper,11,9,13,13,89,13,0,0,0.15384615384615385,0,4,/Users/eashraf/hadoop/hadoop-yarn-project/hadoop-yarn/hadoop-yarn-registry/src/test/java/org/apache/hadoop/registry/secure/TestRegistrySecurityHelper.java,38
hadoop,org.apache.hadoop.registry.secure,TestSecureRMRegistryOperations,4,0,19,19,210,23,0,1,0.10526315789473684,0,11,/Users/eashraf/hadoop/hadoop-yarn-project/hadoop-yarn/hadoop-yarn-registry/src/test/java/org/apache/hadoop/registry/secure/TestSecureRMRegistryOperations.java,53
hadoop,org.apache.hadoop.registry.secure,KerberosConfiguration,3,0,5,4,37,6,0,0,0.0,2,1,/Users/eashraf/hadoop/hadoop-yarn-project/hadoop-yarn/hadoop-yarn-registry/src/test/java/org/apache/hadoop/registry/secure/KerberosConfiguration.java,28
hadoop,org.apache.hadoop.registry.secure,TestSecureLogins,1,0,13,13,107,13,0,1,0.5384615384615384,0,6,/Users/eashraf/hadoop/hadoop-yarn-project/hadoop-yarn/hadoop-yarn-registry/src/test/java/org/apache/hadoop/registry/secure/TestSecureLogins.java,52
hadoop,org.apache.hadoop.registry.secure,AbstractSecureRegistryTest,33,18,20,14,221,24,3,0,0.15,1,13,/Users/eashraf/hadoop/hadoop-yarn-project/hadoop-yarn/hadoop-yarn-registry/src/test/java/org/apache/hadoop/registry/secure/AbstractSecureRegistryTest.java,57
hadoop,org.apache.hadoop.registry.client.impl,TestCuratorService,4,1,27,24,140,28,0,0,0.07407407407407407,0,4,/Users/eashraf/hadoop/hadoop-yarn-project/hadoop-yarn/hadoop-yarn-registry/src/test/java/org/apache/hadoop/registry/client/impl/TestCuratorService.java,41
hadoop,org.apache.hadoop.registry.client.impl,TestMicroZookeeperService,3,2,2,2,18,2,0,0,0.0,0,3,/Users/eashraf/hadoop/hadoop-yarn-project/hadoop-yarn/hadoop-yarn-registry/src/test/java/org/apache/hadoop/registry/client/impl/TestMicroZookeeperService.java,33
hadoop,org.apache.hadoop.registry.client.impl,CuratorEventCatcher,3,1,3,3,24,3,0,0,0.0,2,0,/Users/eashraf/hadoop/hadoop-yarn-project/hadoop-yarn/hadoop-yarn-registry/src/test/java/org/apache/hadoop/registry/client/impl/CuratorEventCatcher.java,31
hadoop,org.apache.hadoop.registry.client.impl,RegistryOperationsClient,0,0,2,2,11,2,0,0,-1.0,2,1,/Users/eashraf/hadoop/hadoop-yarn-project/hadoop-yarn/hadoop-yarn-registry/src/main/java/org/apache/hadoop/registry/client/impl/RegistryOperationsClient.java,27
hadoop,org.apache.hadoop.registry.client.binding,TestRegistryPathUtils,1,1,17,13,98,17,0,0,0.5294117647058824,0,1,/Users/eashraf/hadoop/hadoop-yarn-project/hadoop-yarn/hadoop-yarn-registry/src/test/java/org/apache/hadoop/registry/client/binding/TestRegistryPathUtils.java,30
hadoop,org.apache.hadoop.registry.client.binding,TestMarshalling,4,2,11,11,76,11,0,0,0.2727272727272727,0,4,/Users/eashraf/hadoop/hadoop-yarn-project/hadoop-yarn/hadoop-yarn-registry/src/test/java/org/apache/hadoop/registry/client/binding/TestMarshalling.java,34
hadoop,org.apache.hadoop.registry.client.binding,TestRegistryOperationUtils,0,0,3,3,20,3,0,0,-1.0,0,2,/Users/eashraf/hadoop/hadoop-yarn-project/hadoop-yarn/hadoop-yarn-registry/src/test/java/org/apache/hadoop/registry/client/binding/TestRegistryOperationUtils.java,25
hadoop,org.apache.hadoop.registry.client.binding,RegistryUtils,1,0,15,14,227,28,0,0,0.13333333333333333,7,8,/Users/eashraf/hadoop/hadoop-yarn-project/hadoop-yarn/hadoop-yarn-registry/src/main/java/org/apache/hadoop/registry/client/binding/RegistryUtils.java,49
hadoop,org.apache.hadoop.registry.client.binding,RegistryUtils.ServiceRecordMarshal,0,0,0,0,8,0,0,1,-1.0,0,0,/Users/eashraf/hadoop/hadoop-yarn-project/hadoop-yarn/hadoop-yarn-registry/src/main/java/org/apache/hadoop/registry/client/binding/RegistryUtils.java,378
hadoop,org.apache.hadoop.registry.client.binding,RegistryPathUtils,1,0,9,9,149,22,0,0,0.4444444444444444,8,1,/Users/eashraf/hadoop/hadoop-yarn-project/hadoop-yarn/hadoop-yarn-registry/src/main/java/org/apache/hadoop/registry/client/binding/RegistryPathUtils.java,34
hadoop,org.apache.hadoop.registry.client.binding,JsonSerDeser,7,3,14,13,217,19,1,0,0.0,0,6,/Users/eashraf/hadoop/hadoop-yarn-project/hadoop-yarn/hadoop-yarn-registry/src/main/java/org/apache/hadoop/registry/client/binding/JsonSerDeser.java,50
hadoop,org.apache.hadoop.registry.client.binding,RegistryTypeUtils,0,0,15,15,199,29,0,0,-1.0,5,3,/Users/eashraf/hadoop/hadoop-yarn-project/hadoop-yarn/hadoop-yarn-registry/src/main/java/org/apache/hadoop/registry/client/binding/RegistryTypeUtils.java,39
hadoop,org.apache.hadoop.registry.server.integration,SelectByYarnPersistence,2,0,3,3,20,3,0,0,0.0,0,3,/Users/eashraf/hadoop/hadoop-yarn-project/hadoop-yarn/hadoop-yarn-registry/src/main/java/org/apache/hadoop/registry/server/integration/SelectByYarnPersistence.java,28
hadoop,org.apache.hadoop.registry.server.integration,RMRegistryOperationsService,2,0,17,15,117,17,0,0,0.5294117647058824,2,6,/Users/eashraf/hadoop/hadoop-yarn-project/hadoop-yarn/hadoop-yarn-registry/src/main/java/org/apache/hadoop/registry/server/integration/RMRegistryOperationsService.java,39
hadoop,org.apache.hadoop.registry.server.services,MicroZookeeperServiceKeys,8,8,0,0,34,0,1,0,-1.0,2,1,/Users/eashraf/hadoop/hadoop-yarn-project/hadoop-yarn/hadoop-yarn-registry/src/main/java/org/apache/hadoop/registry/server/services/MicroZookeeperServiceKeys.java,23
hadoop,org.apache.hadoop.registry.server.services,RegistryAdminService,8,1,18,11,311,37,0,0,0.1111111111111111,3,7,/Users/eashraf/hadoop/hadoop-yarn-project/hadoop-yarn/hadoop-yarn-registry/src/main/java/org/apache/hadoop/registry/server/services/RegistryAdminService.java,61
hadoop,org.apache.hadoop.registry.server.services,RegistryAdminService.PurgePolicy,0,0,0,0,4,0,0,0,-1.0,0,0,/Users/eashraf/hadoop/hadoop-yarn-project/hadoop-yarn/hadoop-yarn-registry/src/main/java/org/apache/hadoop/registry/server/services/RegistryAdminService.java,354
hadoop,org.apache.hadoop.registry.server.services,RegistryAdminService.NodeSelector,0,0,0,0,6,0,0,0,-1.0,0,0,/Users/eashraf/hadoop/hadoop-yarn-project/hadoop-yarn/hadoop-yarn-registry/src/main/java/org/apache/hadoop/registry/server/services/RegistryAdminService.java,479
hadoop,org.apache.hadoop.registry.server.services,RegistryAdminService.AsyncPurge,4,0,0,0,24,0,0,0,-1.0,0,0,/Users/eashraf/hadoop/hadoop-yarn-project/hadoop-yarn/hadoop-yarn-registry/src/main/java/org/apache/hadoop/registry/server/services/RegistryAdminService.java,489
hadoop,org.apache.hadoop.registry.server.services,DeleteCompletionCallback,2,0,2,2,20,3,0,0,0.0,1,0,/Users/eashraf/hadoop/hadoop-yarn-project/hadoop-yarn/hadoop-yarn-registry/src/main/java/org/apache/hadoop/registry/server/services/DeleteCompletionCallback.java,30
hadoop,org.apache.hadoop.registry.server.services,AddingCompositeService,0,0,3,3,14,3,0,0,-1.0,2,1,/Users/eashraf/hadoop/hadoop-yarn-project/hadoop-yarn/hadoop-yarn-registry/src/main/java/org/apache/hadoop/registry/server/services/AddingCompositeService.java,26
hadoop,org.apache.hadoop.registry.server.services,MicroZookeeperService,11,0,12,6,171,19,0,1,0.25,3,5,/Users/eashraf/hadoop/hadoop-yarn-project/hadoop-yarn/hadoop-yarn-registry/src/main/java/org/apache/hadoop/registry/server/services/MicroZookeeperService.java,47
hadoop,org.apache.hadoop.registry.client.impl.zk,RegistryOperationsService,2,0,12,11,71,13,0,2,0.3333333333333333,0,7,/Users/eashraf/hadoop/hadoop-yarn-project/hadoop-yarn/hadoop-yarn-registry/src/main/java/org/apache/hadoop/registry/client/impl/zk/RegistryOperationsService.java,43
hadoop,org.apache.hadoop.registry.client.impl.zk,RegistryInternalConstants,7,0,0,0,33,0,0,0,-1.0,3,0,/Users/eashraf/hadoop/hadoop-yarn-project/hadoop-yarn/hadoop-yarn-registry/src/main/java/org/apache/hadoop/registry/client/impl/zk/RegistryInternalConstants.java,23
hadoop,org.apache.hadoop.registry.client.impl.zk,BindingInformation,2,2,0,0,13,0,0,0,-1.0,3,0,/Users/eashraf/hadoop/hadoop-yarn-project/hadoop-yarn/hadoop-yarn-registry/src/main/java/org/apache/hadoop/registry/client/impl/zk/BindingInformation.java,25
hadoop,org.apache.hadoop.registry.client.impl.zk,ZookeeperConfigOptions,11,0,0,0,49,0,0,0,-1.0,4,0,/Users/eashraf/hadoop/hadoop-yarn-project/hadoop-yarn/hadoop-yarn-registry/src/main/java/org/apache/hadoop/registry/client/impl/zk/ZookeeperConfigOptions.java,24
hadoop,org.apache.hadoop.registry.client.impl.zk,ZKPathDumper,4,1,4,2,82,9,0,0,0.0,4,1,/Users/eashraf/hadoop/hadoop-yarn-project/hadoop-yarn/hadoop-yarn-registry/src/main/java/org/apache/hadoop/registry/client/impl/zk/ZKPathDumper.java,30
hadoop,org.apache.hadoop.registry.client.impl.zk,RegistrySecurity,20,7,44,38,706,89,0,0,0.1590909090909091,10,6,/Users/eashraf/hadoop/hadoop-yarn-project/hadoop-yarn/hadoop-yarn-registry/src/main/java/org/apache/hadoop/registry/client/impl/zk/RegistrySecurity.java,55
hadoop,org.apache.hadoop.registry.client.impl.zk,RegistrySecurity.AccessPolicy,0,0,0,0,4,0,0,0,-1.0,0,0,/Users/eashraf/hadoop/hadoop-yarn-project/hadoop-yarn/hadoop-yarn-registry/src/main/java/org/apache/hadoop/registry/client/impl/zk/RegistrySecurity.java,92
hadoop,org.apache.hadoop.registry.client.impl.zk,RegistrySecurity.UgiInfo,1,0,0,0,30,0,0,0,-1.0,0,1,/Users/eashraf/hadoop/hadoop-yarn-project/hadoop-yarn/hadoop-yarn-registry/src/main/java/org/apache/hadoop/registry/client/impl/zk/RegistrySecurity.java,951
hadoop,org.apache.hadoop.registry.client.impl.zk,RegistrySecurity.AclListInfo,1,1,0,0,12,0,0,0,-1.0,0,0,/Users/eashraf/hadoop/hadoop-yarn-project/hadoop-yarn/hadoop-yarn-registry/src/main/java/org/apache/hadoop/registry/client/impl/zk/RegistrySecurity.java,988
hadoop,org.apache.hadoop.registry.client.impl.zk,CuratorService,8,0,36,23,564,66,1,1,0.05555555555555555,2,8,/Users/eashraf/hadoop/hadoop-yarn-project/hadoop-yarn/hadoop-yarn-registry/src/main/java/org/apache/hadoop/registry/client/impl/zk/CuratorService.java,58
hadoop,org.apache.hadoop.registry.client.impl.zk,RegistryBindingSource,0,0,1,0,10,1,1,0,-1.0,5,1,/Users/eashraf/hadoop/hadoop-yarn-project/hadoop-yarn/hadoop-yarn-registry/src/main/java/org/apache/hadoop/registry/client/impl/zk/RegistryBindingSource.java,24
hadoop,org.apache.hadoop.registry.client.types,AddressTypes,7,7,0,0,27,0,0,0,-1.0,2,0,/Users/eashraf/hadoop/hadoop-yarn-project/hadoop-yarn/hadoop-yarn-registry/src/main/java/org/apache/hadoop/registry/client/types/AddressTypes.java,24
hadoop,org.apache.hadoop.registry.client.types,RegistryPathStatus,4,4,4,4,74,9,0,0,0.0,6,0,/Users/eashraf/hadoop/hadoop-yarn-project/hadoop-yarn/hadoop-yarn-registry/src/main/java/org/apache/hadoop/registry/client/types/RegistryPathStatus.java,27
hadoop,org.apache.hadoop.registry.client.types,ServiceRecord,6,5,13,11,174,24,0,0,0.23076923076923078,13,1,/Users/eashraf/hadoop/hadoop-yarn-project/hadoop-yarn/hadoop-yarn-registry/src/main/java/org/apache/hadoop/registry/client/types/ServiceRecord.java,34
hadoop,org.apache.hadoop.registry.client.types,Endpoint,5,4,11,10,155,18,0,0,0.36363636363636365,3,2,/Users/eashraf/hadoop/hadoop-yarn-project/hadoop-yarn/hadoop-yarn-registry/src/main/java/org/apache/hadoop/registry/client/types/Endpoint.java,35
hadoop,org.apache.hadoop.registry.client.types,Endpoint.Marshal,0,0,0,0,8,0,0,0,-1.0,0,0,/Users/eashraf/hadoop/hadoop-yarn-project/hadoop-yarn/hadoop-yarn-registry/src/main/java/org/apache/hadoop/registry/client/types/Endpoint.java,237
hadoop,org.apache.hadoop.registry.client.types,ProtocolTypes,13,0,0,0,57,0,0,0,-1.0,3,0,/Users/eashraf/hadoop/hadoop-yarn-project/hadoop-yarn/hadoop-yarn-registry/src/main/java/org/apache/hadoop/registry/client/types/ProtocolTypes.java,24
hadoop,org.apache.hadoop.registry.client.types.yarn,YarnRegistryAttributes,2,2,0,0,10,0,0,0,-1.0,4,0,/Users/eashraf/hadoop/hadoop-yarn-project/hadoop-yarn/hadoop-yarn-registry/src/main/java/org/apache/hadoop/registry/client/types/yarn/YarnRegistryAttributes.java,21
hadoop,org.apache.hadoop.registry.client.types.yarn,PersistencePolicies,4,0,0,0,21,0,0,0,-1.0,6,0,/Users/eashraf/hadoop/hadoop-yarn-project/hadoop-yarn/hadoop-yarn-registry/src/main/java/org/apache/hadoop/registry/client/types/yarn/PersistencePolicies.java,23
hadoop,org.apache.hadoop.registry.client.exceptions,RegistryIOException,0,0,4,4,22,4,6,0,-1.0,0,1,/Users/eashraf/hadoop/hadoop-yarn-project/hadoop-yarn/hadoop-yarn-registry/src/main/java/org/apache/hadoop/registry/client/exceptions/RegistryIOException.java,25
hadoop,org.apache.hadoop.registry.client.exceptions,InvalidRecordException,0,0,2,2,11,2,0,1,-1.0,0,0,/Users/eashraf/hadoop/hadoop-yarn-project/hadoop-yarn/hadoop-yarn-registry/src/main/java/org/apache/hadoop/registry/client/exceptions/InvalidRecordException.java,24
hadoop,org.apache.hadoop.registry.client.exceptions,NoPathPermissionsException,0,0,4,4,17,4,0,1,-1.0,0,1,/Users/eashraf/hadoop/hadoop-yarn-project/hadoop-yarn/hadoop-yarn-registry/src/main/java/org/apache/hadoop/registry/client/exceptions/NoPathPermissionsException.java,23
hadoop,org.apache.hadoop.registry.client.exceptions,AuthenticationFailedException,0,0,3,3,14,3,0,1,-1.0,0,0,/Users/eashraf/hadoop/hadoop-yarn-project/hadoop-yarn/hadoop-yarn-registry/src/main/java/org/apache/hadoop/registry/client/exceptions/AuthenticationFailedException.java,21
hadoop,org.apache.hadoop.registry.client.exceptions,InvalidPathnameException,0,0,2,2,11,2,0,1,-1.0,0,0,/Users/eashraf/hadoop/hadoop-yarn-project/hadoop-yarn/hadoop-yarn-registry/src/main/java/org/apache/hadoop/registry/client/exceptions/InvalidPathnameException.java,24
hadoop,org.apache.hadoop.registry.client.exceptions,NoRecordException,0,0,2,2,11,2,0,1,-1.0,0,0,/Users/eashraf/hadoop/hadoop-yarn-project/hadoop-yarn/hadoop-yarn-registry/src/main/java/org/apache/hadoop/registry/client/exceptions/NoRecordException.java,25
hadoop,org.apache.hadoop.registry.client.exceptions,NoChildrenForEphemeralsException,0,0,3,3,14,3,0,1,-1.0,0,0,/Users/eashraf/hadoop/hadoop-yarn-project/hadoop-yarn/hadoop-yarn-registry/src/main/java/org/apache/hadoop/registry/client/exceptions/NoChildrenForEphemeralsException.java,24
hadoop,org.apache.hadoop.registry.client.api,RegistryConstants,37,0,0,0,153,0,0,0,-1.0,7,0,/Users/eashraf/hadoop/hadoop-yarn-project/hadoop-yarn/hadoop-yarn-registry/src/main/java/org/apache/hadoop/registry/client/api/RegistryConstants.java,24
hadoop,org.apache.hadoop.registry.client.api,RegistryOperations,0,0,9,1,83,9,0,0,-1.0,5,1,/Users/eashraf/hadoop/hadoop-yarn-project/hadoop-yarn/hadoop-yarn-registry/src/main/java/org/apache/hadoop/registry/client/api/RegistryOperations.java,36
hadoop,org.apache.hadoop.registry.client.api,RegistryOperationsFactory,0,0,6,5,71,6,0,0,-1.0,2,3,/Users/eashraf/hadoop/hadoop-yarn-project/hadoop-yarn/hadoop-yarn-registry/src/main/java/org/apache/hadoop/registry/client/api/RegistryOperationsFactory.java,29
hadoop,org.apache.hadoop.registry.client.api,BindFlags,2,0,0,0,13,0,0,0,-1.0,4,0,/Users/eashraf/hadoop/hadoop-yarn-project/hadoop-yarn/hadoop-yarn-registry/src/main/java/org/apache/hadoop/registry/client/api/BindFlags.java,24
hadoop,org.apache.hadoop.security.authentication.util,TestZKSignerSecretProvider,1,0,6,5,209,15,0,0,0.0,0,1,/Users/eashraf/hadoop/hadoop-common-project/hadoop-auth/src/test/java/org/apache/hadoop/security/authentication/util/TestZKSignerSecretProvider.java,27
hadoop,org.apache.hadoop.security.authentication.util,TestKerberosName,0,0,8,5,62,8,0,0,-1.0,0,2,/Users/eashraf/hadoop/hadoop-common-project/hadoop-auth/src/test/java/org/apache/hadoop/security/authentication/util/TestKerberosName.java,30
hadoop,org.apache.hadoop.security.authentication.util,TestStringSignerSecretProvider,0,0,1,1,14,1,0,0,-1.0,0,2,/Users/eashraf/hadoop/hadoop-common-project/hadoop-auth/src/test/java/org/apache/hadoop/security/authentication/util/TestStringSignerSecretProvider.java,21
hadoop,org.apache.hadoop.security.authentication.util,TestSigner,2,0,7,6,122,7,0,0,0.2857142857142857,0,3,/Users/eashraf/hadoop/hadoop-common-project/hadoop-auth/src/test/java/org/apache/hadoop/security/authentication/util/TestSigner.java,22
hadoop,org.apache.hadoop.security.authentication.util,TestSigner.TestSignerSecretProvider,2,0,0,0,18,0,0,1,-1.0,0,0,/Users/eashraf/hadoop/hadoop-common-project/hadoop-auth/src/test/java/org/apache/hadoop/security/authentication/util/TestSigner.java,135
hadoop,org.apache.hadoop.security.authentication.util,TestRandomSignerSecretProvider,0,0,1,1,38,1,0,0,-1.0,0,1,/Users/eashraf/hadoop/hadoop-common-project/hadoop-auth/src/test/java/org/apache/hadoop/security/authentication/util/TestRandomSignerSecretProvider.java,20
hadoop,org.apache.hadoop.security.authentication.util,TestJaasConfiguration,0,0,1,1,27,2,0,0,-1.0,0,1,/Users/eashraf/hadoop/hadoop-common-project/hadoop-auth/src/test/java/org/apache/hadoop/security/authentication/util/TestJaasConfiguration.java,21
hadoop,org.apache.hadoop.security.authentication.util,TestRolloverSignerSecretProvider,2,0,1,1,48,1,0,0,0.0,0,0,/Users/eashraf/hadoop/hadoop-common-project/hadoop-auth/src/test/java/org/apache/hadoop/security/authentication/util/TestRolloverSignerSecretProvider.java,19
hadoop,org.apache.hadoop.security.authentication.util,TestRolloverSignerSecretProvider.TRolloverSignerSecretProvider,2,0,0,0,12,0,0,2,-1.0,0,0,/Users/eashraf/hadoop/hadoop-common-project/hadoop-auth/src/test/java/org/apache/hadoop/security/authentication/util/TestRolloverSignerSecretProvider.java,61
hadoop,org.apache.hadoop.security.authentication.util,TestKerberosUtil,2,0,7,6,77,13,0,0,0.2857142857142857,0,1,/Users/eashraf/hadoop/hadoop-common-project/hadoop-auth/src/test/java/org/apache/hadoop/security/authentication/util/TestKerberosUtil.java,36
hadoop,org.apache.hadoop.security.authentication.util,TestAuthToken,0,0,4,4,104,4,0,0,-1.0,0,1,/Users/eashraf/hadoop/hadoop-common-project/hadoop-auth/src/test/java/org/apache/hadoop/security/authentication/util/TestAuthToken.java,20
hadoop,org.apache.hadoop.security.authentication.util,StringSignerSecretProvider,2,0,4,4,20,4,0,1,0.5,4,1,/Users/eashraf/hadoop/hadoop-common-project/hadoop-auth/src/main/java/org/apache/hadoop/security/authentication/util/StringSignerSecretProvider.java,23
hadoop,org.apache.hadoop.security.authentication.util,SignerSecretProvider,0,0,4,4,28,4,3,0,-1.0,2,0,/Users/eashraf/hadoop/hadoop-common-project/hadoop-auth/src/main/java/org/apache/hadoop/security/authentication/util/SignerSecretProvider.java,21
hadoop,org.apache.hadoop.security.authentication.util,KerberosUtil,0,0,7,5,87,15,0,0,-1.0,9,0,/Users/eashraf/hadoop/hadoop-common-project/hadoop-auth/src/main/java/org/apache/hadoop/security/authentication/util/KerberosUtil.java,41
hadoop,org.apache.hadoop.security.authentication.util,ZKSignerSecretProvider,24,7,12,4,301,25,0,2,0.0,4,0,/Users/eashraf/hadoop/hadoop-common-project/hadoop-auth/src/main/java/org/apache/hadoop/security/authentication/util/ZKSignerSecretProvider.java,45
hadoop,org.apache.hadoop.security.authentication.util,ZKSignerSecretProvider.SASLOwnerACLProvider,1,0,0,0,15,0,0,0,-1.0,0,0,/Users/eashraf/hadoop/hadoop-common-project/hadoop-auth/src/main/java/org/apache/hadoop/security/authentication/util/ZKSignerSecretProvider.java,433
hadoop,org.apache.hadoop.security.authentication.util,ZKSignerSecretProvider.JaasConfiguration,2,0,0,0,41,0,0,0,-1.0,0,0,/Users/eashraf/hadoop/hadoop-common-project/hadoop-auth/src/main/java/org/apache/hadoop/security/authentication/util/ZKSignerSecretProvider.java,457
hadoop,org.apache.hadoop.security.authentication.util,AuthToken,12,0,13,9,150,19,0,0,0.0,3,0,/Users/eashraf/hadoop/hadoop-common-project/hadoop-auth/src/main/java/org/apache/hadoop/security/authentication/util/AuthToken.java,26
hadoop,org.apache.hadoop.security.authentication.util,RolloverSignerSecretProvider,5,0,10,6,84,14,3,1,0.0,0,0,/Users/eashraf/hadoop/hadoop-common-project/hadoop-auth/src/main/java/org/apache/hadoop/security/authentication/util/RolloverSignerSecretProvider.java,26
hadoop,org.apache.hadoop.security.authentication.util,SignerException,1,0,1,1,13,1,0,0,0.0,1,0,/Users/eashraf/hadoop/hadoop-common-project/hadoop-auth/src/main/java/org/apache/hadoop/security/authentication/util/SignerException.java,16
hadoop,org.apache.hadoop.security.authentication.util,KerberosName,18,0,12,10,348,26,0,0,0.16666666666666666,10,0,/Users/eashraf/hadoop/hadoop-common-project/hadoop-auth/src/main/java/org/apache/hadoop/security/authentication/util/KerberosName.java,34
hadoop,org.apache.hadoop.security.authentication.util,KerberosName.Rule,8,0,0,0,144,0,0,0,-1.0,0,0,/Users/eashraf/hadoop/hadoop-common-project/hadoop-auth/src/main/java/org/apache/hadoop/security/authentication/util/KerberosName.java,164
hadoop,org.apache.hadoop.security.authentication.util,KerberosName.BadFormatString,0,0,0,0,8,0,0,0,-1.0,0,0,/Users/eashraf/hadoop/hadoop-common-project/hadoop-auth/src/main/java/org/apache/hadoop/security/authentication/util/KerberosName.java,349
hadoop,org.apache.hadoop.security.authentication.util,KerberosName.NoMatchingRule,0,0,0,0,5,0,0,0,-1.0,0,0,/Users/eashraf/hadoop/hadoop-common-project/hadoop-auth/src/main/java/org/apache/hadoop/security/authentication/util/KerberosName.java,359
hadoop,org.apache.hadoop.security.authentication.util,Signer,2,0,5,3,81,12,0,0,0.0,4,2,/Users/eashraf/hadoop/hadoop-common-project/hadoop-auth/src/main/java/org/apache/hadoop/security/authentication/util/Signer.java,22
hadoop,org.apache.hadoop.security.authentication.util,RandomSignerSecretProvider,1,0,3,2,21,3,0,2,0.0,1,0,/Users/eashraf/hadoop/hadoop-common-project/hadoop-auth/src/main/java/org/apache/hadoop/security/authentication/util/RandomSignerSecretProvider.java,23
hadoop,org.apache.hadoop.security.authentication,KerberosTestUtils,2,0,8,8,88,9,0,0,0.5,6,0,/Users/eashraf/hadoop/hadoop-common-project/hadoop-auth/src/test/java/org/apache/hadoop/security/authentication/KerberosTestUtils.java,37
hadoop,org.apache.hadoop.security.authentication,KerberosTestUtils.KerberosConfiguration,1,0,0,0,39,0,0,0,-1.0,0,0,/Users/eashraf/hadoop/hadoop-common-project/hadoop-auth/src/test/java/org/apache/hadoop/security/authentication/KerberosTestUtils.java,60
hadoop,org.apache.hadoop.security.authentication.server,TestKerberosAuthenticationHandler,1,0,16,13,197,21,1,0,0.125,0,6,/Users/eashraf/hadoop/hadoop-common-project/hadoop-auth/src/test/java/org/apache/hadoop/security/authentication/server/TestKerberosAuthenticationHandler.java,48
hadoop,org.apache.hadoop.security.authentication.server,TestAuthenticationToken,0,0,1,1,10,1,0,0,-1.0,0,1,/Users/eashraf/hadoop/hadoop-common-project/hadoop-auth/src/test/java/org/apache/hadoop/security/authentication/server/TestAuthenticationToken.java,19
hadoop,org.apache.hadoop.security.authentication.server,TestPseudoAuthenticationHandler,0,0,7,6,73,7,0,0,-1.0,0,3,/Users/eashraf/hadoop/hadoop-common-project/hadoop-auth/src/test/java/org/apache/hadoop/security/authentication/server/TestPseudoAuthenticationHandler.java,27
hadoop,org.apache.hadoop.security.authentication.server,TestAuthenticationFilter,6,5,30,27,670,38,0,0,0.23333333333333334,0,7,/Users/eashraf/hadoop/hadoop-common-project/hadoop-auth/src/test/java/org/apache/hadoop/security/authentication/server/TestAuthenticationFilter.java,48
hadoop,org.apache.hadoop.security.authentication.server,TestAuthenticationFilter.DummyAuthenticationHandler,5,5,0,0,45,0,0,1,-1.0,0,0,/Users/eashraf/hadoop/hadoop-common-project/hadoop-auth/src/test/java/org/apache/hadoop/security/authentication/server/TestAuthenticationFilter.java,89
hadoop,org.apache.hadoop.security.authentication.server,TestAltKerberosAuthenticationHandler,0,0,6,4,65,8,0,1,-1.0,0,3,/Users/eashraf/hadoop/hadoop-common-project/hadoop-auth/src/test/java/org/apache/hadoop/security/authentication/server/TestAltKerberosAuthenticationHandler.java,25
hadoop,org.apache.hadoop.security.authentication.server,KerberosAuthenticationHandler,12,4,11,9,273,30,1,1,0.36363636363636365,21,4,/Users/eashraf/hadoop/hadoop-common-project/hadoop-auth/src/main/java/org/apache/hadoop/security/authentication/server/KerberosAuthenticationHandler.java,52
hadoop,org.apache.hadoop.security.authentication.server,KerberosAuthenticationHandler.KerberosConfiguration,2,0,0,0,46,0,0,0,-1.0,0,0,/Users/eashraf/hadoop/hadoop-common-project/hadoop-auth/src/main/java/org/apache/hadoop/security/authentication/server/KerberosAuthenticationHandler.java,70
hadoop,org.apache.hadoop.security.authentication.server,AuthenticationToken,1,1,6,4,50,7,0,0,0.8333333333333334,14,1,/Users/eashraf/hadoop/hadoop-common-project/hadoop-auth/src/main/java/org/apache/hadoop/security/authentication/server/AuthenticationToken.java,23
hadoop,org.apache.hadoop.security.authentication.server,AuthenticationHandler,1,1,5,5,40,5,3,0,-1.0,3,1,/Users/eashraf/hadoop/hadoop-common-project/hadoop-auth/src/main/java/org/apache/hadoop/security/authentication/server/AuthenticationHandler.java,25
hadoop,org.apache.hadoop.security.authentication.server,PseudoAuthenticationHandler,6,2,9,7,106,14,0,1,0.4444444444444444,21,2,/Users/eashraf/hadoop/hadoop-common-project/hadoop-auth/src/main/java/org/apache/hadoop/security/authentication/server/PseudoAuthenticationHandler.java,30
hadoop,org.apache.hadoop.security.authentication.server,AltKerberosAuthenticationHandler,4,2,5,4,75,10,0,2,0.4,1,1,/Users/eashraf/hadoop/hadoop-common-project/hadoop-auth/src/main/java/org/apache/hadoop/security/authentication/server/AltKerberosAuthenticationHandler.java,24
hadoop,org.apache.hadoop.security.authentication.server,AuthenticationFilter,18,8,21,7,401,57,0,0,0.23809523809523808,22,9,/Users/eashraf/hadoop/hadoop-common-project/hadoop-auth/src/main/java/org/apache/hadoop/security/authentication/server/AuthenticationFilter.java,46
hadoop,org.apache.hadoop.security.authentication.client,AuthenticatorTestCase,9,0,17,4,206,24,0,0,0.29411764705882354,2,2,/Users/eashraf/hadoop/hadoop-common-project/hadoop-auth/src/test/java/org/apache/hadoop/security/authentication/client/AuthenticatorTestCase.java,58
hadoop,org.apache.hadoop.security.authentication.client,AuthenticatorTestCase.TestFilter,0,0,0,0,5,0,0,0,-1.0,0,0,/Users/eashraf/hadoop/hadoop-common-project/hadoop-auth/src/test/java/org/apache/hadoop/security/authentication/client/AuthenticatorTestCase.java,78
hadoop,org.apache.hadoop.security.authentication.client,AuthenticatorTestCase.TestServlet,0,0,0,0,17,0,0,0,-1.0,0,0,/Users/eashraf/hadoop/hadoop-common-project/hadoop-auth/src/test/java/org/apache/hadoop/security/authentication/client/AuthenticatorTestCase.java,86
hadoop,org.apache.hadoop.security.authentication.client,AuthenticatorTestCase.TestConnectionConfigurator,1,0,0,0,7,0,0,1,-1.0,0,0,/Users/eashraf/hadoop/hadoop-common-project/hadoop-auth/src/test/java/org/apache/hadoop/security/authentication/client/AuthenticatorTestCase.java,192
hadoop,org.apache.hadoop.security.authentication.client,TestAuthenticatedURL,0,0,6,6,66,6,0,0,-1.0,0,3,/Users/eashraf/hadoop/hadoop-common-project/hadoop-auth/src/test/java/org/apache/hadoop/security/authentication/client/TestAuthenticatedURL.java,27
hadoop,org.apache.hadoop.security.authentication.client,TestKerberosAuthenticator,1,0,15,14,100,15,0,0,0.4666666666666667,0,6,/Users/eashraf/hadoop/hadoop-common-project/hadoop-auth/src/test/java/org/apache/hadoop/security/authentication/client/TestKerberosAuthenticator.java,36
hadoop,org.apache.hadoop.security.authentication.client,TestPseudoAuthenticator,0,0,8,7,62,8,0,0,-1.0,0,4,/Users/eashraf/hadoop/hadoop-common-project/hadoop-auth/src/test/java/org/apache/hadoop/security/authentication/client/TestPseudoAuthenticator.java,25
hadoop,org.apache.hadoop.security.authentication.client,AuthenticatedURL,6,1,9,8,176,21,0,0,0.2222222222222222,14,3,/Users/eashraf/hadoop/hadoop-common-project/hadoop-auth/src/main/java/org/apache/hadoop/security/authentication/client/AuthenticatedURL.java,24
hadoop,org.apache.hadoop.security.authentication.client,AuthenticatedURL.Token,1,0,0,0,42,0,0,0,-1.0,0,0,/Users/eashraf/hadoop/hadoop-common-project/hadoop-auth/src/main/java/org/apache/hadoop/security/authentication/client/AuthenticatedURL.java,69
hadoop,org.apache.hadoop.security.authentication.client,PseudoAuthenticator,3,1,3,2,45,4,0,1,0.0,4,3,/Users/eashraf/hadoop/hadoop-common-project/hadoop-auth/src/main/java/org/apache/hadoop/security/authentication/client/PseudoAuthenticator.java,20
hadoop,org.apache.hadoop.security.authentication.client,ConnectionConfigurator,0,0,1,1,12,1,1,0,-1.0,11,0,/Users/eashraf/hadoop/hadoop-common-project/hadoop-auth/src/main/java/org/apache/hadoop/security/authentication/client/ConnectionConfigurator.java,20
hadoop,org.apache.hadoop.security.authentication.client,KerberosAuthenticator,17,3,9,3,235,31,0,1,0.0,8,7,/Users/eashraf/hadoop/hadoop-common-project/hadoop-auth/src/main/java/org/apache/hadoop/security/authentication/client/KerberosAuthenticator.java,46
hadoop,org.apache.hadoop.security.authentication.client,KerberosAuthenticator.KerberosConfiguration,8,0,0,0,51,0,0,0,-1.0,0,0,/Users/eashraf/hadoop/hadoop-common-project/hadoop-auth/src/main/java/org/apache/hadoop/security/authentication/client/KerberosAuthenticator.java,80
hadoop,org.apache.hadoop.security.authentication.client,Authenticator,0,0,2,2,18,2,2,0,-1.0,5,3,/Users/eashraf/hadoop/hadoop-common-project/hadoop-auth/src/main/java/org/apache/hadoop/security/authentication/client/Authenticator.java,20
hadoop,org.apache.hadoop.security.authentication.client,AuthenticationException,1,0,3,3,28,3,0,0,1.0,5,0,/Users/eashraf/hadoop/hadoop-common-project/hadoop-auth/src/main/java/org/apache/hadoop/security/authentication/client/AuthenticationException.java,16
hadoop,org.apache.hadoop.util,PlatformName,3,3,1,1,20,1,0,0,0.0,0,0,/Users/eashraf/hadoop/hadoop-common-project/hadoop-auth/src/main/java/org/apache/hadoop/util/PlatformName.java,24
hadoop,org.apache.hadoop.util,TestDirectBufferPool,1,0,3,3,44,6,0,0,0.0,0,1,/Users/eashraf/hadoop/hadoop-common-project/hadoop-common/src/test/java/org/apache/hadoop/util/TestDirectBufferPool.java,31
hadoop,org.apache.hadoop.util,TestRunJar,3,0,7,3,82,10,0,0,0.2857142857142857,0,3,/Users/eashraf/hadoop/hadoop-common-project/hadoop-common/src/test/java/org/apache/hadoop/util/TestRunJar.java,39
hadoop,org.apache.hadoop.util,TestSignalLogger,1,1,1,1,13,1,0,0,0.0,0,1,/Users/eashraf/hadoop/hadoop-common-project/hadoop-common/src/test/java/org/apache/hadoop/util/TestSignalLogger.java,28
hadoop,org.apache.hadoop.util,TestDiskChecker,2,0,17,14,102,21,0,0,0.47058823529411764,0,7,/Users/eashraf/hadoop/hadoop-common-project/hadoop-common/src/test/java/org/apache/hadoop/util/TestDiskChecker.java,38
hadoop,org.apache.hadoop.util,TestShutdownHookManager,0,0,3,3,34,3,0,0,-1.0,0,1,/Users/eashraf/hadoop/hadoop-common-project/hadoop-common/src/test/java/org/apache/hadoop/util/TestShutdownHookManager.java,23
hadoop,org.apache.hadoop.util,TestShell,1,0,7,4,106,15,0,0,0.5714285714285714,0,3,/Users/eashraf/hadoop/hadoop-common-project/hadoop-common/src/test/java/org/apache/hadoop/util/TestShell.java,33
hadoop,org.apache.hadoop.util,TestShell.Command,1,0,0,0,15,0,0,1,-1.0,0,1,/Users/eashraf/hadoop/hadoop-common-project/hadoop-common/src/test/java/org/apache/hadoop/util/TestShell.java,35
hadoop,org.apache.hadoop.util,ClassLoaderCheckThird,0,0,0,0,5,0,0,0,-1.0,1,0,/Users/eashraf/hadoop/hadoop-common-project/hadoop-common/src/test/java/org/apache/hadoop/util/ClassLoaderCheckThird.java,20
hadoop,org.apache.hadoop.util,TestStringInterner,0,0,3,3,38,3,0,0,-1.0,0,0,/Users/eashraf/hadoop/hadoop-common-project/hadoop-common/src/test/java/org/apache/hadoop/util/TestStringInterner.java,26
hadoop,org.apache.hadoop.util,TestLightWeightCache,17,0,8,2,332,25,0,0,0.0,0,4,/Users/eashraf/hadoop/hadoop-common-project/hadoop-common/src/test/java/org/apache/hadoop/util/TestLightWeightCache.java,27
hadoop,org.apache.hadoop.util,TestLightWeightCache.LightWeightCacheTestCase,9,0,0,0,154,0,0,1,-1.0,0,2,/Users/eashraf/hadoop/hadoop-common-project/hadoop-common/src/test/java/org/apache/hadoop/util/TestLightWeightCache.java,192
hadoop,org.apache.hadoop.util,TestLightWeightCache.IntData,1,0,0,0,15,0,0,0,-1.0,0,0,/Users/eashraf/hadoop/hadoop-common-project/hadoop-common/src/test/java/org/apache/hadoop/util/TestLightWeightCache.java,384
hadoop,org.apache.hadoop.util,TestLightWeightCache.IntEntry,4,0,0,0,37,0,0,3,-1.0,0,2,/Users/eashraf/hadoop/hadoop-common-project/hadoop-common/src/test/java/org/apache/hadoop/util/TestLightWeightCache.java,403
hadoop,org.apache.hadoop.util,TestIndexedSort,17,0,8,8,267,11,0,0,0.0,0,5,/Users/eashraf/hadoop/hadoop-common-project/hadoop-common/src/test/java/org/apache/hadoop/util/TestIndexedSort.java,31
hadoop,org.apache.hadoop.util,TestIndexedSort.SampleSortable,4,0,0,0,53,0,0,1,-1.0,0,0,/Users/eashraf/hadoop/hadoop-common-project/hadoop-common/src/test/java/org/apache/hadoop/util/TestIndexedSort.java,173
hadoop,org.apache.hadoop.util,TestIndexedSort.MeasuredSortable,5,0,0,0,32,0,0,1,-1.0,0,1,/Users/eashraf/hadoop/hadoop-common-project/hadoop-common/src/test/java/org/apache/hadoop/util/TestIndexedSort.java,240
hadoop,org.apache.hadoop.util,TestIndexedSort.WritableSortable,8,0,0,0,68,0,0,1,-1.0,0,1,/Users/eashraf/hadoop/hadoop-common-project/hadoop-common/src/test/java/org/apache/hadoop/util/TestIndexedSort.java,281
hadoop,org.apache.hadoop.util,TestHttpExceptionUtils,0,0,7,7,101,7,0,0,-1.0,0,1,/Users/eashraf/hadoop/hadoop-common-project/hadoop-common/src/test/java/org/apache/hadoop/util/TestHttpExceptionUtils.java,38
hadoop,org.apache.hadoop.util,TestDataChecksum,11,0,8,4,114,11,0,0,0.75,0,2,/Users/eashraf/hadoop/hadoop-common-project/hadoop-common/src/test/java/org/apache/hadoop/util/TestDataChecksum.java,29
hadoop,org.apache.hadoop.util,TestDataChecksum.Harness,6,0,0,0,50,0,0,0,-1.0,0,1,/Users/eashraf/hadoop/hadoop-common-project/hadoop-common/src/test/java/org/apache/hadoop/util/TestDataChecksum.java,58
hadoop,org.apache.hadoop.util,TestMachineList,9,0,13,13,151,14,0,0,0.7692307692307693,0,2,/Users/eashraf/hadoop/hadoop-common-project/hadoop-common/src/test/java/org/apache/hadoop/util/TestMachineList.java,32
hadoop,org.apache.hadoop.util,TestGSet,14,0,15,7,409,42,0,0,0.13333333333333333,0,3,/Users/eashraf/hadoop/hadoop-common-project/hadoop-common/src/test/java/org/apache/hadoop/util/TestGSet.java,29
hadoop,org.apache.hadoop.util,TestGSet.GSetTestCase,8,0,0,0,119,0,0,1,-1.0,0,1,/Users/eashraf/hadoop/hadoop-common-project/hadoop-common/src/test/java/org/apache/hadoop/util/TestGSet.java,253
hadoop,org.apache.hadoop.util,TestGSet.IntData,1,0,0,0,18,0,0,0,-1.0,0,0,/Users/eashraf/hadoop/hadoop-common-project/hadoop-common/src/test/java/org/apache/hadoop/util/TestGSet.java,397
hadoop,org.apache.hadoop.util,TestGSet.IntElement,3,0,0,0,30,0,0,2,-1.0,0,1,/Users/eashraf/hadoop/hadoop-common-project/hadoop-common/src/test/java/org/apache/hadoop/util/TestGSet.java,417
hadoop,org.apache.hadoop.util,TestNodeHealthScriptRunner,2,0,5,4,58,6,0,0,0.4,0,5,/Users/eashraf/hadoop/hadoop-common-project/hadoop-common/src/test/java/org/apache/hadoop/util/TestNodeHealthScriptRunner.java,36
hadoop,org.apache.hadoop.util,TestNativeCrc32,11,1,17,13,128,21,0,0,0.0,0,4,/Users/eashraf/hadoop/hadoop-common-project/hadoop-common/src/test/java/org/apache/hadoop/util/TestNativeCrc32.java,38
hadoop,org.apache.hadoop.util,TestLightWeightGSet,3,1,3,2,65,11,0,0,0.0,0,1,/Users/eashraf/hadoop/hadoop-common-project/hadoop-common/src/test/java/org/apache/hadoop/util/TestLightWeightGSet.java,30
hadoop,org.apache.hadoop.util,TestLightWeightGSet.TestElement,2,0,0,0,17,0,0,2,-1.0,0,1,/Users/eashraf/hadoop/hadoop-common-project/hadoop-common/src/test/java/org/apache/hadoop/util/TestLightWeightGSet.java,43
hadoop,org.apache.hadoop.util,TestClassUtil,0,0,1,1,9,1,0,0,-1.0,0,1,/Users/eashraf/hadoop/hadoop-common-project/hadoop-common/src/test/java/org/apache/hadoop/util/TestClassUtil.java,28
hadoop,org.apache.hadoop.util,FakeTimer,1,0,4,4,24,4,0,1,0.0,1,0,/Users/eashraf/hadoop/hadoop-common-project/hadoop-common/src/test/java/org/apache/hadoop/util/FakeTimer.java,24
hadoop,org.apache.hadoop.util,TestReflectionUtils,4,0,10,8,117,21,0,0,0.4,0,1,/Users/eashraf/hadoop/hadoop-common-project/hadoop-common/src/test/java/org/apache/hadoop/util/TestReflectionUtils.java,32
hadoop,org.apache.hadoop.util,TestReflectionUtils.Parent,1,0,0,0,6,0,0,0,-1.0,0,0,/Users/eashraf/hadoop/hadoop-common-project/hadoop-common/src/test/java/org/apache/hadoop/util/TestReflectionUtils.java,155
hadoop,org.apache.hadoop.util,TestReflectionUtils.LoadedInChild,0,0,0,0,2,0,0,0,-1.0,0,0,/Users/eashraf/hadoop/hadoop-common-project/hadoop-common/src/test/java/org/apache/hadoop/util/TestReflectionUtils.java,161
hadoop,org.apache.hadoop.util,TestReflectionUtils.NoDefaultCtor,0,0,0,0,4,0,0,0,-1.0,0,0,/Users/eashraf/hadoop/hadoop-common-project/hadoop-common/src/test/java/org/apache/hadoop/util/TestReflectionUtils.java,164
hadoop,org.apache.hadoop.util,JarFinder,0,0,5,2,124,20,0,0,-1.0,4,0,/Users/eashraf/hadoop/hadoop-common-project/hadoop-common/src/test/java/org/apache/hadoop/util/JarFinder.java,34
hadoop,org.apache.hadoop.util,TestApplicationClassLoader,1,0,8,5,66,8,0,0,0.25,0,2,/Users/eashraf/hadoop/hadoop-common-project/hadoop-common/src/test/java/org/apache/hadoop/util/TestApplicationClassLoader.java,46
hadoop,org.apache.hadoop.util,TestStringUtils,9,0,15,15,327,26,0,0,0.8666666666666667,0,1,/Users/eashraf/hadoop/hadoop-common-project/hadoop-common/src/test/java/org/apache/hadoop/util/TestStringUtils.java,42
hadoop,org.apache.hadoop.util,TestAsyncDiskService,2,1,1,1,43,3,0,0,0.0,0,1,/Users/eashraf/hadoop/hadoop-common-project/hadoop-common/src/test/java/org/apache/hadoop/util/TestAsyncDiskService.java,27
hadoop,org.apache.hadoop.util,TestAsyncDiskService.ExampleTask,0,0,0,0,12,0,0,0,-1.0,0,0,/Users/eashraf/hadoop/hadoop-common-project/hadoop-common/src/test/java/org/apache/hadoop/util/TestAsyncDiskService.java,37
hadoop,org.apache.hadoop.util,TestLineReader,4,0,1,1,49,2,0,0,0.0,0,2,/Users/eashraf/hadoop/hadoop-common-project/hadoop-common/src/test/java/org/apache/hadoop/util/TestLineReader.java,29
hadoop,org.apache.hadoop.util,ClassLoaderCheckMain,0,0,1,1,10,1,0,0,-1.0,0,3,/Users/eashraf/hadoop/hadoop-common-project/hadoop-common/src/test/java/org/apache/hadoop/util/ClassLoaderCheckMain.java,20
hadoop,org.apache.hadoop.util,TestStopWatch,0,0,3,3,32,3,0,0,-1.0,0,1,/Users/eashraf/hadoop/hadoop-common-project/hadoop-common/src/test/java/org/apache/hadoop/util/TestStopWatch.java,23
hadoop,org.apache.hadoop.util,TestProtoUtil,1,0,3,2,33,5,0,0,0.6666666666666666,0,3,/Users/eashraf/hadoop/hadoop-common-project/hadoop-common/src/test/java/org/apache/hadoop/util/TestProtoUtil.java,38
hadoop,org.apache.hadoop.util,ClassLoaderCheckSecond,0,0,0,0,5,0,0,0,-1.0,1,0,/Users/eashraf/hadoop/hadoop-common-project/hadoop-common/src/test/java/org/apache/hadoop/util/ClassLoaderCheckSecond.java,20
hadoop,org.apache.hadoop.util,ClassLoaderCheck,0,0,1,1,11,2,0,0,-1.0,1,0,/Users/eashraf/hadoop/hadoop-common-project/hadoop-common/src/test/java/org/apache/hadoop/util/ClassLoaderCheck.java,20
hadoop,org.apache.hadoop.util,TestChunkedArrayList,0,0,5,5,112,18,0,0,-1.0,0,2,/Users/eashraf/hadoop/hadoop-common-project/hadoop-common/src/test/java/org/apache/hadoop/util/TestChunkedArrayList.java,29
hadoop,org.apache.hadoop.util,TestPureJavaCrc32,10,2,3,1,277,8,0,0,0.0,0,1,/Users/eashraf/hadoop/hadoop-common-project/hadoop-common/src/test/java/org/apache/hadoop/util/TestPureJavaCrc32.java,34
hadoop,org.apache.hadoop.util,TestPureJavaCrc32.Table,1,0,0,0,89,0,0,0,-1.0,0,0,/Users/eashraf/hadoop/hadoop-common-project/hadoop-common/src/test/java/org/apache/hadoop/util/TestPureJavaCrc32.java,101
hadoop,org.apache.hadoop.util,TestPureJavaCrc32.PerformanceTest,7,2,0,0,139,0,0,0,-1.0,0,0,/Users/eashraf/hadoop/hadoop-common-project/hadoop-common/src/test/java/org/apache/hadoop/util/TestPureJavaCrc32.java,207
hadoop,org.apache.hadoop.util,TestPureJavaCrc32.BenchResult,2,0,0,0,14,0,0,0,-1.0,0,0,/Users/eashraf/hadoop/hadoop-common-project/hadoop-common/src/test/java/org/apache/hadoop/util/TestPureJavaCrc32.java,363
hadoop,org.apache.hadoop.util,TestProgress,0,0,1,1,15,1,0,0,-1.0,0,1,/Users/eashraf/hadoop/hadoop-common-project/hadoop-common/src/test/java/org/apache/hadoop/util/TestProgress.java,24
hadoop,org.apache.hadoop.util,TestGenericOptionsParser,3,0,10,7,229,17,0,0,0.4,0,10,/Users/eashraf/hadoop/hadoop-common-project/hadoop-common/src/test/java/org/apache/hadoop/util/TestGenericOptionsParser.java,49
hadoop,org.apache.hadoop.util,TestZKUtil,3,0,10,9,79,10,0,0,0.9,0,1,/Users/eashraf/hadoop/hadoop-common-project/hadoop-common/src/test/java/org/apache/hadoop/util/TestZKUtil.java,36
hadoop,org.apache.hadoop.util,TestFileBasedIPList,0,0,11,11,104,12,0,0,-1.0,2,2,/Users/eashraf/hadoop/hadoop-common-project/hadoop-common/src/test/java/org/apache/hadoop/util/TestFileBasedIPList.java,32
hadoop,org.apache.hadoop.util,TestClasspath,9,0,10,9,113,11,0,0,0.0,0,4,/Users/eashraf/hadoop/hadoop-common-project/hadoop-common/src/test/java/org/apache/hadoop/util/TestClasspath.java,39
hadoop,org.apache.hadoop.util,TestNativeCodeLoader,1,0,2,1,28,8,0,0,0.0,0,5,/Users/eashraf/hadoop/hadoop-common-project/hadoop-common/src/test/java/org/apache/hadoop/util/TestNativeCodeLoader.java,31
hadoop,org.apache.hadoop.util,TestOptions,0,0,2,2,12,2,0,0,-1.0,0,1,/Users/eashraf/hadoop/hadoop-common-project/hadoop-common/src/test/java/org/apache/hadoop/util/TestOptions.java,24
hadoop,org.apache.hadoop.util,TestVersionUtil,0,0,2,1,59,2,0,0,-1.0,0,1,/Users/eashraf/hadoop/hadoop-common-project/hadoop-common/src/test/java/org/apache/hadoop/util/TestVersionUtil.java,24
hadoop,org.apache.hadoop.util,TestShutdownThreadsHelper,1,0,3,3,29,3,0,0,0.6666666666666666,0,1,/Users/eashraf/hadoop/hadoop-common-project/hadoop-common/src/test/java/org/apache/hadoop/util/TestShutdownThreadsHelper.java,26
hadoop,org.apache.hadoop.util,TestIdentityHashStore,2,0,9,9,106,13,0,0,1.0,0,1,/Users/eashraf/hadoop/hadoop-common-project/hadoop-common/src/test/java/org/apache/hadoop/util/TestIdentityHashStore.java,32
hadoop,org.apache.hadoop.util,TestIdentityHashStore.Key,1,0,0,0,16,0,0,0,-1.0,0,0,/Users/eashraf/hadoop/hadoop-common-project/hadoop-common/src/test/java/org/apache/hadoop/util/TestIdentityHashStore.java,35
hadoop,org.apache.hadoop.util,TestCacheableIPList,0,0,4,4,70,4,0,0,-1.0,0,2,/Users/eashraf/hadoop/hadoop-common-project/hadoop-common/src/test/java/org/apache/hadoop/util/TestCacheableIPList.java,28
hadoop,org.apache.hadoop.util,TestJarFinder,0,0,5,4,65,11,0,0,-1.0,0,1,/Users/eashraf/hadoop/hadoop-common-project/hadoop-common/src/test/java/org/apache/hadoop/util/TestJarFinder.java,39
hadoop,org.apache.hadoop.util,TestNativeLibraryChecker,0,0,4,2,48,7,0,0,-1.0,0,4,/Users/eashraf/hadoop/hadoop-common-project/hadoop-common/src/test/java/org/apache/hadoop/util/TestNativeLibraryChecker.java,28
hadoop,org.apache.hadoop.util,TestHostsFileReader,5,0,9,9,138,9,0,0,0.3333333333333333,0,1,/Users/eashraf/hadoop/hadoop-common-project/hadoop-common/src/test/java/org/apache/hadoop/util/TestHostsFileReader.java,31
hadoop,org.apache.hadoop.util,TestGenericsUtil,2,0,6,6,68,8,0,0,1.0,0,2,/Users/eashraf/hadoop/hadoop-common-project/hadoop-common/src/test/java/org/apache/hadoop/util/TestGenericsUtil.java,28
hadoop,org.apache.hadoop.util,TestGenericsUtil.GenericClass,2,0,0,0,14,0,0,0,-1.0,0,0,/Users/eashraf/hadoop/hadoop-common-project/hadoop-common/src/test/java/org/apache/hadoop/util/TestGenericsUtil.java,69
hadoop,org.apache.hadoop.util,TestFindClass,2,1,17,16,121,17,0,0,0.9411764705882353,0,2,/Users/eashraf/hadoop/hadoop-common-project/hadoop-common/src/test/java/org/apache/hadoop/util/TestFindClass.java,29
hadoop,org.apache.hadoop.util,TestFindClass.FailInStaticInit,0,0,0,0,9,0,0,0,-1.0,0,0,/Users/eashraf/hadoop/hadoop-common-project/hadoop-common/src/test/java/org/apache/hadoop/util/TestFindClass.java,159
hadoop,org.apache.hadoop.util,TestFindClass.FailInConstructor,0,0,0,0,9,0,0,0,-1.0,0,0,/Users/eashraf/hadoop/hadoop-common-project/hadoop-common/src/test/java/org/apache/hadoop/util/TestFindClass.java,169
hadoop,org.apache.hadoop.util,TestFindClass.NoEmptyConstructor,0,0,0,0,7,0,0,0,-1.0,0,0,/Users/eashraf/hadoop/hadoop-common-project/hadoop-common/src/test/java/org/apache/hadoop/util/TestFindClass.java,179
hadoop,org.apache.hadoop.util,TestFindClass.BadToStringClass,0,0,0,0,10,0,0,0,-1.0,0,0,/Users/eashraf/hadoop/hadoop-common-project/hadoop-common/src/test/java/org/apache/hadoop/util/TestFindClass.java,187
hadoop,org.apache.hadoop.util,TestFindClass.PrivateClass,0,0,0,0,7,0,0,0,-1.0,0,0,/Users/eashraf/hadoop/hadoop-common-project/hadoop-common/src/test/java/org/apache/hadoop/util/TestFindClass.java,201
hadoop,org.apache.hadoop.util,TestFindClass.PrivateConstructor,0,0,0,0,7,0,0,0,-1.0,0,0,/Users/eashraf/hadoop/hadoop-common-project/hadoop-common/src/test/java/org/apache/hadoop/util/TestFindClass.java,210
hadoop,org.apache.hadoop.util,TestWinUtils,2,0,24,12,318,24,0,0,0.08333333333333333,0,3,/Users/eashraf/hadoop/hadoop-common-project/hadoop-common/src/test/java/org/apache/hadoop/util/TestWinUtils.java,41
hadoop,org.apache.hadoop.util,ChunkedArrayList,8,0,14,11,122,21,0,0,0.2857142857142857,2,0,/Users/eashraf/hadoop/hadoop-common-project/hadoop-common/src/main/java/org/apache/hadoop/util/ChunkedArrayList.java,31
hadoop,org.apache.hadoop.util,Classpath,1,0,2,1,61,6,0,0,0.0,1,4,/Users/eashraf/hadoop/hadoop-common-project/hadoop-common/src/main/java/org/apache/hadoop/util/Classpath.java,33
hadoop,org.apache.hadoop.util,ProgramDriver,4,0,5,4,98,10,0,0,0.0,5,0,/Users/eashraf/hadoop/hadoop-common-project/hadoop-common/src/main/java/org/apache/hadoop/util/ProgramDriver.java,29
hadoop,org.apache.hadoop.util,ProgramDriver.ProgramDescription,3,0,0,0,32,0,0,0,-1.0,0,0,/Users/eashraf/hadoop/hadoop-common-project/hadoop-common/src/main/java/org/apache/hadoop/util/ProgramDriver.java,45
hadoop,org.apache.hadoop.util,StringUtils,12,12,51,48,836,122,0,0,0.6274509803921569,276,7,/Users/eashraf/hadoop/hadoop-common-project/hadoop-common/src/main/java/org/apache/hadoop/util/StringUtils.java,50
hadoop,org.apache.hadoop.util,StringUtils.TraditionalBinaryPrefix,4,4,0,0,93,0,0,0,-1.0,0,0,/Users/eashraf/hadoop/hadoop-common-project/hadoop-common/src/main/java/org/apache/hadoop/util/StringUtils.java,683
hadoop,org.apache.hadoop.util,GenericsUtil,0,0,3,3,33,4,0,0,-1.0,4,0,/Users/eashraf/hadoop/hadoop-common-project/hadoop-common/src/main/java/org/apache/hadoop/util/GenericsUtil.java,27
hadoop,org.apache.hadoop.util,IdGenerator,0,0,1,1,9,1,1,0,-1.0,0,0,/Users/eashraf/hadoop/hadoop-common-project/hadoop-common/src/main/java/org/apache/hadoop/util/IdGenerator.java,22
hadoop,org.apache.hadoop.util,NativeCodeLoader,2,0,6,6,58,6,0,0,1.0,30,2,/Users/eashraf/hadoop/hadoop-common-project/hadoop-common/src/main/java/org/apache/hadoop/util/NativeCodeLoader.java,28
hadoop,org.apache.hadoop.util,ApplicationClassLoader,7,1,8,6,165,36,0,0,0.25,5,1,/Users/eashraf/hadoop/hadoop-common-project/hadoop-common/src/main/java/org/apache/hadoop/util/ApplicationClassLoader.java,38
hadoop,org.apache.hadoop.util,ServletUtil,1,1,5,5,50,7,0,0,1.0,3,0,/Users/eashraf/hadoop/hadoop-common-project/hadoop-common/src/main/java/org/apache/hadoop/util/ServletUtil.java,31
hadoop,org.apache.hadoop.util,HeapSort,0,0,4,3,45,12,0,1,-1.0,1,2,/Users/eashraf/hadoop/hadoop-common-project/hadoop-common/src/main/java/org/apache/hadoop/util/HeapSort.java,23
hadoop,org.apache.hadoop.util,MachineList,8,2,5,5,150,24,0,0,0.6,4,1,/Users/eashraf/hadoop/hadoop-common-project/hadoop-common/src/main/java/org/apache/hadoop/util/MachineList.java,37
hadoop,org.apache.hadoop.util,MachineList.InetAddressFactory,1,0,0,0,9,0,0,0,-1.0,0,0,/Users/eashraf/hadoop/hadoop-common-project/hadoop-common/src/main/java/org/apache/hadoop/util/MachineList.java,50
hadoop,org.apache.hadoop.util,NodeHealthScriptRunner,13,1,14,6,228,20,0,0,0.14285714285714285,6,3,/Users/eashraf/hadoop/hadoop-common-project/hadoop-common/src/main/java/org/apache/hadoop/util/NodeHealthScriptRunner.java,38
hadoop,org.apache.hadoop.util,NodeHealthScriptRunner.HealthCheckerExitStatus,0,0,0,0,1,0,0,0,-1.0,0,0,/Users/eashraf/hadoop/hadoop-common-project/hadoop-common/src/main/java/org/apache/hadoop/util/NodeHealthScriptRunner.java,74
hadoop,org.apache.hadoop.util,NodeHealthScriptRunner.NodeHealthMonitorExecutor,1,0,0,0,77,0,0,0,-1.0,0,1,/Users/eashraf/hadoop/hadoop-common-project/hadoop-common/src/main/java/org/apache/hadoop/util/NodeHealthScriptRunner.java,83
hadoop,org.apache.hadoop.util,ThreadUtil,1,0,1,1,19,2,0,0,0.0,6,1,/Users/eashraf/hadoop/hadoop-common-project/hadoop-common/src/main/java/org/apache/hadoop/util/ThreadUtil.java,25
hadoop,org.apache.hadoop.util,ServicePlugin,0,0,2,0,14,2,0,0,-1.0,2,0,/Users/eashraf/hadoop/hadoop-common-project/hadoop-common/src/main/java/org/apache/hadoop/util/ServicePlugin.java,25
hadoop,org.apache.hadoop.util,FileBasedIPList,3,0,4,3,67,10,0,1,0.0,3,1,/Users/eashraf/hadoop/hadoop-common-project/hadoop-common/src/main/java/org/apache/hadoop/util/FileBasedIPList.java,35
hadoop,org.apache.hadoop.util,ProtoUtil,0,0,7,6,117,29,0,0,-1.0,3,2,/Users/eashraf/hadoop/hadoop-common-project/hadoop-common/src/main/java/org/apache/hadoop/util/ProtoUtil.java,35
hadoop,org.apache.hadoop.util,IPList,0,0,1,1,8,1,3,0,-1.0,2,0,/Users/eashraf/hadoop/hadoop-common-project/hadoop-common/src/main/java/org/apache/hadoop/util/IPList.java,23
hadoop,org.apache.hadoop.util,RunJar,5,5,10,5,191,23,0,0,0.2,4,5,/Users/eashraf/hadoop/hadoop-common-project/hadoop-common/src/main/java/org/apache/hadoop/util/RunJar.java,47
hadoop,org.apache.hadoop.util,Daemon,1,0,4,4,42,4,1,0,0.5,17,0,/Users/eashraf/hadoop/hadoop-common-project/hadoop-common/src/main/java/org/apache/hadoop/util/Daemon.java,26
hadoop,org.apache.hadoop.util,Daemon.DaemonFactory,0,0,0,0,8,0,0,1,-1.0,0,0,/Users/eashraf/hadoop/hadoop-common-project/hadoop-common/src/main/java/org/apache/hadoop/util/Daemon.java,35
hadoop,org.apache.hadoop.util,NativeCrc32,2,2,8,5,52,8,0,0,0.5,2,2,/Users/eashraf/hadoop/hadoop-common-project/hadoop-common/src/main/java/org/apache/hadoop/util/NativeCrc32.java,26
hadoop,org.apache.hadoop.util,StopWatch,3,0,9,9,71,12,0,0,0.2222222222222222,9,0,/Users/eashraf/hadoop/hadoop-common-project/hadoop-common/src/main/java/org/apache/hadoop/util/StopWatch.java,24
hadoop,org.apache.hadoop.util,PureJavaCrc32,2,0,5,5,45,13,0,0,0.0,1,0,/Users/eashraf/hadoop/hadoop-common-project/hadoop-common/src/main/java/org/apache/hadoop/util/PureJavaCrc32.java,25
hadoop,org.apache.hadoop.util,IndexedSortable,0,0,2,0,13,2,3,0,-1.0,5,0,/Users/eashraf/hadoop/hadoop-common-project/hadoop-common/src/main/java/org/apache/hadoop/util/IndexedSortable.java,23
hadoop,org.apache.hadoop.util,Progress,9,0,20,14,206,36,0,0,0.1,19,0,/Users/eashraf/hadoop/hadoop-common-project/hadoop-common/src/main/java/org/apache/hadoop/util/Progress.java,28
hadoop,org.apache.hadoop.util,FindClass,12,5,17,5,295,26,0,1,0.17647058823529413,1,2,/Users/eashraf/hadoop/hadoop-common-project/hadoop-common/src/main/java/org/apache/hadoop/util/FindClass.java,32
hadoop,org.apache.hadoop.util,ShutdownThreadsHelper,2,0,4,4,62,7,0,0,0.0,2,0,/Users/eashraf/hadoop/hadoop-common-project/hadoop-common/src/main/java/org/apache/hadoop/util/ShutdownThreadsHelper.java,28
hadoop,org.apache.hadoop.util,QuickSort,1,0,6,3,88,25,0,1,0.3333333333333333,1,3,/Users/eashraf/hadoop/hadoop-common-project/hadoop-common/src/main/java/org/apache/hadoop/util/QuickSort.java,23
hadoop,org.apache.hadoop.util,ExitUtil,9,2,14,14,141,18,0,0,0.0,31,1,/Users/eashraf/hadoop/hadoop-common-project/hadoop-common/src/main/java/org/apache/hadoop/util/ExitUtil.java,25
hadoop,org.apache.hadoop.util,ExitUtil.ExitException,2,1,0,0,8,0,0,0,-1.0,0,0,/Users/eashraf/hadoop/hadoop-common-project/hadoop-common/src/main/java/org/apache/hadoop/util/ExitUtil.java,37
hadoop,org.apache.hadoop.util,ExitUtil.HaltException,2,1,0,0,8,0,0,0,-1.0,0,0,/Users/eashraf/hadoop/hadoop-common-project/hadoop-common/src/main/java/org/apache/hadoop/util/ExitUtil.java,47
hadoop,org.apache.hadoop.util,XMLUtils,0,0,1,1,18,1,0,0,-1.0,0,0,/Users/eashraf/hadoop/hadoop-common-project/hadoop-common/src/main/java/org/apache/hadoop/util/XMLUtils.java,29
hadoop,org.apache.hadoop.util,CacheableIPList,3,0,5,3,44,8,0,1,0.0,2,1,/Users/eashraf/hadoop/hadoop-common-project/hadoop-common/src/main/java/org/apache/hadoop/util/CacheableIPList.java,20
hadoop,org.apache.hadoop.util,PerformanceAdvisory,1,1,0,0,3,0,0,0,-1.0,9,0,/Users/eashraf/hadoop/hadoop-common-project/hadoop-common/src/main/java/org/apache/hadoop/util/PerformanceAdvisory.java,22
hadoop,org.apache.hadoop.util,Shell,36,20,42,31,648,73,2,0,0.14285714285714285,113,2,/Users/eashraf/hadoop/hadoop-common-project/hadoop-common/src/main/java/org/apache/hadoop/util/Shell.java,37
hadoop,org.apache.hadoop.util,Shell.OSType,0,0,0,0,1,0,0,0,-1.0,0,0,/Users/eashraf/hadoop/hadoop-common-project/hadoop-common/src/main/java/org/apache/hadoop/util/Shell.java,93
hadoop,org.apache.hadoop.util,Shell.ExitCodeException,1,0,0,0,19,0,0,0,-1.0,0,0,/Users/eashraf/hadoop/hadoop-common-project/hadoop-common/src/main/java/org/apache/hadoop/util/Shell.java,627
hadoop,org.apache.hadoop.util,Shell.CommandExecutor,0,0,0,0,6,0,0,0,-1.0,0,0,/Users/eashraf/hadoop/hadoop-common-project/hadoop-common/src/main/java/org/apache/hadoop/util/Shell.java,653
hadoop,org.apache.hadoop.util,Shell.ShellCommandExecutor,2,0,0,0,76,0,0,1,-1.0,0,0,/Users/eashraf/hadoop/hadoop-common-project/hadoop-common/src/main/java/org/apache/hadoop/util/Shell.java,665
hadoop,org.apache.hadoop.util,Shell.ShellTimeoutTimerTask,1,0,0,0,21,0,0,0,-1.0,0,1,/Users/eashraf/hadoop/hadoop-common-project/hadoop-common/src/main/java/org/apache/hadoop/util/Shell.java,832
hadoop,org.apache.hadoop.util,HostsFileReader,5,0,11,11,113,25,0,0,0.0,4,0,/Users/eashraf/hadoop/hadoop-common-project/hadoop-common/src/main/java/org/apache/hadoop/util/HostsFileReader.java,34
hadoop,org.apache.hadoop.util,Waitable,2,0,5,5,27,6,0,0,0.0,1,0,/Users/eashraf/hadoop/hadoop-common-project/hadoop-common/src/main/java/org/apache/hadoop/util/Waitable.java,22
hadoop,org.apache.hadoop.util,Time,0,0,2,2,20,2,0,0,-1.0,138,0,/Users/eashraf/hadoop/hadoop-common-project/hadoop-common/src/main/java/org/apache/hadoop/util/Time.java,23
hadoop,org.apache.hadoop.util,HttpExceptionUtils,6,4,6,3,111,11,0,0,0.0,8,0,/Users/eashraf/hadoop/hadoop-common-project/hadoop-common/src/main/java/org/apache/hadoop/util/HttpExceptionUtils.java,35
hadoop,org.apache.hadoop.util,UTF8ByteArrayUtils,0,0,4,4,73,12,0,0,-1.0,3,0,/Users/eashraf/hadoop/hadoop-common-project/hadoop-common/src/main/java/org/apache/hadoop/util/UTF8ByteArrayUtils.java,24
hadoop,org.apache.hadoop.util,DiskChecker,0,0,7,5,113,17,0,0,-1.0,6,4,/Users/eashraf/hadoop/hadoop-common-project/hadoop-common/src/main/java/org/apache/hadoop/util/DiskChecker.java,31
hadoop,org.apache.hadoop.util,DiskChecker.DiskErrorException,0,0,0,0,8,0,0,0,-1.0,0,0,/Users/eashraf/hadoop/hadoop-common-project/hadoop-common/src/main/java/org/apache/hadoop/util/DiskChecker.java,37
hadoop,org.apache.hadoop.util,DiskChecker.DiskOutOfSpaceException,0,0,0,0,5,0,0,0,-1.0,0,0,/Users/eashraf/hadoop/hadoop-common-project/hadoop-common/src/main/java/org/apache/hadoop/util/DiskChecker.java,47
hadoop,org.apache.hadoop.util,ToolRunner,0,0,4,4,63,10,0,0,-1.0,135,3,/Users/eashraf/hadoop/hadoop-common-project/hadoop-common/src/main/java/org/apache/hadoop/util/ToolRunner.java,27
hadoop,org.apache.hadoop.util,Timer,0,0,2,2,19,2,1,0,-1.0,4,1,/Users/eashraf/hadoop/hadoop-common-project/hadoop-common/src/main/java/org/apache/hadoop/util/Timer.java,24
hadoop,org.apache.hadoop.util,SequentialNumber,1,0,7,6,55,11,0,1,0.0,0,0,/Users/eashraf/hadoop/hadoop-common-project/hadoop-common/src/main/java/org/apache/hadoop/util/SequentialNumber.java,24
hadoop,org.apache.hadoop.util,PriorityQueue,3,0,11,7,116,20,0,0,0.0,8,0,/Users/eashraf/hadoop/hadoop-common-project/hadoop-common/src/main/java/org/apache/hadoop/util/PriorityQueue.java,24
hadoop,org.apache.hadoop.util,LightWeightCache,7,0,16,9,163,27,1,2,0.375,6,0,/Users/eashraf/hadoop/hadoop-common-project/hadoop-common/src/main/java/org/apache/hadoop/util/LightWeightCache.java,30
hadoop,org.apache.hadoop.util,LightWeightCache.Entry,0,0,0,0,13,0,0,0,-1.0,0,0,/Users/eashraf/hadoop/hadoop-common-project/hadoop-common/src/main/java/org/apache/hadoop/util/LightWeightCache.java,58
hadoop,org.apache.hadoop.util,LightWeightCache.Clock,0,0,0,0,11,0,0,0,-1.0,0,0,/Users/eashraf/hadoop/hadoop-common-project/hadoop-common/src/main/java/org/apache/hadoop/util/LightWeightCache.java,80
hadoop,org.apache.hadoop.util,StringInterner,2,0,2,2,39,4,0,0,1.0,26,0,/Users/eashraf/hadoop/hadoop-common-project/hadoop-common/src/main/java/org/apache/hadoop/util/StringInterner.java,27
hadoop,org.apache.hadoop.util,ComparableVersion,14,1,7,6,248,19,0,0,0.0,1,1,/Users/eashraf/hadoop/hadoop-common-project/hadoop-common/src/main/java/org/apache/hadoop/util/ComparableVersion.java,43
hadoop,org.apache.hadoop.util,ComparableVersion.Item,3,0,0,0,8,0,0,0,-1.0,0,0,/Users/eashraf/hadoop/hadoop-common-project/hadoop-common/src/main/java/org/apache/hadoop/util/ComparableVersion.java,79
hadoop,org.apache.hadoop.util,ComparableVersion.IntegerItem,3,1,0,0,34,0,0,0,-1.0,0,0,/Users/eashraf/hadoop/hadoop-common-project/hadoop-common/src/main/java/org/apache/hadoop/util/ComparableVersion.java,92
hadoop,org.apache.hadoop.util,ComparableVersion.StringItem,5,0,0,0,61,0,0,0,-1.0,0,0,/Users/eashraf/hadoop/hadoop-common-project/hadoop-common/src/main/java/org/apache/hadoop/util/ComparableVersion.java,153
hadoop,org.apache.hadoop.util,ComparableVersion.ListItem,0,0,0,0,58,0,0,0,-1.0,0,0,/Users/eashraf/hadoop/hadoop-common-project/hadoop-common/src/main/java/org/apache/hadoop/util/ComparableVersion.java,260
hadoop,org.apache.hadoop.util,ZKUtil,4,0,5,4,126,19,0,0,0.8,6,0,/Users/eashraf/hadoop/hadoop-common-project/hadoop-common/src/main/java/org/apache/hadoop/util/ZKUtil.java,35
hadoop,org.apache.hadoop.util,ZKUtil.ZKAuthInfo,2,0,0,0,18,0,0,0,-1.0,0,0,/Users/eashraf/hadoop/hadoop-common-project/hadoop-common/src/main/java/org/apache/hadoop/util/ZKUtil.java,178
hadoop,org.apache.hadoop.util,ZKUtil.BadAclFormatException,1,0,0,0,6,0,0,0,-1.0,0,0,/Users/eashraf/hadoop/hadoop-common-project/hadoop-common/src/main/java/org/apache/hadoop/util/ZKUtil.java,201
hadoop,org.apache.hadoop.util,ZKUtil.BadAuthFormatException,1,0,0,0,6,0,0,0,-1.0,0,0,/Users/eashraf/hadoop/hadoop-common-project/hadoop-common/src/main/java/org/apache/hadoop/util/ZKUtil.java,211
hadoop,org.apache.hadoop.util,MergeSort,3,0,3,2,46,11,0,0,0.6666666666666666,3,1,/Users/eashraf/hadoop/hadoop-common-project/hadoop-common/src/main/java/org/apache/hadoop/util/MergeSort.java,27
hadoop,org.apache.hadoop.util,NativeLibraryChecker,0,0,1,1,80,13,0,0,-1.0,1,9,/Users/eashraf/hadoop/hadoop-common-project/hadoop-common/src/main/java/org/apache/hadoop/util/NativeLibraryChecker.java,31
hadoop,org.apache.hadoop.util,Tool,0,0,1,0,14,1,1,0,-1.0,5,0,/Users/eashraf/hadoop/hadoop-common-project/hadoop-common/src/main/java/org/apache/hadoop/util/Tool.java,25
hadoop,org.apache.hadoop.util,PrintJarMainClass,0,0,1,1,24,3,0,0,-1.0,0,0,/Users/eashraf/hadoop/hadoop-common-project/hadoop-common/src/main/java/org/apache/hadoop/util/PrintJarMainClass.java,26
hadoop,org.apache.hadoop.util,CombinedIPWhiteList,3,1,2,2,29,7,0,1,0.0,2,3,/Users/eashraf/hadoop/hadoop-common-project/hadoop-common/src/main/java/org/apache/hadoop/util/CombinedIPWhiteList.java,23
hadoop,org.apache.hadoop.util,IndexedSorter,0,0,2,0,16,2,2,0,-1.0,4,2,/Users/eashraf/hadoop/hadoop-common-project/hadoop-common/src/main/java/org/apache/hadoop/util/IndexedSorter.java,23
hadoop,org.apache.hadoop.util,DirectBufferPool,1,0,3,2,50,9,0,0,0.0,5,0,/Users/eashraf/hadoop/hadoop-common-project/hadoop-common/src/main/java/org/apache/hadoop/util/DirectBufferPool.java,32
hadoop,org.apache.hadoop.util,GSet,1,0,6,0,41,6,4,0,-1.0,9,0,/Users/eashraf/hadoop/hadoop-common-project/hadoop-common/src/main/java/org/apache/hadoop/util/GSet.java,24
hadoop,org.apache.hadoop.util,PureJavaCrc32C,10,0,5,5,61,13,0,0,0.0,0,0,/Users/eashraf/hadoop/hadoop-common-project/hadoop-common/src/main/java/org/apache/hadoop/util/PureJavaCrc32C.java,28
hadoop,org.apache.hadoop.util,JvmPauseMonitor,15,0,10,8,140,15,0,0,0.7,5,2,/Users/eashraf/hadoop/hadoop-common-project/hadoop-common/src/main/java/org/apache/hadoop/util/JvmPauseMonitor.java,38
hadoop,org.apache.hadoop.util,JvmPauseMonitor.GcTimes,2,0,0,0,18,0,0,0,-1.0,0,0,/Users/eashraf/hadoop/hadoop-common-project/hadoop-common/src/main/java/org/apache/hadoop/util/JvmPauseMonitor.java,147
hadoop,org.apache.hadoop.util,JvmPauseMonitor.Monitor,0,0,0,0,27,0,0,0,-1.0,0,0,/Users/eashraf/hadoop/hadoop-common-project/hadoop-common/src/main/java/org/apache/hadoop/util/JvmPauseMonitor.java,172
hadoop,org.apache.hadoop.util,VersionInfo,3,0,20,10,121,21,0,0,0.0,24,2,/Users/eashraf/hadoop/hadoop-common-project/hadoop-common/src/main/java/org/apache/hadoop/util/VersionInfo.java,31
hadoop,org.apache.hadoop.util,LimitInputStream,2,0,7,7,57,13,0,0,0.0,0,0,/Users/eashraf/hadoop/hadoop-common-project/hadoop-common/src/main/java/org/apache/hadoop/util/LimitInputStream.java,31
hadoop,org.apache.hadoop.util,LogAdapter,2,0,8,6,48,16,0,0,0.0,3,0,/Users/eashraf/hadoop/hadoop-common-project/hadoop-common/src/main/java/org/apache/hadoop/util/LogAdapter.java,23
hadoop,org.apache.hadoop.util,Options,9,0,2,2,115,4,0,0,1.0,15,4,/Users/eashraf/hadoop/hadoop-common-project/hadoop-common/src/main/java/org/apache/hadoop/util/Options.java,26
hadoop,org.apache.hadoop.util,Options.StringOption,1,0,0,0,9,0,0,0,-1.0,0,0,/Users/eashraf/hadoop/hadoop-common-project/hadoop-common/src/main/java/org/apache/hadoop/util/Options.java,32
hadoop,org.apache.hadoop.util,Options.ClassOption,1,0,0,0,9,0,0,0,-1.0,0,0,/Users/eashraf/hadoop/hadoop-common-project/hadoop-common/src/main/java/org/apache/hadoop/util/Options.java,42
hadoop,org.apache.hadoop.util,Options.BooleanOption,1,0,0,0,9,0,0,0,-1.0,0,0,/Users/eashraf/hadoop/hadoop-common-project/hadoop-common/src/main/java/org/apache/hadoop/util/Options.java,52
hadoop,org.apache.hadoop.util,Options.IntegerOption,1,0,0,0,9,0,0,0,-1.0,0,0,/Users/eashraf/hadoop/hadoop-common-project/hadoop-common/src/main/java/org/apache/hadoop/util/Options.java,62
hadoop,org.apache.hadoop.util,Options.LongOption,1,0,0,0,9,0,0,0,-1.0,0,0,/Users/eashraf/hadoop/hadoop-common-project/hadoop-common/src/main/java/org/apache/hadoop/util/Options.java,72
hadoop,org.apache.hadoop.util,Options.PathOption,1,0,0,0,9,0,0,0,-1.0,0,1,/Users/eashraf/hadoop/hadoop-common-project/hadoop-common/src/main/java/org/apache/hadoop/util/Options.java,82
hadoop,org.apache.hadoop.util,Options.FSDataInputStreamOption,1,0,0,0,9,0,0,0,-1.0,0,1,/Users/eashraf/hadoop/hadoop-common-project/hadoop-common/src/main/java/org/apache/hadoop/util/Options.java,92
hadoop,org.apache.hadoop.util,Options.FSDataOutputStreamOption,1,0,0,0,9,0,0,0,-1.0,0,1,/Users/eashraf/hadoop/hadoop-common-project/hadoop-common/src/main/java/org/apache/hadoop/util/Options.java,102
hadoop,org.apache.hadoop.util,Options.ProgressableOption,1,0,0,0,9,0,0,0,-1.0,0,1,/Users/eashraf/hadoop/hadoop-common-project/hadoop-common/src/main/java/org/apache/hadoop/util/Options.java,112
hadoop,org.apache.hadoop.util,DataChecksum,12,8,27,25,345,58,0,0,0.0,55,2,/Users/eashraf/hadoop/hadoop-common-project/hadoop-common/src/main/java/org/apache/hadoop/util/DataChecksum.java,32
hadoop,org.apache.hadoop.util,DataChecksum.Type,2,2,0,0,19,0,0,0,-1.0,0,0,/Users/eashraf/hadoop/hadoop-common-project/hadoop-common/src/main/java/org/apache/hadoop/util/DataChecksum.java,47
hadoop,org.apache.hadoop.util,DataChecksum.ChecksumNull,0,0,0,0,16,0,0,0,-1.0,0,0,/Users/eashraf/hadoop/hadoop-common-project/hadoop-common/src/main/java/org/apache/hadoop/util/DataChecksum.java,471
hadoop,org.apache.hadoop.util,GSetByHashMap,1,0,8,8,33,9,0,1,0.0,0,0,/Users/eashraf/hadoop/hadoop-common-project/hadoop-common/src/main/java/org/apache/hadoop/util/GSetByHashMap.java,25
hadoop,org.apache.hadoop.util,IntrusiveCollection,7,1,23,22,254,40,0,0,0.2608695652173913,2,0,/Users/eashraf/hadoop/hadoop-common-project/hadoop-common/src/main/java/org/apache/hadoop/util/IntrusiveCollection.java,30
hadoop,org.apache.hadoop.util,IntrusiveCollection.Element,0,0,0,0,33,0,0,0,-1.0,0,0,/Users/eashraf/hadoop/hadoop-common-project/hadoop-common/src/main/java/org/apache/hadoop/util/IntrusiveCollection.java,41
hadoop,org.apache.hadoop.util,IntrusiveCollection.IntrusiveIterator,2,0,0,0,35,0,0,0,-1.0,0,0,/Users/eashraf/hadoop/hadoop-common-project/hadoop-common/src/main/java/org/apache/hadoop/util/IntrusiveCollection.java,146
hadoop,org.apache.hadoop.util,VersionUtil,0,0,1,1,16,1,0,0,-1.0,5,1,/Users/eashraf/hadoop/hadoop-common-project/hadoop-common/src/main/java/org/apache/hadoop/util/VersionUtil.java,22
hadoop,org.apache.hadoop.util,LineReader,9,0,13,10,238,38,0,0,0.0,16,2,/Users/eashraf/hadoop/hadoop-common-project/hadoop-common/src/main/java/org/apache/hadoop/util/LineReader.java,30
hadoop,org.apache.hadoop.util,AsyncDiskService,7,1,6,6,76,12,0,0,0.0,2,1,/Users/eashraf/hadoop/hadoop-common-project/hadoop-common/src/main/java/org/apache/hadoop/util/AsyncDiskService.java,42
hadoop,org.apache.hadoop.util,ClassUtil,0,0,1,1,29,4,0,0,-1.0,5,0,/Users/eashraf/hadoop/hadoop-common-project/hadoop-common/src/main/java/org/apache/hadoop/util/ClassUtil.java,28
hadoop,org.apache.hadoop.util,LightWeightGSet,11,0,16,11,262,36,3,1,0.1875,14,1,/Users/eashraf/hadoop/hadoop-common-project/hadoop-common/src/main/java/org/apache/hadoop/util/LightWeightGSet.java,30
hadoop,org.apache.hadoop.util,LightWeightGSet.LinkedElement,0,0,0,0,13,0,0,0,-1.0,0,0,/Users/eashraf/hadoop/hadoop-common-project/hadoop-common/src/main/java/org/apache/hadoop/util/LightWeightGSet.java,49
hadoop,org.apache.hadoop.util,LightWeightGSet.SetIterator,5,0,0,0,60,0,0,0,-1.0,0,0,/Users/eashraf/hadoop/hadoop-common-project/hadoop-common/src/main/java/org/apache/hadoop/util/LightWeightGSet.java,247
hadoop,org.apache.hadoop.util,CloseableReferenceCount,2,0,7,7,75,12,0,0,0.2857142857142857,2,0,/Users/eashraf/hadoop/hadoop-common-project/hadoop-common/src/main/java/org/apache/hadoop/util/CloseableReferenceCount.java,26
hadoop,org.apache.hadoop.util,GenericOptionsParser,3,0,14,9,293,48,0,0,0.2857142857142857,14,8,/Users/eashraf/hadoop/hadoop-common-project/hadoop-common/src/main/java/org/apache/hadoop/util/GenericOptionsParser.java,48
hadoop,org.apache.hadoop.util,SignalLogger,3,0,2,1,54,4,0,0,0.0,2,1,/Users/eashraf/hadoop/hadoop-common-project/hadoop-common/src/main/java/org/apache/hadoop/util/SignalLogger.java,28
hadoop,org.apache.hadoop.util,SignalLogger.Handler,2,0,0,0,19,0,0,0,-1.0,0,1,/Users/eashraf/hadoop/hadoop-common-project/hadoop-common/src/main/java/org/apache/hadoop/util/SignalLogger.java,41
hadoop,org.apache.hadoop.util,ReflectionUtils,8,0,16,10,243,37,0,0,0.4375,141,8,/Users/eashraf/hadoop/hadoop-common-project/hadoop-common/src/main/java/org/apache/hadoop/util/ReflectionUtils.java,50
hadoop,org.apache.hadoop.util,ReflectionUtils.CopyInCopyOutBuffer,2,0,0,0,13,0,0,0,-1.0,0,2,/Users/eashraf/hadoop/hadoop-common-project/hadoop-common/src/main/java/org/apache/hadoop/util/ReflectionUtils.java,250
hadoop,org.apache.hadoop.util,Progressable,0,0,1,1,9,1,0,0,-1.0,72,0,/Users/eashraf/hadoop/hadoop-common-project/hadoop-common/src/main/java/org/apache/hadoop/util/Progressable.java,24
hadoop,org.apache.hadoop.util,ShutdownHookManager,6,0,9,7,118,14,0,0,0.2222222222222222,25,0,/Users/eashraf/hadoop/hadoop-common-project/hadoop-common/src/main/java/org/apache/hadoop/util/ShutdownHookManager.java,31
hadoop,org.apache.hadoop.util,ShutdownHookManager.HookEntry,2,0,0,0,23,0,0,0,-1.0,0,0,/Users/eashraf/hadoop/hadoop-common-project/hadoop-common/src/main/java/org/apache/hadoop/util/ShutdownHookManager.java,74
hadoop,org.apache.hadoop.util,IdentityHashStore,4,0,11,8,132,26,0,0,0.0,3,0,/Users/eashraf/hadoop/hadoop-common-project/hadoop-common/src/main/java/org/apache/hadoop/util/IdentityHashStore.java,26
hadoop,org.apache.hadoop.util,IdentityHashStore.Visitor,0,0,0,0,3,0,0,0,-1.0,0,0,/Users/eashraf/hadoop/hadoop-common-project/hadoop-common/src/main/java/org/apache/hadoop/util/IdentityHashStore.java,184
hadoop,org.apache.hadoop.util,TestMRCJCRunJar,3,0,2,1,37,4,0,0,0.0,0,1,/Users/eashraf/hadoop/hadoop-mapreduce-project/hadoop-mapreduce-client/hadoop-mapreduce-client-jobclient/src/test/java/org/apache/hadoop/util/TestMRCJCRunJar.java,33
hadoop,org.apache.hadoop.util,Hello,0,0,1,1,15,1,0,0,-1.0,0,0,/Users/eashraf/hadoop/hadoop-mapreduce-project/hadoop-mapreduce-client/hadoop-mapreduce-client-jobclient/src/test/java/org/apache/hadoop/util/Hello.java,24
hadoop,org.apache.hadoop.util,TestMRCJCReflectionUtils,1,0,2,2,24,2,0,0,1.0,0,1,/Users/eashraf/hadoop/hadoop-mapreduce-project/hadoop-mapreduce-client/hadoop-mapreduce-client-jobclient/src/test/java/org/apache/hadoop/util/TestMRCJCReflectionUtils.java,29
hadoop,org.apache.hadoop.util,TestMRCJCReflectionUtils.JobConfigurableOb,1,0,0,0,6,0,0,0,-1.0,0,0,/Users/eashraf/hadoop/hadoop-mapreduce-project/hadoop-mapreduce-client/hadoop-mapreduce-client-jobclient/src/test/java/org/apache/hadoop/util/TestMRCJCReflectionUtils.java,54
hadoop,org.apache.hadoop.security.authentication.examples,WhoServlet,0,0,2,0,16,2,0,0,-1.0,0,0,/Users/eashraf/hadoop/hadoop-common-project/hadoop-auth-examples/src/main/java/org/apache/hadoop/security/authentication/examples/WhoServlet.java,24
hadoop,org.apache.hadoop.security.authentication.examples,WhoClient,0,0,1,1,34,4,0,0,-1.0,0,1,/Users/eashraf/hadoop/hadoop-common-project/hadoop-auth-examples/src/main/java/org/apache/hadoop/security/authentication/examples/WhoClient.java,24
hadoop,org.apache.hadoop.security.authentication.examples,RequestLoggerFilter,4,0,3,3,118,4,0,0,1.0,0,0,/Users/eashraf/hadoop/hadoop-common-project/hadoop-auth-examples/src/main/java/org/apache/hadoop/security/authentication/examples/RequestLoggerFilter.java,37
hadoop,org.apache.hadoop.security.authentication.examples,RequestLoggerFilter.XHttpServletRequest,0,0,0,0,24,0,0,0,-1.0,0,0,/Users/eashraf/hadoop/hadoop-common-project/hadoop-auth-examples/src/main/java/org/apache/hadoop/security/authentication/examples/RequestLoggerFilter.java,70
hadoop,org.apache.hadoop.security.authentication.examples,RequestLoggerFilter.XHttpServletResponse,3,0,0,0,68,0,0,0,-1.0,0,0,/Users/eashraf/hadoop/hadoop-common-project/hadoop-auth-examples/src/main/java/org/apache/hadoop/security/authentication/examples/RequestLoggerFilter.java,97
hadoop,org.apache.hadoop.classification,InterfaceAudience,0,0,1,0,20,1,0,0,-1.0,1,1,/Users/eashraf/hadoop/hadoop-common-project/hadoop-annotations/src/main/java/org/apache/hadoop/classification/InterfaceAudience.java,24
hadoop,org.apache.hadoop.classification,InterfaceStability,0,0,0,0,17,0,0,0,-1.0,1,1,/Users/eashraf/hadoop/hadoop-common-project/hadoop-annotations/src/main/java/org/apache/hadoop/classification/InterfaceStability.java,28
hadoop,org.apache.hadoop.classification.tools,ExcludePrivateAnnotationsStandardDoclet,0,0,4,4,24,5,0,0,-1.0,0,2,/Users/eashraf/hadoop/hadoop-common-project/hadoop-annotations/src/main/java/org/apache/hadoop/classification/tools/ExcludePrivateAnnotationsStandardDoclet.java,25
hadoop,org.apache.hadoop.classification.tools,RootDocProcessor,4,0,3,1,175,8,0,0,0.0,4,1,/Users/eashraf/hadoop/hadoop-common-project/hadoop-annotations/src/main/java/org/apache/hadoop/classification/tools/RootDocProcessor.java,44
hadoop,org.apache.hadoop.classification.tools,RootDocProcessor.ExcludeHandler,1,0,0,0,137,0,0,0,-1.0,0,1,/Users/eashraf/hadoop/hadoop-common-project/hadoop-annotations/src/main/java/org/apache/hadoop/classification/tools/RootDocProcessor.java,93
hadoop,org.apache.hadoop.classification.tools,IncludePublicAnnotationsStandardDoclet,0,0,4,4,25,5,0,0,-1.0,0,2,/Users/eashraf/hadoop/hadoop-common-project/hadoop-annotations/src/main/java/org/apache/hadoop/classification/tools/IncludePublicAnnotationsStandardDoclet.java,25
hadoop,org.apache.hadoop.classification.tools,StabilityOptions,3,3,3,3,40,13,0,0,0.0,5,1,/Users/eashraf/hadoop/hadoop-common-project/hadoop-annotations/src/main/java/org/apache/hadoop/classification/tools/StabilityOptions.java,26
hadoop,org.apache.hadoop.classification.tools,ExcludePrivateAnnotationsJDiffDoclet,0,0,4,4,24,5,0,0,-1.0,0,2,/Users/eashraf/hadoop/hadoop-common-project/hadoop-annotations/src/main/java/org/apache/hadoop/classification/tools/ExcludePrivateAnnotationsJDiffDoclet.java,26
hadoop,org.apache.hadoop.metrics,TestMetricsServlet,4,0,4,4,53,4,0,0,0.0,0,5,/Users/eashraf/hadoop/hadoop-common-project/hadoop-common/src/test/java/org/apache/hadoop/metrics/TestMetricsServlet.java,35
hadoop,org.apache.hadoop.metrics,MetricsException,1,0,2,2,18,2,0,0,1.0,0,0,/Users/eashraf/hadoop/hadoop-common-project/hadoop-common/src/main/java/org/apache/hadoop/metrics/MetricsException.java,26
hadoop,org.apache.hadoop.metrics,MetricsRecord,0,0,19,19,128,19,0,0,-1.0,12,0,/Users/eashraf/hadoop/hadoop-common-project/hadoop-common/src/main/java/org/apache/hadoop/metrics/MetricsRecord.java,26
hadoop,org.apache.hadoop.metrics,ContextFactory,7,0,11,9,122,18,0,0,0.2727272727272727,11,1,/Users/eashraf/hadoop/hadoop-common-project/hadoop-common/src/main/java/org/apache/hadoop/metrics/ContextFactory.java,36
hadoop,org.apache.hadoop.metrics,MetricsContext,1,1,11,10,62,11,0,0,-1.0,9,3,/Users/eashraf/hadoop/hadoop-common-project/hadoop-common/src/main/java/org/apache/hadoop/metrics/MetricsContext.java,31
hadoop,org.apache.hadoop.metrics,MetricsUtil,1,1,5,3,59,6,0,0,0.4,5,3,/Users/eashraf/hadoop/hadoop-common-project/hadoop-common/src/main/java/org/apache/hadoop/metrics/MetricsUtil.java,28
hadoop,org.apache.hadoop.metrics,Updater,0,0,1,1,9,1,0,0,-1.0,3,1,/Users/eashraf/hadoop/hadoop-common-project/hadoop-common/src/main/java/org/apache/hadoop/metrics/Updater.java,26
hadoop,org.apache.hadoop.metrics,MetricsServlet,2,0,4,1,114,16,0,0,0.0,1,2,/Users/eashraf/hadoop/hadoop-common-project/hadoop-common/src/main/java/org/apache/hadoop/metrics/MetricsServlet.java,42
hadoop,org.apache.hadoop.metrics,MetricsServlet.TagsMetricsPair,2,0,0,0,20,0,0,0,-1.0,0,0,/Users/eashraf/hadoop/hadoop-common-project/hadoop-common/src/main/java/org/apache/hadoop/metrics/MetricsServlet.java,51
hadoop,org.apache.hadoop.metrics.spi,TestOutputRecord,0,0,1,1,13,1,0,0,-1.0,0,1,/Users/eashraf/hadoop/hadoop-common-project/hadoop-common/src/test/java/org/apache/hadoop/metrics/spi/TestOutputRecord.java,25
hadoop,org.apache.hadoop.metrics.spi,Util,0,0,2,1,27,4,0,0,-1.0,1,1,/Users/eashraf/hadoop/hadoop-common-project/hadoop-common/src/main/java/org/apache/hadoop/metrics/spi/Util.java,32
hadoop,org.apache.hadoop.metrics.spi,OutputRecord,2,0,7,6,51,7,0,0,0.0,8,0,/Users/eashraf/hadoop/hadoop-common-project/hadoop-common/src/main/java/org/apache/hadoop/metrics/spi/OutputRecord.java,30
hadoop,org.apache.hadoop.metrics.spi,MetricsRecordImpl,4,0,24,19,191,25,0,0,0.125,3,2,/Users/eashraf/hadoop/hadoop-common-project/hadoop-common/src/main/java/org/apache/hadoop/metrics/spi/MetricsRecordImpl.java,32
hadoop,org.apache.hadoop.metrics.spi,MetricValue,4,2,4,4,25,4,0,0,0.0,2,0,/Users/eashraf/hadoop/hadoop-common-project/hadoop-common/src/main/java/org/apache/hadoop/metrics/spi/MetricValue.java,26
hadoop,org.apache.hadoop.metrics.spi,NullContextWithUpdateThread,1,0,5,2,30,5,0,1,1.0,0,3,/Users/eashraf/hadoop/hadoop-common-project/hadoop-common/src/main/java/org/apache/hadoop/metrics/spi/NullContextWithUpdateThread.java,25
hadoop,org.apache.hadoop.metrics.spi,CompositeContext,7,0,11,9,122,22,0,1,0.18181818181818182,0,5,/Users/eashraf/hadoop/hadoop-common-project/hadoop-common/src/main/java/org/apache/hadoop/metrics/spi/CompositeContext.java,37
hadoop,org.apache.hadoop.metrics.spi,CompositeContext.MetricsRecordDelegator,3,0,0,0,30,0,0,0,-1.0,0,0,/Users/eashraf/hadoop/hadoop-common-project/hadoop-common/src/main/java/org/apache/hadoop/metrics/spi/CompositeContext.java,168
hadoop,org.apache.hadoop.metrics.spi,NoEmitMetricsContext,1,0,3,2,20,3,0,1,1.0,0,2,/Users/eashraf/hadoop/hadoop-common-project/hadoop-common/src/main/java/org/apache/hadoop/metrics/spi/NoEmitMetricsContext.java,25
hadoop,org.apache.hadoop.metrics.spi,NullContext,0,0,5,2,30,5,0,1,-1.0,0,2,/Users/eashraf/hadoop/hadoop-common-project/hadoop-common/src/main/java/org/apache/hadoop/metrics/spi/NullContext.java,25
hadoop,org.apache.hadoop.metrics.spi,AbstractMetricsContext,10,0,30,13,360,56,4,0,0.06666666666666667,2,6,/Users/eashraf/hadoop/hadoop-common-project/hadoop-common/src/main/java/org/apache/hadoop/metrics/spi/AbstractMetricsContext.java,45
hadoop,org.apache.hadoop.metrics.spi,AbstractMetricsContext.TagMap,1,0,0,0,21,0,0,0,-1.0,0,0,/Users/eashraf/hadoop/hadoop-common-project/hadoop-common/src/main/java/org/apache/hadoop/metrics/spi/AbstractMetricsContext.java,68
hadoop,org.apache.hadoop.metrics.spi,AbstractMetricsContext.MetricMap,1,0,0,0,9,0,0,0,-1.0,0,0,/Users/eashraf/hadoop/hadoop-common-project/hadoop-common/src/main/java/org/apache/hadoop/metrics/spi/AbstractMetricsContext.java,92
hadoop,org.apache.hadoop.metrics.spi,AbstractMetricsContext.RecordMap,1,0,0,0,3,0,0,0,-1.0,0,0,/Users/eashraf/hadoop/hadoop-common-project/hadoop-common/src/main/java/org/apache/hadoop/metrics/spi/AbstractMetricsContext.java,103
hadoop,org.apache.hadoop.metrics.ganglia,TestGangliaContext,0,0,5,5,40,5,0,0,-1.0,0,3,/Users/eashraf/hadoop/hadoop-common-project/hadoop-common/src/test/java/org/apache/hadoop/metrics/ganglia/TestGangliaContext.java,35
hadoop,org.apache.hadoop.metrics.ganglia,GangliaContext,27,0,12,4,193,26,1,0,0.16666666666666666,1,3,/Users/eashraf/hadoop/hadoop-common-project/hadoop-common/src/main/java/org/apache/hadoop/metrics/ganglia/GangliaContext.java,40
hadoop,org.apache.hadoop.metrics.ganglia,GangliaContext31,2,0,2,1,73,8,0,1,0.0,0,3,/Users/eashraf/hadoop/hadoop-common-project/hadoop-common/src/main/java/org/apache/hadoop/metrics/ganglia/GangliaContext31.java,34
hadoop,org.apache.hadoop.metrics2.impl,TestSinkQueue,2,0,23,20,236,27,0,0,0.6086956521739131,0,1,/Users/eashraf/hadoop/hadoop-common-project/hadoop-common/src/test/java/org/apache/hadoop/metrics2/impl/TestSinkQueue.java,32
hadoop,org.apache.hadoop.metrics2.impl,TestSinkQueue.Fun,0,0,0,0,3,0,0,0,-1.0,0,0,/Users/eashraf/hadoop/hadoop-common-project/hadoop-common/src/test/java/org/apache/hadoop/metrics2/impl/TestSinkQueue.java,277
hadoop,org.apache.hadoop.metrics2.impl,MetricsRecords,2,0,4,2,39,4,0,0,0.5,1,3,/Users/eashraf/hadoop/hadoop-common-project/hadoop-common/src/test/java/org/apache/hadoop/metrics2/impl/MetricsRecords.java,30
hadoop,org.apache.hadoop.metrics2.impl,MetricsRecords.MetricsTagPredicate,1,0,0,0,9,0,0,0,-1.0,0,0,/Users/eashraf/hadoop/hadoop-common-project/hadoop-common/src/test/java/org/apache/hadoop/metrics2/impl/MetricsRecords.java,64
hadoop,org.apache.hadoop.metrics2.impl,MetricsRecords.AbstractMetricPredicate,1,0,0,0,9,0,0,0,-1.0,0,0,/Users/eashraf/hadoop/hadoop-common-project/hadoop-common/src/test/java/org/apache/hadoop/metrics2/impl/MetricsRecords.java,78
hadoop,org.apache.hadoop.metrics2.impl,TestGangliaMetrics,9,1,3,2,111,8,0,0,0.6666666666666666,0,13,/Users/eashraf/hadoop/hadoop-common-project/hadoop-common/src/test/java/org/apache/hadoop/metrics2/impl/TestGangliaMetrics.java,50
hadoop,org.apache.hadoop.metrics2.impl,TestGangliaMetrics.TestSource,6,0,0,0,11,0,0,0,-1.0,0,4,/Users/eashraf/hadoop/hadoop-common-project/hadoop-common/src/test/java/org/apache/hadoop/metrics2/impl/TestGangliaMetrics.java,167
hadoop,org.apache.hadoop.metrics2.impl,TestGangliaMetrics.MockDatagramSocket,1,0,0,0,23,0,0,0,-1.0,0,0,/Users/eashraf/hadoop/hadoop-common-project/hadoop-common/src/test/java/org/apache/hadoop/metrics2/impl/TestGangliaMetrics.java,182
hadoop,org.apache.hadoop.metrics2.impl,ConfigUtil,0,0,4,0,35,7,0,0,-1.0,0,0,/Users/eashraf/hadoop/hadoop-common-project/hadoop-common/src/test/java/org/apache/hadoop/metrics2/impl/ConfigUtil.java,28
hadoop,org.apache.hadoop.metrics2.impl,ConfigBuilder,1,1,4,4,48,4,0,0,0.0,2,0,/Users/eashraf/hadoop/hadoop-common-project/hadoop-common/src/test/java/org/apache/hadoop/metrics2/impl/ConfigBuilder.java,24
hadoop,org.apache.hadoop.metrics2.impl,MetricsLists,0,0,1,0,8,1,0,0,-1.0,2,1,/Users/eashraf/hadoop/hadoop-common-project/hadoop-common/src/test/java/org/apache/hadoop/metrics2/impl/MetricsLists.java,21
hadoop,org.apache.hadoop.metrics2.impl,TestMetricsSystemImpl,20,0,17,14,357,31,0,0,0.6470588235294118,0,17,/Users/eashraf/hadoop/hadoop-common-project/hadoop-common/src/test/java/org/apache/hadoop/metrics2/impl/TestMetricsSystemImpl.java,63
hadoop,org.apache.hadoop.metrics2.impl,TestMetricsSystemImpl.TestSink,0,0,0,0,10,0,0,0,-1.0,0,0,/Users/eashraf/hadoop/hadoop-common-project/hadoop-common/src/test/java/org/apache/hadoop/metrics2/impl/TestMetricsSystemImpl.java,76
hadoop,org.apache.hadoop.metrics2.impl,TestMetricsSystemImpl.CollectingSink,1,0,0,0,27,0,0,0,-1.0,0,0,/Users/eashraf/hadoop/hadoop-common-project/hadoop-common/src/test/java/org/apache/hadoop/metrics2/impl/TestMetricsSystemImpl.java,248
hadoop,org.apache.hadoop.metrics2.impl,TestMetricsSystemImpl.HangingSink,3,0,0,0,28,0,0,0,-1.0,0,0,/Users/eashraf/hadoop/hadoop-common-project/hadoop-common/src/test/java/org/apache/hadoop/metrics2/impl/TestMetricsSystemImpl.java,307
hadoop,org.apache.hadoop.metrics2.impl,TestMetricsSystemImpl.TestSource,6,0,0,0,11,0,0,0,-1.0,0,4,/Users/eashraf/hadoop/hadoop-common-project/hadoop-common/src/test/java/org/apache/hadoop/metrics2/impl/TestMetricsSystemImpl.java,487
hadoop,org.apache.hadoop.metrics2.impl,TestMetricsSystemImpl.TestSource2,6,0,0,0,11,0,0,0,-1.0,0,4,/Users/eashraf/hadoop/hadoop-common-project/hadoop-common/src/test/java/org/apache/hadoop/metrics2/impl/TestMetricsSystemImpl.java,501
hadoop,org.apache.hadoop.metrics2.impl,TestMetricsCollectorImpl,0,0,2,2,24,2,0,0,-1.0,0,3,/Users/eashraf/hadoop/hadoop-common-project/hadoop-common/src/test/java/org/apache/hadoop/metrics2/impl/TestMetricsCollectorImpl.java,28
hadoop,org.apache.hadoop.metrics2.impl,TestMetricsSourceAdapter,4,0,2,2,63,4,0,0,1.0,0,8,/Users/eashraf/hadoop/hadoop-common-project/hadoop-common/src/test/java/org/apache/hadoop/metrics2/impl/TestMetricsSourceAdapter.java,44
hadoop,org.apache.hadoop.metrics2.impl,TestMetricsSourceAdapter.PurgableSource,2,0,0,0,9,0,0,0,-1.0,0,0,/Users/eashraf/hadoop/hadoop-common-project/hadoop-common/src/test/java/org/apache/hadoop/metrics2/impl/TestMetricsSourceAdapter.java,76
hadoop,org.apache.hadoop.metrics2.impl,TestMetricsSourceAdapter.TestSource,2,0,0,0,10,0,0,0,-1.0,0,2,/Users/eashraf/hadoop/hadoop-common-project/hadoop-common/src/test/java/org/apache/hadoop/metrics2/impl/TestMetricsSourceAdapter.java,124
hadoop,org.apache.hadoop.metrics2.impl,TestMetricsConfig,1,0,5,4,74,5,0,0,0.4,3,1,/Users/eashraf/hadoop/hadoop-common-project/hadoop-common/src/test/java/org/apache/hadoop/metrics2/impl/TestMetricsConfig.java,31
hadoop,org.apache.hadoop.metrics2.impl,TestGraphiteMetrics,0,0,7,5,126,7,0,0,-1.0,0,5,/Users/eashraf/hadoop/hadoop-common-project/hadoop-common/src/test/java/org/apache/hadoop/metrics2/impl/TestGraphiteMetrics.java,46
hadoop,org.apache.hadoop.metrics2.impl,TestMetricsVisitor,6,0,1,1,40,2,0,0,0.0,0,3,/Users/eashraf/hadoop/hadoop-common-project/hadoop-common/src/test/java/org/apache/hadoop/metrics2/impl/TestMetricsVisitor.java,38
hadoop,org.apache.hadoop.metrics2.impl,MsInfo,1,0,3,2,14,3,0,0,0.0,9,0,/Users/eashraf/hadoop/hadoop-common-project/hadoop-common/src/main/java/org/apache/hadoop/metrics2/impl/MsInfo.java,26
hadoop,org.apache.hadoop.metrics2.impl,MetricsConfigException,1,0,3,0,15,3,0,0,1.0,0,0,/Users/eashraf/hadoop/hadoop-common-project/hadoop-common/src/main/java/org/apache/hadoop/metrics2/impl/MetricsConfigException.java,23
hadoop,org.apache.hadoop.metrics2.impl,MetricsBuffer,3,0,2,1,26,2,1,0,0.0,3,0,/Users/eashraf/hadoop/hadoop-common-project/hadoop-common/src/main/java/org/apache/hadoop/metrics2/impl/MetricsBuffer.java,23
hadoop,org.apache.hadoop.metrics2.impl,MetricsBuffer.Entry,2,0,0,0,14,0,0,0,-1.0,0,0,/Users/eashraf/hadoop/hadoop-common-project/hadoop-common/src/main/java/org/apache/hadoop/metrics2/impl/MetricsBuffer.java,39
hadoop,org.apache.hadoop.metrics2.impl,MetricGaugeFloat,1,0,4,3,16,4,0,0,0.5,0,3,/Users/eashraf/hadoop/hadoop-common-project/hadoop-common/src/main/java/org/apache/hadoop/metrics2/impl/MetricGaugeFloat.java,26
hadoop,org.apache.hadoop.metrics2.impl,MetricsRecordImpl,5,0,8,7,46,10,0,1,0.0,5,2,/Users/eashraf/hadoop/hadoop-common-project/hadoop-common/src/main/java/org/apache/hadoop/metrics2/impl/MetricsRecordImpl.java,30
hadoop,org.apache.hadoop.metrics2.impl,MetricsSystemImpl,31,0,44,20,455,87,0,0,0.045454545454545456,6,23,/Users/eashraf/hadoop/hadoop-common-project/hadoop-common/src/main/java/org/apache/hadoop/metrics2/impl/MetricsSystemImpl.java,67
hadoop,org.apache.hadoop.metrics2.impl,MetricsSystemImpl.InitMode,0,0,0,0,1,0,0,0,-1.0,0,0,/Users/eashraf/hadoop/hadoop-common-project/hadoop-common/src/main/java/org/apache/hadoop/metrics2/impl/MetricsSystemImpl.java,81
hadoop,org.apache.hadoop.metrics2.impl,MetricsConfig,27,0,17,6,200,35,0,0,0.4117647058823529,4,2,/Users/eashraf/hadoop/hadoop-common-project/hadoop-common/src/main/java/org/apache/hadoop/metrics2/impl/MetricsConfig.java,49
hadoop,org.apache.hadoop.metrics2.impl,MetricGaugeLong,1,0,4,3,16,4,0,0,0.5,0,3,/Users/eashraf/hadoop/hadoop-common-project/hadoop-common/src/main/java/org/apache/hadoop/metrics2/impl/MetricGaugeLong.java,26
hadoop,org.apache.hadoop.metrics2.impl,MBeanInfoBuilder,5,0,12,6,61,15,0,0,0.0,1,2,/Users/eashraf/hadoop/hadoop-common-project/hadoop-common/src/main/java/org/apache/hadoop/metrics2/impl/MBeanInfoBuilder.java,32
hadoop,org.apache.hadoop.metrics2.impl,MetricsSinkAdapter,22,0,13,3,190,30,0,1,0.0,1,11,/Users/eashraf/hadoop/hadoop-common-project/hadoop-common/src/main/java/org/apache/hadoop/metrics2/impl/MetricsSinkAdapter.java,40
hadoop,org.apache.hadoop.metrics2.impl,MetricsSinkAdapter.WaitableMetricsBuffer,1,0,0,0,17,0,0,1,-1.0,0,0,/Users/eashraf/hadoop/hadoop-common-project/hadoop-common/src/main/java/org/apache/hadoop/metrics2/impl/MetricsSinkAdapter.java,235
hadoop,org.apache.hadoop.metrics2.impl,MetricsRecordBuilderImpl,8,0,15,12,97,23,0,0,0.0,3,9,/Users/eashraf/hadoop/hadoop-common-project/hadoop-common/src/main/java/org/apache/hadoop/metrics2/impl/MetricsRecordBuilderImpl.java,35
hadoop,org.apache.hadoop.metrics2.impl,MetricsRecordFiltered,3,0,9,8,43,15,0,1,0.0,0,3,/Users/eashraf/hadoop/hadoop-common-project/hadoop-common/src/main/java/org/apache/hadoop/metrics2/impl/MetricsRecordFiltered.java,31
hadoop,org.apache.hadoop.metrics2.impl,MetricGaugeInt,1,0,4,3,16,4,0,0,0.5,0,3,/Users/eashraf/hadoop/hadoop-common-project/hadoop-common/src/main/java/org/apache/hadoop/metrics2/impl/MetricGaugeInt.java,26
hadoop,org.apache.hadoop.metrics2.impl,MetricCounterInt,1,0,4,3,16,4,0,0,0.5,0,3,/Users/eashraf/hadoop/hadoop-common-project/hadoop-common/src/main/java/org/apache/hadoop/metrics2/impl/MetricCounterInt.java,26
hadoop,org.apache.hadoop.metrics2.impl,AbstractMetricsRecord,0,0,3,3,15,4,2,0,-1.0,0,1,/Users/eashraf/hadoop/hadoop-common-project/hadoop-common/src/main/java/org/apache/hadoop/metrics2/impl/AbstractMetricsRecord.java,26
hadoop,org.apache.hadoop.metrics2.impl,SinkQueue,5,0,15,0,118,22,1,0,0.0,2,0,/Users/eashraf/hadoop/hadoop-common-project/hadoop-common/src/main/java/org/apache/hadoop/metrics2/impl/SinkQueue.java,23
hadoop,org.apache.hadoop.metrics2.impl,SinkQueue.Consumer,0,0,0,0,3,0,0,0,-1.0,0,0,/Users/eashraf/hadoop/hadoop-common-project/hadoop-common/src/main/java/org/apache/hadoop/metrics2/impl/SinkQueue.java,32
hadoop,org.apache.hadoop.metrics2.impl,MetricsBufferBuilder,1,0,2,0,12,2,0,0,1.0,1,1,/Users/eashraf/hadoop/hadoop-common-project/hadoop-common/src/main/java/org/apache/hadoop/metrics2/impl/MetricsBufferBuilder.java,23
hadoop,org.apache.hadoop.metrics2.impl,MetricCounterLong,1,0,4,3,16,4,0,0,0.5,0,3,/Users/eashraf/hadoop/hadoop-common-project/hadoop-common/src/main/java/org/apache/hadoop/metrics2/impl/MetricCounterLong.java,26
hadoop,org.apache.hadoop.metrics2.impl,MetricGaugeDouble,1,0,4,3,16,4,0,0,0.5,0,3,/Users/eashraf/hadoop/hadoop-common-project/hadoop-common/src/main/java/org/apache/hadoop/metrics2/impl/MetricGaugeDouble.java,26
hadoop,org.apache.hadoop.metrics2.impl,MetricsCollectorImpl,3,0,7,5,37,10,0,0,0.0,6,4,/Users/eashraf/hadoop/hadoop-common-project/hadoop-common/src/main/java/org/apache/hadoop/metrics2/impl/MetricsCollectorImpl.java,33
hadoop,org.apache.hadoop.metrics2.impl,MetricsSourceAdapter,15,0,23,6,202,43,0,0,0.17391304347826086,3,9,/Users/eashraf/hadoop/hadoop-common-project/hadoop-common/src/main/java/org/apache/hadoop/metrics2/impl/MetricsSourceAdapter.java,48
hadoop,org.apache.hadoop.metrics2.util,TestSampleQuantiles,2,0,4,4,61,9,0,0,0.0,0,2,/Users/eashraf/hadoop/hadoop-common-project/hadoop-common/src/test/java/org/apache/hadoop/metrics2/util/TestSampleQuantiles.java,32
hadoop,org.apache.hadoop.metrics2.util,TestSampleStat,1,0,1,1,39,1,0,0,0.0,0,1,/Users/eashraf/hadoop/hadoop-common-project/hadoop-common/src/test/java/org/apache/hadoop/metrics2/util/TestSampleStat.java,24
hadoop,org.apache.hadoop.metrics2.util,TestMetricsCache,1,0,8,4,82,10,0,0,0.0,0,3,/Users/eashraf/hadoop/hadoop-common-project/hadoop-common/src/test/java/org/apache/hadoop/metrics2/util/TestMetricsCache.java,35
hadoop,org.apache.hadoop.metrics2.util,SampleStat,10,0,12,11,126,13,0,0,0.0,2,0,/Users/eashraf/hadoop/hadoop-common-project/hadoop-common/src/main/java/org/apache/hadoop/metrics2/util/SampleStat.java,23
hadoop,org.apache.hadoop.metrics2.util,SampleStat.MinMax,4,0,0,0,27,0,0,0,-1.0,0,0,/Users/eashraf/hadoop/hadoop-common-project/hadoop-common/src/main/java/org/apache/hadoop/metrics2/util/SampleStat.java,140
hadoop,org.apache.hadoop.metrics2.util,Contracts,0,0,6,5,73,11,0,0,-1.0,0,0,/Users/eashraf/hadoop/hadoop-common-project/hadoop-common/src/main/java/org/apache/hadoop/metrics2/util/Contracts.java,23
hadoop,org.apache.hadoop.metrics2.util,MetricsCache,8,0,5,5,137,11,0,0,0.6,2,1,/Users/eashraf/hadoop/hadoop-common-project/hadoop-common/src/main/java/org/apache/hadoop/metrics2/util/MetricsCache.java,37
hadoop,org.apache.hadoop.metrics2.util,MetricsCache.RecordCache,2,0,0,0,12,0,0,0,-1.0,0,0,/Users/eashraf/hadoop/hadoop-common-project/hadoop-common/src/main/java/org/apache/hadoop/metrics2/util/MetricsCache.java,49
hadoop,org.apache.hadoop.metrics2.util,MetricsCache.Record,2,0,0,0,58,0,0,0,-1.0,0,0,/Users/eashraf/hadoop/hadoop-common-project/hadoop-common/src/main/java/org/apache/hadoop/metrics2/util/MetricsCache.java,66
hadoop,org.apache.hadoop.metrics2.util,Servers,0,0,2,1,29,4,0,0,-1.0,1,1,/Users/eashraf/hadoop/hadoop-common-project/hadoop-common/src/main/java/org/apache/hadoop/metrics2/util/Servers.java,33
hadoop,org.apache.hadoop.metrics2.util,Quantile,2,2,5,5,32,7,0,0,0.0,4,0,/Users/eashraf/hadoop/hadoop-common-project/hadoop-common/src/main/java/org/apache/hadoop/metrics2/util/Quantile.java,25
hadoop,org.apache.hadoop.metrics2.util,SampleQuantiles,8,3,11,7,212,29,0,0,0.0,3,1,/Users/eashraf/hadoop/hadoop-common-project/hadoop-common/src/main/java/org/apache/hadoop/metrics2/util/SampleQuantiles.java,33
hadoop,org.apache.hadoop.metrics2.util,SampleQuantiles.SampleItem,3,3,0,0,25,0,0,0,-1.0,0,0,/Users/eashraf/hadoop/hadoop-common-project/hadoop-common/src/main/java/org/apache/hadoop/metrics2/util/SampleQuantiles.java,290
hadoop,org.apache.hadoop.metrics2.util,MBeans,1,0,3,2,62,6,0,0,0.0,11,1,/Users/eashraf/hadoop/hadoop-common-project/hadoop-common/src/main/java/org/apache/hadoop/metrics2/util/MBeans.java,32
hadoop,org.apache.hadoop.metrics2.source,TestJvmMetrics,0,0,1,1,18,6,0,0,-1.0,0,5,/Users/eashraf/hadoop/hadoop-common-project/hadoop-common/src/test/java/org/apache/hadoop/metrics2/source/TestJvmMetrics.java,34
hadoop,org.apache.hadoop.metrics2.source,JvmMetrics,9,0,10,4,107,22,0,0,0.0,13,7,/Users/eashraf/hadoop/hadoop-common-project/hadoop-common/src/main/java/org/apache/hadoop/metrics2/source/JvmMetrics.java,43
hadoop,org.apache.hadoop.metrics2.source,JvmMetrics.Singleton,1,0,0,0,8,0,0,0,-1.0,0,1,/Users/eashraf/hadoop/hadoop-common-project/hadoop-common/src/main/java/org/apache/hadoop/metrics2/source/JvmMetrics.java,49
hadoop,org.apache.hadoop.metrics2.source,JvmMetricsInfo,1,0,3,2,14,3,0,0,0.0,1,0,/Users/eashraf/hadoop/hadoop-common-project/hadoop-common/src/main/java/org/apache/hadoop/metrics2/source/JvmMetricsInfo.java,26
hadoop,org.apache.hadoop.metrics2.sink,TestFileSink,3,0,3,2,65,4,0,0,0.0,0,5,/Users/eashraf/hadoop/hadoop-common-project/hadoop-common/src/test/java/org/apache/hadoop/metrics2/sink/TestFileSink.java,41
hadoop,org.apache.hadoop.metrics2.sink,TestFileSink.MyMetrics1,2,0,0,0,13,0,0,0,-1.0,0,2,/Users/eashraf/hadoop/hadoop-common-project/hadoop-common/src/test/java/org/apache/hadoop/metrics2/sink/TestFileSink.java,46
hadoop,org.apache.hadoop.metrics2.sink,TestFileSink.MyMetrics2,0,0,0,0,8,0,0,0,-1.0,0,1,/Users/eashraf/hadoop/hadoop-common-project/hadoop-common/src/test/java/org/apache/hadoop/metrics2/sink/TestFileSink.java,65
hadoop,org.apache.hadoop.metrics2.sink,FileSink,2,0,4,4,45,6,0,0,0.0,0,1,/Users/eashraf/hadoop/hadoop-common-project/hadoop-common/src/main/java/org/apache/hadoop/metrics2/sink/FileSink.java,36
hadoop,org.apache.hadoop.metrics2.sink,GraphiteSink,12,0,4,4,131,8,0,0,0.0,1,1,/Users/eashraf/hadoop/hadoop-common-project/hadoop-common/src/main/java/org/apache/hadoop/metrics2/sink/GraphiteSink.java,39
hadoop,org.apache.hadoop.metrics2.sink,GraphiteSink.Graphite,6,0,0,0,66,0,0,0,-1.0,0,0,/Users/eashraf/hadoop/hadoop-common-project/hadoop-common/src/main/java/org/apache/hadoop/metrics2/sink/GraphiteSink.java,128
hadoop,org.apache.hadoop.metrics2.sink.ganglia,GangliaMetricsTestHelper,0,0,1,1,13,1,0,0,-1.0,1,1,/Users/eashraf/hadoop/hadoop-common-project/hadoop-common/src/test/java/org/apache/hadoop/metrics2/sink/ganglia/GangliaMetricsTestHelper.java,23
hadoop,org.apache.hadoop.metrics2.sink.ganglia,TestGangliaSink,0,0,4,4,34,4,0,0,-1.0,0,1,/Users/eashraf/hadoop/hadoop-common-project/hadoop-common/src/test/java/org/apache/hadoop/metrics2/sink/ganglia/TestGangliaSink.java,32
hadoop,org.apache.hadoop.metrics2.sink.ganglia,GangliaSink30,4,1,5,3,153,26,1,1,0.0,2,5,/Users/eashraf/hadoop/hadoop-common-project/hadoop-common/src/main/java/org/apache/hadoop/metrics2/sink/ganglia/GangliaSink30.java,41
hadoop,org.apache.hadoop.metrics2.sink.ganglia,GangliaSink31,1,1,1,0,54,5,0,2,0.0,0,1,/Users/eashraf/hadoop/hadoop-common-project/hadoop-common/src/main/java/org/apache/hadoop/metrics2/sink/ganglia/GangliaSink31.java,26
hadoop,org.apache.hadoop.metrics2.sink.ganglia,GangliaConf,4,0,9,1,62,9,0,0,0.0,3,1,/Users/eashraf/hadoop/hadoop-common-project/hadoop-common/src/main/java/org/apache/hadoop/metrics2/sink/ganglia/GangliaConf.java,23
hadoop,org.apache.hadoop.metrics2.sink.ganglia,AbstractGangliaSink,27,15,13,2,199,27,1,0,0.15384615384615385,3,4,/Users/eashraf/hadoop/hadoop-common-project/hadoop-common/src/main/java/org/apache/hadoop/metrics2/sink/ganglia/AbstractGangliaSink.java,35
hadoop,org.apache.hadoop.metrics2.sink.ganglia,AbstractGangliaSink.GangliaSlope,0,0,0,0,4,0,0,0,-1.0,0,0,/Users/eashraf/hadoop/hadoop-common-project/hadoop-common/src/main/java/org/apache/hadoop/metrics2/sink/ganglia/AbstractGangliaSink.java,91
hadoop,org.apache.hadoop.metrics2.sink.ganglia,AbstractGangliaSink.GangliaConfType,0,0,0,0,4,0,0,0,-1.0,0,0,/Users/eashraf/hadoop/hadoop-common-project/hadoop-common/src/main/java/org/apache/hadoop/metrics2/sink/ganglia/AbstractGangliaSink.java,101
hadoop,org.apache.hadoop.metrics2.sink.ganglia,GangliaMetricVisitor,5,0,8,6,46,8,0,0,0.0,1,1,/Users/eashraf/hadoop/hadoop-common-project/hadoop-common/src/main/java/org/apache/hadoop/metrics2/sink/ganglia/GangliaMetricVisitor.java,25
hadoop,org.apache.hadoop.metrics2.lib,TestUniqNames,0,0,2,2,15,2,0,0,-1.0,0,1,/Users/eashraf/hadoop/hadoop-common-project/hadoop-common/src/test/java/org/apache/hadoop/metrics2/lib/TestUniqNames.java,24
hadoop,org.apache.hadoop.metrics2.lib,TestInterns,0,0,4,4,46,12,0,0,-1.0,0,2,/Users/eashraf/hadoop/hadoop-common-project/hadoop-common/src/test/java/org/apache/hadoop/metrics2/lib/TestInterns.java,28
hadoop,org.apache.hadoop.metrics2.lib,TestMutableMetrics,1,0,5,5,133,12,0,0,1.0,0,6,/Users/eashraf/hadoop/hadoop-common-project/hadoop-common/src/test/java/org/apache/hadoop/metrics2/lib/TestMutableMetrics.java,40
hadoop,org.apache.hadoop.metrics2.lib,TestMutableMetrics.TestProtocol,0,0,0,0,4,0,0,0,-1.0,0,0,/Users/eashraf/hadoop/hadoop-common-project/hadoop-common/src/test/java/org/apache/hadoop/metrics2/lib/TestMutableMetrics.java,99
hadoop,org.apache.hadoop.metrics2.lib,TestMetricsAnnotations,13,0,9,9,147,9,0,0,1.0,0,14,/Users/eashraf/hadoop/hadoop-common-project/hadoop-common/src/test/java/org/apache/hadoop/metrics2/lib/TestMetricsAnnotations.java,35
hadoop,org.apache.hadoop.metrics2.lib,TestMetricsAnnotations.MyMetrics,8,0,0,0,9,0,0,0,-1.0,0,7,/Users/eashraf/hadoop/hadoop-common-project/hadoop-common/src/test/java/org/apache/hadoop/metrics2/lib/TestMetricsAnnotations.java,37
hadoop,org.apache.hadoop.metrics2.lib,TestMetricsAnnotations.BadMetrics,1,0,0,0,3,0,0,0,-1.0,0,0,/Users/eashraf/hadoop/hadoop-common-project/hadoop-common/src/test/java/org/apache/hadoop/metrics2/lib/TestMetricsAnnotations.java,75
hadoop,org.apache.hadoop.metrics2.lib,TestMetricsAnnotations.MyMetrics2,0,0,0,0,23,0,0,0,-1.0,0,1,/Users/eashraf/hadoop/hadoop-common-project/hadoop-common/src/test/java/org/apache/hadoop/metrics2/lib/TestMetricsAnnotations.java,83
hadoop,org.apache.hadoop.metrics2.lib,TestMetricsAnnotations.BadMetrics2,0,0,0,0,5,0,0,0,-1.0,0,0,/Users/eashraf/hadoop/hadoop-common-project/hadoop-common/src/test/java/org/apache/hadoop/metrics2/lib/TestMetricsAnnotations.java,107
hadoop,org.apache.hadoop.metrics2.lib,TestMetricsAnnotations.BadMetrics3,0,0,0,0,5,0,0,0,-1.0,0,0,/Users/eashraf/hadoop/hadoop-common-project/hadoop-common/src/test/java/org/apache/hadoop/metrics2/lib/TestMetricsAnnotations.java,116
hadoop,org.apache.hadoop.metrics2.lib,TestMetricsAnnotations.MyMetrics3,0,0,0,0,5,0,0,0,-1.0,0,0,/Users/eashraf/hadoop/hadoop-common-project/hadoop-common/src/test/java/org/apache/hadoop/metrics2/lib/TestMetricsAnnotations.java,125
hadoop,org.apache.hadoop.metrics2.lib,TestMetricsAnnotations.HybridMetrics,2,0,0,0,11,0,0,0,-1.0,0,2,/Users/eashraf/hadoop/hadoop-common-project/hadoop-common/src/test/java/org/apache/hadoop/metrics2/lib/TestMetricsAnnotations.java,139
hadoop,org.apache.hadoop.metrics2.lib,TestMetricsAnnotations.BadHybridMetrics,1,0,0,0,6,0,0,0,-1.0,0,1,/Users/eashraf/hadoop/hadoop-common-project/hadoop-common/src/test/java/org/apache/hadoop/metrics2/lib/TestMetricsAnnotations.java,180
hadoop,org.apache.hadoop.metrics2.lib,TestMetricsAnnotations.EmptyMetrics,1,0,0,0,3,0,0,0,-1.0,0,0,/Users/eashraf/hadoop/hadoop-common-project/hadoop-common/src/test/java/org/apache/hadoop/metrics2/lib/TestMetricsAnnotations.java,195
hadoop,org.apache.hadoop.metrics2.lib,TestMetricsRegistry,0,0,12,11,103,12,0,0,-1.0,0,2,/Users/eashraf/hadoop/hadoop-common-project/hadoop-common/src/test/java/org/apache/hadoop/metrics2/lib/TestMetricsRegistry.java,31
hadoop,org.apache.hadoop.metrics2.lib,MetricsInfoImpl,2,0,6,5,29,7,0,0,0.0,0,1,/Users/eashraf/hadoop/hadoop-common-project/hadoop-common/src/main/java/org/apache/hadoop/metrics2/lib/MetricsInfoImpl.java,25
hadoop,org.apache.hadoop.metrics2.lib,MethodMetric,5,0,15,4,109,31,0,1,0.0,0,4,/Users/eashraf/hadoop/hadoop-common-project/hadoop-common/src/main/java/org/apache/hadoop/metrics2/lib/MethodMetric.java,34
hadoop,org.apache.hadoop.metrics2.lib,MutableStat,12,0,8,7,101,12,1,1,0.25,7,3,/Users/eashraf/hadoop/hadoop-common-project/hadoop-common/src/main/java/org/apache/hadoop/metrics2/lib/MutableStat.java,29
hadoop,org.apache.hadoop.metrics2.lib,MutableCounterInt,1,0,5,4,30,6,0,2,0.0,11,2,/Users/eashraf/hadoop/hadoop-common-project/hadoop-common/src/main/java/org/apache/hadoop/metrics2/lib/MutableCounterInt.java,28
hadoop,org.apache.hadoop.metrics2.lib,MutableQuantiles,9,1,4,4,78,9,0,1,0.0,12,4,/Users/eashraf/hadoop/hadoop-common-project/hadoop-common/src/main/java/org/apache/hadoop/metrics2/lib/MutableQuantiles.java,39
hadoop,org.apache.hadoop.metrics2.lib,MutableQuantiles.RolloverSample,1,0,0,0,17,0,0,0,-1.0,0,1,/Users/eashraf/hadoop/hadoop-common-project/hadoop-common/src/main/java/org/apache/hadoop/metrics2/lib/MutableQuantiles.java,137
hadoop,org.apache.hadoop.metrics2.lib,DefaultMetricsSystem,4,0,16,9,87,21,0,0,0.0,49,2,/Users/eashraf/hadoop/hadoop-common-project/hadoop-common/src/main/java/org/apache/hadoop/metrics2/lib/DefaultMetricsSystem.java,32
hadoop,org.apache.hadoop.metrics2.lib,Interns,12,0,3,3,107,3,0,0,0.0,6,1,/Users/eashraf/hadoop/hadoop-common-project/hadoop-common/src/main/java/org/apache/hadoop/metrics2/lib/Interns.java,31
hadoop,org.apache.hadoop.metrics2.lib,Interns.CacheWith2Keys,5,0,0,0,43,0,0,0,-1.0,0,0,/Users/eashraf/hadoop/hadoop-common-project/hadoop-common/src/main/java/org/apache/hadoop/metrics2/lib/Interns.java,41
hadoop,org.apache.hadoop.metrics2.lib,Interns.Info,1,0,0,0,13,0,0,0,-1.0,0,0,/Users/eashraf/hadoop/hadoop-common-project/hadoop-common/src/main/java/org/apache/hadoop/metrics2/lib/Interns.java,91
hadoop,org.apache.hadoop.metrics2.lib,Interns.Tags,1,0,0,0,13,0,0,0,-1.0,0,0,/Users/eashraf/hadoop/hadoop-common-project/hadoop-common/src/main/java/org/apache/hadoop/metrics2/lib/Interns.java,125
hadoop,org.apache.hadoop.metrics2.lib,UniqueNames,4,0,1,1,33,5,0,0,0.0,2,0,/Users/eashraf/hadoop/hadoop-common-project/hadoop-common/src/main/java/org/apache/hadoop/metrics2/lib/UniqueNames.java,28
hadoop,org.apache.hadoop.metrics2.lib,UniqueNames.Count,2,0,0,0,8,0,0,0,-1.0,0,0,/Users/eashraf/hadoop/hadoop-common-project/hadoop-common/src/main/java/org/apache/hadoop/metrics2/lib/UniqueNames.java,34
hadoop,org.apache.hadoop.metrics2.lib,MetricsRegistry,3,0,33,28,324,46,0,0,0.18181818181818182,35,12,/Users/eashraf/hadoop/hadoop-common-project/hadoop-common/src/main/java/org/apache/hadoop/metrics2/lib/MetricsRegistry.java,35
hadoop,org.apache.hadoop.metrics2.lib,MetricsSourceBuilder,7,0,7,3,113,24,0,0,0.0,4,6,/Users/eashraf/hadoop/hadoop-common-project/hadoop-common/src/main/java/org/apache/hadoop/metrics2/lib/MetricsSourceBuilder.java,38
hadoop,org.apache.hadoop.metrics2.lib,MutableCounter,1,0,3,1,16,3,2,1,0.6666666666666666,0,1,/Users/eashraf/hadoop/hadoop-common-project/hadoop-common/src/main/java/org/apache/hadoop/metrics2/lib/MutableCounter.java,27
hadoop,org.apache.hadoop.metrics2.lib,MutableGaugeInt,1,0,8,7,49,9,0,2,0.0,15,2,/Users/eashraf/hadoop/hadoop-common-project/hadoop-common/src/main/java/org/apache/hadoop/metrics2/lib/MutableGaugeInt.java,28
hadoop,org.apache.hadoop.metrics2.lib,MutableMetricsFactory,1,0,10,0,101,23,0,0,0.5,2,4,/Users/eashraf/hadoop/hadoop-common-project/hadoop-common/src/main/java/org/apache/hadoop/metrics2/lib/MutableMetricsFactory.java,34
hadoop,org.apache.hadoop.metrics2.lib,MutableGauge,1,0,4,2,20,4,2,1,0.75,0,1,/Users/eashraf/hadoop/hadoop-common-project/hadoop-common/src/main/java/org/apache/hadoop/metrics2/lib/MutableGauge.java,27
hadoop,org.apache.hadoop.metrics2.lib,MutableGaugeLong,1,0,8,7,49,9,0,2,0.0,10,2,/Users/eashraf/hadoop/hadoop-common-project/hadoop-common/src/main/java/org/apache/hadoop/metrics2/lib/MutableGaugeLong.java,28
hadoop,org.apache.hadoop.metrics2.lib,MutableMetric,1,0,5,3,37,5,6,0,0.4,4,1,/Users/eashraf/hadoop/hadoop-common-project/hadoop-common/src/main/java/org/apache/hadoop/metrics2/lib/MutableMetric.java,25
hadoop,org.apache.hadoop.metrics2.lib,MetricsAnnotations,0,0,2,2,16,2,0,0,-1.0,4,2,/Users/eashraf/hadoop/hadoop-common-project/hadoop-common/src/main/java/org/apache/hadoop/metrics2/lib/MetricsAnnotations.java,25
hadoop,org.apache.hadoop.metrics2.lib,MutableRates,3,0,4,3,40,6,0,1,0.0,4,2,/Users/eashraf/hadoop/hadoop-common-project/hadoop-common/src/main/java/org/apache/hadoop/metrics2/lib/MutableRates.java,34
hadoop,org.apache.hadoop.metrics2.lib,DefaultMetricsFactory,1,0,3,3,20,5,0,0,0.6666666666666666,1,1,/Users/eashraf/hadoop/hadoop-common-project/hadoop-common/src/main/java/org/apache/hadoop/metrics2/lib/DefaultMetricsFactory.java,24
hadoop,org.apache.hadoop.metrics2.lib,MutableCounterLong,1,0,5,4,30,6,0,2,0.0,24,2,/Users/eashraf/hadoop/hadoop-common-project/hadoop-common/src/main/java/org/apache/hadoop/metrics2/lib/MutableCounterLong.java,28
hadoop,org.apache.hadoop.metrics2.lib,MutableRate,0,0,1,0,8,1,0,2,-1.0,17,0,/Users/eashraf/hadoop/hadoop-common-project/hadoop-common/src/main/java/org/apache/hadoop/metrics2/lib/MutableRate.java,24
hadoop,org.apache.hadoop.metrics2.filter,TestPatternFilter,0,0,17,7,156,20,0,0,-1.0,0,5,/Users/eashraf/hadoop/hadoop-common-project/hadoop-common/src/test/java/org/apache/hadoop/metrics2/filter/TestPatternFilter.java,36
hadoop,org.apache.hadoop.metrics2.filter,AbstractPatternFilter,9,0,10,4,110,29,2,0,0.0,0,1,/Users/eashraf/hadoop/hadoop-common-project/hadoop-common/src/main/java/org/apache/hadoop/metrics2/filter/AbstractPatternFilter.java,33
hadoop,org.apache.hadoop.metrics2.filter,RegexFilter,0,0,1,0,8,1,0,1,-1.0,1,0,/Users/eashraf/hadoop/hadoop-common-project/hadoop-common/src/main/java/org/apache/hadoop/metrics2/filter/RegexFilter.java,26
hadoop,org.apache.hadoop.metrics2.filter,GlobFilter,0,0,1,0,8,1,0,1,-1.0,1,1,/Users/eashraf/hadoop/hadoop-common-project/hadoop-common/src/main/java/org/apache/hadoop/metrics2/filter/GlobFilter.java,27
hadoop,org.apache.hadoop.tracing,TestTraceUtils,0,0,2,2,21,2,0,0,-1.0,0,2,/Users/eashraf/hadoop/hadoop-common-project/hadoop-common/src/test/java/org/apache/hadoop/tracing/TestTraceUtils.java,27
hadoop,org.apache.hadoop.tracing,SpanReceiverHost,10,1,9,7,149,22,0,1,0.0,7,5,/Users/eashraf/hadoop/hadoop-common-project/hadoop-common/src/main/java/org/apache/hadoop/tracing/SpanReceiverHost.java,47
hadoop,org.apache.hadoop.tracing,SpanReceiverHost.SingletonHolder,2,0,0,0,3,0,0,0,-1.0,0,1,/Users/eashraf/hadoop/hadoop-common-project/hadoop-common/src/main/java/org/apache/hadoop/tracing/SpanReceiverHost.java,67
hadoop,org.apache.hadoop.tracing,TraceAdminProtocol,1,1,3,3,24,3,2,0,-1.0,2,2,/Users/eashraf/hadoop/hadoop-common-project/hadoop-common/src/main/java/org/apache/hadoop/tracing/TraceAdminProtocol.java,32
hadoop,org.apache.hadoop.tracing,TraceAdminProtocolServerSideTranslatorPB,1,0,7,7,53,10,0,1,0.42857142857142855,2,6,/Users/eashraf/hadoop/hadoop-common-project/hadoop-common/src/main/java/org/apache/hadoop/tracing/TraceAdminProtocolServerSideTranslatorPB.java,38
hadoop,org.apache.hadoop.tracing,SpanReceiverInfoBuilder,1,0,3,3,14,3,0,0,0.0,2,1,/Users/eashraf/hadoop/hadoop-common-project/hadoop-common/src/main/java/org/apache/hadoop/tracing/SpanReceiverInfoBuilder.java,24
hadoop,org.apache.hadoop.tracing,TraceAdminProtocolPB,0,0,0,0,2,0,1,0,-1.0,5,1,/Users/eashraf/hadoop/hadoop-common-project/hadoop-common/src/main/java/org/apache/hadoop/tracing/TraceAdminProtocolPB.java,29
hadoop,org.apache.hadoop.tracing,TraceAdminProtocolTranslatorPB,1,0,6,6,50,8,0,1,0.0,1,4,/Users/eashraf/hadoop/hadoop-common-project/hadoop-common/src/main/java/org/apache/hadoop/tracing/TraceAdminProtocolTranslatorPB.java,38
hadoop,org.apache.hadoop.tracing,TraceUtils,2,1,4,4,31,9,0,0,0.0,3,1,/Users/eashraf/hadoop/hadoop-common-project/hadoop-common/src/main/java/org/apache/hadoop/tracing/TraceUtils.java,29
hadoop,org.apache.hadoop.tracing,SpanReceiverInfo,5,0,3,2,29,3,0,0,0.0,8,0,/Users/eashraf/hadoop/hadoop-common-project/hadoop-common/src/main/java/org/apache/hadoop/tracing/SpanReceiverInfo.java,26
hadoop,org.apache.hadoop.tracing,SpanReceiverInfo.ConfigurationPair,2,0,0,0,14,0,0,0,-1.0,0,0,/Users/eashraf/hadoop/hadoop-common-project/hadoop-common/src/main/java/org/apache/hadoop/tracing/SpanReceiverInfo.java,34
hadoop,org.apache.hadoop.tracing,TraceAdmin,3,0,6,2,132,20,0,0,0.3333333333333333,1,10,/Users/eashraf/hadoop/hadoop-common-project/hadoop-common/src/main/java/org/apache/hadoop/tracing/TraceAdmin.java,40
hadoop,org.apache.hadoop.tracing,TestTracing,5,1,10,9,182,22,0,0,0.2,1,8,/Users/eashraf/hadoop/hadoop-hdfs-project/hadoop-hdfs/src/test/java/org/apache/hadoop/tracing/TestTracing.java,51
hadoop,org.apache.hadoop.tracing,TestTracing.SetSpanReceiver,1,1,0,0,30,0,0,0,-1.0,0,0,/Users/eashraf/hadoop/hadoop-hdfs-project/hadoop-hdfs/src/test/java/org/apache/hadoop/tracing/TestTracing.java,263
hadoop,org.apache.hadoop.tracing,TestTracing.SetHolder,1,1,0,0,18,0,0,0,-1.0,0,0,/Users/eashraf/hadoop/hadoop-hdfs-project/hadoop-hdfs/src/test/java/org/apache/hadoop/tracing/TestTracing.java,283
hadoop,org.apache.hadoop.tracing,TestTraceAdmin,1,0,3,1,50,3,0,0,0.6666666666666666,0,5,/Users/eashraf/hadoop/hadoop-hdfs-project/hadoop-hdfs/src/test/java/org/apache/hadoop/tracing/TestTraceAdmin.java,30
hadoop,org.apache.hadoop.tracing,TestTracingShortCircuitLocalRead,7,0,3,3,44,3,0,0,0.6666666666666666,0,13,/Users/eashraf/hadoop/hadoop-hdfs-project/hadoop-hdfs/src/test/java/org/apache/hadoop/tracing/TestTracingShortCircuitLocalRead.java,43
hadoop,org.apache.hadoop.crypto,TestCryptoStreamsNormal,2,0,14,12,50,14,0,1,0.7857142857142857,0,2,/Users/eashraf/hadoop/hadoop-common-project/hadoop-common/src/test/java/org/apache/hadoop/crypto/TestCryptoStreamsNormal.java,32
hadoop,org.apache.hadoop.crypto,TestOpensslCipher,2,0,3,3,59,3,0,0,0.6666666666666666,0,2,/Users/eashraf/hadoop/hadoop-common-project/hadoop-common/src/test/java/org/apache/hadoop/crypto/TestOpensslCipher.java,31
hadoop,org.apache.hadoop.crypto,TestCryptoStreamsForLocalFS,4,0,11,9,41,11,0,1,0.7272727272727273,0,8,/Users/eashraf/hadoop/hadoop-common-project/hadoop-common/src/test/java/org/apache/hadoop/crypto/TestCryptoStreamsForLocalFS.java,40
hadoop,org.apache.hadoop.crypto,TestCryptoStreamsWithOpensslAesCtrCryptoCodec,0,0,1,1,6,1,0,2,-1.0,0,2,/Users/eashraf/hadoop/hadoop-common-project/hadoop-common/src/test/java/org/apache/hadoop/crypto/TestCryptoStreamsWithOpensslAesCtrCryptoCodec.java,23
hadoop,org.apache.hadoop.crypto,CryptoStreamsTestBase,9,0,37,17,503,44,3,0,0.08108108108108109,0,5,/Users/eashraf/hadoop/hadoop-common-project/hadoop-common/src/test/java/org/apache/hadoop/crypto/CryptoStreamsTestBase.java,45
hadoop,org.apache.hadoop.crypto,TestCryptoCodec,9,0,9,4,196,25,0,0,0.0,0,12,/Users/eashraf/hadoop/hadoop-common-project/hadoop-common/src/test/java/org/apache/hadoop/crypto/TestCryptoCodec.java,49
hadoop,org.apache.hadoop.crypto,TestCryptoStreams,10,0,6,4,246,6,1,1,0.5,1,4,/Users/eashraf/hadoop/hadoop-common-project/hadoop-common/src/test/java/org/apache/hadoop/crypto/TestCryptoStreams.java,44
hadoop,org.apache.hadoop.crypto,TestCryptoStreams.FakeOutputStream,3,0,0,0,51,0,0,0,-1.0,0,1,/Users/eashraf/hadoop/hadoop-common-project/hadoop-common/src/test/java/org/apache/hadoop/crypto/TestCryptoStreams.java,91
hadoop,org.apache.hadoop.crypto,TestCryptoStreams.FakeInputStream,5,0,0,0,163,0,0,0,-1.0,0,0,/Users/eashraf/hadoop/hadoop-common-project/hadoop-common/src/test/java/org/apache/hadoop/crypto/TestCryptoStreams.java,162
hadoop,org.apache.hadoop.crypto,JceAesCtrCryptoCodec,7,0,6,6,88,6,0,2,0.3333333333333333,1,3,/Users/eashraf/hadoop/hadoop-common-project/hadoop-common/src/main/java/org/apache/hadoop/crypto/JceAesCtrCryptoCodec.java,40
hadoop,org.apache.hadoop.crypto,JceAesCtrCryptoCodec.JceAesCtrCipher,3,0,0,0,53,0,0,1,-1.0,0,0,/Users/eashraf/hadoop/hadoop-common-project/hadoop-common/src/main/java/org/apache/hadoop/crypto/JceAesCtrCryptoCodec.java,92
hadoop,org.apache.hadoop.crypto,CryptoOutputStream,13,0,17,12,181,29,0,0,0.17647058823529413,3,3,/Users/eashraf/hadoop/hadoop-common-project/hadoop-common/src/main/java/org/apache/hadoop/crypto/CryptoOutputStream.java,33
hadoop,org.apache.hadoop.crypto,CryptoStreamUtils,1,0,5,5,42,8,0,0,1.0,2,3,/Users/eashraf/hadoop/hadoop-common-project/hadoop-common/src/main/java/org/apache/hadoop/crypto/CryptoStreamUtils.java,33
hadoop,org.apache.hadoop.crypto,CryptoInputStream,18,0,42,25,559,86,0,0,0.21428571428571427,3,4,/Users/eashraf/hadoop/hadoop-common-project/hadoop-common/src/main/java/org/apache/hadoop/crypto/CryptoInputStream.java,46
hadoop,org.apache.hadoop.crypto,CipherOption,5,0,7,7,35,7,0,0,0.0,5,1,/Users/eashraf/hadoop/hadoop-common-project/hadoop-common/src/main/java/org/apache/hadoop/crypto/CipherOption.java,22
hadoop,org.apache.hadoop.crypto,CipherSuite,3,0,8,7,65,12,0,0,0.0,16,1,/Users/eashraf/hadoop/hadoop-common-project/hadoop-common/src/main/java/org/apache/hadoop/crypto/CipherSuite.java,24
hadoop,org.apache.hadoop.crypto,Decryptor,0,0,3,3,21,3,2,0,-1.0,4,0,/Users/eashraf/hadoop/hadoop-common-project/hadoop-common/src/main/java/org/apache/hadoop/crypto/Decryptor.java,26
hadoop,org.apache.hadoop.crypto,AesCtrCryptoCodec,2,0,2,2,29,4,2,1,1.0,0,1,/Users/eashraf/hadoop/hadoop-common-project/hadoop-common/src/main/java/org/apache/hadoop/crypto/AesCtrCryptoCodec.java,25
hadoop,org.apache.hadoop.crypto,Encryptor,0,0,3,3,21,3,2,0,-1.0,4,0,/Users/eashraf/hadoop/hadoop-common-project/hadoop-common/src/main/java/org/apache/hadoop/crypto/Encryptor.java,26
hadoop,org.apache.hadoop.crypto,OpensslAesCtrCryptoCodec,6,0,7,6,89,8,0,2,0.5714285714285714,0,6,/Users/eashraf/hadoop/hadoop-common-project/hadoop-common/src/main/java/org/apache/hadoop/crypto/OpensslAesCtrCryptoCodec.java,38
hadoop,org.apache.hadoop.crypto,OpensslAesCtrCryptoCodec.OpensslAesCtrCipher,3,0,0,0,43,0,0,1,-1.0,0,1,/Users/eashraf/hadoop/hadoop-common-project/hadoop-common/src/main/java/org/apache/hadoop/crypto/OpensslAesCtrCryptoCodec.java,101
hadoop,org.apache.hadoop.crypto,CryptoProtocolVersion,4,0,8,7,49,11,0,0,0.25,15,0,/Users/eashraf/hadoop/hadoop-common-project/hadoop-common/src/main/java/org/apache/hadoop/crypto/CryptoProtocolVersion.java,22
hadoop,org.apache.hadoop.crypto,CryptoCodec,1,1,8,7,95,14,1,0,0.625,15,6,/Users/eashraf/hadoop/hadoop-common-project/hadoop-common/src/main/java/org/apache/hadoop/crypto/CryptoCodec.java,39
hadoop,org.apache.hadoop.crypto,OpensslCipher,10,2,17,7,166,21,0,0,0.23529411764705882,6,1,/Users/eashraf/hadoop/hadoop-common-project/hadoop-common/src/main/java/org/apache/hadoop/crypto/OpensslCipher.java,37
hadoop,org.apache.hadoop.crypto,OpensslCipher.AlgMode,0,0,0,0,12,0,0,0,-1.0,0,0,/Users/eashraf/hadoop/hadoop-common-project/hadoop-common/src/main/java/org/apache/hadoop/crypto/OpensslCipher.java,49
hadoop,org.apache.hadoop.crypto,OpensslCipher.Padding,0,0,0,0,9,0,0,0,-1.0,0,0,/Users/eashraf/hadoop/hadoop-common-project/hadoop-common/src/main/java/org/apache/hadoop/crypto/OpensslCipher.java,64
hadoop,org.apache.hadoop.crypto,OpensslCipher.Transform,3,0,0,0,13,0,0,0,-1.0,0,0,/Users/eashraf/hadoop/hadoop-common-project/hadoop-common/src/main/java/org/apache/hadoop/crypto/OpensslCipher.java,131
hadoop,org.apache.hadoop.crypto,UnsupportedCodecException,1,0,4,4,33,4,0,0,1.0,0,0,/Users/eashraf/hadoop/hadoop-common-project/hadoop-common/src/main/java/org/apache/hadoop/crypto/UnsupportedCodecException.java,20
hadoop,org.apache.hadoop.crypto.key,TestKeyProviderDelegationTokenExtension,0,0,1,1,22,1,0,0,-1.0,0,6,/Users/eashraf/hadoop/hadoop-common-project/hadoop-common/src/test/java/org/apache/hadoop/crypto/key/TestKeyProviderDelegationTokenExtension.java,34
hadoop,org.apache.hadoop.crypto.key,TestKeyProviderDelegationTokenExtension.MockKeyProvider,0,0,0,0,5,0,0,1,-1.0,0,0,/Users/eashraf/hadoop/hadoop-common-project/hadoop-common/src/test/java/org/apache/hadoop/crypto/key/TestKeyProviderDelegationTokenExtension.java,36
hadoop,org.apache.hadoop.crypto.key,TestKeyProviderCryptoExtension,7,0,3,3,56,7,0,0,0.0,0,4,/Users/eashraf/hadoop/hadoop-common-project/hadoop-common/src/test/java/org/apache/hadoop/crypto/key/TestKeyProviderCryptoExtension.java,39
hadoop,org.apache.hadoop.crypto.key,FailureInjectingJavaKeyStoreProvider,3,1,5,4,39,7,0,2,0.6,1,2,/Users/eashraf/hadoop/hadoop-common-project/hadoop-common/src/test/java/org/apache/hadoop/crypto/key/FailureInjectingJavaKeyStoreProvider.java,27
hadoop,org.apache.hadoop.crypto.key,FailureInjectingJavaKeyStoreProvider.Factory,0,0,0,0,13,0,0,1,-1.0,0,1,/Users/eashraf/hadoop/hadoop-common-project/hadoop-common/src/test/java/org/apache/hadoop/crypto/key/FailureInjectingJavaKeyStoreProvider.java,62
hadoop,org.apache.hadoop.crypto.key,TestKeyProviderFactory,2,0,12,10,342,16,0,0,0.3333333333333333,0,14,/Users/eashraf/hadoop/hadoop-common-project/hadoop-common/src/test/java/org/apache/hadoop/crypto/key/TestKeyProviderFactory.java,47
hadoop,org.apache.hadoop.crypto.key,TestKeyShell,5,0,13,11,198,14,0,0,0.0,0,4,/Users/eashraf/hadoop/hadoop-common-project/hadoop-common/src/test/java/org/apache/hadoop/crypto/key/TestKeyShell.java,36
hadoop,org.apache.hadoop.crypto.key,TestKeyProvider,4,0,8,8,152,8,0,0,1.0,0,3,/Users/eashraf/hadoop/hadoop-common-project/hadoop-common/src/test/java/org/apache/hadoop/crypto/key/TestKeyProvider.java,42
hadoop,org.apache.hadoop.crypto.key,TestKeyProvider.MyKeyProvider,3,0,0,0,37,0,0,1,-1.0,0,0,/Users/eashraf/hadoop/hadoop-common-project/hadoop-common/src/test/java/org/apache/hadoop/crypto/key/TestKeyProvider.java,157
hadoop,org.apache.hadoop.crypto.key,TestValueQueue,3,0,8,8,118,8,0,0,0.0,0,1,/Users/eashraf/hadoop/hadoop-common-project/hadoop-common/src/test/java/org/apache/hadoop/crypto/key/TestValueQueue.java,33
hadoop,org.apache.hadoop.crypto.key,TestValueQueue.FillInfo,2,0,0,0,8,0,0,0,-1.0,0,0,/Users/eashraf/hadoop/hadoop-common-project/hadoop-common/src/test/java/org/apache/hadoop/crypto/key/TestValueQueue.java,35
hadoop,org.apache.hadoop.crypto.key,TestValueQueue.MockFiller,1,0,0,0,12,0,0,0,-1.0,0,0,/Users/eashraf/hadoop/hadoop-common-project/hadoop-common/src/test/java/org/apache/hadoop/crypto/key/TestValueQueue.java,44
hadoop,org.apache.hadoop.crypto.key,TestCachingKeyProvider,0,0,5,5,95,5,0,0,-1.0,0,2,/Users/eashraf/hadoop/hadoop-common-project/hadoop-common/src/test/java/org/apache/hadoop/crypto/key/TestCachingKeyProvider.java,28
hadoop,org.apache.hadoop.crypto.key,KeyProviderCryptoExtension,8,2,6,5,222,7,0,2,0.8333333333333334,14,2,/Users/eashraf/hadoop/hadoop-common-project/hadoop-common/src/main/java/org/apache/hadoop/crypto/key/KeyProviderCryptoExtension.java,37
hadoop,org.apache.hadoop.crypto.key,KeyProviderCryptoExtension.EncryptedKeyVersion,4,0,0,0,70,0,0,0,-1.0,0,0,/Users/eashraf/hadoop/hadoop-common-project/hadoop-common/src/main/java/org/apache/hadoop/crypto/key/KeyProviderCryptoExtension.java,56
hadoop,org.apache.hadoop.crypto.key,KeyProviderCryptoExtension.CryptoExtension,0,0,0,0,31,0,0,2,-1.0,0,1,/Users/eashraf/hadoop/hadoop-common-project/hadoop-common/src/main/java/org/apache/hadoop/crypto/key/KeyProviderCryptoExtension.java,169
hadoop,org.apache.hadoop.crypto.key,KeyProviderCryptoExtension.DefaultCryptoExtension,2,0,0,0,59,0,0,0,-1.0,0,2,/Users/eashraf/hadoop/hadoop-common-project/hadoop-common/src/main/java/org/apache/hadoop/crypto/key/KeyProviderCryptoExtension.java,232
hadoop,org.apache.hadoop.crypto.key,JavaKeyStoreProvider,18,4,25,9,507,66,1,1,0.0,8,9,/Users/eashraf/hadoop/hadoop-common-project/hadoop-common/src/main/java/org/apache/hadoop/crypto/key/JavaKeyStoreProvider.java,62
hadoop,org.apache.hadoop.crypto.key,JavaKeyStoreProvider.Factory,0,0,0,0,11,0,0,1,-1.0,0,0,/Users/eashraf/hadoop/hadoop-common-project/hadoop-common/src/main/java/org/apache/hadoop/crypto/key/JavaKeyStoreProvider.java,645
hadoop,org.apache.hadoop.crypto.key,JavaKeyStoreProvider.KeyMetadata,2,0,0,0,29,0,0,0,-1.0,0,0,/Users/eashraf/hadoop/hadoop-common-project/hadoop-common/src/main/java/org/apache/hadoop/crypto/key/JavaKeyStoreProvider.java,659
hadoop,org.apache.hadoop.crypto.key,UserProvider,4,1,11,10,114,25,0,1,0.2727272727272727,3,4,/Users/eashraf/hadoop/hadoop-common-project/hadoop-common/src/main/java/org/apache/hadoop/crypto/key/UserProvider.java,35
hadoop,org.apache.hadoop.crypto.key,UserProvider.Factory,0,0,0,0,8,0,0,1,-1.0,0,0,/Users/eashraf/hadoop/hadoop-common-project/hadoop-common/src/main/java/org/apache/hadoop/crypto/key/UserProvider.java,143
hadoop,org.apache.hadoop.crypto.key,KeyProviderDelegationTokenExtension,1,0,3,2,49,3,0,2,1.0,3,3,/Users/eashraf/hadoop/hadoop-common-project/hadoop-common/src/main/java/org/apache/hadoop/crypto/key/KeyProviderDelegationTokenExtension.java,25
hadoop,org.apache.hadoop.crypto.key,KeyProviderDelegationTokenExtension.DelegationTokenExtension,0,0,0,0,13,0,0,2,-1.0,0,1,/Users/eashraf/hadoop/hadoop-common-project/hadoop-common/src/main/java/org/apache/hadoop/crypto/key/KeyProviderDelegationTokenExtension.java,36
hadoop,org.apache.hadoop.crypto.key,KeyProviderDelegationTokenExtension.DefaultDelegationTokenExtension,0,0,0,0,8,0,0,0,-1.0,0,0,/Users/eashraf/hadoop/hadoop-common-project/hadoop-common/src/main/java/org/apache/hadoop/crypto/key/KeyProviderDelegationTokenExtension.java,56
hadoop,org.apache.hadoop.crypto.key,KeyShell,23,10,4,2,392,30,0,0,0.5,1,4,/Users/eashraf/hadoop/hadoop-common-project/hadoop-common/src/main/java/org/apache/hadoop/crypto/key/KeyShell.java,36
hadoop,org.apache.hadoop.crypto.key,KeyShell.Command,1,0,0,0,38,0,0,0,-1.0,0,1,/Users/eashraf/hadoop/hadoop-common-project/hadoop-common/src/main/java/org/apache/hadoop/crypto/key/KeyShell.java,216
hadoop,org.apache.hadoop.crypto.key,KeyShell.ListCommand,3,2,0,0,39,0,0,0,-1.0,0,0,/Users/eashraf/hadoop/hadoop-common-project/hadoop-common/src/main/java/org/apache/hadoop/crypto/key/KeyShell.java,259
hadoop,org.apache.hadoop.crypto.key,KeyShell.RollCommand,3,2,0,0,44,0,0,0,-1.0,0,0,/Users/eashraf/hadoop/hadoop-common-project/hadoop-common/src/main/java/org/apache/hadoop/crypto/key/KeyShell.java,312
hadoop,org.apache.hadoop.crypto.key,KeyShell.DeleteCommand,4,2,0,0,53,0,0,0,-1.0,0,0,/Users/eashraf/hadoop/hadoop-common-project/hadoop-common/src/main/java/org/apache/hadoop/crypto/key/KeyShell.java,369
hadoop,org.apache.hadoop.crypto.key,KeyShell.CreateCommand,4,2,0,0,47,0,0,0,-1.0,0,1,/Users/eashraf/hadoop/hadoop-common-project/hadoop-common/src/main/java/org/apache/hadoop/crypto/key/KeyShell.java,439
hadoop,org.apache.hadoop.crypto.key,KeyProvider,24,4,22,19,473,28,5,0,0.2727272727272727,28,1,/Users/eashraf/hadoop/hadoop-common-project/hadoop-common/src/main/java/org/apache/hadoop/crypto/key/KeyProvider.java,42
hadoop,org.apache.hadoop.crypto.key,KeyProvider.KeyVersion,3,0,0,0,42,0,0,0,-1.0,0,0,/Users/eashraf/hadoop/hadoop-common-project/hadoop-common/src/main/java/org/apache/hadoop/crypto/key/KeyProvider.java,62
hadoop,org.apache.hadoop.crypto.key,KeyProvider.Metadata,12,0,0,0,173,0,0,0,-1.0,0,0,/Users/eashraf/hadoop/hadoop-common-project/hadoop-common/src/main/java/org/apache/hadoop/crypto/key/KeyProvider.java,110
hadoop,org.apache.hadoop.crypto.key,KeyProvider.Options,4,0,0,0,49,0,0,0,-1.0,0,0,/Users/eashraf/hadoop/hadoop-common-project/hadoop-common/src/main/java/org/apache/hadoop/crypto/key/KeyProvider.java,293
hadoop,org.apache.hadoop.crypto.key,CachingKeyProvider,4,0,7,7,118,13,0,2,0.2857142857142857,1,2,/Users/eashraf/hadoop/hadoop-common-project/hadoop-common/src/main/java/org/apache/hadoop/crypto/key/CachingKeyProvider.java,29
hadoop,org.apache.hadoop.crypto.key,CachingKeyProvider.CacheExtension,4,0,0,0,39,0,0,2,-1.0,0,2,/Users/eashraf/hadoop/hadoop-common-project/hadoop-common/src/main/java/org/apache/hadoop/crypto/key/CachingKeyProvider.java,37
hadoop,org.apache.hadoop.crypto.key,CachingKeyProvider.KeyNotFoundException,0,0,0,0,2,0,0,0,-1.0,0,0,/Users/eashraf/hadoop/hadoop-common-project/hadoop-common/src/main/java/org/apache/hadoop/crypto/key/CachingKeyProvider.java,88
hadoop,org.apache.hadoop.crypto.key,KeyProviderExtension,2,0,17,15,65,17,6,1,0.0,6,1,/Users/eashraf/hadoop/hadoop-common-project/hadoop-common/src/main/java/org/apache/hadoop/crypto/key/KeyProviderExtension.java,25
hadoop,org.apache.hadoop.crypto.key,KeyProviderExtension.Extension,0,0,0,0,5,0,0,0,-1.0,0,0,/Users/eashraf/hadoop/hadoop-common-project/hadoop-common/src/main/java/org/apache/hadoop/crypto/key/KeyProviderExtension.java,33
hadoop,org.apache.hadoop.crypto.key,KeyProviderFactory,2,1,3,3,50,7,3,0,0.0,6,2,/Users/eashraf/hadoop/hadoop-common-project/hadoop-common/src/main/java/org/apache/hadoop/crypto/key/KeyProviderFactory.java,33
hadoop,org.apache.hadoop.crypto.key.kms,TestLoadBalancingKMSClientProvider,0,0,4,4,81,4,0,0,-1.0,0,4,/Users/eashraf/hadoop/hadoop-common-project/hadoop-common/src/test/java/org/apache/hadoop/crypto/key/kms/TestLoadBalancingKMSClientProvider.java,38
hadoop,org.apache.hadoop.crypto.key.kms,KMSClientProvider,25,6,41,25,598,80,0,0,0.12195121951219512,6,18,/Users/eashraf/hadoop/hadoop-common-project/hadoop-common/src/main/java/org/apache/hadoop/crypto/key/kms/KMSClientProvider.java,80
hadoop,org.apache.hadoop.crypto.key.kms,KMSClientProvider.EncryptedQueueRefiller,0,0,0,0,14,0,0,1,-1.0,0,2,/Users/eashraf/hadoop/hadoop-common-project/hadoop-common/src/main/java/org/apache/hadoop/crypto/key/kms/KMSClientProvider.java,121
hadoop,org.apache.hadoop.crypto.key.kms,KMSClientProvider.KMSEncryptedKeyVersion,0,0,0,0,5,0,0,0,-1.0,0,0,/Users/eashraf/hadoop/hadoop-common-project/hadoop-common/src/main/java/org/apache/hadoop/crypto/key/kms/KMSClientProvider.java,143
hadoop,org.apache.hadoop.crypto.key.kms,KMSClientProvider.Factory,0,0,0,0,49,0,0,0,-1.0,0,0,/Users/eashraf/hadoop/hadoop-common-project/hadoop-common/src/main/java/org/apache/hadoop/crypto/key/kms/KMSClientProvider.java,220
hadoop,org.apache.hadoop.crypto.key.kms,KMSClientProvider.TimeoutConnConfigurator,2,0,0,0,30,0,0,0,-1.0,0,1,/Users/eashraf/hadoop/hadoop-common-project/hadoop-common/src/main/java/org/apache/hadoop/crypto/key/kms/KMSClientProvider.java,326
hadoop,org.apache.hadoop.crypto.key.kms,KMSClientProvider.KMSKeyVersion,0,0,0,0,5,0,0,0,-1.0,0,0,/Users/eashraf/hadoop/hadoop-common-project/hadoop-common/src/main/java/org/apache/hadoop/crypto/key/kms/KMSClientProvider.java,568
hadoop,org.apache.hadoop.crypto.key.kms,KMSClientProvider.KMSMetadata,0,0,0,0,5,0,0,0,-1.0,0,0,/Users/eashraf/hadoop/hadoop-common-project/hadoop-common/src/main/java/org/apache/hadoop/crypto/key/kms/KMSClientProvider.java,604
hadoop,org.apache.hadoop.crypto.key.kms,ValueQueue,12,0,11,10,209,23,1,0,0.0,5,0,/Users/eashraf/hadoop/hadoop-common-project/hadoop-common/src/main/java/org/apache/hadoop/crypto/key/kms/ValueQueue.java,37
hadoop,org.apache.hadoop.crypto.key.kms,ValueQueue.QueueRefiller,0,0,0,0,13,0,0,0,-1.0,0,0,/Users/eashraf/hadoop/hadoop-common-project/hadoop-common/src/main/java/org/apache/hadoop/crypto/key/kms/ValueQueue.java,50
hadoop,org.apache.hadoop.crypto.key.kms,ValueQueue.NamedRunnable,1,0,0,0,9,0,0,0,-1.0,0,0,/Users/eashraf/hadoop/hadoop-common-project/hadoop-common/src/main/java/org/apache/hadoop/crypto/key/kms/ValueQueue.java,80
hadoop,org.apache.hadoop.crypto.key.kms,ValueQueue.UniqueKeyBlockingQueue,2,0,0,0,26,0,0,0,-1.0,0,0,/Users/eashraf/hadoop/hadoop-common-project/hadoop-common/src/main/java/org/apache/hadoop/crypto/key/kms/ValueQueue.java,90
hadoop,org.apache.hadoop.crypto.key.kms,ValueQueue.SyncGenerationPolicy,0,0,0,0,4,0,0,0,-1.0,0,0,/Users/eashraf/hadoop/hadoop-common-project/hadoop-common/src/main/java/org/apache/hadoop/crypto/key/kms/ValueQueue.java,134
hadoop,org.apache.hadoop.crypto.key.kms,KMSRESTConstants,28,28,0,0,33,0,0,0,-1.0,5,0,/Users/eashraf/hadoop/hadoop-common-project/hadoop-common/src/main/java/org/apache/hadoop/crypto/key/kms/KMSRESTConstants.java,22
hadoop,org.apache.hadoop.crypto.key.kms,LoadBalancingKMSClientProvider,3,1,38,33,235,47,0,0,0.39473684210526316,1,5,/Users/eashraf/hadoop/hadoop-common-project/hadoop-common/src/main/java/org/apache/hadoop/crypto/key/kms/LoadBalancingKMSClientProvider.java,42
hadoop,org.apache.hadoop.crypto.key.kms,LoadBalancingKMSClientProvider.ProviderCallable,0,0,0,0,3,0,0,0,-1.0,0,0,/Users/eashraf/hadoop/hadoop-common-project/hadoop-common/src/main/java/org/apache/hadoop/crypto/key/kms/LoadBalancingKMSClientProvider.java,56
hadoop,org.apache.hadoop.crypto.key.kms,LoadBalancingKMSClientProvider.WrapperException,0,0,0,0,5,0,0,0,-1.0,0,0,/Users/eashraf/hadoop/hadoop-common-project/hadoop-common/src/main/java/org/apache/hadoop/crypto/key/kms/LoadBalancingKMSClientProvider.java,60
hadoop,org.apache.hadoop.crypto.random,TestOpensslSecureRandom,0,0,6,5,65,11,0,0,-1.0,0,1,/Users/eashraf/hadoop/hadoop-common-project/hadoop-common/src/test/java/org/apache/hadoop/crypto/random/TestOpensslSecureRandom.java,24
hadoop,org.apache.hadoop.crypto.random,TestOsSecureRandom,0,0,8,6,83,14,0,0,-1.0,0,1,/Users/eashraf/hadoop/hadoop-common-project/hadoop-common/src/test/java/org/apache/hadoop/crypto/random/TestOsSecureRandom.java,29
hadoop,org.apache.hadoop.crypto.random,OsSecureRandom,8,1,7,5,73,11,0,0,0.2857142857142857,2,2,/Users/eashraf/hadoop/hadoop-common-project/hadoop-common/src/main/java/org/apache/hadoop/crypto/random/OsSecureRandom.java,36
hadoop,org.apache.hadoop.crypto.random,OpensslSecureRandom,4,0,7,4,63,10,0,0,0.42857142857142855,1,1,/Users/eashraf/hadoop/hadoop-common-project/hadoop-common/src/main/java/org/apache/hadoop/crypto/random/OpensslSecureRandom.java,30
hadoop,org.apache.hadoop.tools,GetGroupsTestBase,3,0,10,7,57,11,0,0,0.0,0,3,/Users/eashraf/hadoop/hadoop-common-project/hadoop-common/src/test/java/org/apache/hadoop/tools/GetGroupsTestBase.java,33
hadoop,org.apache.hadoop.tools,TableListing,12,0,3,2,205,19,0,0,0.0,2,0,/Users/eashraf/hadoop/hadoop-common-project/hadoop-common/src/main/java/org/apache/hadoop/tools/TableListing.java,27
hadoop,org.apache.hadoop.tools,TableListing.Justification,0,0,0,0,1,0,0,0,-1.0,0,0,/Users/eashraf/hadoop/hadoop-common-project/hadoop-common/src/main/java/org/apache/hadoop/tools/TableListing.java,40
hadoop,org.apache.hadoop.tools,TableListing.Column,5,0,0,0,63,0,0,0,-1.0,0,0,/Users/eashraf/hadoop/hadoop-common-project/hadoop-common/src/main/java/org/apache/hadoop/tools/TableListing.java,45
hadoop,org.apache.hadoop.tools,TableListing.Builder,3,0,0,0,57,0,0,0,-1.0,0,0,/Users/eashraf/hadoop/hadoop-common-project/hadoop-common/src/main/java/org/apache/hadoop/tools/TableListing.java,119
hadoop,org.apache.hadoop.tools,GetGroupsBase,1,0,5,1,56,8,0,0,0.0,0,5,/Users/eashraf/hadoop/hadoop-common-project/hadoop-common/src/main/java/org/apache/hadoop/tools/GetGroupsBase.java,31
hadoop,org.apache.hadoop.tools,GetUserMappingsProtocol,1,1,1,1,16,1,0,0,-1.0,6,0,/Users/eashraf/hadoop/hadoop-common-project/hadoop-common/src/main/java/org/apache/hadoop/tools/GetUserMappingsProtocol.java,26
hadoop,org.apache.hadoop.tools,TestDistCpSystem,4,0,8,4,120,17,0,0,0.0,0,6,/Users/eashraf/hadoop/hadoop-tools/hadoop-distcp/src/test/java/org/apache/hadoop/tools/TestDistCpSystem.java,36
hadoop,org.apache.hadoop.tools,TestDistCpSystem.FileEntry,2,0,0,0,14,0,0,0,-1.0,0,0,/Users/eashraf/hadoop/hadoop-tools/hadoop-distcp/src/test/java/org/apache/hadoop/tools/TestDistCpSystem.java,45
hadoop,org.apache.hadoop.tools,TestExternalCall,6,1,6,4,92,6,0,0,0.0,0,6,/Users/eashraf/hadoop/hadoop-tools/hadoop-distcp/src/test/java/org/apache/hadoop/tools/TestExternalCall.java,38
hadoop,org.apache.hadoop.tools,TestExternalCall.ExitException,2,1,0,0,8,0,0,0,-1.0,0,0,/Users/eashraf/hadoop/hadoop-tools/hadoop-distcp/src/test/java/org/apache/hadoop/tools/TestExternalCall.java,139
hadoop,org.apache.hadoop.tools,TestExternalCall.NoExitSecurityManager,0,0,0,0,10,0,0,0,-1.0,0,0,/Users/eashraf/hadoop/hadoop-tools/hadoop-distcp/src/test/java/org/apache/hadoop/tools/TestExternalCall.java,149
hadoop,org.apache.hadoop.tools,TestDistCpWithAcls,3,0,12,5,167,13,0,0,0.0,0,14,/Users/eashraf/hadoop/hadoop-tools/hadoop-distcp/src/test/java/org/apache/hadoop/tools/TestDistCpWithAcls.java,52
hadoop,org.apache.hadoop.tools,TestDistCpWithAcls.StubFileSystem,0,0,0,0,37,0,0,0,-1.0,0,1,/Users/eashraf/hadoop/hadoop-tools/hadoop-distcp/src/test/java/org/apache/hadoop/tools/TestDistCpWithAcls.java,156
hadoop,org.apache.hadoop.tools,TestDistCpWithRawXAttrs,16,0,8,5,93,14,0,0,0.0,0,8,/Users/eashraf/hadoop/hadoop-tools/hadoop-distcp/src/test/java/org/apache/hadoop/tools/TestDistCpWithRawXAttrs.java,37
hadoop,org.apache.hadoop.tools,StubContext,7,0,6,6,61,6,0,0,0.0,3,3,/Users/eashraf/hadoop/hadoop-tools/hadoop-distcp/src/test/java/org/apache/hadoop/tools/StubContext.java,32
hadoop,org.apache.hadoop.tools,StubContext.StubStatusReporter,1,0,0,0,18,0,0,0,-1.0,0,0,/Users/eashraf/hadoop/hadoop-tools/hadoop-distcp/src/test/java/org/apache/hadoop/tools/StubContext.java,71
hadoop,org.apache.hadoop.tools,StubContext.StubInMemoryWriter,2,0,0,0,16,0,0,0,-1.0,0,0,/Users/eashraf/hadoop/hadoop-tools/hadoop-distcp/src/test/java/org/apache/hadoop/tools/StubContext.java,110
hadoop,org.apache.hadoop.tools,TestDistCpWithXAttrs,26,0,7,5,160,8,0,0,0.0,0,9,/Users/eashraf/hadoop/hadoop-tools/hadoop-distcp/src/test/java/org/apache/hadoop/tools/TestDistCpWithXAttrs.java,45
hadoop,org.apache.hadoop.tools,TestDistCpWithXAttrs.StubFileSystem,0,0,0,0,37,0,0,0,-1.0,0,1,/Users/eashraf/hadoop/hadoop-tools/hadoop-distcp/src/test/java/org/apache/hadoop/tools/TestDistCpWithXAttrs.java,186
hadoop,org.apache.hadoop.tools,TestIntegration,5,0,35,21,479,40,0,0,0.0,0,9,/Users/eashraf/hadoop/hadoop-tools/hadoop-distcp/src/test/java/org/apache/hadoop/tools/TestIntegration.java,41
hadoop,org.apache.hadoop.tools,TestIntegration.CustomCopyListing,0,0,0,0,8,0,0,2,-1.0,0,0,/Users/eashraf/hadoop/hadoop-tools/hadoop-distcp/src/test/java/org/apache/hadoop/tools/TestIntegration.java,264
hadoop,org.apache.hadoop.tools,TestOptionsParser,0,0,26,26,311,27,0,0,-1.0,0,6,/Users/eashraf/hadoop/hadoop-tools/hadoop-distcp/src/test/java/org/apache/hadoop/tools/TestOptionsParser.java,33
hadoop,org.apache.hadoop.tools,TestCopyListing,4,0,13,9,240,15,0,2,0.3076923076923077,0,14,/Users/eashraf/hadoop/hadoop-tools/hadoop-distcp/src/test/java/org/apache/hadoop/tools/TestCopyListing.java,46
hadoop,org.apache.hadoop.tools,TestDistCpViewFs,5,0,29,17,371,35,0,0,0.0,0,6,/Users/eashraf/hadoop/hadoop-tools/hadoop-distcp/src/test/java/org/apache/hadoop/tools/TestDistCpViewFs.java,39
hadoop,org.apache.hadoop.tools,TestGlobbedCopyListing,3,1,8,3,79,11,0,0,0.0,0,10,/Users/eashraf/hadoop/hadoop-tools/hadoop-distcp/src/test/java/org/apache/hadoop/tools/TestGlobbedCopyListing.java,41
hadoop,org.apache.hadoop.tools,TestFileBasedCopyListing,6,0,33,17,417,40,0,0,0.0,0,13,/Users/eashraf/hadoop/hadoop-tools/hadoop-distcp/src/test/java/org/apache/hadoop/tools/TestFileBasedCopyListing.java,42
hadoop,org.apache.hadoop.tools,DistCpOptions,20,0,46,45,418,55,0,0,0.043478260869565216,17,5,/Users/eashraf/hadoop/hadoop-tools/hadoop-distcp/src/main/java/org/apache/hadoop/tools/DistCpOptions.java,30
hadoop,org.apache.hadoop.tools,DistCpOptions.FileAttribute,0,0,0,0,9,0,0,0,-1.0,0,0,/Users/eashraf/hadoop/hadoop-tools/hadoop-distcp/src/main/java/org/apache/hadoop/tools/DistCpOptions.java,70
hadoop,org.apache.hadoop.tools,DistCpOptionSwitch,3,1,7,6,98,7,0,0,0.0,7,2,/Users/eashraf/hadoop/hadoop-tools/hadoop-distcp/src/main/java/org/apache/hadoop/tools/DistCpOptionSwitch.java,24
hadoop,org.apache.hadoop.tools,DistCpConstants,46,45,0,0,72,0,0,0,-1.0,21,0,/Users/eashraf/hadoop/hadoop-tools/hadoop-distcp/src/main/java/org/apache/hadoop/tools/DistCpConstants.java,21
hadoop,org.apache.hadoop.tools,OptionsParser,2,0,3,2,174,32,0,0,0.0,2,4,/Users/eashraf/hadoop/hadoop-tools/hadoop-distcp/src/main/java/org/apache/hadoop/tools/OptionsParser.java,29
hadoop,org.apache.hadoop.tools,OptionsParser.CustomParser,0,0,0,0,10,0,0,0,-1.0,0,1,/Users/eashraf/hadoop/hadoop-tools/hadoop-distcp/src/main/java/org/apache/hadoop/tools/OptionsParser.java,48
hadoop,org.apache.hadoop.tools,SimpleCopyListing,3,0,15,2,212,46,2,1,0.26666666666666666,2,12,/Users/eashraf/hadoop/hadoop-tools/hadoop-distcp/src/main/java/org/apache/hadoop/tools/SimpleCopyListing.java,43
hadoop,org.apache.hadoop.tools,GlobbedCopyListing,2,0,5,2,60,9,0,1,0.4,2,8,/Users/eashraf/hadoop/hadoop-tools/hadoop-distcp/src/main/java/org/apache/hadoop/tools/GlobbedCopyListing.java,33
hadoop,org.apache.hadoop.tools,CopyListing,1,0,10,2,167,18,3,0,0.2,9,12,/Users/eashraf/hadoop/hadoop-tools/hadoop-distcp/src/main/java/org/apache/hadoop/tools/CopyListing.java,38
hadoop,org.apache.hadoop.tools,CopyListing.DuplicateFileException,0,0,0,0,5,0,0,0,-1.0,0,0,/Users/eashraf/hadoop/hadoop-tools/hadoop-distcp/src/main/java/org/apache/hadoop/tools/CopyListing.java,252
hadoop,org.apache.hadoop.tools,CopyListing.InvalidInputException,0,0,0,0,5,0,0,0,-1.0,0,0,/Users/eashraf/hadoop/hadoop-tools/hadoop-distcp/src/main/java/org/apache/hadoop/tools/CopyListing.java,258
hadoop,org.apache.hadoop.tools,CopyListing.AclsNotSupportedException,0,0,0,0,5,0,0,0,-1.0,0,0,/Users/eashraf/hadoop/hadoop-tools/hadoop-distcp/src/main/java/org/apache/hadoop/tools/CopyListing.java,264
hadoop,org.apache.hadoop.tools,CopyListing.XAttrsNotSupportedException,0,0,0,0,5,0,0,0,-1.0,0,0,/Users/eashraf/hadoop/hadoop-tools/hadoop-distcp/src/main/java/org/apache/hadoop/tools/CopyListing.java,270
hadoop,org.apache.hadoop.tools,FileBasedCopyListing,1,0,6,2,60,7,0,1,0.3333333333333333,1,8,/Users/eashraf/hadoop/hadoop-tools/hadoop-distcp/src/main/java/org/apache/hadoop/tools/FileBasedCopyListing.java,34
hadoop,org.apache.hadoop.tools,CopyListingFileStatus,7,0,11,11,141,25,0,0,0.2727272727272727,14,6,/Users/eashraf/hadoop/hadoop-tools/hadoop-distcp/src/main/java/org/apache/hadoop/tools/CopyListingFileStatus.java,42
hadoop,org.apache.hadoop.tools,DistCp,11,2,17,5,323,31,0,0,0.11764705882352941,4,16,/Users/eashraf/hadoop/hadoop-tools/hadoop-distcp/src/main/java/org/apache/hadoop/tools/DistCp.java,45
hadoop,org.apache.hadoop.tools,DistCp.Cleanup,1,0,0,0,10,0,0,0,-1.0,0,1,/Users/eashraf/hadoop/hadoop-tools/hadoop-distcp/src/main/java/org/apache/hadoop/tools/DistCp.java,436
hadoop,org.apache.hadoop.tools,TestLogalyzer,5,0,3,1,66,3,0,0,0.0,0,5,/Users/eashraf/hadoop/hadoop-tools/hadoop-extras/src/test/java/org/apache/hadoop/tools/TestLogalyzer.java,36
hadoop,org.apache.hadoop.tools,TestCopyFiles,12,0,32,16,800,79,0,0,0.125,0,15,/Users/eashraf/hadoop/hadoop-tools/hadoop-extras/src/test/java/org/apache/hadoop/tools/TestCopyFiles.java,55
hadoop,org.apache.hadoop.tools,TestCopyFiles.MyFile,7,0,0,0,54,0,0,0,-1.0,0,0,/Users/eashraf/hadoop/hadoop-tools/hadoop-extras/src/test/java/org/apache/hadoop/tools/TestCopyFiles.java,76
hadoop,org.apache.hadoop.tools,TestDistCh,10,0,3,1,140,6,0,0,0.0,0,11,/Users/eashraf/hadoop/hadoop-tools/hadoop-extras/src/test/java/org/apache/hadoop/tools/TestDistCh.java,44
hadoop,org.apache.hadoop.tools,TestDistCh.FileTree,4,0,0,0,40,0,0,0,-1.0,0,2,/Users/eashraf/hadoop/hadoop-tools/hadoop-extras/src/test/java/org/apache/hadoop/tools/TestDistCh.java,69
hadoop,org.apache.hadoop.tools,TestDistCh.ChPermissionStatus,1,0,0,0,10,0,0,0,-1.0,0,0,/Users/eashraf/hadoop/hadoop-tools/hadoop-extras/src/test/java/org/apache/hadoop/tools/TestDistCh.java,115
hadoop,org.apache.hadoop.tools,DistCpV1,51,2,23,7,1187,102,0,0,0.08695652173913043,2,21,/Users/eashraf/hadoop/hadoop-tools/hadoop-extras/src/main/java/org/apache/hadoop/tools/DistCpV1.java,80
hadoop,org.apache.hadoop.tools,DistCpV1.Counter,0,0,0,0,1,0,0,0,-1.0,0,0,/Users/eashraf/hadoop/hadoop-tools/hadoop-extras/src/main/java/org/apache/hadoop/tools/DistCpV1.java,138
hadoop,org.apache.hadoop.tools,DistCpV1.Options,2,0,0,0,16,0,0,0,-1.0,0,1,/Users/eashraf/hadoop/hadoop-tools/hadoop-extras/src/main/java/org/apache/hadoop/tools/DistCpV1.java,139
hadoop,org.apache.hadoop.tools,DistCpV1.FileAttribute,1,0,0,0,28,0,0,0,-1.0,0,0,/Users/eashraf/hadoop/hadoop-tools/hadoop-extras/src/main/java/org/apache/hadoop/tools/DistCpV1.java,167
hadoop,org.apache.hadoop.tools,DistCpV1.FilePair,2,0,0,0,24,0,0,0,-1.0,0,1,/Users/eashraf/hadoop/hadoop-tools/hadoop-extras/src/main/java/org/apache/hadoop/tools/DistCpV1.java,233
hadoop,org.apache.hadoop.tools,DistCpV1.CopyInputFormat,0,0,0,0,51,0,0,0,-1.0,0,0,/Users/eashraf/hadoop/hadoop-tools/hadoop-extras/src/main/java/org/apache/hadoop/tools/DistCpV1.java,257
hadoop,org.apache.hadoop.tools,DistCpV1.CopyFilesMapper,14,0,0,0,282,0,0,0,-1.0,0,4,/Users/eashraf/hadoop/hadoop-tools/hadoop-extras/src/main/java/org/apache/hadoop/tools/DistCpV1.java,322
hadoop,org.apache.hadoop.tools,DistCpV1.Arguments,10,0,0,0,141,0,0,0,-1.0,0,2,/Users/eashraf/hadoop/hadoop-tools/hadoop-extras/src/main/java/org/apache/hadoop/tools/DistCpV1.java,853
hadoop,org.apache.hadoop.tools,DistCpV1.DuplicationException,2,1,0,0,13,0,0,0,-1.0,0,0,/Users/eashraf/hadoop/hadoop-tools/hadoop-extras/src/main/java/org/apache/hadoop/tools/DistCpV1.java,1666
hadoop,org.apache.hadoop.tools,DistTool,5,1,8,2,83,15,1,0,0.75,1,5,/Users/eashraf/hadoop/hadoop-tools/hadoop-extras/src/main/java/org/apache/hadoop/tools/DistTool.java,40
hadoop,org.apache.hadoop.tools,DistTool.DuplicationException,2,1,0,0,13,0,0,0,-1.0,0,0,/Users/eashraf/hadoop/hadoop-tools/hadoop-extras/src/main/java/org/apache/hadoop/tools/DistTool.java,109
hadoop,org.apache.hadoop.tools,Logalyzer,8,2,3,3,196,15,0,0,0.0,1,14,/Users/eashraf/hadoop/hadoop-tools/hadoop-extras/src/main/java/org/apache/hadoop/tools/Logalyzer.java,53
hadoop,org.apache.hadoop.tools,Logalyzer.LogRegexMapper,1,0,0,0,16,0,0,0,-1.0,0,1,/Users/eashraf/hadoop/hadoop-tools/hadoop-extras/src/main/java/org/apache/hadoop/tools/Logalyzer.java,84
hadoop,org.apache.hadoop.tools,Logalyzer.LogComparator,4,0,0,0,60,0,0,0,-1.0,0,1,/Users/eashraf/hadoop/hadoop-tools/hadoop-extras/src/main/java/org/apache/hadoop/tools/Logalyzer.java,108
hadoop,org.apache.hadoop.tools,DistCh,19,0,9,2,406,33,0,1,0.2222222222222222,0,13,/Users/eashraf/hadoop/hadoop-tools/hadoop-extras/src/main/java/org/apache/hadoop/tools/DistCh.java,52
hadoop,org.apache.hadoop.tools,DistCh.Counter,0,0,0,0,1,0,0,0,-1.0,0,0,/Users/eashraf/hadoop/hadoop-tools/hadoop-extras/src/main/java/org/apache/hadoop/tools/DistCh.java,78
hadoop,org.apache.hadoop.tools,DistCh.Option,2,0,0,0,6,0,0,0,-1.0,0,0,/Users/eashraf/hadoop/hadoop-tools/hadoop-extras/src/main/java/org/apache/hadoop/tools/DistCh.java,80
hadoop,org.apache.hadoop.tools,DistCh.FileOperation,5,0,0,0,95,0,0,0,-1.0,0,2,/Users/eashraf/hadoop/hadoop-tools/hadoop-extras/src/main/java/org/apache/hadoop/tools/DistCh.java,109
hadoop,org.apache.hadoop.tools,DistCh.ChangeInputFormat,0,0,0,0,53,0,0,0,-1.0,0,0,/Users/eashraf/hadoop/hadoop-tools/hadoop-extras/src/main/java/org/apache/hadoop/tools/DistCh.java,214
hadoop,org.apache.hadoop.tools,DistCh.ChangeFilesMapper,4,0,0,0,48,0,0,0,-1.0,0,1,/Users/eashraf/hadoop/hadoop-tools/hadoop-extras/src/main/java/org/apache/hadoop/tools/DistCh.java,270
hadoop,org.apache.hadoop.tools,TestHadoopArchives,8,1,25,9,527,66,0,0,0.0,0,14,/Users/eashraf/hadoop/hadoop-tools/hadoop-archives/src/test/java/org/apache/hadoop/tools/TestHadoopArchives.java,54
hadoop,org.apache.hadoop.tools,HadoopArchives,47,1,13,5,661,56,0,0,0.0,1,18,/Users/eashraf/hadoop/hadoop-tools/hadoop-archives/src/main/java/org/apache/hadoop/tools/HadoopArchives.java,73
hadoop,org.apache.hadoop.tools,HadoopArchives.HarEntry,2,0,0,0,39,0,0,0,-1.0,0,0,/Users/eashraf/hadoop/hadoop-tools/hadoop-archives/src/main/java/org/apache/hadoop/tools/HadoopArchives.java,171
hadoop,org.apache.hadoop.tools,HadoopArchives.HArchiveInputFormat,0,0,0,0,46,0,0,0,-1.0,0,0,/Users/eashraf/hadoop/hadoop-tools/hadoop-archives/src/main/java/org/apache/hadoop/tools/HadoopArchives.java,216
hadoop,org.apache.hadoop.tools,HadoopArchives.FileStatusDir,2,0,0,0,37,0,0,0,-1.0,0,1,/Users/eashraf/hadoop/hadoop-tools/hadoop-archives/src/main/java/org/apache/hadoop/tools/HadoopArchives.java,407
hadoop,org.apache.hadoop.tools,HadoopArchives.HArchivesMapper,11,0,0,0,96,0,0,0,-1.0,0,5,/Users/eashraf/hadoop/hadoop-tools/hadoop-archives/src/main/java/org/apache/hadoop/tools/HadoopArchives.java,564
hadoop,org.apache.hadoop.tools,HadoopArchives.HArchivesReducer,13,0,0,0,69,0,0,0,-1.0,0,4,/Users/eashraf/hadoop/hadoop-tools/hadoop-archives/src/main/java/org/apache/hadoop/tools/HadoopArchives.java,704
hadoop,org.apache.hadoop.tools,FakeRenewer,3,1,7,7,28,7,0,0,0.42857142857142855,1,3,/Users/eashraf/hadoop/hadoop-hdfs-project/hadoop-hdfs/src/test/java/org/apache/hadoop/tools/FakeRenewer.java,27
hadoop,org.apache.hadoop.tools,TestTools,3,0,11,6,102,17,0,0,0.0,0,4,/Users/eashraf/hadoop/hadoop-hdfs-project/hadoop-hdfs/src/test/java/org/apache/hadoop/tools/TestTools.java,37
hadoop,org.apache.hadoop.tools,TestJMXGet,5,0,5,4,82,8,0,0,0.0,0,5,/Users/eashraf/hadoop/hadoop-hdfs-project/hadoop-hdfs/src/test/java/org/apache/hadoop/tools/TestJMXGet.java,53
hadoop,org.apache.hadoop.net,TestScriptBasedMapping,0,0,6,5,39,6,0,0,-1.0,0,3,/Users/eashraf/hadoop/hadoop-common-project/hadoop-common/src/test/java/org/apache/hadoop/net/TestScriptBasedMapping.java,28
hadoop,org.apache.hadoop.net,TestStaticMapping,1,0,15,8,153,16,0,0,0.0,0,7,/Users/eashraf/hadoop/hadoop-common-project/hadoop-common/src/test/java/org/apache/hadoop/net/TestStaticMapping.java,32
hadoop,org.apache.hadoop.net,TestSocketIOWithTimeout,5,0,3,2,93,8,0,0,0.0,0,8,/Users/eashraf/hadoop/hadoop-common-project/hadoop-common/src/test/java/org/apache/hadoop/net/TestSocketIOWithTimeout.java,41
hadoop,org.apache.hadoop.net,TestSwitchMapping,0,0,5,5,60,5,0,0,-1.0,0,6,/Users/eashraf/hadoop/hadoop-common-project/hadoop-common/src/test/java/org/apache/hadoop/net/TestSwitchMapping.java,28
hadoop,org.apache.hadoop.net,TestSwitchMapping.StandaloneSwitchMapping,0,0,0,0,12,0,0,1,-1.0,0,0,/Users/eashraf/hadoop/hadoop-common-project/hadoop-common/src/test/java/org/apache/hadoop/net/TestSwitchMapping.java,109
hadoop,org.apache.hadoop.net,TestDNS,2,0,9,8,106,10,0,0,0.3333333333333333,0,2,/Users/eashraf/hadoop/hadoop-common-project/hadoop-common/src/test/java/org/apache/hadoop/net/TestDNS.java,33
hadoop,org.apache.hadoop.net,TestNetworkTopologyWithNodeGroup,4,0,9,8,119,13,0,0,0.0,0,3,/Users/eashraf/hadoop/hadoop-common-project/hadoop-common/src/test/java/org/apache/hadoop/net/TestNetworkTopologyWithNodeGroup.java,30
hadoop,org.apache.hadoop.net,StaticMapping,2,1,10,10,90,15,0,2,0.4,5,2,/Users/eashraf/hadoop/hadoop-common-project/hadoop-common/src/test/java/org/apache/hadoop/net/StaticMapping.java,27
hadoop,org.apache.hadoop.net,TestScriptBasedMappingWithDependency,0,0,6,5,42,6,0,0,-1.0,0,4,/Users/eashraf/hadoop/hadoop-common-project/hadoop-common/src/test/java/org/apache/hadoop/net/TestScriptBasedMappingWithDependency.java,28
hadoop,org.apache.hadoop.net,TestNetUtils,8,0,58,42,428,68,0,0,0.5517241379310345,1,5,/Users/eashraf/hadoop/hadoop-common-project/hadoop-common/src/test/java/org/apache/hadoop/net/TestNetUtils.java,53
hadoop,org.apache.hadoop.net,TestClusterTopology,4,0,2,1,61,2,0,0,0.0,0,3,/Users/eashraf/hadoop/hadoop-common-project/hadoop-common/src/test/java/org/apache/hadoop/net/TestClusterTopology.java,26
hadoop,org.apache.hadoop.net,TestClusterTopology.NodeElement,4,0,0,0,30,0,0,1,-1.0,0,1,/Users/eashraf/hadoop/hadoop-common-project/hadoop-common/src/test/java/org/apache/hadoop/net/TestClusterTopology.java,28
hadoop,org.apache.hadoop.net,TestTableMapping,2,0,6,6,105,6,0,0,0.0,0,3,/Users/eashraf/hadoop/hadoop-common-project/hadoop-common/src/test/java/org/apache/hadoop/net/TestTableMapping.java,36
hadoop,org.apache.hadoop.net,TableMapping,2,0,5,4,89,5,0,3,0.4,1,2,/Users/eashraf/hadoop/hadoop-common-project/hadoop-common/src/main/java/org/apache/hadoop/net/TableMapping.java,41
hadoop,org.apache.hadoop.net,TableMapping.RawTableMapping,1,0,0,0,66,0,0,1,-1.0,0,1,/Users/eashraf/hadoop/hadoop-common-project/hadoop-common/src/main/java/org/apache/hadoop/net/TableMapping.java,88
hadoop,org.apache.hadoop.net,StandardSocketFactory,0,0,8,8,43,10,0,0,-1.0,0,0,/Users/eashraf/hadoop/hadoop-common-project/hadoop-common/src/main/java/org/apache/hadoop/net/StandardSocketFactory.java,32
hadoop,org.apache.hadoop.net,SocksSocketFactory,2,0,12,11,80,20,0,0,0.0,0,1,/Users/eashraf/hadoop/hadoop-common-project/hadoop-common/src/main/java/org/apache/hadoop/net/SocksSocketFactory.java,34
hadoop,org.apache.hadoop.net,CachedDNSToSwitchMapping,2,0,10,7,96,18,2,2,0.0,2,2,/Users/eashraf/hadoop/hadoop-common-project/hadoop-common/src/main/java/org/apache/hadoop/net/CachedDNSToSwitchMapping.java,29
hadoop,org.apache.hadoop.net,ScriptBasedMapping,8,1,7,6,178,7,2,3,0.42857142857142855,7,4,/Users/eashraf/hadoop/hadoop-common-project/hadoop-common/src/main/java/org/apache/hadoop/net/ScriptBasedMapping.java,32
hadoop,org.apache.hadoop.net,ScriptBasedMapping.RawScriptBasedMapping,3,0,0,0,111,0,0,2,-1.0,0,1,/Users/eashraf/hadoop/hadoop-common-project/hadoop-common/src/main/java/org/apache/hadoop/net/ScriptBasedMapping.java,140
hadoop,org.apache.hadoop.net,Node,0,0,7,7,36,7,2,0,-1.0,18,0,/Users/eashraf/hadoop/hadoop-common-project/hadoop-common/src/main/java/org/apache/hadoop/net/Node.java,23
hadoop,org.apache.hadoop.net,AbstractDNSToSwitchMapping,1,0,9,6,72,11,3,1,0.4444444444444444,4,3,/Users/eashraf/hadoop/hadoop-common-project/hadoop-common/src/main/java/org/apache/hadoop/net/AbstractDNSToSwitchMapping.java,31
hadoop,org.apache.hadoop.net,SocketOutputStream,2,0,12,12,132,21,0,0,0.16666666666666666,3,2,/Users/eashraf/hadoop/hadoop-common-project/hadoop-common/src/main/java/org/apache/hadoop/net/SocketOutputStream.java,37
hadoop,org.apache.hadoop.net,SocketOutputStream.Writer,1,0,0,0,10,0,0,1,-1.0,0,0,/Users/eashraf/hadoop/hadoop-common-project/hadoop-common/src/main/java/org/apache/hadoop/net/SocketOutputStream.java,53
hadoop,org.apache.hadoop.net,ConnectTimeoutException,1,0,1,1,9,1,0,0,0.0,1,0,/Users/eashraf/hadoop/hadoop-common-project/hadoop-common/src/main/java/org/apache/hadoop/net/ConnectTimeoutException.java,25
hadoop,org.apache.hadoop.net,SocketInputStream,2,0,11,11,86,13,0,0,0.2727272727272727,2,1,/Users/eashraf/hadoop/hadoop-common-project/hadoop-common/src/main/java/org/apache/hadoop/net/SocketInputStream.java,32
hadoop,org.apache.hadoop.net,SocketInputStream.Reader,1,0,0,0,10,0,0,1,-1.0,0,0,/Users/eashraf/hadoop/hadoop-common-project/hadoop-common/src/main/java/org/apache/hadoop/net/SocketInputStream.java,47
hadoop,org.apache.hadoop.net,NetworkTopology,11,3,26,21,761,80,1,0,0.2692307692307692,36,5,/Users/eashraf/hadoop/hadoop-common-project/hadoop-common/src/main/java/org/apache/hadoop/net/NetworkTopology.java,41
hadoop,org.apache.hadoop.net,NetworkTopology.InvalidTopologyException,1,0,0,0,6,0,0,0,-1.0,0,0,/Users/eashraf/hadoop/hadoop-common-project/hadoop-common/src/main/java/org/apache/hadoop/net/NetworkTopology.java,58
hadoop,org.apache.hadoop.net,NetworkTopology.InnerNode,2,0,0,0,256,0,0,2,-1.0,0,1,/Users/eashraf/hadoop/hadoop-common-project/hadoop-common/src/main/java/org/apache/hadoop/net/NetworkTopology.java,78
hadoop,org.apache.hadoop.net,NetUtils,7,2,37,31,571,75,0,0,0.4594594594594595,140,7,/Users/eashraf/hadoop/hadoop-common-project/hadoop-common/src/main/java/org/apache/hadoop/net/NetUtils.java,62
hadoop,org.apache.hadoop.net,DNSToSwitchMappingWithDependency,0,0,1,1,11,1,2,1,-1.0,0,0,/Users/eashraf/hadoop/hadoop-common-project/hadoop-common/src/main/java/org/apache/hadoop/net/DNSToSwitchMappingWithDependency.java,25
hadoop,org.apache.hadoop.net,DNS,4,0,12,8,217,26,0,0,0.0,9,0,/Users/eashraf/hadoop/hadoop-common-project/hadoop-common/src/main/java/org/apache/hadoop/net/DNS.java,40
hadoop,org.apache.hadoop.net,SocketIOWithTimeout,13,0,11,1,288,29,2,0,0.0,3,1,/Users/eashraf/hadoop/hadoop-common-project/hadoop-common/src/main/java/org/apache/hadoop/net/SocketIOWithTimeout.java,38
hadoop,org.apache.hadoop.net,SocketIOWithTimeout.SelectorPool,8,0,0,0,135,0,0,0,-1.0,0,0,/Users/eashraf/hadoop/hadoop-common-project/hadoop-common/src/main/java/org/apache/hadoop/net/SocketIOWithTimeout.java,279
hadoop,org.apache.hadoop.net,SocketIOWithTimeout.SelectorInfo,3,0,0,0,15,0,0,0,-1.0,0,0,/Users/eashraf/hadoop/hadoop-common-project/hadoop-common/src/main/java/org/apache/hadoop/net/SocketIOWithTimeout.java,285
hadoop,org.apache.hadoop.net,SocketIOWithTimeout.ProviderInfo,3,0,0,0,5,0,0,0,-1.0,0,0,/Users/eashraf/hadoop/hadoop-common-project/hadoop-common/src/main/java/org/apache/hadoop/net/SocketIOWithTimeout.java,301
hadoop,org.apache.hadoop.net,ScriptBasedMappingWithDependency,3,0,5,4,100,8,0,4,0.4,1,4,/Users/eashraf/hadoop/hadoop-common-project/hadoop-common/src/main/java/org/apache/hadoop/net/ScriptBasedMappingWithDependency.java,30
hadoop,org.apache.hadoop.net,ScriptBasedMappingWithDependency.RawScriptBasedMappingWithDependency,1,0,0,0,47,0,0,4,-1.0,0,1,/Users/eashraf/hadoop/hadoop-common-project/hadoop-common/src/main/java/org/apache/hadoop/net/ScriptBasedMappingWithDependency.java,117
hadoop,org.apache.hadoop.net,SocketInputWrapper,2,0,3,2,36,5,0,0,0.0,2,0,/Users/eashraf/hadoop/hadoop-common-project/hadoop-common/src/main/java/org/apache/hadoop/net/SocketInputWrapper.java,32
hadoop,org.apache.hadoop.net,DNSToSwitchMapping,0,0,3,3,19,3,4,0,-1.0,13,0,/Users/eashraf/hadoop/hadoop-common-project/hadoop-common/src/main/java/org/apache/hadoop/net/DNSToSwitchMapping.java,25
hadoop,org.apache.hadoop.net,NetworkTopologyWithNodeGroup,1,1,11,9,267,41,0,1,0.7272727272727273,2,3,/Users/eashraf/hadoop/hadoop-common-project/hadoop-common/src/main/java/org/apache/hadoop/net/NetworkTopologyWithNodeGroup.java,23
hadoop,org.apache.hadoop.net,NetworkTopologyWithNodeGroup.InnerNodeWithNodeGroup,0,0,0,0,53,0,0,0,-1.0,0,0,/Users/eashraf/hadoop/hadoop-common-project/hadoop-common/src/main/java/org/apache/hadoop/net/NetworkTopologyWithNodeGroup.java,297
hadoop,org.apache.hadoop.net,NodeBase,7,3,16,15,157,23,1,1,0.125,13,1,/Users/eashraf/hadoop/hadoop-common-project/hadoop-common/src/main/java/org/apache/hadoop/net/NodeBase.java,23
hadoop,org.apache.hadoop.net,TestNetworkTopology,3,0,12,11,243,35,0,0,0.25,0,10,/Users/eashraf/hadoop/hadoop-hdfs-project/hadoop-hdfs/src/test/java/org/apache/hadoop/net/TestNetworkTopology.java,43
hadoop,org.apache.hadoop.net.unix,TestDomainSocket,9,0,32,29,595,67,0,0,0.59375,0,5,/Users/eashraf/hadoop/hadoop-common-project/hadoop-common/src/test/java/org/apache/hadoop/net/unix/TestDomainSocket.java,54
hadoop,org.apache.hadoop.net.unix,TestDomainSocket.Success,1,0,0,0,6,0,0,0,-1.0,0,0,/Users/eashraf/hadoop/hadoop-common-project/hadoop-common/src/test/java/org/apache/hadoop/net/unix/TestDomainSocket.java,308
hadoop,org.apache.hadoop.net.unix,TestDomainSocket.WriteStrategy,0,0,0,0,10,0,0,0,-1.0,0,0,/Users/eashraf/hadoop/hadoop-common-project/hadoop-common/src/test/java/org/apache/hadoop/net/unix/TestDomainSocket.java,318
hadoop,org.apache.hadoop.net.unix,TestDomainSocket.OutputStreamWriteStrategy,1,0,0,0,9,0,0,0,-1.0,0,0,/Users/eashraf/hadoop/hadoop-common-project/hadoop-common/src/test/java/org/apache/hadoop/net/unix/TestDomainSocket.java,330
hadoop,org.apache.hadoop.net.unix,TestDomainSocket.ReadStrategy,0,0,0,0,21,0,0,0,-1.0,0,0,/Users/eashraf/hadoop/hadoop-common-project/hadoop-common/src/test/java/org/apache/hadoop/net/unix/TestDomainSocket.java,342
hadoop,org.apache.hadoop.net.unix,TestDomainSocket.InputStreamReadStrategy,1,0,0,0,9,0,0,0,-1.0,0,0,/Users/eashraf/hadoop/hadoop-common-project/hadoop-common/src/test/java/org/apache/hadoop/net/unix/TestDomainSocket.java,366
hadoop,org.apache.hadoop.net.unix,TestDomainSocket.DirectByteBufferReadStrategy,1,0,0,0,14,0,0,0,-1.0,0,0,/Users/eashraf/hadoop/hadoop-common-project/hadoop-common/src/test/java/org/apache/hadoop/net/unix/TestDomainSocket.java,380
hadoop,org.apache.hadoop.net.unix,TestDomainSocket.ArrayBackedByteBufferReadStrategy,1,0,0,0,14,0,0,0,-1.0,0,0,/Users/eashraf/hadoop/hadoop-common-project/hadoop-common/src/test/java/org/apache/hadoop/net/unix/TestDomainSocket.java,399
hadoop,org.apache.hadoop.net.unix,TestDomainSocket.PassedFile,3,0,0,0,33,0,0,0,-1.0,0,0,/Users/eashraf/hadoop/hadoop-common-project/hadoop-common/src/test/java/org/apache/hadoop/net/unix/TestDomainSocket.java,536
hadoop,org.apache.hadoop.net.unix,TestDomainSocketWatcher,2,0,14,13,148,23,0,0,0.35714285714285715,0,2,/Users/eashraf/hadoop/hadoop-common-project/hadoop-common/src/test/java/org/apache/hadoop/net/unix/TestDomainSocketWatcher.java,37
hadoop,org.apache.hadoop.net.unix,TemporarySocketDirectory,1,0,4,3,24,5,0,0,0.0,18,1,/Users/eashraf/hadoop/hadoop-common-project/hadoop-common/src/test/java/org/apache/hadoop/net/unix/TemporarySocketDirectory.java,28
hadoop,org.apache.hadoop.net.unix,DomainSocketWatcher,14,0,15,9,419,46,0,0,0.2,4,2,/Users/eashraf/hadoop/hadoop-common-project/hadoop-common/src/main/java/org/apache/hadoop/net/unix/DomainSocketWatcher.java,44
hadoop,org.apache.hadoop.net.unix,DomainSocketWatcher.Handler,0,0,0,0,8,0,0,0,-1.0,0,0,/Users/eashraf/hadoop/hadoop-common-project/hadoop-common/src/main/java/org/apache/hadoop/net/unix/DomainSocketWatcher.java,88
hadoop,org.apache.hadoop.net.unix,DomainSocketWatcher.NotificationHandler,0,0,0,0,31,0,0,0,-1.0,0,0,/Users/eashraf/hadoop/hadoop-common-project/hadoop-common/src/main/java/org/apache/hadoop/net/unix/DomainSocketWatcher.java,99
hadoop,org.apache.hadoop.net.unix,DomainSocketWatcher.Entry,2,0,0,0,14,0,0,0,-1.0,0,1,/Users/eashraf/hadoop/hadoop-common-project/hadoop-common/src/main/java/org/apache/hadoop/net/unix/DomainSocketWatcher.java,133
hadoop,org.apache.hadoop.net.unix,DomainSocketWatcher.FdSet,1,0,0,0,29,0,0,0,-1.0,0,0,/Users/eashraf/hadoop/hadoop-common-project/hadoop-common/src/main/java/org/apache/hadoop/net/unix/DomainSocketWatcher.java,151
hadoop,org.apache.hadoop.net.unix,DomainSocket,13,4,40,20,480,54,0,0,0.15,26,1,/Users/eashraf/hadoop/hadoop-common-project/hadoop-common/src/main/java/org/apache/hadoop/net/unix/DomainSocket.java,39
hadoop,org.apache.hadoop.net.unix,DomainSocket.DomainInputStream,0,0,0,0,45,0,0,0,-1.0,0,0,/Users/eashraf/hadoop/hadoop-common-project/hadoop-common/src/main/java/org/apache/hadoop/net/unix/DomainSocket.java,521
hadoop,org.apache.hadoop.net.unix,DomainSocket.DomainOutputStream,0,0,0,0,32,0,0,0,-1.0,0,0,/Users/eashraf/hadoop/hadoop-common-project/hadoop-common/src/main/java/org/apache/hadoop/net/unix/DomainSocket.java,572
hadoop,org.apache.hadoop.net.unix,DomainSocket.DomainChannel,0,0,0,0,32,0,0,0,-1.0,0,0,/Users/eashraf/hadoop/hadoop-common-project/hadoop-common/src/main/java/org/apache/hadoop/net/unix/DomainSocket.java,609
hadoop,org.apache.hadoop.util.hash,TestHash,1,0,1,1,36,5,0,0,0.0,0,4,/Users/eashraf/hadoop/hadoop-common-project/hadoop-common/src/test/java/org/apache/hadoop/util/hash/TestHash.java,24
hadoop,org.apache.hadoop.util.hash,Hash,3,3,7,7,88,11,2,0,0.2857142857142857,7,3,/Users/eashraf/hadoop/hadoop-common-project/hadoop-common/src/main/java/org/apache/hadoop/util/hash/Hash.java,25
hadoop,org.apache.hadoop.util.hash,JenkinsHash,3,0,4,3,114,20,0,1,0.5,2,1,/Users/eashraf/hadoop/hadoop-common-project/hadoop-common/src/main/java/org/apache/hadoop/util/hash/JenkinsHash.java,27
hadoop,org.apache.hadoop.util.hash,MurmurHash,1,0,2,2,48,7,0,1,1.0,2,1,/Users/eashraf/hadoop/hadoop-common-project/hadoop-common/src/main/java/org/apache/hadoop/util/hash/MurmurHash.java,24
hadoop,org.apache.hadoop.util.curator,TestChildReaper,1,0,6,6,117,12,0,0,0.0,0,1,/Users/eashraf/hadoop/hadoop-common-project/hadoop-common/src/test/java/org/apache/hadoop/util/curator/TestChildReaper.java,36
hadoop,org.apache.hadoop.util.curator,ChildReaper,10,0,12,10,124,16,0,0,0.16666666666666666,1,0,/Users/eashraf/hadoop/hadoop-common-project/hadoop-common/src/main/java/org/apache/hadoop/util/curator/ChildReaper.java,46
hadoop,org.apache.hadoop.util.curator,ChildReaper.State,0,0,0,0,1,0,0,0,-1.0,0,0,/Users/eashraf/hadoop/hadoop-common-project/hadoop-common/src/main/java/org/apache/hadoop/util/curator/ChildReaper.java,88
hadoop,org.apache.hadoop.util.bloom,TestBloomFilters,7,0,11,10,103,16,0,0,0.2727272727272727,0,9,/Users/eashraf/hadoop/hadoop-common-project/hadoop-common/src/test/java/org/apache/hadoop/util/bloom/TestBloomFilters.java,38
hadoop,org.apache.hadoop.util.bloom,TestBloomFilters.Digits,1,0,0,0,8,0,0,0,-1.0,0,0,/Users/eashraf/hadoop/hadoop-common-project/hadoop-common/src/test/java/org/apache/hadoop/util/bloom/TestBloomFilters.java,74
hadoop,org.apache.hadoop.util.bloom,BloomFilterCommonTester,11,0,8,5,354,18,0,0,0.25,1,2,/Users/eashraf/hadoop/hadoop-common-project/hadoop-common/src/test/java/org/apache/hadoop/util/bloom/BloomFilterCommonTester.java,39
hadoop,org.apache.hadoop.util.bloom,BloomFilterCommonTester.FilterTesterStrategy,1,0,0,0,4,0,0,0,-1.0,0,0,/Users/eashraf/hadoop/hadoop-common-project/hadoop-common/src/test/java/org/apache/hadoop/util/bloom/BloomFilterCommonTester.java,115
hadoop,org.apache.hadoop.util.bloom,BloomFilterCommonTester.BloomFilterTestStrategy,3,0,0,0,273,0,0,0,-1.0,0,0,/Users/eashraf/hadoop/hadoop-common-project/hadoop-common/src/test/java/org/apache/hadoop/util/bloom/BloomFilterCommonTester.java,142
hadoop,org.apache.hadoop.util.bloom,BloomFilterCommonTester.PreAssertionHelper,0,0,0,0,3,0,0,0,-1.0,0,0,/Users/eashraf/hadoop/hadoop-common-project/hadoop-common/src/test/java/org/apache/hadoop/util/bloom/BloomFilterCommonTester.java,529
hadoop,org.apache.hadoop.util.bloom,CountingBloomFilter,2,0,14,13,169,35,0,1,0.2857142857142857,1,2,/Users/eashraf/hadoop/hadoop-common-project/hadoop-common/src/main/java/org/apache/hadoop/util/bloom/CountingBloomFilter.java,59
hadoop,org.apache.hadoop.util.bloom,RemoveScheme,4,4,0,0,21,0,1,0,-1.0,1,0,/Users/eashraf/hadoop/hadoop-common-project/hadoop-common/src/main/java/org/apache/hadoop/util/bloom/RemoveScheme.java,56
hadoop,org.apache.hadoop.util.bloom,RetouchedBloomFilter,4,0,19,10,303,62,0,2,0.21052631578947367,1,1,/Users/eashraf/hadoop/hadoop-common-project/hadoop-common/src/main/java/org/apache/hadoop/util/bloom/RetouchedBloomFilter.java,63
hadoop,org.apache.hadoop.util.bloom,DynamicBloomFilter,3,0,13,11,153,33,0,1,0.15384615384615385,4,3,/Users/eashraf/hadoop/hadoop-common-project/hadoop-common/src/main/java/org/apache/hadoop/util/bloom/DynamicBloomFilter.java,59
hadoop,org.apache.hadoop.util.bloom,HashFunction,3,0,3,3,62,9,0,0,0.6666666666666666,1,2,/Users/eashraf/hadoop/hadoop-common-project/hadoop-common/src/main/java/org/apache/hadoop/util/bloom/HashFunction.java,57
hadoop,org.apache.hadoop.util.bloom,Key,2,0,13,13,104,18,0,0,0.23076923076923078,10,0,/Users/eashraf/hadoop/hadoop-common-project/hadoop-common/src/main/java/org/apache/hadoop/util/bloom/Key.java,59
hadoop,org.apache.hadoop.util.bloom,BloomFilter,2,0,13,12,116,28,1,1,0.23076923076923078,2,2,/Users/eashraf/hadoop/hadoop-common-project/hadoop-common/src/main/java/org/apache/hadoop/util/bloom/BloomFilter.java,61
hadoop,org.apache.hadoop.util.bloom,Filter,5,0,13,11,126,21,3,0,0.6153846153846154,5,3,/Users/eashraf/hadoop/hadoop-common-project/hadoop-common/src/main/java/org/apache/hadoop/util/bloom/Filter.java,64
hadoop,org.apache.hadoop.security.token.delegation.web,TestDelegationTokenManager,2,0,3,3,35,3,0,0,0.6666666666666666,0,4,/Users/eashraf/hadoop/hadoop-common-project/hadoop-common/src/test/java/org/apache/hadoop/security/token/delegation/web/TestDelegationTokenManager.java,33
hadoop,org.apache.hadoop.security.token.delegation.web,TestDelegationTokenAuthenticationHandlerWithMocks,1,0,13,4,199,14,0,0,0.0,0,8,/Users/eashraf/hadoop/hadoop-common-project/hadoop-common/src/test/java/org/apache/hadoop/security/token/delegation/web/TestDelegationTokenAuthenticationHandlerWithMocks.java,46
hadoop,org.apache.hadoop.security.token.delegation.web,TestDelegationTokenAuthenticationHandlerWithMocks.MockDelegationTokenAuthenticationHandler,0,0,0,0,22,0,0,1,-1.0,0,1,/Users/eashraf/hadoop/hadoop-common-project/hadoop-common/src/test/java/org/apache/hadoop/security/token/delegation/web/TestDelegationTokenAuthenticationHandlerWithMocks.java,48
hadoop,org.apache.hadoop.security.token.delegation.web,TestWebDelegationToken,7,0,27,21,629,32,0,0,0.14814814814814814,0,13,/Users/eashraf/hadoop/hadoop-common-project/hadoop-common/src/test/java/org/apache/hadoop/security/token/delegation/web/TestWebDelegationToken.java,77
hadoop,org.apache.hadoop.security.token.delegation.web,TestWebDelegationToken.DummyAuthenticationHandler,0,0,0,0,23,0,0,0,-1.0,0,1,/Users/eashraf/hadoop/hadoop-common-project/hadoop-common/src/test/java/org/apache/hadoop/security/token/delegation/web/TestWebDelegationToken.java,84
hadoop,org.apache.hadoop.security.token.delegation.web,TestWebDelegationToken.DummyDelegationTokenAuthenticationHandler,0,0,0,0,10,0,0,1,-1.0,0,0,/Users/eashraf/hadoop/hadoop-common-project/hadoop-common/src/test/java/org/apache/hadoop/security/token/delegation/web/TestWebDelegationToken.java,122
hadoop,org.apache.hadoop.security.token.delegation.web,TestWebDelegationToken.AFilter,0,0,0,0,7,0,0,1,-1.0,0,0,/Users/eashraf/hadoop/hadoop-common-project/hadoop-common/src/test/java/org/apache/hadoop/security/token/delegation/web/TestWebDelegationToken.java,136
hadoop,org.apache.hadoop.security.token.delegation.web,TestWebDelegationToken.PingServlet,0,0,0,0,18,0,0,0,-1.0,0,1,/Users/eashraf/hadoop/hadoop-common-project/hadoop-common/src/test/java/org/apache/hadoop/security/token/delegation/web/TestWebDelegationToken.java,148
hadoop,org.apache.hadoop.security.token.delegation.web,TestWebDelegationToken.DummyDelegationTokenSecretManager,0,0,0,0,8,0,0,0,-1.0,0,0,/Users/eashraf/hadoop/hadoop-common-project/hadoop-common/src/test/java/org/apache/hadoop/security/token/delegation/web/TestWebDelegationToken.java,434
hadoop,org.apache.hadoop.security.token.delegation.web,TestWebDelegationToken.NoDTFilter,0,0,0,0,7,0,0,0,-1.0,0,1,/Users/eashraf/hadoop/hadoop-common-project/hadoop-common/src/test/java/org/apache/hadoop/security/token/delegation/web/TestWebDelegationToken.java,481
hadoop,org.apache.hadoop.security.token.delegation.web,TestWebDelegationToken.NoDTHandlerDTAFilter,0,0,0,0,7,0,0,1,-1.0,0,1,/Users/eashraf/hadoop/hadoop-common-project/hadoop-common/src/test/java/org/apache/hadoop/security/token/delegation/web/TestWebDelegationToken.java,493
hadoop,org.apache.hadoop.security.token.delegation.web,TestWebDelegationToken.UserServlet,0,0,0,0,6,0,0,0,-1.0,0,0,/Users/eashraf/hadoop/hadoop-common-project/hadoop-common/src/test/java/org/apache/hadoop/security/token/delegation/web/TestWebDelegationToken.java,505
hadoop,org.apache.hadoop.security.token.delegation.web,TestWebDelegationToken.PseudoDTAFilter,0,0,0,0,14,0,0,1,-1.0,0,1,/Users/eashraf/hadoop/hadoop-common-project/hadoop-common/src/test/java/org/apache/hadoop/security/token/delegation/web/TestWebDelegationToken.java,572
hadoop,org.apache.hadoop.security.token.delegation.web,TestWebDelegationToken.KDTAFilter,1,0,0,0,17,0,0,1,-1.0,0,2,/Users/eashraf/hadoop/hadoop-common-project/hadoop-common/src/test/java/org/apache/hadoop/security/token/delegation/web/TestWebDelegationToken.java,638
hadoop,org.apache.hadoop.security.token.delegation.web,TestWebDelegationToken.KerberosConfiguration,2,0,0,0,26,0,0,0,-1.0,0,0,/Users/eashraf/hadoop/hadoop-common-project/hadoop-common/src/test/java/org/apache/hadoop/security/token/delegation/web/TestWebDelegationToken.java,666
hadoop,org.apache.hadoop.security.token.delegation.web,TestWebDelegationToken.UGIServlet,0,0,0,0,16,0,0,0,-1.0,0,1,/Users/eashraf/hadoop/hadoop-common-project/hadoop-common/src/test/java/org/apache/hadoop/security/token/delegation/web/TestWebDelegationToken.java,903
hadoop,org.apache.hadoop.security.token.delegation.web,KerberosDelegationTokenAuthenticator,0,0,2,1,13,2,0,1,-1.0,3,0,/Users/eashraf/hadoop/hadoop-common-project/hadoop-common/src/main/java/org/apache/hadoop/security/token/delegation/web/KerberosDelegationTokenAuthenticator.java,25
hadoop,org.apache.hadoop.security.token.delegation.web,DelegationTokenAuthenticationHandler,9,3,11,8,210,30,4,0,0.0,9,14,/Users/eashraf/hadoop/hadoop-common-project/hadoop-common/src/main/java/org/apache/hadoop/security/token/delegation/web/DelegationTokenAuthenticationHandler.java,55
hadoop,org.apache.hadoop.security.token.delegation.web,PseudoDelegationTokenAuthenticationHandler,0,0,1,1,8,1,0,1,-1.0,0,1,/Users/eashraf/hadoop/hadoop-common-project/hadoop-common/src/main/java/org/apache/hadoop/security/token/delegation/web/PseudoDelegationTokenAuthenticationHandler.java,26
hadoop,org.apache.hadoop.security.token.delegation.web,KerberosDelegationTokenAuthenticationHandler,0,0,1,1,8,1,0,1,-1.0,3,1,/Users/eashraf/hadoop/hadoop-common-project/hadoop-common/src/main/java/org/apache/hadoop/security/token/delegation/web/KerberosDelegationTokenAuthenticationHandler.java,25
hadoop,org.apache.hadoop.security.token.delegation.web,DelegationTokenManager,14,10,10,9,113,14,0,0,0.0,4,7,/Users/eashraf/hadoop/hadoop-common-project/hadoop-common/src/main/java/org/apache/hadoop/security/token/delegation/web/DelegationTokenManager.java,36
hadoop,org.apache.hadoop.security.token.delegation.web,DelegationTokenManager.DelegationTokenSecretManager,1,0,0,0,13,0,0,0,-1.0,0,1,/Users/eashraf/hadoop/hadoop-common-project/hadoop-common/src/main/java/org/apache/hadoop/security/token/delegation/web/DelegationTokenManager.java,62
hadoop,org.apache.hadoop.security.token.delegation.web,DelegationTokenManager.ZKSecretManager,1,0,0,0,13,0,0,0,-1.0,0,1,/Users/eashraf/hadoop/hadoop-common-project/hadoop-common/src/main/java/org/apache/hadoop/security/token/delegation/web/DelegationTokenManager.java,89
hadoop,org.apache.hadoop.security.token.delegation.web,HttpUserGroupInformation,0,0,1,1,12,1,0,0,-1.0,3,1,/Users/eashraf/hadoop/hadoop-common-project/hadoop-common/src/main/java/org/apache/hadoop/security/token/delegation/web/HttpUserGroupInformation.java,25
hadoop,org.apache.hadoop.security.token.delegation.web,DelegationTokenAuthenticationFilter,8,2,12,5,140,26,4,0,0.5,5,14,/Users/eashraf/hadoop/hadoop-common-project/hadoop-common/src/main/java/org/apache/hadoop/security/token/delegation/web/DelegationTokenAuthenticationFilter.java,61
hadoop,org.apache.hadoop.security.token.delegation.web,DelegationTokenIdentifier,1,0,3,3,27,3,0,0,0.0,2,1,/Users/eashraf/hadoop/hadoop-common-project/hadoop-common/src/main/java/org/apache/hadoop/security/token/delegation/web/DelegationTokenIdentifier.java,25
hadoop,org.apache.hadoop.security.token.delegation.web,ServletUtils,1,0,1,1,24,4,0,0,0.0,1,0,/Users/eashraf/hadoop/hadoop-common-project/hadoop-common/src/main/java/org/apache/hadoop/security/token/delegation/web/ServletUtils.java,29
hadoop,org.apache.hadoop.security.token.delegation.web,DelegationTokenAuthenticatedURL,4,0,19,16,257,28,0,0,0.3684210526315789,7,9,/Users/eashraf/hadoop/hadoop-common-project/hadoop-common/src/main/java/org/apache/hadoop/security/token/delegation/web/DelegationTokenAuthenticatedURL.java,41
hadoop,org.apache.hadoop.security.token.delegation.web,DelegationTokenAuthenticatedURL.Token,1,0,0,0,12,0,0,0,-1.0,0,1,/Users/eashraf/hadoop/hadoop-common-project/hadoop-common/src/main/java/org/apache/hadoop/security/token/delegation/web/DelegationTokenAuthenticatedURL.java,71
hadoop,org.apache.hadoop.security.token.delegation.web,DelegationTokenAuthenticator,17,8,11,9,178,20,2,0,0.0,11,8,/Users/eashraf/hadoop/hadoop-common-project/hadoop-common/src/main/java/org/apache/hadoop/security/token/delegation/web/DelegationTokenAuthenticator.java,43
hadoop,org.apache.hadoop.security.token.delegation.web,DelegationTokenAuthenticator.DelegationTokenOperation,2,0,0,0,16,0,0,0,-1.0,0,0,/Users/eashraf/hadoop/hadoop-common-project/hadoop-common/src/main/java/org/apache/hadoop/security/token/delegation/web/DelegationTokenAuthenticator.java,71
hadoop,org.apache.hadoop.security.token.delegation.web,PseudoDelegationTokenAuthenticator,0,0,2,1,18,2,0,1,-1.0,0,1,/Users/eashraf/hadoop/hadoop-common-project/hadoop-common/src/main/java/org/apache/hadoop/security/token/delegation/web/PseudoDelegationTokenAuthenticator.java,27
hadoop,org.apache.hadoop.security.token.delegation,TestDelegationToken,7,5,21,18,344,27,0,0,0.6190476190476191,0,8,/Users/eashraf/hadoop/hadoop-common-project/hadoop-common/src/test/java/org/apache/hadoop/security/token/delegation/TestDelegationToken.java,54
hadoop,org.apache.hadoop.security.token.delegation,TestDelegationToken.TestDelegationTokenIdentifier,0,0,0,0,16,0,0,1,-1.0,0,0,/Users/eashraf/hadoop/hadoop-common-project/hadoop-common/src/test/java/org/apache/hadoop/security/token/delegation/TestDelegationToken.java,58
hadoop,org.apache.hadoop.security.token.delegation,TestDelegationToken.TestDelegationTokenSecretManager,5,5,0,0,45,0,0,1,-1.0,0,0,/Users/eashraf/hadoop/hadoop-common-project/hadoop-common/src/test/java/org/apache/hadoop/security/token/delegation/TestDelegationToken.java,84
hadoop,org.apache.hadoop.security.token.delegation,TestDelegationToken.TokenSelector,0,0,0,0,5,0,0,1,-1.0,0,0,/Users/eashraf/hadoop/hadoop-common-project/hadoop-common/src/test/java/org/apache/hadoop/security/token/delegation/TestDelegationToken.java,156
hadoop,org.apache.hadoop.security.token.delegation,TestDelegationToken.tokenIssuerThread,0,0,0,0,12,0,0,0,-1.0,0,0,/Users/eashraf/hadoop/hadoop-common-project/hadoop-common/src/test/java/org/apache/hadoop/security/token/delegation/TestDelegationToken.java,430
hadoop,org.apache.hadoop.security.token.delegation,TestZKDelegationTokenSecretManager,5,0,12,8,199,18,0,0,0.16666666666666666,0,6,/Users/eashraf/hadoop/hadoop-common-project/hadoop-common/src/test/java/org/apache/hadoop/security/token/delegation/TestZKDelegationTokenSecretManager.java,41
hadoop,org.apache.hadoop.security.token.delegation,AbstractDelegationTokenSelector,1,0,2,1,20,5,1,0,0.0,1,1,/Users/eashraf/hadoop/hadoop-common-project/hadoop-common/src/main/java/org/apache/hadoop/security/token/delegation/AbstractDelegationTokenSelector.java,30
hadoop,org.apache.hadoop.security.token.delegation,ZKDelegationTokenSecretManager,36,14,34,8,623,89,0,1,0.0,2,4,/Users/eashraf/hadoop/hadoop-common-project/hadoop-common/src/main/java/org/apache/hadoop/security/token/delegation/ZKDelegationTokenSecretManager.java,68
hadoop,org.apache.hadoop.security.token.delegation,ZKDelegationTokenSecretManager.JaasConfiguration,2,0,0,0,41,0,0,0,-1.0,0,0,/Users/eashraf/hadoop/hadoop-common-project/hadoop-common/src/main/java/org/apache/hadoop/security/token/delegation/ZKDelegationTokenSecretManager.java,233
hadoop,org.apache.hadoop.security.token.delegation,ZKDelegationTokenSecretManager.SASLOwnerACLProvider,1,0,0,0,15,0,0,0,-1.0,0,0,/Users/eashraf/hadoop/hadoop-common-project/hadoop-common/src/main/java/org/apache/hadoop/security/token/delegation/ZKDelegationTokenSecretManager.java,826
hadoop,org.apache.hadoop.security.token.delegation,AbstractDelegationTokenIdentifier,8,0,25,23,160,36,1,0,0.12,1,4,/Users/eashraf/hadoop/hadoop-common-project/hadoop-common/src/main/java/org/apache/hadoop/security/token/delegation/AbstractDelegationTokenIdentifier.java,37
hadoop,org.apache.hadoop.security.token.delegation,AbstractDelegationTokenSecretManager,19,0,41,15,498,69,2,0,0.07317073170731707,8,6,/Users/eashraf/hadoop/hadoop-common-project/hadoop-common/src/main/java/org/apache/hadoop/security/token/delegation/AbstractDelegationTokenSecretManager.java,47
hadoop,org.apache.hadoop.security.token.delegation,AbstractDelegationTokenSecretManager.DelegationTokenInformation,3,0,0,0,34,0,0,0,-1.0,0,0,/Users/eashraf/hadoop/hadoop-common-project/hadoop-common/src/main/java/org/apache/hadoop/security/token/delegation/AbstractDelegationTokenSecretManager.java,552
hadoop,org.apache.hadoop.security.token.delegation,AbstractDelegationTokenSecretManager.ExpiredTokenRemover,2,0,0,0,35,0,0,0,-1.0,0,0,/Users/eashraf/hadoop/hadoop-common-project/hadoop-common/src/main/java/org/apache/hadoop/security/token/delegation/AbstractDelegationTokenSecretManager.java,632
hadoop,org.apache.hadoop.security.token.delegation,DelegationKey,4,0,12,12,96,19,0,0,0.16666666666666666,32,2,/Users/eashraf/hadoop/hadoop-common-project/hadoop-common/src/main/java/org/apache/hadoop/security/token/delegation/DelegationKey.java,34
hadoop,org.apache.hadoop.security.token,TestToken,0,0,6,3,60,13,0,0,-1.0,0,2,/Users/eashraf/hadoop/hadoop-common-project/hadoop-common/src/test/java/org/apache/hadoop/security/token/TestToken.java,31
hadoop,org.apache.hadoop.security.token,SecretManager,4,0,9,4,120,9,0,0,0.7777777777777778,17,0,/Users/eashraf/hadoop/hadoop-common-project/hadoop-common/src/main/java/org/apache/hadoop/security/token/SecretManager.java,36
hadoop,org.apache.hadoop.security.token,SecretManager.InvalidToken,0,0,0,0,8,0,0,0,-1.0,0,0,/Users/eashraf/hadoop/hadoop-common-project/hadoop-common/src/main/java/org/apache/hadoop/security/token/SecretManager.java,43
hadoop,org.apache.hadoop.security.token,TokenSelector,0,0,1,0,7,1,0,0,-1.0,2,2,/Users/eashraf/hadoop/hadoop-common-project/hadoop-common/src/main/java/org/apache/hadoop/security/token/TokenSelector.java,27
hadoop,org.apache.hadoop.security.token,Token,9,1,27,21,320,42,1,0,0.1111111111111111,203,5,/Users/eashraf/hadoop/hadoop-common-project/hadoop-common/src/main/java/org/apache/hadoop/security/token/Token.java,36
hadoop,org.apache.hadoop.security.token,Token.PrivateToken,0,0,0,0,8,0,0,1,-1.0,0,0,/Users/eashraf/hadoop/hadoop-common-project/hadoop-common/src/main/java/org/apache/hadoop/security/token/Token.java,190
hadoop,org.apache.hadoop.security.token,Token.TrivialRenewer,0,0,0,0,20,0,0,1,-1.0,0,0,/Users/eashraf/hadoop/hadoop-common-project/hadoop-common/src/main/java/org/apache/hadoop/security/token/Token.java,390
hadoop,org.apache.hadoop.security.token,TokenIdentifier,1,0,4,4,40,5,0,0,0.75,4,1,/Users/eashraf/hadoop/hadoop-common-project/hadoop-common/src/main/java/org/apache/hadoop/security/token/TokenIdentifier.java,32
hadoop,org.apache.hadoop.security.token,TokenRenewer,0,0,4,4,31,4,1,0,-1.0,1,3,/Users/eashraf/hadoop/hadoop-common-project/hadoop-common/src/main/java/org/apache/hadoop/security/token/TokenRenewer.java,28
hadoop,org.apache.hadoop.security,SecurityUtilTestHelper,0,0,2,2,23,3,0,0,-1.0,2,1,/Users/eashraf/hadoop/hadoop-common-project/hadoop-common/src/test/java/org/apache/hadoop/security/SecurityUtilTestHelper.java,20
hadoop,org.apache.hadoop.security,TestLdapGroupsMapping,5,0,7,6,86,7,0,0,0.42857142857142855,0,6,/Users/eashraf/hadoop/hadoop-common-project/hadoop-common/src/test/java/org/apache/hadoop/security/TestLdapGroupsMapping.java,51
hadoop,org.apache.hadoop.security,TestCredentials,5,0,6,6,119,13,0,0,0.0,0,5,/Users/eashraf/hadoop/hadoop-common-project/hadoop-common/src/test/java/org/apache/hadoop/security/TestCredentials.java,48
hadoop,org.apache.hadoop.security,NetUtilsTestResolver,2,0,7,7,46,8,0,0,0.42857142857142855,2,1,/Users/eashraf/hadoop/hadoop-common-project/hadoop-common/src/test/java/org/apache/hadoop/security/NetUtilsTestResolver.java,30
hadoop,org.apache.hadoop.security,TestUGIWithExternalKdc,0,0,2,2,26,2,0,0,-1.0,0,3,/Users/eashraf/hadoop/hadoop-common-project/hadoop-common/src/test/java/org/apache/hadoop/security/TestUGIWithExternalKdc.java,31
hadoop,org.apache.hadoop.security,TestUserGroupInformation,9,0,51,46,607,66,0,0,0.6274509803921569,1,13,/Users/eashraf/hadoop/hadoop-common-project/hadoop-common/src/test/java/org/apache/hadoop/security/TestUserGroupInformation.java,55
hadoop,org.apache.hadoop.security,TestUserGroupInformation.DummyLoginConfiguration,0,0,0,0,8,0,0,0,-1.0,0,0,/Users/eashraf/hadoop/hadoop-common-project/hadoop-common/src/test/java/org/apache/hadoop/security/TestUserGroupInformation.java,66
hadoop,org.apache.hadoop.security,TestUserGroupInformation.GetTokenThread,2,0,0,0,19,0,0,0,-1.0,0,0,/Users/eashraf/hadoop/hadoop-common-project/hadoop-common/src/test/java/org/apache/hadoop/security/TestUserGroupInformation.java,911
hadoop,org.apache.hadoop.security,TestDoAsEffectiveUser,11,2,21,18,332,34,0,0,0.09523809523809523,0,10,/Users/eashraf/hadoop/hadoop-common-project/hadoop-common/src/test/java/org/apache/hadoop/security/TestDoAsEffectiveUser.java,50
hadoop,org.apache.hadoop.security,TestDoAsEffectiveUser.TestProtocol,1,1,0,0,5,0,0,0,-1.0,0,0,/Users/eashraf/hadoop/hadoop-common-project/hadoop-common/src/test/java/org/apache/hadoop/security/TestDoAsEffectiveUser.java,133
hadoop,org.apache.hadoop.security,TestDoAsEffectiveUser.TestImpl,0,0,0,0,14,0,0,0,-1.0,0,0,/Users/eashraf/hadoop/hadoop-common-project/hadoop-common/src/test/java/org/apache/hadoop/security/TestDoAsEffectiveUser.java,141
hadoop,org.apache.hadoop.security,TestWhitelistBasedResolver,1,1,3,3,75,3,0,0,0.0,0,3,/Users/eashraf/hadoop/hadoop-common-project/hadoop-common/src/test/java/org/apache/hadoop/security/TestWhitelistBasedResolver.java,30
hadoop,org.apache.hadoop.security,TestCompositeGroupMapping,13,1,3,3,101,3,0,0,0.0,0,5,/Users/eashraf/hadoop/hadoop-common-project/hadoop-common/src/test/java/org/apache/hadoop/security/TestCompositeGroupMapping.java,35
hadoop,org.apache.hadoop.security,TestCompositeGroupMapping.TestUser,3,0,0,0,13,0,0,0,-1.0,0,0,/Users/eashraf/hadoop/hadoop-common-project/hadoop-common/src/test/java/org/apache/hadoop/security/TestCompositeGroupMapping.java,39
hadoop,org.apache.hadoop.security,TestCompositeGroupMapping.GroupMappingProviderBase,1,0,0,0,25,0,0,1,-1.0,0,1,/Users/eashraf/hadoop/hadoop-common-project/hadoop-common/src/test/java/org/apache/hadoop/security/TestCompositeGroupMapping.java,65
hadoop,org.apache.hadoop.security,TestCompositeGroupMapping.UserProvider,0,0,0,0,13,0,0,0,-1.0,0,0,/Users/eashraf/hadoop/hadoop-common-project/hadoop-common/src/test/java/org/apache/hadoop/security/TestCompositeGroupMapping.java,105
hadoop,org.apache.hadoop.security,TestCompositeGroupMapping.ClusterProvider,0,0,0,0,13,0,0,0,-1.0,0,0,/Users/eashraf/hadoop/hadoop-common-project/hadoop-common/src/test/java/org/apache/hadoop/security/TestCompositeGroupMapping.java,121
hadoop,org.apache.hadoop.security,TestProxyUserFromEnv,0,0,1,1,21,2,0,0,-1.0,0,1,/Users/eashraf/hadoop/hadoop-common-project/hadoop-common/src/test/java/org/apache/hadoop/security/TestProxyUserFromEnv.java,29
hadoop,org.apache.hadoop.security,TestGroupFallback,1,1,4,4,45,4,0,0,0.0,0,3,/Users/eashraf/hadoop/hadoop-common-project/hadoop-common/src/test/java/org/apache/hadoop/security/TestGroupFallback.java,32
hadoop,org.apache.hadoop.security,TestUGIWithSecurityOn,0,0,5,5,58,8,0,0,-1.0,1,3,/Users/eashraf/hadoop/hadoop-common-project/hadoop-common/src/test/java/org/apache/hadoop/security/TestUGIWithSecurityOn.java,35
hadoop,org.apache.hadoop.security,TestAuthenticationFilter,0,0,2,2,35,2,0,0,-1.0,0,4,/Users/eashraf/hadoop/hadoop-common-project/hadoop-common/src/test/java/org/apache/hadoop/security/TestAuthenticationFilter.java,34
hadoop,org.apache.hadoop.security,TestNetgroupCache,5,0,5,4,83,8,0,0,0.4,0,1,/Users/eashraf/hadoop/hadoop-common-project/hadoop-common/src/test/java/org/apache/hadoop/security/TestNetgroupCache.java,28
hadoop,org.apache.hadoop.security,ManualTestKeytabLogins,0,0,1,1,17,2,0,0,-1.0,0,1,/Users/eashraf/hadoop/hadoop-common-project/hadoop-common/src/test/java/org/apache/hadoop/security/ManualTestKeytabLogins.java,23
hadoop,org.apache.hadoop.security,TestSecurityUtil,0,0,27,18,230,30,0,0,-1.0,0,7,/Users/eashraf/hadoop/hadoop-common-project/hadoop-common/src/test/java/org/apache/hadoop/security/TestSecurityUtil.java,41
hadoop,org.apache.hadoop.security,TestUGILoginFromKeytab,3,1,3,3,38,4,0,0,0.0,0,5,/Users/eashraf/hadoop/hadoop-common-project/hadoop-common/src/test/java/org/apache/hadoop/security/TestUGILoginFromKeytab.java,33
hadoop,org.apache.hadoop.security,TestJNIGroupsMapping,0,0,3,2,23,4,0,0,-1.0,0,5,/Users/eashraf/hadoop/hadoop-common-project/hadoop-common/src/test/java/org/apache/hadoop/security/TestJNIGroupsMapping.java,34
hadoop,org.apache.hadoop.security,TestUserFromEnv,0,0,1,1,6,1,0,0,-1.0,0,1,/Users/eashraf/hadoop/hadoop-common-project/hadoop-common/src/test/java/org/apache/hadoop/security/TestUserFromEnv.java,24
hadoop,org.apache.hadoop.security,TestGroupsCaching,9,1,13,13,323,20,0,0,0.23076923076923078,0,6,/Users/eashraf/hadoop/hadoop-common-project/hadoop-common/src/test/java/org/apache/hadoop/security/TestGroupsCaching.java,47
hadoop,org.apache.hadoop.security,TestGroupsCaching.FakeGroupMapping,4,0,0,0,51,0,0,2,-1.0,0,0,/Users/eashraf/hadoop/hadoop-common-project/hadoop-common/src/test/java/org/apache/hadoop/security/TestGroupsCaching.java,63
hadoop,org.apache.hadoop.security,TestGroupsCaching.ExceptionalGroupMapping,1,0,0,0,13,0,0,2,-1.0,0,0,/Users/eashraf/hadoop/hadoop-common-project/hadoop-common/src/test/java/org/apache/hadoop/security/TestGroupsCaching.java,129
hadoop,org.apache.hadoop.security,TestGroupsCaching.FakeunPrivilegedGroupMapping,1,0,0,0,7,0,0,0,-1.0,0,0,/Users/eashraf/hadoop/hadoop-common-project/hadoop-common/src/test/java/org/apache/hadoop/security/TestGroupsCaching.java,181
hadoop,org.apache.hadoop.security,TestShellBasedIdMapping,1,0,8,7,192,12,0,0,0.625,0,4,/Users/eashraf/hadoop/hadoop-common-project/hadoop-common/src/test/java/org/apache/hadoop/security/TestShellBasedIdMapping.java,39
hadoop,org.apache.hadoop.security,AuthenticationFilterInitializer,2,0,1,1,53,6,0,0,0.0,1,6,/Users/eashraf/hadoop/hadoop-common-project/hadoop-common/src/main/java/org/apache/hadoop/security/AuthenticationFilterInitializer.java,36
hadoop,org.apache.hadoop.security,JniBasedUnixGroupsMapping,1,0,6,3,49,7,1,1,0.6666666666666666,2,0,/Users/eashraf/hadoop/hadoop-common-project/hadoop-common/src/main/java/org/apache/hadoop/security/JniBasedUnixGroupsMapping.java,32
hadoop,org.apache.hadoop.security,GroupMappingServiceProvider,1,1,3,3,24,3,8,0,-1.0,12,1,/Users/eashraf/hadoop/hadoop-common-project/hadoop-common/src/main/java/org/apache/hadoop/security/GroupMappingServiceProvider.java,27
hadoop,org.apache.hadoop.security,UserGroupInformation,48,1,68,48,1280,159,0,0,0.04411764705882353,485,15,/Users/eashraf/hadoop/hadoop-common-project/hadoop-common/src/main/java/org/apache/hadoop/security/UserGroupInformation.java,77
hadoop,org.apache.hadoop.security,UserGroupInformation.UgiMetrics,5,0,0,0,21,0,0,0,-1.0,0,3,/Users/eashraf/hadoop/hadoop-common-project/hadoop-common/src/main/java/org/apache/hadoop/security/UserGroupInformation.java,106
hadoop,org.apache.hadoop.security,UserGroupInformation.HadoopLoginModule,1,0,0,0,80,0,0,0,-1.0,0,0,/Users/eashraf/hadoop/hadoop-common-project/hadoop-common/src/main/java/org/apache/hadoop/security/UserGroupInformation.java,135
hadoop,org.apache.hadoop.security,UserGroupInformation.RealUser,1,0,0,0,29,0,0,0,-1.0,0,1,/Users/eashraf/hadoop/hadoop-common-project/hadoop-common/src/main/java/org/apache/hadoop/security/UserGroupInformation.java,426
hadoop,org.apache.hadoop.security,UserGroupInformation.HadoopConfiguration,13,0,0,0,75,0,0,0,-1.0,0,0,/Users/eashraf/hadoop/hadoop-common-project/hadoop-common/src/main/java/org/apache/hadoop/security/UserGroupInformation.java,464
hadoop,org.apache.hadoop.security,UserGroupInformation.DynamicConfiguration,1,0,0,0,12,0,0,0,-1.0,0,0,/Users/eashraf/hadoop/hadoop-common-project/hadoop-common/src/main/java/org/apache/hadoop/security/UserGroupInformation.java,571
hadoop,org.apache.hadoop.security,UserGroupInformation.AuthenticationMethod,2,0,0,0,30,0,0,0,-1.0,0,0,/Users/eashraf/hadoop/hadoop-common-project/hadoop-common/src/main/java/org/apache/hadoop/security/UserGroupInformation.java,1225
hadoop,org.apache.hadoop.security,UserGroupInformation.TestingGroups,2,0,0,0,21,0,0,1,-1.0,0,1,/Users/eashraf/hadoop/hadoop-common-project/hadoop-common/src/main/java/org/apache/hadoop/security/UserGroupInformation.java,1317
hadoop,org.apache.hadoop.security,LdapGroupsMapping,45,30,9,5,192,20,0,1,0.3333333333333333,1,1,/Users/eashraf/hadoop/hadoop-common-project/hadoop-common/src/main/java/org/apache/hadoop/security/LdapGroupsMapping.java,48
hadoop,org.apache.hadoop.security,JniBasedUnixGroupsMappingWithFallback,2,0,4,4,25,6,0,1,0.0,0,5,/Users/eashraf/hadoop/hadoop-common-project/hadoop-common/src/main/java/org/apache/hadoop/security/JniBasedUnixGroupsMappingWithFallback.java,29
hadoop,org.apache.hadoop.security,SaslPlainServer,3,0,10,8,93,16,0,0,0.2,1,0,/Users/eashraf/hadoop/hadoop-common-project/hadoop-common/src/main/java/org/apache/hadoop/security/SaslPlainServer.java,34
hadoop,org.apache.hadoop.security,SaslPlainServer.SecurityProvider,0,0,0,0,6,0,0,0,-1.0,0,0,/Users/eashraf/hadoop/hadoop-common-project/hadoop-common/src/main/java/org/apache/hadoop/security/SaslPlainServer.java,37
hadoop,org.apache.hadoop.security,SaslPlainServer.SaslPlainServerFactory,0,0,0,0,8,0,0,0,-1.0,0,0,/Users/eashraf/hadoop/hadoop-common-project/hadoop-common/src/main/java/org/apache/hadoop/security/SaslPlainServer.java,46
hadoop,org.apache.hadoop.security,NetgroupCache,1,0,6,5,63,11,0,0,0.0,3,0,/Users/eashraf/hadoop/hadoop-common-project/hadoop-common/src/main/java/org/apache/hadoop/security/NetgroupCache.java,30
hadoop,org.apache.hadoop.security,SecurityUtil,8,3,27,21,409,51,0,0,0.4444444444444444,94,8,/Users/eashraf/hadoop/hadoop-common-project/hadoop-common/src/main/java/org/apache/hadoop/security/SecurityUtil.java,55
hadoop,org.apache.hadoop.security,SecurityUtil.HostResolver,0,0,0,0,3,0,0,0,-1.0,0,0,/Users/eashraf/hadoop/hadoop-common-project/hadoop-common/src/main/java/org/apache/hadoop/security/SecurityUtil.java,468
hadoop,org.apache.hadoop.security,SecurityUtil.StandardHostResolver,0,0,0,0,8,0,0,0,-1.0,0,0,/Users/eashraf/hadoop/hadoop-common-project/hadoop-common/src/main/java/org/apache/hadoop/security/SecurityUtil.java,472
hadoop,org.apache.hadoop.security,SecurityUtil.QualifiedHostResolver,1,0,0,0,80,0,0,0,-1.0,0,0,/Users/eashraf/hadoop/hadoop-common-project/hadoop-common/src/main/java/org/apache/hadoop/security/SecurityUtil.java,482
hadoop,org.apache.hadoop.security,ProviderUtils,0,0,1,1,25,4,0,0,-1.0,7,0,/Users/eashraf/hadoop/hadoop-common-project/hadoop-common/src/main/java/org/apache/hadoop/security/ProviderUtils.java,25
hadoop,org.apache.hadoop.security,ShellBasedIdMapping,20,0,31,14,452,73,0,1,0.06451612903225806,1,3,/Users/eashraf/hadoop/hadoop-common-project/hadoop-common/src/main/java/org/apache/hadoop/security/ShellBasedIdMapping.java,41
hadoop,org.apache.hadoop.security,ShellBasedIdMapping.PassThroughMap,0,0,0,0,19,0,0,0,-1.0,0,0,/Users/eashraf/hadoop/hadoop-common-project/hadoop-common/src/main/java/org/apache/hadoop/security/ShellBasedIdMapping.java,533
hadoop,org.apache.hadoop.security,ShellBasedIdMapping.StaticMapping,2,0,0,0,15,0,0,0,-1.0,0,0,/Users/eashraf/hadoop/hadoop-common-project/hadoop-common/src/main/java/org/apache/hadoop/security/ShellBasedIdMapping.java,558
hadoop,org.apache.hadoop.security,ShellBasedUnixGroupsNetgroupMapping,1,0,5,3,74,10,0,2,0.4,1,2,/Users/eashraf/hadoop/hadoop-common-project/hadoop-common/src/main/java/org/apache/hadoop/security/ShellBasedUnixGroupsNetgroupMapping.java,33
hadoop,org.apache.hadoop.security,Credentials,5,0,21,20,232,32,0,0,0.09523809523809523,113,8,/Users/eashraf/hadoop/hadoop-common-project/hadoop-common/src/main/java/org/apache/hadoop/security/Credentials.java,51
hadoop,org.apache.hadoop.security,Groups,11,0,12,8,187,23,1,0,0.16666666666666666,21,8,/Users/eashraf/hadoop/hadoop-common-project/hadoop-common/src/main/java/org/apache/hadoop/security/Groups.java,49
hadoop,org.apache.hadoop.security,Groups.TimerToTickerAdapter,1,0,0,0,13,0,0,0,-1.0,0,1,/Users/eashraf/hadoop/hadoop-common-project/hadoop-common/src/main/java/org/apache/hadoop/security/Groups.java,188
hadoop,org.apache.hadoop.security,Groups.GroupCacheLoader,0,0,0,0,35,0,0,0,-1.0,0,1,/Users/eashraf/hadoop/hadoop-common-project/hadoop-common/src/main/java/org/apache/hadoop/security/Groups.java,205
hadoop,org.apache.hadoop.security,SecurityInfo,0,0,2,2,16,2,1,0,-1.0,1,1,/Users/eashraf/hadoop/hadoop-common-project/hadoop-common/src/main/java/org/apache/hadoop/security/SecurityInfo.java,26
hadoop,org.apache.hadoop.security,ShellBasedUnixGroupsMapping,1,0,4,3,55,8,3,1,0.75,5,1,/Users/eashraf/hadoop/hadoop-common-project/hadoop-common/src/main/java/org/apache/hadoop/security/ShellBasedUnixGroupsMapping.java,31
hadoop,org.apache.hadoop.security,IdMappingConstant,7,7,0,0,15,0,0,0,-1.0,6,0,/Users/eashraf/hadoop/hadoop-common-project/hadoop-common/src/main/java/org/apache/hadoop/security/IdMappingConstant.java,20
hadoop,org.apache.hadoop.security,SaslRpcServer,14,9,9,6,275,19,0,0,0.4444444444444444,9,5,/Users/eashraf/hadoop/hadoop-common-project/hadoop-common/src/main/java/org/apache/hadoop/security/SaslRpcServer.java,61
hadoop,org.apache.hadoop.security,SaslRpcServer.QualityOfProtection,1,1,0,0,8,0,0,0,-1.0,0,0,/Users/eashraf/hadoop/hadoop-common-project/hadoop-common/src/main/java/org/apache/hadoop/security/SaslRpcServer.java,71
hadoop,org.apache.hadoop.security,SaslRpcServer.AuthMethod,3,2,0,0,39,0,0,0,-1.0,0,0,/Users/eashraf/hadoop/hadoop-common-project/hadoop-common/src/main/java/org/apache/hadoop/security/SaslRpcServer.java,219
hadoop,org.apache.hadoop.security,SaslRpcServer.SaslDigestCallbackHandler,2,0,0,0,64,0,0,0,-1.0,0,2,/Users/eashraf/hadoop/hadoop-common-project/hadoop-common/src/main/java/org/apache/hadoop/security/SaslRpcServer.java,262
hadoop,org.apache.hadoop.security,SaslRpcServer.SaslGssCallbackHandler,0,0,0,0,30,0,0,0,-1.0,0,0,/Users/eashraf/hadoop/hadoop-common-project/hadoop-common/src/main/java/org/apache/hadoop/security/SaslRpcServer.java,336
hadoop,org.apache.hadoop.security,SaslRpcServer.FastSaslServerFactory,1,0,0,0,31,0,0,0,-1.0,0,0,/Users/eashraf/hadoop/hadoop-common-project/hadoop-common/src/main/java/org/apache/hadoop/security/SaslRpcServer.java,371
hadoop,org.apache.hadoop.security,User,5,0,13,13,88,15,0,0,0.23076923076923078,3,1,/Users/eashraf/hadoop/hadoop-common-project/hadoop-common/src/main/java/org/apache/hadoop/security/User.java,29
hadoop,org.apache.hadoop.security,SaslInputStream,11,1,14,11,223,39,0,0,0.14285714285714285,4,0,/Users/eashraf/hadoop/hadoop-common-project/hadoop-common/src/main/java/org/apache/hadoop/security/SaslInputStream.java,38
hadoop,org.apache.hadoop.security,SaslPropertiesResolver,2,0,6,6,52,7,1,0,0.0,7,4,/Users/eashraf/hadoop/hadoop-common-project/hadoop-common/src/main/java/org/apache/hadoop/security/SaslPropertiesResolver.java,34
hadoop,org.apache.hadoop.security,AnnotatedSecurityInfo,0,0,2,2,11,2,0,1,-1.0,0,1,/Users/eashraf/hadoop/hadoop-common-project/hadoop-common/src/main/java/org/apache/hadoop/security/AnnotatedSecurityInfo.java,24
hadoop,org.apache.hadoop.security,RefreshUserMappingsProtocol,1,1,2,2,19,2,0,0,-1.0,5,1,/Users/eashraf/hadoop/hadoop-common-project/hadoop-common/src/main/java/org/apache/hadoop/security/RefreshUserMappingsProtocol.java,28
hadoop,org.apache.hadoop.security,SaslRpcClient,13,1,16,7,466,63,0,0,0.0,6,10,/Users/eashraf/hadoop/hadoop-common-project/hadoop-common/src/main/java/org/apache/hadoop/security/SaslRpcClient.java,78
hadoop,org.apache.hadoop.security,SaslRpcClient.WrappedInputStream,1,0,0,0,49,0,0,0,-1.0,0,0,/Users/eashraf/hadoop/hadoop-common-project/hadoop-common/src/main/java/org/apache/hadoop/security/SaslRpcClient.java,557
hadoop,org.apache.hadoop.security,SaslRpcClient.WrappedOutputStream,0,0,0,0,16,0,0,0,-1.0,0,0,/Users/eashraf/hadoop/hadoop-common-project/hadoop-common/src/main/java/org/apache/hadoop/security/SaslRpcClient.java,622
hadoop,org.apache.hadoop.security,SaslRpcClient.SaslClientCallbackHandler,2,0,0,0,42,0,0,0,-1.0,0,0,/Users/eashraf/hadoop/hadoop-common-project/hadoop-common/src/main/java/org/apache/hadoop/security/SaslRpcClient.java,652
hadoop,org.apache.hadoop.security,AccessControlException,1,0,3,3,26,3,0,0,1.0,9,0,/Users/eashraf/hadoop/hadoop-common-project/hadoop-common/src/main/java/org/apache/hadoop/security/AccessControlException.java,24
hadoop,org.apache.hadoop.security,CompositeGroupsMapping,7,3,8,5,87,15,0,1,0.375,1,3,/Users/eashraf/hadoop/hadoop-common-project/hadoop-common/src/main/java/org/apache/hadoop/security/CompositeGroupsMapping.java,36
hadoop,org.apache.hadoop.security,HadoopKerberosName,0,0,3,3,41,6,0,0,-1.0,5,3,/Users/eashraf/hadoop/hadoop-common-project/hadoop-common/src/main/java/org/apache/hadoop/security/HadoopKerberosName.java,30
hadoop,org.apache.hadoop.security,IdMappingServiceProvider,0,0,6,6,11,6,1,0,-1.0,5,0,/Users/eashraf/hadoop/hadoop-common-project/hadoop-common/src/main/java/org/apache/hadoop/security/IdMappingServiceProvider.java,27
hadoop,org.apache.hadoop.security,JniBasedUnixGroupsNetgroupMapping,1,0,5,3,69,11,0,2,0.4,1,1,/Users/eashraf/hadoop/hadoop-common-project/hadoop-common/src/main/java/org/apache/hadoop/security/JniBasedUnixGroupsNetgroupMapping.java,35
hadoop,org.apache.hadoop.security,WhitelistBasedResolver,10,6,4,3,69,8,0,1,0.0,1,3,/Users/eashraf/hadoop/hadoop-common-project/hadoop-common/src/main/java/org/apache/hadoop/security/WhitelistBasedResolver.java,36
hadoop,org.apache.hadoop.security,JniBasedUnixGroupsNetgroupMappingWithFallback,2,0,4,4,25,6,0,1,0.0,0,4,/Users/eashraf/hadoop/hadoop-common-project/hadoop-common/src/main/java/org/apache/hadoop/security/JniBasedUnixGroupsNetgroupMappingWithFallback.java,28
hadoop,org.apache.hadoop.security,SaslOutputStream,6,0,8,7,131,16,0,0,0.0,0,0,/Users/eashraf/hadoop/hadoop-common-project/hadoop-common/src/main/java/org/apache/hadoop/security/SaslOutputStream.java,35
hadoop,org.apache.hadoop.security,TestRefreshUserMappings,5,0,5,4,145,10,0,0,0.0,0,10,/Users/eashraf/hadoop/hadoop-hdfs-project/hadoop-hdfs/src/test/java/org/apache/hadoop/security/TestRefreshUserMappings.java,53
hadoop,org.apache.hadoop.security,TestRefreshUserMappings.MockUnixGroupsMapping,1,0,0,0,18,0,0,1,-1.0,0,0,/Users/eashraf/hadoop/hadoop-hdfs-project/hadoop-hdfs/src/test/java/org/apache/hadoop/security/TestRefreshUserMappings.java,59
hadoop,org.apache.hadoop.security,TestPermissionSymlinks,10,0,36,28,250,38,0,0,0.0,0,13,/Users/eashraf/hadoop/hadoop-hdfs-project/hadoop-hdfs/src/test/java/org/apache/hadoop/security/TestPermissionSymlinks.java,56
hadoop,org.apache.hadoop.security,TestPermission,10,1,8,3,212,12,0,0,0.25,0,13,/Users/eashraf/hadoop/hadoop-hdfs-project/hadoop-hdfs/src/test/java/org/apache/hadoop/security/TestPermission.java,44
hadoop,org.apache.hadoop.security.alias,TestCredentialProvider,0,0,2,2,14,2,0,0,-1.0,0,2,/Users/eashraf/hadoop/hadoop-common-project/hadoop-common/src/test/java/org/apache/hadoop/security/alias/TestCredentialProvider.java,29
hadoop,org.apache.hadoop.security.alias,TestCredentialProviderFactory,2,0,8,6,138,10,0,0,0.375,0,11,/Users/eashraf/hadoop/hadoop-common-project/hadoop-common/src/test/java/org/apache/hadoop/security/alias/TestCredentialProviderFactory.java,41
hadoop,org.apache.hadoop.security.alias,TestCredShell,5,0,10,10,136,12,0,0,0.4,0,4,/Users/eashraf/hadoop/hadoop-common-project/hadoop-common/src/test/java/org/apache/hadoop/security/alias/TestCredShell.java,36
hadoop,org.apache.hadoop.security.alias,TestCredShell.MockPasswordReader,1,0,0,0,14,0,0,1,-1.0,0,1,/Users/eashraf/hadoop/hadoop-common-project/hadoop-common/src/test/java/org/apache/hadoop/security/alias/TestCredShell.java,179
hadoop,org.apache.hadoop.security.alias,JavaKeyStoreProvider,14,4,9,7,213,21,0,1,0.0,6,7,/Users/eashraf/hadoop/hadoop-common-project/hadoop-common/src/main/java/org/apache/hadoop/security/alias/JavaKeyStoreProvider.java,51
hadoop,org.apache.hadoop.security.alias,JavaKeyStoreProvider.Factory,0,0,0,0,11,0,0,1,-1.0,0,0,/Users/eashraf/hadoop/hadoop-common-project/hadoop-common/src/main/java/org/apache/hadoop/security/alias/JavaKeyStoreProvider.java,284
hadoop,org.apache.hadoop.security.alias,UserProvider,3,1,8,7,61,12,0,1,0.375,1,3,/Users/eashraf/hadoop/hadoop-common-project/hadoop-common/src/main/java/org/apache/hadoop/security/alias/UserProvider.java,33
hadoop,org.apache.hadoop.security.alias,UserProvider.Factory,0,0,0,0,8,0,0,1,-1.0,0,0,/Users/eashraf/hadoop/hadoop-common-project/hadoop-common/src/main/java/org/apache/hadoop/security/alias/UserProvider.java,99
hadoop,org.apache.hadoop.security.alias,CredentialProviderFactory,2,1,2,2,32,6,2,0,0.0,9,2,/Users/eashraf/hadoop/hadoop-common-project/hadoop-common/src/main/java/org/apache/hadoop/security/alias/CredentialProviderFactory.java,32
hadoop,org.apache.hadoop.security.alias,CredentialProvider,3,1,6,6,76,6,2,0,1.0,10,0,/Users/eashraf/hadoop/hadoop-common-project/hadoop-common/src/main/java/org/apache/hadoop/security/alias/CredentialProvider.java,27
hadoop,org.apache.hadoop.security.alias,CredentialProvider.CredentialEntry,2,0,0,0,32,0,0,0,-1.0,0,0,/Users/eashraf/hadoop/hadoop-common-project/hadoop-common/src/main/java/org/apache/hadoop/security/alias/CredentialProvider.java,41
hadoop,org.apache.hadoop.security.alias,CredentialShell,19,8,7,4,341,30,1,0,0.42857142857142855,2,3,/Users/eashraf/hadoop/hadoop-common-project/hadoop-common/src/main/java/org/apache/hadoop/security/alias/CredentialShell.java,34
hadoop,org.apache.hadoop.security.alias,CredentialShell.Command,1,0,0,0,38,0,0,0,-1.0,0,1,/Users/eashraf/hadoop/hadoop-common-project/hadoop-common/src/main/java/org/apache/hadoop/security/alias/CredentialShell.java,165
hadoop,org.apache.hadoop.security.alias,CredentialShell.ListCommand,2,2,0,0,30,0,0,0,-1.0,0,0,/Users/eashraf/hadoop/hadoop-common-project/hadoop-common/src/main/java/org/apache/hadoop/security/alias/CredentialShell.java,209
hadoop,org.apache.hadoop.security.alias,CredentialShell.DeleteCommand,4,2,0,0,53,0,0,0,-1.0,0,0,/Users/eashraf/hadoop/hadoop-common-project/hadoop-common/src/main/java/org/apache/hadoop/security/alias/CredentialShell.java,250
hadoop,org.apache.hadoop.security.alias,CredentialShell.CreateCommand,3,2,0,0,48,0,0,0,-1.0,0,0,/Users/eashraf/hadoop/hadoop-common-project/hadoop-common/src/main/java/org/apache/hadoop/security/alias/CredentialShell.java,322
hadoop,org.apache.hadoop.security.alias,CredentialShell.PasswordReader,0,0,0,0,11,0,0,0,-1.0,0,0,/Users/eashraf/hadoop/hadoop-common-project/hadoop-common/src/main/java/org/apache/hadoop/security/alias/CredentialShell.java,420
hadoop,org.apache.hadoop.security.ssl,TestSSLFactory,3,0,21,17,216,25,0,0,0.09523809523809523,0,7,/Users/eashraf/hadoop/hadoop-common-project/hadoop-common/src/test/java/org/apache/hadoop/security/ssl/TestSSLFactory.java,44
hadoop,org.apache.hadoop.security.ssl,TestReloadingX509TrustManager,3,0,6,6,99,6,0,0,0.0,0,2,/Users/eashraf/hadoop/hadoop-common-project/hadoop-common/src/test/java/org/apache/hadoop/security/ssl/TestReloadingX509TrustManager.java,38
hadoop,org.apache.hadoop.security.ssl,KeyStoreTestUtil,0,0,17,14,232,25,0,0,-1.0,14,7,/Users/eashraf/hadoop/hadoop-common-project/hadoop-common/src/test/java/org/apache/hadoop/security/ssl/KeyStoreTestUtil.java,57
hadoop,org.apache.hadoop.security.ssl,SSLHostnameVerifier,7,5,17,10,323,18,1,0,-1.0,1,0,/Users/eashraf/hadoop/hadoop-common-project/hadoop-common/src/main/java/org/apache/hadoop/security/ssl/SSLHostnameVerifier.java,57
hadoop,org.apache.hadoop.security.ssl,SSLHostnameVerifier.AbstractVerifier,2,0,0,0,186,0,0,1,-1.0,0,0,/Users/eashraf/hadoop/hadoop-common-project/hadoop-common/src/main/java/org/apache/hadoop/security/ssl/SSLHostnameVerifier.java,229
hadoop,org.apache.hadoop.security.ssl,SSLHostnameVerifier.Certificates,0,0,0,0,56,0,0,0,-1.0,0,0,/Users/eashraf/hadoop/hadoop-common-project/hadoop-common/src/main/java/org/apache/hadoop/security/ssl/SSLHostnameVerifier.java,512
hadoop,org.apache.hadoop.security.ssl,SSLFactory,16,9,13,11,181,25,0,0,0.15384615384615385,14,6,/Users/eashraf/hadoop/hadoop-common-project/hadoop-common/src/main/java/org/apache/hadoop/security/ssl/SSLFactory.java,38
hadoop,org.apache.hadoop.security.ssl,SSLFactory.Mode,0,0,0,0,1,0,0,0,-1.0,0,0,/Users/eashraf/hadoop/hadoop-common-project/hadoop-common/src/main/java/org/apache/hadoop/security/ssl/SSLFactory.java,52
hadoop,org.apache.hadoop.security.ssl,KeyStoresFactory,0,0,4,4,26,4,1,0,-1.0,1,1,/Users/eashraf/hadoop/hadoop-common-project/hadoop-common/src/main/java/org/apache/hadoop/security/ssl/KeyStoresFactory.java,29
hadoop,org.apache.hadoop.security.ssl,SslSocketConnectorSecure,0,0,2,1,22,4,0,0,-1.0,0,0,/Users/eashraf/hadoop/hadoop-common-project/hadoop-common/src/main/java/org/apache/hadoop/security/ssl/SslSocketConnectorSecure.java,28
hadoop,org.apache.hadoop.security.ssl,FileBasedKeyStoresFactory,15,10,8,7,148,15,0,1,0.0,2,4,/Users/eashraf/hadoop/hadoop-common-project/hadoop-common/src/main/java/org/apache/hadoop/security/ssl/FileBasedKeyStoresFactory.java,38
hadoop,org.apache.hadoop.security.ssl,ReloadingX509TrustManager,10,0,10,8,133,19,0,0,0.0,2,1,/Users/eashraf/hadoop/hadoop-common-project/hadoop-common/src/main/java/org/apache/hadoop/security/ssl/ReloadingX509TrustManager.java,38
hadoop,org.apache.hadoop.security.authorize,TestProxyServers,0,0,1,1,11,1,0,0,-1.0,0,3,/Users/eashraf/hadoop/hadoop-common-project/hadoop-common/src/test/java/org/apache/hadoop/security/authorize/TestProxyServers.java,26
hadoop,org.apache.hadoop.security.authorize,TestAccessControlList,1,0,12,8,283,14,0,0,0.5,0,6,/Users/eashraf/hadoop/hadoop-common-project/hadoop-common/src/test/java/org/apache/hadoop/security/authorize/TestAccessControlList.java,40
hadoop,org.apache.hadoop.security.authorize,TestProxyUsers,10,0,19,17,262,26,0,0,0.15789473684210525,0,8,/Users/eashraf/hadoop/hadoop-common-project/hadoop-common/src/test/java/org/apache/hadoop/security/authorize/TestProxyUsers.java,39
hadoop,org.apache.hadoop.security.authorize,TestProxyUsers.TestDummyImpersonationProvider,0,0,0,0,19,0,0,1,-1.0,0,0,/Users/eashraf/hadoop/hadoop-common-project/hadoop-common/src/test/java/org/apache/hadoop/security/authorize/TestProxyUsers.java,514
hadoop,org.apache.hadoop.security.authorize,TestServiceAuthorization,8,0,7,7,225,7,0,0,0.2857142857142857,0,5,/Users/eashraf/hadoop/hadoop-common-project/hadoop-common/src/test/java/org/apache/hadoop/security/authorize/TestServiceAuthorization.java,32
hadoop,org.apache.hadoop.security.authorize,TestServiceAuthorization.TestProtocol1,0,0,0,0,2,0,0,0,-1.0,0,0,/Users/eashraf/hadoop/hadoop-common-project/hadoop-common/src/test/java/org/apache/hadoop/security/authorize/TestServiceAuthorization.java,43
hadoop,org.apache.hadoop.security.authorize,TestServiceAuthorization.TestPolicyProvider,0,0,0,0,5,0,0,1,-1.0,0,0,/Users/eashraf/hadoop/hadoop-common-project/hadoop-common/src/test/java/org/apache/hadoop/security/authorize/TestServiceAuthorization.java,45
hadoop,org.apache.hadoop.security.authorize,ProxyUsers,2,1,7,6,64,8,0,0,0.0,28,8,/Users/eashraf/hadoop/hadoop-common-project/hadoop-common/src/main/java/org/apache/hadoop/security/authorize/ProxyUsers.java,31
hadoop,org.apache.hadoop.security.authorize,ServiceAuthorizationManager,9,2,10,9,112,19,0,0,0.0,3,9,/Users/eashraf/hadoop/hadoop-common-project/hadoop-common/src/main/java/org/apache/hadoop/security/authorize/ServiceAuthorizationManager.java,40
hadoop,org.apache.hadoop.security.authorize,AccessControlList,6,1,22,17,255,48,0,0,0.13636363636363635,30,4,/Users/eashraf/hadoop/hadoop-common-project/hadoop-common/src/main/java/org/apache/hadoop/security/authorize/AccessControlList.java,39
hadoop,org.apache.hadoop.security.authorize,PolicyProvider,2,2,2,2,23,2,1,0,1.0,15,0,/Users/eashraf/hadoop/hadoop-common-project/hadoop-common/src/main/java/org/apache/hadoop/security/authorize/PolicyProvider.java,25
hadoop,org.apache.hadoop.security.authorize,RefreshAuthorizationPolicyProtocol,1,1,1,0,14,1,0,0,-1.0,4,1,/Users/eashraf/hadoop/hadoop-common-project/hadoop-common/src/main/java/org/apache/hadoop/security/authorize/RefreshAuthorizationPolicyProtocol.java,28
hadoop,org.apache.hadoop.security.authorize,AuthorizationException,2,0,7,7,29,7,0,0,1.0,4,0,/Users/eashraf/hadoop/hadoop-common-project/hadoop-common/src/main/java/org/apache/hadoop/security/authorize/AuthorizationException.java,27
hadoop,org.apache.hadoop.security.authorize,Service,2,0,3,3,25,3,0,0,0.0,7,0,/Users/eashraf/hadoop/hadoop-common-project/hadoop-common/src/main/java/org/apache/hadoop/security/authorize/Service.java,25
hadoop,org.apache.hadoop.security.authorize,DefaultImpersonationProvider,8,0,11,10,100,21,0,1,0.0,11,6,/Users/eashraf/hadoop/hadoop-common-project/hadoop-common/src/main/java/org/apache/hadoop/security/authorize/DefaultImpersonationProvider.java,35
hadoop,org.apache.hadoop.security.authorize,ImpersonationProvider,0,0,2,2,14,2,2,0,-1.0,1,2,/Users/eashraf/hadoop/hadoop-common-project/hadoop-common/src/main/java/org/apache/hadoop/security/authorize/ImpersonationProvider.java,26
hadoop,org.apache.hadoop.security.authorize,ProxyServers,2,1,3,3,23,6,0,0,0.0,5,1,/Users/eashraf/hadoop/hadoop-common-project/hadoop-common/src/main/java/org/apache/hadoop/security/authorize/ProxyServers.java,27
hadoop,org.apache.hadoop.jmx,TestJMXJsonServlet,2,0,4,4,35,4,0,0,0.0,0,1,/Users/eashraf/hadoop/hadoop-common-project/hadoop-common/src/test/java/org/apache/hadoop/jmx/TestJMXJsonServlet.java,35
hadoop,org.apache.hadoop.jmx,JMXJsonServlet,6,0,7,2,257,32,0,0,0.2857142857142857,0,1,/Users/eashraf/hadoop/hadoop-common-project/hadoop-common/src/main/java/org/apache/hadoop/jmx/JMXJsonServlet.java,57
hadoop,org.apache.hadoop.io,TestDataByteBuffers,0,0,8,5,146,26,0,0,-1.0,0,4,/Users/eashraf/hadoop/hadoop-common-project/hadoop-common/src/test/java/org/apache/hadoop/io/TestDataByteBuffers.java,31
hadoop,org.apache.hadoop.io,TestEnumSetWritable,4,1,6,6,85,7,0,0,0.8333333333333334,0,5,/Users/eashraf/hadoop/hadoop-common-project/hadoop-common/src/test/java/org/apache/hadoop/io/TestEnumSetWritable.java,28
hadoop,org.apache.hadoop.io,TestEnumSetWritable.TestEnumSet,0,0,0,0,1,0,0,0,-1.0,0,0,/Users/eashraf/hadoop/hadoop-common-project/hadoop-common/src/test/java/org/apache/hadoop/io/TestEnumSetWritable.java,31
hadoop,org.apache.hadoop.io,TestWritableUtils,1,0,3,3,60,6,0,0,0.0,0,4,/Users/eashraf/hadoop/hadoop-common-project/hadoop-common/src/test/java/org/apache/hadoop/io/TestWritableUtils.java,28
hadoop,org.apache.hadoop.io,TestMapWritable,0,0,4,4,89,8,0,0,-1.0,0,5,/Users/eashraf/hadoop/hadoop-common-project/hadoop-common/src/test/java/org/apache/hadoop/io/TestMapWritable.java,28
hadoop,org.apache.hadoop.io,TestWritableName,3,0,5,5,66,5,0,0,0.8,0,2,/Users/eashraf/hadoop/hadoop-common-project/hadoop-common/src/test/java/org/apache/hadoop/io/TestWritableName.java,30
hadoop,org.apache.hadoop.io,TestWritableName.SimpleWritable,2,0,0,0,26,0,0,1,-1.0,0,0,/Users/eashraf/hadoop/hadoop-common-project/hadoop-common/src/test/java/org/apache/hadoop/io/TestWritableName.java,36
hadoop,org.apache.hadoop.io,TestDefaultStringifier,3,0,4,4,54,7,0,0,0.0,0,3,/Users/eashraf/hadoop/hadoop-common-project/hadoop-common/src/test/java/org/apache/hadoop/io/TestDefaultStringifier.java,30
hadoop,org.apache.hadoop.io,TestBoundedByteArrayOutputStream,2,0,2,2,78,2,0,0,0.0,0,1,/Users/eashraf/hadoop/hadoop-common-project/hadoop-common/src/test/java/org/apache/hadoop/io/TestBoundedByteArrayOutputStream.java,28
hadoop,org.apache.hadoop.io,TestBoundedByteArrayOutputStream.ResettableBoundedByteArrayOutputStream,0,0,0,0,8,0,0,1,-1.0,0,0,/Users/eashraf/hadoop/hadoop-common-project/hadoop-common/src/test/java/org/apache/hadoop/io/TestBoundedByteArrayOutputStream.java,93
hadoop,org.apache.hadoop.io,TestArrayWritable,0,0,5,5,70,7,0,0,-1.0,0,6,/Users/eashraf/hadoop/hadoop-common-project/hadoop-common/src/test/java/org/apache/hadoop/io/TestArrayWritable.java,27
hadoop,org.apache.hadoop.io,TestArrayWritable.TextArrayWritable,0,0,0,0,5,0,0,2,-1.0,0,0,/Users/eashraf/hadoop/hadoop-common-project/hadoop-common/src/test/java/org/apache/hadoop/io/TestArrayWritable.java,30
hadoop,org.apache.hadoop.io,TestMD5Hash,3,0,7,7,88,13,0,0,0.5714285714285714,0,2,/Users/eashraf/hadoop/hadoop-common-project/hadoop-common/src/test/java/org/apache/hadoop/io/TestMD5Hash.java,29
hadoop,org.apache.hadoop.io,TestBytesWritable,0,0,7,6,95,11,0,0,-1.0,0,2,/Users/eashraf/hadoop/hadoop-common-project/hadoop-common/src/test/java/org/apache/hadoop/io/TestBytesWritable.java,25
hadoop,org.apache.hadoop.io,TestSequenceFileSerialization,2,0,3,1,27,3,0,0,0.0,0,4,/Users/eashraf/hadoop/hadoop-common-project/hadoop-common/src/test/java/org/apache/hadoop/io/TestSequenceFileSerialization.java,29
hadoop,org.apache.hadoop.io,TestTextNonUTF8,0,0,2,2,23,2,0,0,-1.0,0,1,/Users/eashraf/hadoop/hadoop-common-project/hadoop-common/src/test/java/org/apache/hadoop/io/TestTextNonUTF8.java,26
hadoop,org.apache.hadoop.io,TestGenericWritable,6,2,6,5,123,6,0,0,0.5,0,2,/Users/eashraf/hadoop/hadoop-common-project/hadoop-common/src/test/java/org/apache/hadoop/io/TestGenericWritable.java,30
hadoop,org.apache.hadoop.io,TestGenericWritable.Foo,1,0,0,0,16,0,0,1,-1.0,0,0,/Users/eashraf/hadoop/hadoop-common-project/hadoop-common/src/test/java/org/apache/hadoop/io/TestGenericWritable.java,48
hadoop,org.apache.hadoop.io,TestGenericWritable.Bar,2,0,0,0,23,0,0,1,-1.0,0,1,/Users/eashraf/hadoop/hadoop-common-project/hadoop-common/src/test/java/org/apache/hadoop/io/TestGenericWritable.java,66
hadoop,org.apache.hadoop.io,TestGenericWritable.Baz,0,0,0,0,12,0,0,0,-1.0,0,0,/Users/eashraf/hadoop/hadoop-common-project/hadoop-common/src/test/java/org/apache/hadoop/io/TestGenericWritable.java,94
hadoop,org.apache.hadoop.io,TestGenericWritable.FooGenericWritable,0,0,0,0,12,0,0,2,-1.0,0,0,/Users/eashraf/hadoop/hadoop-common-project/hadoop-common/src/test/java/org/apache/hadoop/io/TestGenericWritable.java,109
hadoop,org.apache.hadoop.io,TestArrayPrimitiveWritable,13,0,4,4,78,8,0,0,0.0,0,6,/Users/eashraf/hadoop/hadoop-common-project/hadoop-common/src/test/java/org/apache/hadoop/io/TestArrayPrimitiveWritable.java,29
hadoop,org.apache.hadoop.io,TestIOUtils,1,0,12,12,213,20,0,0,1.0,0,2,/Users/eashraf/hadoop/hadoop-common-project/hadoop-common/src/test/java/org/apache/hadoop/io/TestIOUtils.java,45
hadoop,org.apache.hadoop.io,TestIOUtils.NoEntry3Filter,0,0,0,0,4,0,0,0,-1.0,0,0,/Users/eashraf/hadoop/hadoop-common-project/hadoop-common/src/test/java/org/apache/hadoop/io/TestIOUtils.java,256
hadoop,org.apache.hadoop.io,TestMapFile,4,0,34,32,585,51,0,0,0.3235294117647059,0,16,/Users/eashraf/hadoop/hadoop-common-project/hadoop-common/src/test/java/org/apache/hadoop/io/TestMapFile.java,49
hadoop,org.apache.hadoop.io,TestSecureIOUtils,6,0,6,6,68,8,0,0,0.0,0,5,/Users/eashraf/hadoop/hadoop-common-project/hadoop-common/src/test/java/org/apache/hadoop/io/TestSecureIOUtils.java,36
hadoop,org.apache.hadoop.io,TestWritable,7,0,10,10,158,10,0,0,0.5,6,7,/Users/eashraf/hadoop/hadoop-common-project/hadoop-common/src/test/java/org/apache/hadoop/io/TestWritable.java,32
hadoop,org.apache.hadoop.io,TestWritable.SimpleWritable,2,0,0,0,26,0,0,1,-1.0,0,0,/Users/eashraf/hadoop/hadoop-common-project/hadoop-common/src/test/java/org/apache/hadoop/io/TestWritable.java,41
hadoop,org.apache.hadoop.io,TestWritable.SimpleWritableComparable,1,0,0,0,14,0,0,2,-1.0,0,1,/Users/eashraf/hadoop/hadoop-common-project/hadoop-common/src/test/java/org/apache/hadoop/io/TestWritable.java,73
hadoop,org.apache.hadoop.io,TestWritable.FrobComparator,0,0,0,0,8,0,0,2,-1.0,0,0,/Users/eashraf/hadoop/hadoop-common-project/hadoop-common/src/test/java/org/apache/hadoop/io/TestWritable.java,132
hadoop,org.apache.hadoop.io,TestWritable.Frob,0,0,0,0,12,0,0,2,-1.0,0,0,/Users/eashraf/hadoop/hadoop-common-project/hadoop-common/src/test/java/org/apache/hadoop/io/TestWritable.java,140
hadoop,org.apache.hadoop.io,TestUTF8,1,0,11,10,107,15,0,0,0.6363636363636364,0,6,/Users/eashraf/hadoop/hadoop-common-project/hadoop-common/src/test/java/org/apache/hadoop/io/TestUTF8.java,32
hadoop,org.apache.hadoop.io,TestBloomMapFile,6,0,19,18,227,29,0,0,0.5789473684210527,0,16,/Users/eashraf/hadoop/hadoop-common-project/hadoop-common/src/test/java/org/apache/hadoop/io/TestBloomMapFile.java,46
hadoop,org.apache.hadoop.io,TestSequenceFile,3,0,22,12,504,60,0,0,0.3181818181818182,1,8,/Users/eashraf/hadoop/hadoop-common-project/hadoop-common/src/test/java/org/apache/hadoop/io/TestSequenceFile.java,38
hadoop,org.apache.hadoop.io,TestSequenceFile.TestFSDataInputStream,1,0,0,0,13,0,0,0,-1.0,0,0,/Users/eashraf/hadoop/hadoop-common-project/hadoop-common/src/test/java/org/apache/hadoop/io/TestSequenceFile.java,479
hadoop,org.apache.hadoop.io,TestVersionedWritable,9,0,5,5,129,5,0,0,0.8,0,4,/Users/eashraf/hadoop/hadoop-common-project/hadoop-common/src/test/java/org/apache/hadoop/io/TestVersionedWritable.java,25
hadoop,org.apache.hadoop.io,TestVersionedWritable.SimpleVersionedWritable,3,0,0,0,32,0,0,2,-1.0,0,0,/Users/eashraf/hadoop/hadoop-common-project/hadoop-common/src/test/java/org/apache/hadoop/io/TestVersionedWritable.java,32
hadoop,org.apache.hadoop.io,TestVersionedWritable.AdvancedVersionedWritable,5,0,0,0,48,0,0,0,-1.0,0,0,/Users/eashraf/hadoop/hadoop-common-project/hadoop-common/src/test/java/org/apache/hadoop/io/TestVersionedWritable.java,79
hadoop,org.apache.hadoop.io,TestVersionedWritable.SimpleVersionedWritableV2,1,0,0,0,6,0,0,0,-1.0,0,0,/Users/eashraf/hadoop/hadoop-common-project/hadoop-common/src/test/java/org/apache/hadoop/io/TestVersionedWritable.java,142
hadoop,org.apache.hadoop.io,RandomDatum,6,0,9,9,79,11,0,2,0.2222222222222222,9,1,/Users/eashraf/hadoop/hadoop-common-project/hadoop-common/src/test/java/org/apache/hadoop/io/RandomDatum.java,28
hadoop,org.apache.hadoop.io,RandomDatum.Generator,3,0,0,0,21,0,0,0,-1.0,0,1,/Users/eashraf/hadoop/hadoop-common-project/hadoop-common/src/test/java/org/apache/hadoop/io/RandomDatum.java,89
hadoop,org.apache.hadoop.io,RandomDatum.Comparator,0,0,0,0,13,0,0,2,-1.0,0,0,/Users/eashraf/hadoop/hadoop-common-project/hadoop-common/src/test/java/org/apache/hadoop/io/RandomDatum.java,107
hadoop,org.apache.hadoop.io,TestBooleanWritable,0,0,6,2,40,6,0,0,-1.0,0,4,/Users/eashraf/hadoop/hadoop-common-project/hadoop-common/src/test/java/org/apache/hadoop/io/TestBooleanWritable.java,25
hadoop,org.apache.hadoop.io,TestSequenceFileSync,4,0,4,2,69,8,0,0,0.0,0,7,/Users/eashraf/hadoop/hadoop-common-project/hadoop-common/src/test/java/org/apache/hadoop/io/TestSequenceFileSync.java,32
hadoop,org.apache.hadoop.io,TestSortedMapWritable,0,0,4,4,93,8,0,0,-1.0,0,4,/Users/eashraf/hadoop/hadoop-common-project/hadoop-common/src/test/java/org/apache/hadoop/io/TestSortedMapWritable.java,28
hadoop,org.apache.hadoop.io,TestArrayFile,4,0,9,6,163,29,0,0,0.3333333333333333,1,5,/Users/eashraf/hadoop/hadoop-common-project/hadoop-common/src/test/java/org/apache/hadoop/io/TestArrayFile.java,31
hadoop,org.apache.hadoop.io,AvroTestUtil,0,0,2,2,15,2,0,0,-1.0,3,0,/Users/eashraf/hadoop/hadoop-common-project/hadoop-common/src/test/java/org/apache/hadoop/io/AvroTestUtil.java,33
hadoop,org.apache.hadoop.io,TestObjectWritableProtos,0,0,4,3,33,6,0,0,-1.0,0,4,/Users/eashraf/hadoop/hadoop-common-project/hadoop-common/src/test/java/org/apache/hadoop/io/TestObjectWritableProtos.java,30
hadoop,org.apache.hadoop.io,TestSetFile,3,0,9,4,138,23,0,0,0.2222222222222222,1,5,/Users/eashraf/hadoop/hadoop-common-project/hadoop-common/src/test/java/org/apache/hadoop/io/TestSetFile.java,33
hadoop,org.apache.hadoop.io,TestText,3,0,24,23,311,37,0,0,0.5833333333333334,0,7,/Users/eashraf/hadoop/hadoop-common-project/hadoop-common/src/test/java/org/apache/hadoop/io/TestText.java,30
hadoop,org.apache.hadoop.io,TestText.ConcurrentEncodeDecodeThread,0,0,0,0,22,0,0,0,-1.0,0,0,/Users/eashraf/hadoop/hadoop-common-project/hadoop-common/src/test/java/org/apache/hadoop/io/TestText.java,287
hadoop,org.apache.hadoop.io,DefaultStringifier,5,0,8,8,127,11,0,1,0.0,1,7,/Users/eashraf/hadoop/hadoop-common-project/hadoop-common/src/main/java/org/apache/hadoop/io/DefaultStringifier.java,36
hadoop,org.apache.hadoop.io,IOUtils,1,1,14,14,255,35,0,0,0.7857142857142857,264,1,/Users/eashraf/hadoop/hadoop-common-project/hadoop-common/src/main/java/org/apache/hadoop/io/IOUtils.java,41
hadoop,org.apache.hadoop.io,IOUtils.NullOutputStream,0,0,0,0,9,0,0,0,-1.0,0,0,/Users/eashraf/hadoop/hadoop-common-project/hadoop-common/src/main/java/org/apache/hadoop/io/IOUtils.java,281
hadoop,org.apache.hadoop.io,MD5Hash,4,1,23,21,200,34,0,2,0.08695652173913043,23,2,/Users/eashraf/hadoop/hadoop-common-project/hadoop-common/src/main/java/org/apache/hadoop/io/MD5Hash.java,31
hadoop,org.apache.hadoop.io,MD5Hash.Comparator,0,0,0,0,11,0,0,2,-1.0,0,0,/Users/eashraf/hadoop/hadoop-common-project/hadoop-common/src/main/java/org/apache/hadoop/io/MD5Hash.java,185
hadoop,org.apache.hadoop.io,DataInputBuffer,1,0,7,6,63,7,0,0,0.2857142857142857,72,0,/Users/eashraf/hadoop/hadoop-common-project/hadoop-common/src/main/java/org/apache/hadoop/io/DataInputBuffer.java,26
hadoop,org.apache.hadoop.io,DataInputBuffer.Buffer,0,0,0,0,20,0,0,0,-1.0,0,0,/Users/eashraf/hadoop/hadoop-common-project/hadoop-common/src/main/java/org/apache/hadoop/io/DataInputBuffer.java,47
hadoop,org.apache.hadoop.io,DoubleWritable,1,0,10,10,58,11,0,2,0.2,2,0,/Users/eashraf/hadoop/hadoop-common-project/hadoop-common/src/main/java/org/apache/hadoop/io/DoubleWritable.java,28
hadoop,org.apache.hadoop.io,DoubleWritable.Comparator,0,0,0,0,13,0,0,2,-1.0,0,0,/Users/eashraf/hadoop/hadoop-common-project/hadoop-common/src/main/java/org/apache/hadoop/io/DoubleWritable.java,86
hadoop,org.apache.hadoop.io,ArrayPrimitiveWritable,5,0,30,10,234,67,1,1,0.06666666666666667,2,1,/Users/eashraf/hadoop/hadoop-common-project/hadoop-common/src/main/java/org/apache/hadoop/io/ArrayPrimitiveWritable.java,32
hadoop,org.apache.hadoop.io,ArrayPrimitiveWritable.Internal,0,0,0,0,11,0,0,2,-1.0,0,0,/Users/eashraf/hadoop/hadoop-common-project/hadoop-common/src/main/java/org/apache/hadoop/io/ArrayPrimitiveWritable.java,150
hadoop,org.apache.hadoop.io,Text,11,1,42,38,477,91,0,2,0.21428571428571427,371,1,/Users/eashraf/hadoop/hadoop-common-project/hadoop-common/src/main/java/org/apache/hadoop/io/Text.java,41
hadoop,org.apache.hadoop.io,Text.Comparator,0,0,0,0,13,0,0,2,-1.0,0,0,/Users/eashraf/hadoop/hadoop-common-project/hadoop-common/src/main/java/org/apache/hadoop/io/Text.java,357
hadoop,org.apache.hadoop.io,WritableComparator,6,0,25,20,200,32,14,1,0.32,40,5,/Users/eashraf/hadoop/hadoop-common-project/hadoop-common/src/main/java/org/apache/hadoop/io/WritableComparator.java,31
hadoop,org.apache.hadoop.io,OutputBuffer,1,0,6,5,64,6,0,0,0.3333333333333333,4,0,/Users/eashraf/hadoop/hadoop-common-project/hadoop-common/src/main/java/org/apache/hadoop/io/OutputBuffer.java,26
hadoop,org.apache.hadoop.io,OutputBuffer.Buffer,0,0,0,0,21,0,0,0,-1.0,0,0,/Users/eashraf/hadoop/hadoop-common-project/hadoop-common/src/main/java/org/apache/hadoop/io/OutputBuffer.java,50
hadoop,org.apache.hadoop.io,InputBuffer,1,0,6,5,59,6,0,0,0.3333333333333333,3,0,/Users/eashraf/hadoop/hadoop-common-project/hadoop-common/src/main/java/org/apache/hadoop/io/InputBuffer.java,27
hadoop,org.apache.hadoop.io,InputBuffer.Buffer,0,0,0,0,17,0,0,0,-1.0,0,0,/Users/eashraf/hadoop/hadoop-common-project/hadoop-common/src/main/java/org/apache/hadoop/io/InputBuffer.java,50
hadoop,org.apache.hadoop.io,FastByteComparisons,6,0,2,1,157,2,0,0,1.0,1,0,/Users/eashraf/hadoop/hadoop-common-project/hadoop-common/src/main/java/org/apache/hadoop/io/FastByteComparisons.java,33
hadoop,org.apache.hadoop.io,FastByteComparisons.Comparer,0,0,0,0,3,0,0,0,-1.0,0,0,/Users/eashraf/hadoop/hadoop-common-project/hadoop-common/src/main/java/org/apache/hadoop/io/FastByteComparisons.java,51
hadoop,org.apache.hadoop.io,FastByteComparisons.LexicographicalComparerHolder,5,0,0,0,139,0,0,0,-1.0,0,0,/Users/eashraf/hadoop/hadoop-common-project/hadoop-common/src/main/java/org/apache/hadoop/io/FastByteComparisons.java,61
hadoop,org.apache.hadoop.io,FastByteComparisons.PureJavaComparer,0,0,0,0,16,0,0,0,-1.0,0,0,/Users/eashraf/hadoop/hadoop-common-project/hadoop-common/src/main/java/org/apache/hadoop/io/FastByteComparisons.java,106
hadoop,org.apache.hadoop.io,FastByteComparisons.UnsafeComparer,3,0,0,0,90,0,0,0,-1.0,0,0,/Users/eashraf/hadoop/hadoop-common-project/hadoop-common/src/main/java/org/apache/hadoop/io/FastByteComparisons.java,132
hadoop,org.apache.hadoop.io,CompressedWritable,1,0,6,3,49,8,0,1,0.3333333333333333,0,0,/Users/eashraf/hadoop/hadoop-common-project/hadoop-common/src/main/java/org/apache/hadoop/io/CompressedWritable.java,35
hadoop,org.apache.hadoop.io,DataInputByteBuffer,6,0,6,5,65,6,0,0,0.3333333333333333,12,0,/Users/eashraf/hadoop/hadoop-common-project/hadoop-common/src/main/java/org/apache/hadoop/io/DataInputByteBuffer.java,25
hadoop,org.apache.hadoop.io,DataInputByteBuffer.Buffer,5,0,0,0,43,0,0,0,-1.0,0,0,/Users/eashraf/hadoop/hadoop-common-project/hadoop-common/src/main/java/org/apache/hadoop/io/DataInputByteBuffer.java,27
hadoop,org.apache.hadoop.io,ShortWritable,1,0,10,10,79,11,0,2,0.2,3,0,/Users/eashraf/hadoop/hadoop-common-project/hadoop-common/src/main/java/org/apache/hadoop/io/ShortWritable.java,28
hadoop,org.apache.hadoop.io,ShortWritable.Comparator,0,0,0,0,13,0,0,2,-1.0,0,0,/Users/eashraf/hadoop/hadoop-common-project/hadoop-common/src/main/java/org/apache/hadoop/io/ShortWritable.java,92
hadoop,org.apache.hadoop.io,BooleanWritable,1,0,10,10,73,11,0,2,0.2,8,0,/Users/eashraf/hadoop/hadoop-common-project/hadoop-common/src/main/java/org/apache/hadoop/io/BooleanWritable.java,26
hadoop,org.apache.hadoop.io,BooleanWritable.Comparator,0,0,0,0,11,0,0,2,-1.0,0,0,/Users/eashraf/hadoop/hadoop-common-project/hadoop-common/src/main/java/org/apache/hadoop/io/BooleanWritable.java,104
hadoop,org.apache.hadoop.io,NullWritable,1,0,8,7,49,8,0,2,1.0,33,0,/Users/eashraf/hadoop/hadoop-common-project/hadoop-common/src/main/java/org/apache/hadoop/io/NullWritable.java,26
hadoop,org.apache.hadoop.io,NullWritable.Comparator,0,0,0,0,16,0,0,2,-1.0,0,0,/Users/eashraf/hadoop/hadoop-common-project/hadoop-common/src/main/java/org/apache/hadoop/io/NullWritable.java,57
hadoop,org.apache.hadoop.io,MultipleIOException,2,0,3,2,35,5,0,0,0.0,2,0,/Users/eashraf/hadoop/hadoop-common-project/hadoop-common/src/main/java/org/apache/hadoop/io/MultipleIOException.java,26
hadoop,org.apache.hadoop.io,FloatWritable,1,0,10,10,67,11,0,2,0.2,8,0,/Users/eashraf/hadoop/hadoop-common-project/hadoop-common/src/main/java/org/apache/hadoop/io/FloatWritable.java,26
hadoop,org.apache.hadoop.io,FloatWritable.Comparator,0,0,0,0,13,0,0,2,-1.0,0,0,/Users/eashraf/hadoop/hadoop-common-project/hadoop-common/src/main/java/org/apache/hadoop/io/FloatWritable.java,79
hadoop,org.apache.hadoop.io,ByteWritable,1,0,10,10,69,11,0,2,0.2,3,0,/Users/eashraf/hadoop/hadoop-common-project/hadoop-common/src/main/java/org/apache/hadoop/io/ByteWritable.java,26
hadoop,org.apache.hadoop.io,ByteWritable.Comparator,0,0,0,0,13,0,0,2,-1.0,0,0,/Users/eashraf/hadoop/hadoop-common-project/hadoop-common/src/main/java/org/apache/hadoop/io/ByteWritable.java,80
hadoop,org.apache.hadoop.io,SequenceFile,137,1,16,14,2695,20,2,0,0.1875,85,14,/Users/eashraf/hadoop/hadoop-common-project/hadoop-common/src/main/java/org/apache/hadoop/io/SequenceFile.java,54
hadoop,org.apache.hadoop.io,SequenceFile.CompressionType,0,0,0,0,14,0,0,0,-1.0,0,0,/Users/eashraf/hadoop/hadoop-common-project/hadoop-common/src/main/java/org/apache/hadoop/io/SequenceFile.java,216
hadoop,org.apache.hadoop.io,SequenceFile.ValueBytes,0,0,0,0,20,0,0,0,-1.0,0,0,/Users/eashraf/hadoop/hadoop-common-project/hadoop-common/src/main/java/org/apache/hadoop/io/SequenceFile.java,588
hadoop,org.apache.hadoop.io,SequenceFile.UncompressedBytes,2,0,0,0,28,0,0,0,-1.0,0,0,/Users/eashraf/hadoop/hadoop-common-project/hadoop-common/src/main/java/org/apache/hadoop/io/SequenceFile.java,611
hadoop,org.apache.hadoop.io,SequenceFile.CompressedBytes,5,0,0,0,44,0,0,0,-1.0,0,3,/Users/eashraf/hadoop/hadoop-common-project/hadoop-common/src/main/java/org/apache/hadoop/io/SequenceFile.java,651
hadoop,org.apache.hadoop.io,SequenceFile.Metadata,1,0,0,0,95,0,0,1,-1.0,0,0,/Users/eashraf/hadoop/hadoop-common-project/hadoop-common/src/main/java/org/apache/hadoop/io/SequenceFile.java,706
hadoop,org.apache.hadoop.io,SequenceFile.Writer,21,0,0,0,415,0,0,0,-1.0,0,6,/Users/eashraf/hadoop/hadoop-common-project/hadoop-common/src/main/java/org/apache/hadoop/io/SequenceFile.java,824
hadoop,org.apache.hadoop.io,SequenceFile.Option,0,0,0,0,2,0,0,0,-1.0,0,0,/Users/eashraf/hadoop/hadoop-common-project/hadoop-common/src/main/java/org/apache/hadoop/io/SequenceFile.java,861
hadoop,org.apache.hadoop.io,SequenceFile.FileOption,0,0,0,0,5,0,0,0,-1.0,0,0,/Users/eashraf/hadoop/hadoop-common-project/hadoop-common/src/main/java/org/apache/hadoop/io/SequenceFile.java,863
hadoop,org.apache.hadoop.io,SequenceFile.FileSystemOption,1,0,0,0,12,0,0,0,-1.0,0,0,/Users/eashraf/hadoop/hadoop-common-project/hadoop-common/src/main/java/org/apache/hadoop/io/SequenceFile.java,870
hadoop,org.apache.hadoop.io,SequenceFile.StreamOption,0,0,0,0,5,0,0,0,-1.0,0,0,/Users/eashraf/hadoop/hadoop-common-project/hadoop-common/src/main/java/org/apache/hadoop/io/SequenceFile.java,885
hadoop,org.apache.hadoop.io,SequenceFile.BufferSizeOption,0,0,0,0,5,0,0,0,-1.0,0,0,/Users/eashraf/hadoop/hadoop-common-project/hadoop-common/src/main/java/org/apache/hadoop/io/SequenceFile.java,892
hadoop,org.apache.hadoop.io,SequenceFile.BlockSizeOption,0,0,0,0,5,0,0,0,-1.0,0,0,/Users/eashraf/hadoop/hadoop-common-project/hadoop-common/src/main/java/org/apache/hadoop/io/SequenceFile.java,899
hadoop,org.apache.hadoop.io,SequenceFile.ReplicationOption,0,0,0,0,5,0,0,0,-1.0,0,0,/Users/eashraf/hadoop/hadoop-common-project/hadoop-common/src/main/java/org/apache/hadoop/io/SequenceFile.java,905
hadoop,org.apache.hadoop.io,SequenceFile.KeyClassOption,0,0,0,0,5,0,0,0,-1.0,0,0,/Users/eashraf/hadoop/hadoop-common-project/hadoop-common/src/main/java/org/apache/hadoop/io/SequenceFile.java,912
hadoop,org.apache.hadoop.io,SequenceFile.ValueClassOption,0,0,0,0,5,0,0,0,-1.0,0,0,/Users/eashraf/hadoop/hadoop-common-project/hadoop-common/src/main/java/org/apache/hadoop/io/SequenceFile.java,918
hadoop,org.apache.hadoop.io,SequenceFile.MetadataOption,1,0,0,0,9,0,0,0,-1.0,0,0,/Users/eashraf/hadoop/hadoop-common-project/hadoop-common/src/main/java/org/apache/hadoop/io/SequenceFile.java,925
hadoop,org.apache.hadoop.io,SequenceFile.ProgressableOption,0,0,0,0,5,0,0,0,-1.0,0,0,/Users/eashraf/hadoop/hadoop-common-project/hadoop-common/src/main/java/org/apache/hadoop/io/SequenceFile.java,935
hadoop,org.apache.hadoop.io,SequenceFile.CompressionOption,2,0,0,0,17,0,0,0,-1.0,0,1,/Users/eashraf/hadoop/hadoop-common-project/hadoop-common/src/main/java/org/apache/hadoop/io/SequenceFile.java,942
hadoop,org.apache.hadoop.io,SequenceFile.RecordCompressWriter,0,0,0,0,39,0,0,0,-1.0,0,0,/Users/eashraf/hadoop/hadoop-common-project/hadoop-common/src/main/java/org/apache/hadoop/io/SequenceFile.java,1369
hadoop,org.apache.hadoop.io,SequenceFile.BlockCompressWriter,6,0,0,0,96,0,0,0,-1.0,0,1,/Users/eashraf/hadoop/hadoop-common-project/hadoop-common/src/main/java/org/apache/hadoop/io/SequenceFile.java,1429
hadoop,org.apache.hadoop.io,SequenceFile.Reader,43,0,0,0,876,0,0,0,-1.0,0,6,/Users/eashraf/hadoop/hadoop-common-project/hadoop-common/src/main/java/org/apache/hadoop/io/SequenceFile.java,1573
hadoop,org.apache.hadoop.io,SequenceFile.Option,0,0,0,0,5,0,0,0,-1.0,0,0,/Users/eashraf/hadoop/hadoop-common-project/hadoop-common/src/main/java/org/apache/hadoop/io/SequenceFile.java,1631
hadoop,org.apache.hadoop.io,SequenceFile.FileOption,0,0,0,0,5,0,0,0,-1.0,0,0,/Users/eashraf/hadoop/hadoop-common-project/hadoop-common/src/main/java/org/apache/hadoop/io/SequenceFile.java,1681
hadoop,org.apache.hadoop.io,SequenceFile.InputStreamOption,0,0,0,0,5,0,0,0,-1.0,0,0,/Users/eashraf/hadoop/hadoop-common-project/hadoop-common/src/main/java/org/apache/hadoop/io/SequenceFile.java,1688
hadoop,org.apache.hadoop.io,SequenceFile.StartOption,0,0,0,0,5,0,0,0,-1.0,0,0,/Users/eashraf/hadoop/hadoop-common-project/hadoop-common/src/main/java/org/apache/hadoop/io/SequenceFile.java,1696
hadoop,org.apache.hadoop.io,SequenceFile.LengthOption,0,0,0,0,5,0,0,0,-1.0,0,0,/Users/eashraf/hadoop/hadoop-common-project/hadoop-common/src/main/java/org/apache/hadoop/io/SequenceFile.java,1703
hadoop,org.apache.hadoop.io,SequenceFile.BufferSizeOption,0,0,0,0,5,0,0,0,-1.0,0,0,/Users/eashraf/hadoop/hadoop-common-project/hadoop-common/src/main/java/org/apache/hadoop/io/SequenceFile.java,1710
hadoop,org.apache.hadoop.io,SequenceFile.OnlyHeaderOption,0,0,0,0,5,0,0,0,-1.0,0,0,/Users/eashraf/hadoop/hadoop-common-project/hadoop-common/src/main/java/org/apache/hadoop/io/SequenceFile.java,1718
hadoop,org.apache.hadoop.io,SequenceFile.Sorter,50,0,0,0,816,0,0,0,-1.0,0,5,/Users/eashraf/hadoop/hadoop-common-project/hadoop-common/src/main/java/org/apache/hadoop/io/SequenceFile.java,2650
hadoop,org.apache.hadoop.io,SequenceFile.SortPass,15,0,0,0,149,0,0,0,-1.0,0,2,/Users/eashraf/hadoop/hadoop-common-project/hadoop-common/src/main/java/org/apache/hadoop/io/SequenceFile.java,2794
hadoop,org.apache.hadoop.io,SequenceFile.SeqFileComparator,0,0,0,0,5,0,0,0,-1.0,0,0,/Users/eashraf/hadoop/hadoop-common-project/hadoop-common/src/main/java/org/apache/hadoop/io/SequenceFile.java,2973
hadoop,org.apache.hadoop.io,SequenceFile.RawKeyValueIterator,0,0,0,0,32,0,0,0,-1.0,0,0,/Users/eashraf/hadoop/hadoop-common-project/hadoop-common/src/main/java/org/apache/hadoop/io/SequenceFile.java,2990
hadoop,org.apache.hadoop.io,SequenceFile.MergeQueue,11,0,0,0,194,0,0,0,-1.0,0,3,/Users/eashraf/hadoop/hadoop-common-project/hadoop-common/src/main/java/org/apache/hadoop/io/SequenceFile.java,3202
hadoop,org.apache.hadoop.io,SequenceFile.SegmentDescriptor,7,0,0,0,112,0,0,0,-1.0,0,1,/Users/eashraf/hadoop/hadoop-common-project/hadoop-common/src/main/java/org/apache/hadoop/io/SequenceFile.java,3464
hadoop,org.apache.hadoop.io,SequenceFile.LinkedSegmentsDescriptor,1,0,0,0,31,0,0,0,-1.0,0,0,/Users/eashraf/hadoop/hadoop-common-project/hadoop-common/src/main/java/org/apache/hadoop/io/SequenceFile.java,3599
hadoop,org.apache.hadoop.io,SequenceFile.SegmentContainer,4,0,0,0,35,0,0,0,-1.0,0,0,/Users/eashraf/hadoop/hadoop-common-project/hadoop-common/src/main/java/org/apache/hadoop/io/SequenceFile.java,3636
hadoop,org.apache.hadoop.io,ByteBufferPool,0,0,2,0,14,2,1,0,-1.0,5,0,/Users/eashraf/hadoop/hadoop-common-project/hadoop-common/src/main/java/org/apache/hadoop/io/ByteBufferPool.java,25
hadoop,org.apache.hadoop.io,BloomMapFile,13,2,2,1,159,3,0,0,1.0,1,7,/Users/eashraf/hadoop/hadoop-common-project/hadoop-common/src/main/java/org/apache/hadoop/io/BloomMapFile.java,40
hadoop,org.apache.hadoop.io,BloomMapFile.Writer,7,0,0,0,65,0,0,1,-1.0,0,7,/Users/eashraf/hadoop/hadoop-common-project/hadoop-common/src/main/java/org/apache/hadoop/io/BloomMapFile.java,76
hadoop,org.apache.hadoop.io,BloomMapFile.Reader,3,0,0,0,67,0,0,1,-1.0,0,5,/Users/eashraf/hadoop/hadoop-common-project/hadoop-common/src/main/java/org/apache/hadoop/io/BloomMapFile.java,201
hadoop,org.apache.hadoop.io,ArrayFile,2,0,1,0,70,1,0,1,0.0,1,2,/Users/eashraf/hadoop/hadoop-common-project/hadoop-common/src/main/java/org/apache/hadoop/io/ArrayFile.java,30
hadoop,org.apache.hadoop.io,ArrayFile.Writer,1,0,0,0,25,0,0,1,-1.0,0,2,/Users/eashraf/hadoop/hadoop-common-project/hadoop-common/src/main/java/org/apache/hadoop/io/ArrayFile.java,37
hadoop,org.apache.hadoop.io,ArrayFile.Reader,1,0,0,0,38,0,0,1,-1.0,0,2,/Users/eashraf/hadoop/hadoop-common-project/hadoop-common/src/main/java/org/apache/hadoop/io/ArrayFile.java,68
hadoop,org.apache.hadoop.io,SecureIOUtils,3,0,9,4,178,21,0,0,0.0,4,6,/Users/eashraf/hadoop/hadoop-common-project/hadoop-common/src/main/java/org/apache/hadoop/io/SecureIOUtils.java,38
hadoop,org.apache.hadoop.io,SecureIOUtils.AlreadyExistsException,1,0,0,0,12,0,0,0,-1.0,0,0,/Users/eashraf/hadoop/hadoop-common-project/hadoop-common/src/main/java/org/apache/hadoop/io/SecureIOUtils.java,288
hadoop,org.apache.hadoop.io,Closeable,0,0,0,0,5,0,0,0,-1.0,1,0,/Users/eashraf/hadoop/hadoop-common-project/hadoop-common/src/main/java/org/apache/hadoop/io/Closeable.java,24
hadoop,org.apache.hadoop.io,RawComparator,0,0,1,1,18,1,1,0,-1.0,24,0,/Users/eashraf/hadoop/hadoop-common-project/hadoop-common/src/main/java/org/apache/hadoop/io/RawComparator.java,27
hadoop,org.apache.hadoop.io,MapWritable,1,0,18,18,99,24,0,2,0.1111111111111111,3,2,/Users/eashraf/hadoop/hadoop-common-project/hadoop-common/src/main/java/org/apache/hadoop/io/MapWritable.java,32
hadoop,org.apache.hadoop.io,Writable,0,0,2,0,17,2,16,0,-1.0,61,0,/Users/eashraf/hadoop/hadoop-common-project/hadoop-common/src/main/java/org/apache/hadoop/io/Writable.java,28
hadoop,org.apache.hadoop.io,IntWritable,1,0,10,10,67,11,0,2,0.2,92,0,/Users/eashraf/hadoop/hadoop-common-project/hadoop-common/src/main/java/org/apache/hadoop/io/IntWritable.java,29
hadoop,org.apache.hadoop.io,IntWritable.Comparator,0,0,0,0,13,0,0,2,-1.0,0,0,/Users/eashraf/hadoop/hadoop-common-project/hadoop-common/src/main/java/org/apache/hadoop/io/IntWritable.java,82
hadoop,org.apache.hadoop.io,UTF8,6,0,25,19,284,48,0,2,0.2,9,5,/Users/eashraf/hadoop/hadoop-common-project/hadoop-common/src/main/java/org/apache/hadoop/io/UTF8.java,32
hadoop,org.apache.hadoop.io,UTF8.Comparator,0,0,0,0,13,0,0,2,-1.0,0,0,/Users/eashraf/hadoop/hadoop-common-project/hadoop-common/src/main/java/org/apache/hadoop/io/UTF8.java,193
hadoop,org.apache.hadoop.io,DataOutputBuffer,1,0,9,8,100,9,0,0,0.3333333333333333,101,0,/Users/eashraf/hadoop/hadoop-common-project/hadoop-common/src/main/java/org/apache/hadoop/io/DataOutputBuffer.java,28
hadoop,org.apache.hadoop.io,DataOutputBuffer.Buffer,0,0,0,0,35,0,0,0,-1.0,0,0,/Users/eashraf/hadoop/hadoop-common-project/hadoop-common/src/main/java/org/apache/hadoop/io/DataOutputBuffer.java,51
hadoop,org.apache.hadoop.io,BytesWritable,4,0,18,18,170,26,0,2,0.2222222222222222,64,0,/Users/eashraf/hadoop/hadoop-common-project/hadoop-common/src/main/java/org/apache/hadoop/io/BytesWritable.java,28
hadoop,org.apache.hadoop.io,BytesWritable.Comparator,0,0,0,0,14,0,0,2,-1.0,0,0,/Users/eashraf/hadoop/hadoop-common-project/hadoop-common/src/main/java/org/apache/hadoop/io/BytesWritable.java,226
hadoop,org.apache.hadoop.io,ArrayWritable,2,0,10,10,60,16,1,1,0.0,3,2,/Users/eashraf/hadoop/hadoop-common-project/hadoop-common/src/main/java/org/apache/hadoop/io/ArrayWritable.java,27
hadoop,org.apache.hadoop.io,SetFile,0,0,1,0,73,1,0,1,-1.0,1,2,/Users/eashraf/hadoop/hadoop-common-project/hadoop-common/src/main/java/org/apache/hadoop/io/SetFile.java,30
hadoop,org.apache.hadoop.io,SetFile.Writer,0,0,0,0,30,0,0,1,-1.0,0,2,/Users/eashraf/hadoop/hadoop-common-project/hadoop-common/src/main/java/org/apache/hadoop/io/SetFile.java,37
hadoop,org.apache.hadoop.io,SetFile.Reader,0,0,0,0,36,0,0,1,-1.0,0,1,/Users/eashraf/hadoop/hadoop-common-project/hadoop-common/src/main/java/org/apache/hadoop/io/SetFile.java,75
hadoop,org.apache.hadoop.io,EnumSetWritable,3,0,17,16,135,34,0,1,0.17647058823529413,6,4,/Users/eashraf/hadoop/hadoop-common-project/hadoop-common/src/main/java/org/apache/hadoop/io/EnumSetWritable.java,33
hadoop,org.apache.hadoop.io,ElasticByteBufferPool,4,0,3,2,55,6,0,1,0.0,0,0,/Users/eashraf/hadoop/hadoop-common-project/hadoop-common/src/main/java/org/apache/hadoop/io/ElasticByteBufferPool.java,30
hadoop,org.apache.hadoop.io,ElasticByteBufferPool.Key,2,0,0,0,26,0,0,0,-1.0,0,0,/Users/eashraf/hadoop/hadoop-common-project/hadoop-common/src/main/java/org/apache/hadoop/io/ElasticByteBufferPool.java,40
hadoop,org.apache.hadoop.io,DataOutputByteBuffer,8,0,7,6,92,7,0,0,0.42857142857142855,1,0,/Users/eashraf/hadoop/hadoop-common-project/hadoop-common/src/main/java/org/apache/hadoop/io/DataOutputByteBuffer.java,28
hadoop,org.apache.hadoop.io,DataOutputByteBuffer.Buffer,7,0,0,0,66,0,0,0,-1.0,0,0,/Users/eashraf/hadoop/hadoop-common-project/hadoop-common/src/main/java/org/apache/hadoop/io/DataOutputByteBuffer.java,30
hadoop,org.apache.hadoop.io,WritableFactories,1,0,5,4,42,7,0,0,0.4,2,3,/Users/eashraf/hadoop/hadoop-common-project/hadoop-common/src/main/java/org/apache/hadoop/io/WritableFactories.java,28
hadoop,org.apache.hadoop.io,VersionMismatchException,2,0,2,2,17,2,0,0,0.0,0,0,/Users/eashraf/hadoop/hadoop-common-project/hadoop-common/src/main/java/org/apache/hadoop/io/VersionMismatchException.java,26
hadoop,org.apache.hadoop.io,VersionedWritable,0,0,3,3,16,4,1,1,-1.0,0,0,/Users/eashraf/hadoop/hadoop-common-project/hadoop-common/src/main/java/org/apache/hadoop/io/VersionedWritable.java,28
hadoop,org.apache.hadoop.io,BoundedByteArrayOutputStream,4,0,12,10,95,18,1,0,0.16666666666666666,6,0,/Users/eashraf/hadoop/hadoop-common-project/hadoop-common/src/main/java/org/apache/hadoop/io/BoundedByteArrayOutputStream.java,27
hadoop,org.apache.hadoop.io,WritableComparable,0,0,0,0,5,0,17,1,-1.0,22,0,/Users/eashraf/hadoop/hadoop-common-project/hadoop-common/src/main/java/org/apache/hadoop/io/WritableComparable.java,24
hadoop,org.apache.hadoop.io,ReadaheadPool,11,0,4,3,131,11,0,0,0.5,5,1,/Users/eashraf/hadoop/hadoop-common-project/hadoop-common/src/main/java/org/apache/hadoop/io/ReadaheadPool.java,35
hadoop,org.apache.hadoop.io,ReadaheadPool.ReadaheadRequest,0,0,0,0,17,0,0,0,-1.0,0,0,/Users/eashraf/hadoop/hadoop-common-project/hadoop-common/src/main/java/org/apache/hadoop/io/ReadaheadPool.java,157
hadoop,org.apache.hadoop.io,ReadaheadPool.ReadaheadRequestImpl,5,0,0,0,36,0,0,0,-1.0,0,1,/Users/eashraf/hadoop/hadoop-common-project/hadoop-common/src/main/java/org/apache/hadoop/io/ReadaheadPool.java,184
hadoop,org.apache.hadoop.io,TwoDArrayWritable,2,0,7,7,65,15,0,1,0.0,0,1,/Users/eashraf/hadoop/hadoop-common-project/hadoop-common/src/main/java/org/apache/hadoop/io/TwoDArrayWritable.java,27
hadoop,org.apache.hadoop.io,Stringifier,0,0,3,3,25,3,1,0,-1.0,1,0,/Users/eashraf/hadoop/hadoop-common-project/hadoop-common/src/main/java/org/apache/hadoop/io/Stringifier.java,26
hadoop,org.apache.hadoop.io,VLongWritable,1,0,10,10,52,11,0,2,0.2,2,1,/Users/eashraf/hadoop/hadoop-common-project/hadoop-common/src/main/java/org/apache/hadoop/io/VLongWritable.java,26
hadoop,org.apache.hadoop.io,VIntWritable,1,0,10,10,52,11,0,2,0.2,2,1,/Users/eashraf/hadoop/hadoop-common-project/hadoop-common/src/main/java/org/apache/hadoop/io/VIntWritable.java,26
hadoop,org.apache.hadoop.io,WritableName,2,0,5,4,51,7,0,0,0.4,1,1,/Users/eashraf/hadoop/hadoop-common-project/hadoop-common/src/main/java/org/apache/hadoop/io/WritableName.java,28
hadoop,org.apache.hadoop.io,LongWritable,1,0,10,10,78,11,0,2,0.2,97,0,/Users/eashraf/hadoop/hadoop-common-project/hadoop-common/src/main/java/org/apache/hadoop/io/LongWritable.java,29
hadoop,org.apache.hadoop.io,LongWritable.Comparator,0,0,0,0,13,0,0,2,-1.0,0,0,/Users/eashraf/hadoop/hadoop-common-project/hadoop-common/src/main/java/org/apache/hadoop/io/LongWritable.java,82
hadoop,org.apache.hadoop.io,LongWritable.DecreasingComparator,0,0,0,0,11,0,0,0,-1.0,0,0,/Users/eashraf/hadoop/hadoop-common-project/hadoop-common/src/main/java/org/apache/hadoop/io/LongWritable.java,97
hadoop,org.apache.hadoop.io,AbstractMapWritable,4,0,11,4,132,20,2,1,0.0,0,4,/Users/eashraf/hadoop/hadoop-common-project/hadoop-common/src/main/java/org/apache/hadoop/io/AbstractMapWritable.java,34
hadoop,org.apache.hadoop.io,WritableFactory,0,0,1,0,10,1,0,0,-1.0,2,1,/Users/eashraf/hadoop/hadoop-common-project/hadoop-common/src/main/java/org/apache/hadoop/io/WritableFactory.java,24
hadoop,org.apache.hadoop.io,ObjectWritable,5,0,18,16,312,60,0,1,0.1111111111111111,4,6,/Users/eashraf/hadoop/hadoop-common-project/hadoop-common/src/main/java/org/apache/hadoop/io/ObjectWritable.java,35
hadoop,org.apache.hadoop.io,ObjectWritable.NullInstance,1,0,0,0,25,0,0,1,-1.0,0,0,/Users/eashraf/hadoop/hadoop-common-project/hadoop-common/src/main/java/org/apache/hadoop/io/ObjectWritable.java,98
hadoop,org.apache.hadoop.io,DataOutputOutputStream,1,0,5,4,31,6,0,0,0.0,1,0,/Users/eashraf/hadoop/hadoop-common-project/hadoop-common/src/main/java/org/apache/hadoop/io/DataOutputOutputStream.java,27
hadoop,org.apache.hadoop.io,MapFile,35,2,5,4,690,17,8,0,0.8,21,12,/Users/eashraf/hadoop/hadoop-common-project/hadoop-common/src/main/java/org/apache/hadoop/io/MapFile.java,41
hadoop,org.apache.hadoop.io,MapFile.Writer,13,0,0,0,190,0,0,0,-1.0,0,6,/Users/eashraf/hadoop/hadoop-common-project/hadoop-common/src/main/java/org/apache/hadoop/io/MapFile.java,70
hadoop,org.apache.hadoop.io,MapFile.Option,0,0,0,0,2,0,0,1,-1.0,0,1,/Users/eashraf/hadoop/hadoop-common-project/hadoop-common/src/main/java/org/apache/hadoop/io/MapFile.java,192
hadoop,org.apache.hadoop.io,MapFile.KeyClassOption,0,0,0,0,5,0,0,0,-1.0,0,0,/Users/eashraf/hadoop/hadoop-common-project/hadoop-common/src/main/java/org/apache/hadoop/io/MapFile.java,194
hadoop,org.apache.hadoop.io,MapFile.ComparatorOption,1,0,0,0,9,0,0,0,-1.0,0,1,/Users/eashraf/hadoop/hadoop-common-project/hadoop-common/src/main/java/org/apache/hadoop/io/MapFile.java,201
hadoop,org.apache.hadoop.io,MapFile.Reader,13,0,0,0,280,0,0,0,-1.0,0,3,/Users/eashraf/hadoop/hadoop-common-project/hadoop-common/src/main/java/org/apache/hadoop/io/MapFile.java,343
hadoop,org.apache.hadoop.io,MapFile.Option,0,0,0,0,2,0,0,1,-1.0,0,1,/Users/eashraf/hadoop/hadoop-common-project/hadoop-common/src/main/java/org/apache/hadoop/io/MapFile.java,376
hadoop,org.apache.hadoop.io,MapFile.ComparatorOption,1,0,0,0,9,0,0,0,-1.0,0,1,/Users/eashraf/hadoop/hadoop-common-project/hadoop-common/src/main/java/org/apache/hadoop/io/MapFile.java,382
hadoop,org.apache.hadoop.io,MapFile.Merger,6,0,0,0,107,0,0,0,-1.0,0,3,/Users/eashraf/hadoop/hadoop-common-project/hadoop-common/src/main/java/org/apache/hadoop/io/MapFile.java,828
hadoop,org.apache.hadoop.io,GenericWritable,4,0,8,7,63,11,1,1,0.0,0,3,/Users/eashraf/hadoop/hadoop-common-project/hadoop-common/src/main/java/org/apache/hadoop/io/GenericWritable.java,31
hadoop,org.apache.hadoop.io,BinaryComparable,0,0,6,6,43,9,2,0,-1.0,5,1,/Users/eashraf/hadoop/hadoop-common-project/hadoop-common/src/main/java/org/apache/hadoop/io/BinaryComparable.java,24
hadoop,org.apache.hadoop.io,SortedMapWritable,1,0,24,24,116,30,0,2,0.125,3,3,/Users/eashraf/hadoop/hadoop-common-project/hadoop-common/src/main/java/org/apache/hadoop/io/SortedMapWritable.java,34
hadoop,org.apache.hadoop.io,WritableUtils,0,0,27,27,344,61,0,0,-1.0,67,6,/Users/eashraf/hadoop/hadoop-common-project/hadoop-common/src/main/java/org/apache/hadoop/io/WritableUtils.java,31
hadoop,org.apache.hadoop.io,FileBench,10,0,9,4,259,33,0,0,0.4444444444444444,1,6,/Users/eashraf/hadoop/hadoop-mapreduce-project/hadoop-mapreduce-client/hadoop-mapreduce-client-jobclient/src/test/java/org/apache/hadoop/io/FileBench.java,42
hadoop,org.apache.hadoop.io,FileBench.CCodec,2,0,0,0,19,0,0,0,-1.0,0,0,/Users/eashraf/hadoop/hadoop-mapreduce-project/hadoop-mapreduce-client/hadoop-mapreduce-client-jobclient/src/test/java/org/apache/hadoop/io/FileBench.java,247
hadoop,org.apache.hadoop.io,FileBench.CType,1,0,0,0,9,0,0,0,-1.0,0,0,/Users/eashraf/hadoop/hadoop-mapreduce-project/hadoop-mapreduce-client/hadoop-mapreduce-client-jobclient/src/test/java/org/apache/hadoop/io/FileBench.java,267
hadoop,org.apache.hadoop.io,FileBench.Format,2,0,0,0,11,0,0,0,-1.0,0,0,/Users/eashraf/hadoop/hadoop-mapreduce-project/hadoop-mapreduce-client/hadoop-mapreduce-client-jobclient/src/test/java/org/apache/hadoop/io/FileBench.java,278
hadoop,org.apache.hadoop.io,FileBench.RW,0,0,0,0,14,0,0,0,-1.0,0,0,/Users/eashraf/hadoop/hadoop-mapreduce-project/hadoop-mapreduce-client/hadoop-mapreduce-client-jobclient/src/test/java/org/apache/hadoop/io/FileBench.java,293
hadoop,org.apache.hadoop.io,TestSequenceFileMergeProgress,2,0,4,4,47,6,0,0,0.0,0,3,/Users/eashraf/hadoop/hadoop-mapreduce-project/hadoop-mapreduce-client/hadoop-mapreduce-client-jobclient/src/test/java/org/apache/hadoop/io/TestSequenceFileMergeProgress.java,38
hadoop,org.apache.hadoop.io.compress,TestCodecFactory,1,0,3,1,181,3,0,0,0.0,0,5,/Users/eashraf/hadoop/hadoop-common-project/hadoop-common/src/test/java/org/apache/hadoop/io/compress/TestCodecFactory.java,31
hadoop,org.apache.hadoop.io.compress,TestCodecFactory.BaseCodec,1,0,0,0,36,0,0,1,-1.0,0,1,/Users/eashraf/hadoop/hadoop-common-project/hadoop-common/src/test/java/org/apache/hadoop/io/compress/TestCodecFactory.java,33
hadoop,org.apache.hadoop.io.compress,TestCodecFactory.BarCodec,0,0,0,0,5,0,0,0,-1.0,0,0,/Users/eashraf/hadoop/hadoop-common-project/hadoop-common/src/test/java/org/apache/hadoop/io/compress/TestCodecFactory.java,96
hadoop,org.apache.hadoop.io.compress,TestCodecFactory.FooBarCodec,0,0,0,0,5,0,0,0,-1.0,0,0,/Users/eashraf/hadoop/hadoop-common-project/hadoop-common/src/test/java/org/apache/hadoop/io/compress/TestCodecFactory.java,103
hadoop,org.apache.hadoop.io.compress,TestCodecFactory.FooCodec,0,0,0,0,5,0,0,0,-1.0,0,0,/Users/eashraf/hadoop/hadoop-common-project/hadoop-common/src/test/java/org/apache/hadoop/io/compress/TestCodecFactory.java,110
hadoop,org.apache.hadoop.io.compress,TestCodecFactory.NewGzipCodec,0,0,0,0,5,0,0,0,-1.0,0,0,/Users/eashraf/hadoop/hadoop-common-project/hadoop-common/src/test/java/org/apache/hadoop/io/compress/TestCodecFactory.java,117
hadoop,org.apache.hadoop.io.compress,TestCompressorStream,2,0,3,3,39,3,0,2,1.0,0,0,/Users/eashraf/hadoop/hadoop-common-project/hadoop-common/src/test/java/org/apache/hadoop/io/compress/TestCompressorStream.java,27
hadoop,org.apache.hadoop.io.compress,TestCodecPool,2,0,11,11,112,17,0,0,0.2727272727272727,0,4,/Users/eashraf/hadoop/hadoop-common-project/hadoop-common/src/test/java/org/apache/hadoop/io/compress/TestCodecPool.java,35
hadoop,org.apache.hadoop.io.compress,CompressDecompressTester,19,0,10,6,361,22,0,0,0.2,2,7,/Users/eashraf/hadoop/hadoop-common-project/hadoop-common/src/test/java/org/apache/hadoop/io/compress/CompressDecompressTester.java,48
hadoop,org.apache.hadoop.io.compress,CompressDecompressTester.PreAssertionTester,0,0,0,0,3,0,0,0,-1.0,0,0,/Users/eashraf/hadoop/hadoop-common-project/hadoop-common/src/test/java/org/apache/hadoop/io/compress/CompressDecompressTester.java,148
hadoop,org.apache.hadoop.io.compress,CompressDecompressTester.CompressionTestStrategy,9,0,0,0,246,0,0,0,-1.0,0,0,/Users/eashraf/hadoop/hadoop-common-project/hadoop-common/src/test/java/org/apache/hadoop/io/compress/CompressDecompressTester.java,153
hadoop,org.apache.hadoop.io.compress,CompressDecompressTester.TesterPair,3,0,0,0,25,0,0,0,-1.0,0,0,/Users/eashraf/hadoop/hadoop-common-project/hadoop-common/src/test/java/org/apache/hadoop/io/compress/CompressDecompressTester.java,462
hadoop,org.apache.hadoop.io.compress,CompressDecompressTester.TesterCompressionStrategy,1,0,0,0,4,0,0,0,-1.0,0,0,/Users/eashraf/hadoop/hadoop-common-project/hadoop-common/src/test/java/org/apache/hadoop/io/compress/CompressDecompressTester.java,517
hadoop,org.apache.hadoop.io.compress,TestCodec,4,0,38,27,637,81,0,0,0.07894736842105263,0,33,/Users/eashraf/hadoop/hadoop-common-project/hadoop-common/src/test/java/org/apache/hadoop/io/compress/TestCodec.java,78
hadoop,org.apache.hadoop.io.compress,TestCompressorDecompressor,1,0,3,3,31,4,0,0,0.0,0,1,/Users/eashraf/hadoop/hadoop-common-project/hadoop-common/src/test/java/org/apache/hadoop/io/compress/TestCompressorDecompressor.java,32
hadoop,org.apache.hadoop.io.compress,TestCompressionStreamReuse,4,0,4,3,82,7,0,0,0.0,0,9,/Users/eashraf/hadoop/hadoop-common-project/hadoop-common/src/test/java/org/apache/hadoop/io/compress/TestCompressionStreamReuse.java,40
hadoop,org.apache.hadoop.io.compress,TestBlockDecompressorStream,3,0,3,2,32,4,0,0,0.0,0,2,/Users/eashraf/hadoop/hadoop-common-project/hadoop-common/src/test/java/org/apache/hadoop/io/compress/TestBlockDecompressorStream.java,31
hadoop,org.apache.hadoop.io.compress,TestBlockDecompressorStream.FakeCompressor,7,0,0,0,57,0,0,1,-1.0,0,0,/Users/eashraf/hadoop/hadoop-common-project/hadoop-common/src/test/java/org/apache/hadoop/io/compress/TestBlockDecompressorStream.java,83
hadoop,org.apache.hadoop.io.compress,TestBlockDecompressorStream.FakeDecompressor,7,0,0,0,52,0,0,1,-1.0,0,0,/Users/eashraf/hadoop/hadoop-common-project/hadoop-common/src/test/java/org/apache/hadoop/io/compress/TestBlockDecompressorStream.java,174
hadoop,org.apache.hadoop.io.compress,BlockCompressorStream,1,0,6,4,93,19,0,2,0.3333333333333333,3,1,/Users/eashraf/hadoop/hadoop-common-project/hadoop-common/src/main/java/org/apache/hadoop/io/compress/BlockCompressorStream.java,27
hadoop,org.apache.hadoop.io.compress,DirectDecompressor,0,0,1,1,6,1,0,0,-1.0,4,0,/Users/eashraf/hadoop/hadoop-common-project/hadoop-common/src/main/java/org/apache/hadoop/io/compress/DirectDecompressor.java,26
hadoop,org.apache.hadoop.io.compress,CompressionOutputStream,2,0,7,5,46,8,2,0,0.42857142857142855,17,2,/Users/eashraf/hadoop/hadoop-common-project/hadoop-common/src/main/java/org/apache/hadoop/io/compress/CompressionOutputStream.java,27
hadoop,org.apache.hadoop.io.compress,Lz4Codec,1,0,13,13,129,19,0,1,0.23076923076923078,4,9,/Users/eashraf/hadoop/hadoop-common-project/hadoop-common/src/main/java/org/apache/hadoop/io/compress/Lz4Codec.java,32
hadoop,org.apache.hadoop.io.compress,BZip2Codec,16,0,13,13,284,15,0,2,0.3076923076923077,3,11,/Users/eashraf/hadoop/hadoop-common-project/hadoop-common/src/main/java/org/apache/hadoop/io/compress/BZip2Codec.java,38
hadoop,org.apache.hadoop.io.compress,BZip2Codec.BZip2CompressionOutputStream,2,0,0,0,50,0,0,1,-1.0,0,1,/Users/eashraf/hadoop/hadoop-common-project/hadoop-common/src/main/java/org/apache/hadoop/io/compress/BZip2Codec.java,266
hadoop,org.apache.hadoop.io.compress,BZip2Codec.BZip2CompressionInputStream,9,0,0,0,109,0,0,2,-1.0,0,2,/Users/eashraf/hadoop/hadoop-common-project/hadoop-common/src/main/java/org/apache/hadoop/io/compress/BZip2Codec.java,342
hadoop,org.apache.hadoop.io.compress,BZip2Codec.POS_ADVERTISEMENT_STATE_MACHINE,0,0,0,0,1,0,0,0,-1.0,0,0,/Users/eashraf/hadoop/hadoop-common-project/hadoop-common/src/main/java/org/apache/hadoop/io/compress/BZip2Codec.java,374
hadoop,org.apache.hadoop.io.compress,SnappyCodec,1,0,15,15,129,18,0,2,0.26666666666666666,4,11,/Users/eashraf/hadoop/hadoop-common-project/hadoop-common/src/main/java/org/apache/hadoop/io/compress/SnappyCodec.java,33
hadoop,org.apache.hadoop.io.compress,CompressionCodec,0,0,9,0,110,9,6,0,-1.0,70,4,/Users/eashraf/hadoop/hadoop-common-project/hadoop-common/src/main/java/org/apache/hadoop/io/compress/CompressionCodec.java,29
hadoop,org.apache.hadoop.io.compress,CompressionCodec.Util,0,0,0,0,50,0,0,0,-1.0,0,0,/Users/eashraf/hadoop/hadoop-common-project/hadoop-common/src/main/java/org/apache/hadoop/io/compress/CompressionCodec.java,118
hadoop,org.apache.hadoop.io.compress,Compressor,0,0,11,11,62,11,1,0,-1.0,25,1,/Users/eashraf/hadoop/hadoop-common-project/hadoop-common/src/main/java/org/apache/hadoop/io/compress/Compressor.java,27
hadoop,org.apache.hadoop.io.compress,DeflateCodec,0,0,0,0,5,0,0,3,-1.0,0,0,/Users/eashraf/hadoop/hadoop-common-project/hadoop-common/src/main/java/org/apache/hadoop/io/compress/DeflateCodec.java,20
hadoop,org.apache.hadoop.io.compress,BlockDecompressorStream,2,0,7,3,95,17,0,2,0.5714285714285714,3,1,/Users/eashraf/hadoop/hadoop-common-project/hadoop-common/src/main/java/org/apache/hadoop/io/compress/BlockDecompressorStream.java,28
hadoop,org.apache.hadoop.io.compress,CompressorStream,4,0,9,7,74,19,3,1,0.2222222222222222,1,1,/Users/eashraf/hadoop/hadoop-common-project/hadoop-common/src/main/java/org/apache/hadoop/io/compress/CompressorStream.java,29
hadoop,org.apache.hadoop.io.compress,DirectDecompressionCodec,0,0,1,0,10,1,2,1,-1.0,0,1,/Users/eashraf/hadoop/hadoop-common-project/hadoop-common/src/main/java/org/apache/hadoop/io/compress/DirectDecompressionCodec.java,23
hadoop,org.apache.hadoop.io.compress,DefaultCodec,2,0,12,12,43,12,2,2,0.16666666666666666,13,8,/Users/eashraf/hadoop/hadoop-common-project/hadoop-common/src/main/java/org/apache/hadoop/io/compress/DefaultCodec.java,34
hadoop,org.apache.hadoop.io.compress,CompressionCodecFactory,5,1,11,10,257,41,0,0,0.18181818181818182,13,8,/Users/eashraf/hadoop/hadoop-common-project/hadoop-common/src/main/java/org/apache/hadoop/io/compress/CompressionCodecFactory.java,32
hadoop,org.apache.hadoop.io.compress,CodecPool,5,0,13,8,159,28,0,0,0.5384615384615384,15,5,/Users/eashraf/hadoop/hadoop-common-project/hadoop-common/src/main/java/org/apache/hadoop/io/compress/CodecPool.java,37
hadoop,org.apache.hadoop.io.compress,SplitCompressionInputStream,2,0,5,3,32,5,1,1,0.0,6,0,/Users/eashraf/hadoop/hadoop-common-project/hadoop-common/src/main/java/org/apache/hadoop/io/compress/SplitCompressionInputStream.java,26
hadoop,org.apache.hadoop.io.compress,GzipCodec,3,1,10,10,147,12,0,3,0.8,6,6,/Users/eashraf/hadoop/hadoop-common-project/hadoop-common/src/main/java/org/apache/hadoop/io/compress/GzipCodec.java,32
hadoop,org.apache.hadoop.io.compress,GzipCodec.GzipOutputStream,3,1,0,0,93,0,0,2,-1.0,0,0,/Users/eashraf/hadoop/hadoop-common-project/hadoop-common/src/main/java/org/apache/hadoop/io/compress/GzipCodec.java,38
hadoop,org.apache.hadoop.io.compress,GzipCodec.ResetableGZIPOutputStream,3,1,0,0,60,0,0,0,-1.0,0,0,/Users/eashraf/hadoop/hadoop-common-project/hadoop-common/src/main/java/org/apache/hadoop/io/compress/GzipCodec.java,45
hadoop,org.apache.hadoop.io.compress,GzipCodec.GzipZlibCompressor,0,0,0,0,8,0,0,0,-1.0,0,0,/Users/eashraf/hadoop/hadoop-common-project/hadoop-common/src/main/java/org/apache/hadoop/io/compress/GzipCodec.java,238
hadoop,org.apache.hadoop.io.compress,GzipCodec.GzipZlibDecompressor,0,0,0,0,5,0,0,0,-1.0,0,0,/Users/eashraf/hadoop/hadoop-common-project/hadoop-common/src/main/java/org/apache/hadoop/io/compress/GzipCodec.java,253
hadoop,org.apache.hadoop.io.compress,CompressionInputStream,3,0,8,6,66,11,2,0,0.625,17,2,/Users/eashraf/hadoop/hadoop-common-project/hadoop-common/src/main/java/org/apache/hadoop/io/compress/CompressionInputStream.java,28
hadoop,org.apache.hadoop.io.compress,DecompressorStream,7,0,15,11,129,31,1,1,0.3333333333333333,0,1,/Users/eashraf/hadoop/hadoop-common-project/hadoop-common/src/main/java/org/apache/hadoop/io/compress/DecompressorStream.java,29
hadoop,org.apache.hadoop.io.compress,Decompressor,0,0,9,9,56,9,1,0,-1.0,30,0,/Users/eashraf/hadoop/hadoop-common-project/hadoop-common/src/main/java/org/apache/hadoop/io/compress/Decompressor.java,26
hadoop,org.apache.hadoop.io.compress,SplittableCompressionCodec,0,0,1,0,18,1,1,1,-1.0,3,2,/Users/eashraf/hadoop/hadoop-common-project/hadoop-common/src/main/java/org/apache/hadoop/io/compress/SplittableCompressionCodec.java,28
hadoop,org.apache.hadoop.io.compress,SplittableCompressionCodec.READ_MODE,0,0,0,0,4,0,0,0,-1.0,0,0,/Users/eashraf/hadoop/hadoop-common-project/hadoop-common/src/main/java/org/apache/hadoop/io/compress/SplittableCompressionCodec.java,50
hadoop,org.apache.hadoop.io.compress.lz4,TestLz4CompressorDecompressor,1,0,14,14,217,18,0,0,0.5,0,9,/Users/eashraf/hadoop/hadoop-common-project/hadoop-common/src/test/java/org/apache/hadoop/io/compress/lz4/TestLz4CompressorDecompressor.java,43
hadoop,org.apache.hadoop.io.compress.lz4,Lz4Decompressor,11,0,14,11,167,24,0,0,0.5,1,0,/Users/eashraf/hadoop/hadoop-common-project/hadoop-common/src/main/java/org/apache/hadoop/io/compress/lz4/Lz4Decompressor.java,30
hadoop,org.apache.hadoop.io.compress.lz4,Lz4Compressor,15,0,19,15,201,29,0,0,0.3157894736842105,3,1,/Users/eashraf/hadoop/hadoop-common-project/hadoop-common/src/main/java/org/apache/hadoop/io/compress/lz4/Lz4Compressor.java,31
hadoop,org.apache.hadoop.io.compress.zlib,TestZlibCompressorDecompressor,1,0,16,10,299,27,0,0,0.4375,0,11,/Users/eashraf/hadoop/hadoop-common-project/hadoop-common/src/test/java/org/apache/hadoop/io/compress/zlib/TestZlibCompressorDecompressor.java,46
hadoop,org.apache.hadoop.io.compress.zlib,BuiltInZlibDeflater,1,0,5,5,39,7,0,0,1.0,1,3,/Users/eashraf/hadoop/hadoop-common-project/hadoop-common/src/main/java/org/apache/hadoop/io/compress/zlib/BuiltInZlibDeflater.java,30
hadoop,org.apache.hadoop.io.compress.zlib,ZlibDecompressor,17,0,27,13,267,42,1,0,0.14814814814814814,2,0,/Users/eashraf/hadoop/hadoop-common-project/hadoop-common/src/main/java/org/apache/hadoop/io/compress/zlib/ZlibDecompressor.java,29
hadoop,org.apache.hadoop.io.compress.zlib,ZlibDecompressor.CompressionHeader,1,0,0,0,23,0,0,0,-1.0,0,0,/Users/eashraf/hadoop/hadoop-common-project/hadoop-common/src/main/java/org/apache/hadoop/io/compress/zlib/ZlibDecompressor.java,52
hadoop,org.apache.hadoop.io.compress.zlib,ZlibDecompressor.ZlibDirectDecompressor,1,0,0,0,29,0,0,1,-1.0,0,0,/Users/eashraf/hadoop/hadoop-common-project/hadoop-common/src/main/java/org/apache/hadoop/io/compress/zlib/ZlibDecompressor.java,351
hadoop,org.apache.hadoop.io.compress.zlib,BuiltInZlibInflater,0,0,3,3,19,3,0,0,-1.0,0,0,/Users/eashraf/hadoop/hadoop-common-project/hadoop-common/src/main/java/org/apache/hadoop/io/compress/zlib/BuiltInZlibInflater.java,27
hadoop,org.apache.hadoop.io.compress.zlib,BuiltInGzipDecompressor,22,0,21,11,369,67,0,0,0.0,2,0,/Users/eashraf/hadoop/hadoop-common-project/hadoop-common/src/main/java/org/apache/hadoop/io/compress/zlib/BuiltInGzipDecompressor.java,30
hadoop,org.apache.hadoop.io.compress.zlib,BuiltInGzipDecompressor.GzipStateLabel,0,0,0,0,31,0,0,0,-1.0,0,0,/Users/eashraf/hadoop/hadoop-common-project/hadoop-common/src/main/java/org/apache/hadoop/io/compress/zlib/BuiltInGzipDecompressor.java,66
hadoop,org.apache.hadoop.io.compress.zlib,ZlibFactory,2,0,11,11,81,11,0,0,0.45454545454545453,9,4,/Users/eashraf/hadoop/hadoop-common-project/hadoop-common/src/main/java/org/apache/hadoop/io/compress/zlib/ZlibFactory.java,32
hadoop,org.apache.hadoop.io.compress.zlib,ZlibCompressor,22,0,27,15,282,44,0,0,0.18518518518518517,4,2,/Users/eashraf/hadoop/hadoop-common-project/hadoop-common/src/main/java/org/apache/hadoop/io/compress/zlib/ZlibCompressor.java,32
hadoop,org.apache.hadoop.io.compress.zlib,ZlibCompressor.CompressionLevel,1,0,0,0,23,0,0,0,-1.0,0,0,/Users/eashraf/hadoop/hadoop-common-project/hadoop-common/src/main/java/org/apache/hadoop/io/compress/zlib/ZlibCompressor.java,60
hadoop,org.apache.hadoop.io.compress.zlib,ZlibCompressor.CompressionStrategy,1,0,0,0,26,0,0,0,-1.0,0,0,/Users/eashraf/hadoop/hadoop-common-project/hadoop-common/src/main/java/org/apache/hadoop/io/compress/zlib/ZlibCompressor.java,96
hadoop,org.apache.hadoop.io.compress.zlib,ZlibCompressor.CompressionHeader,1,0,0,0,20,0,0,0,-1.0,0,0,/Users/eashraf/hadoop/hadoop-common-project/hadoop-common/src/main/java/org/apache/hadoop/io/compress/zlib/ZlibCompressor.java,141
hadoop,org.apache.hadoop.io.compress.snappy,TestSnappyCompressorDecompressor,2,0,15,14,282,26,0,0,0.9333333333333333,0,9,/Users/eashraf/hadoop/hadoop-common-project/hadoop-common/src/test/java/org/apache/hadoop/io/compress/snappy/TestSnappyCompressorDecompressor.java,49
hadoop,org.apache.hadoop.io.compress.snappy,TestSnappyCompressorDecompressor.BytesGenerator,2,0,0,0,11,0,0,0,-1.0,0,0,/Users/eashraf/hadoop/hadoop-common-project/hadoop-common/src/test/java/org/apache/hadoop/io/compress/snappy/TestSnappyCompressorDecompressor.java,379
hadoop,org.apache.hadoop.io.compress.snappy,SnappyCompressor,15,0,18,15,192,28,0,0,0.3888888888888889,3,1,/Users/eashraf/hadoop/hadoop-common-project/hadoop-common/src/main/java/org/apache/hadoop/io/compress/snappy/SnappyCompressor.java,31
hadoop,org.apache.hadoop.io.compress.snappy,SnappyDecompressor,13,0,16,12,221,27,1,0,0.5,2,0,/Users/eashraf/hadoop/hadoop-common-project/hadoop-common/src/main/java/org/apache/hadoop/io/compress/snappy/SnappyDecompressor.java,31
hadoop,org.apache.hadoop.io.compress.snappy,SnappyDecompressor.SnappyDirectDecompressor,1,0,0,0,23,0,0,1,-1.0,0,0,/Users/eashraf/hadoop/hadoop-common-project/hadoop-common/src/main/java/org/apache/hadoop/io/compress/snappy/SnappyDecompressor.java,319
hadoop,org.apache.hadoop.io.serializer,TestWritableSerialization,3,0,3,3,53,3,0,0,0.6666666666666666,0,9,/Users/eashraf/hadoop/hadoop-common-project/hadoop-common/src/test/java/org/apache/hadoop/io/serializer/TestWritableSerialization.java,37
hadoop,org.apache.hadoop.io.serializer,TestWritableSerialization.TestWC,2,0,0,0,19,0,0,0,-1.0,0,0,/Users/eashraf/hadoop/hadoop-common-project/hadoop-common/src/test/java/org/apache/hadoop/io/serializer/TestWritableSerialization.java,86
hadoop,org.apache.hadoop.io.serializer,TestSerializationFactory,2,0,6,6,35,6,0,0,0.6666666666666666,0,5,/Users/eashraf/hadoop/hadoop-common-project/hadoop-common/src/test/java/org/apache/hadoop/io/serializer/TestSerializationFactory.java,32
hadoop,org.apache.hadoop.io.serializer,SerializationTestUtil,0,0,1,1,24,1,0,0,-1.0,2,7,/Users/eashraf/hadoop/hadoop-common-project/hadoop-common/src/test/java/org/apache/hadoop/io/serializer/SerializationTestUtil.java,25
hadoop,org.apache.hadoop.io.serializer,JavaSerialization,2,0,3,3,53,3,0,1,1.0,2,2,/Users/eashraf/hadoop/hadoop-common-project/hadoop-common/src/main/java/org/apache/hadoop/io/serializer/JavaSerialization.java,30
hadoop,org.apache.hadoop.io.serializer,JavaSerialization.JavaSerializationDeserializer,1,0,0,0,21,0,0,1,-1.0,0,0,/Users/eashraf/hadoop/hadoop-common-project/hadoop-common/src/main/java/org/apache/hadoop/io/serializer/JavaSerialization.java,40
hadoop,org.apache.hadoop.io.serializer,JavaSerialization.JavaSerializationSerializer,1,0,0,0,17,0,0,1,-1.0,0,0,/Users/eashraf/hadoop/hadoop-common-project/hadoop-common/src/main/java/org/apache/hadoop/io/serializer/JavaSerialization.java,72
hadoop,org.apache.hadoop.io.serializer,Serialization,0,0,3,0,18,3,2,0,-1.0,4,2,/Users/eashraf/hadoop/hadoop-common-project/hadoop-common/src/main/java/org/apache/hadoop/io/serializer/Serialization.java,24
hadoop,org.apache.hadoop.io.serializer,Deserializer,0,0,3,0,19,3,2,0,-1.0,17,0,/Users/eashraf/hadoop/hadoop-common-project/hadoop-common/src/main/java/org/apache/hadoop/io/serializer/Deserializer.java,27
hadoop,org.apache.hadoop.io.serializer,JavaSerializationComparator,0,0,2,2,13,2,0,1,-1.0,4,1,/Users/eashraf/hadoop/hadoop-common-project/hadoop-common/src/main/java/org/apache/hadoop/io/serializer/JavaSerializationComparator.java,28
hadoop,org.apache.hadoop.io.serializer,WritableSerialization,3,0,3,3,61,3,0,1,1.0,0,2,/Users/eashraf/hadoop/hadoop-common-project/hadoop-common/src/main/java/org/apache/hadoop/io/serializer/WritableSerialization.java,33
hadoop,org.apache.hadoop.io.serializer,WritableSerialization.WritableDeserializer,2,0,0,0,30,0,0,1,-1.0,0,0,/Users/eashraf/hadoop/hadoop-common-project/hadoop-common/src/main/java/org/apache/hadoop/io/serializer/WritableSerialization.java,42
hadoop,org.apache.hadoop.io.serializer,WritableSerialization.WritableSerializer,1,0,0,0,17,0,0,1,-1.0,0,0,/Users/eashraf/hadoop/hadoop-common-project/hadoop-common/src/main/java/org/apache/hadoop/io/serializer/WritableSerialization.java,82
hadoop,org.apache.hadoop.io.serializer,DeserializerComparator,4,0,2,1,26,2,1,0,0.0,0,2,/Users/eashraf/hadoop/hadoop-common-project/hadoop-common/src/main/java/org/apache/hadoop/io/serializer/DeserializerComparator.java,29
hadoop,org.apache.hadoop.io.serializer,Serializer,0,0,3,0,18,3,2,0,-1.0,19,0,/Users/eashraf/hadoop/hadoop-common-project/hadoop-common/src/main/java/org/apache/hadoop/io/serializer/Serializer.java,27
hadoop,org.apache.hadoop.io.serializer,SerializationFactory,2,0,5,4,52,11,0,0,0.0,12,6,/Users/eashraf/hadoop/hadoop-common-project/hadoop-common/src/main/java/org/apache/hadoop/io/serializer/SerializationFactory.java,35
hadoop,org.apache.hadoop.io.serializer.avro,TestAvroSerialization,3,2,5,5,62,5,0,0,0.0,0,4,/Users/eashraf/hadoop/hadoop-common-project/hadoop-common/src/test/java/org/apache/hadoop/io/serializer/avro/TestAvroSerialization.java,27
hadoop,org.apache.hadoop.io.serializer.avro,TestAvroSerialization.InnerRecord,1,1,0,0,14,0,0,0,-1.0,0,0,/Users/eashraf/hadoop/hadoop-common-project/hadoop-common/src/test/java/org/apache/hadoop/io/serializer/avro/TestAvroSerialization.java,70
hadoop,org.apache.hadoop.io.serializer.avro,TestAvroSerialization.RefSerializable,1,1,0,0,14,0,0,1,-1.0,0,0,/Users/eashraf/hadoop/hadoop-common-project/hadoop-common/src/test/java/org/apache/hadoop/io/serializer/avro/TestAvroSerialization.java,93
hadoop,org.apache.hadoop.io.serializer.avro,Record,1,1,2,2,14,6,0,0,0.0,0,0,/Users/eashraf/hadoop/hadoop-common-project/hadoop-common/src/test/java/org/apache/hadoop/io/serializer/avro/Record.java,21
hadoop,org.apache.hadoop.io.serializer.avro,AvroSerialization,7,1,5,5,62,5,2,0,1.0,0,0,/Users/eashraf/hadoop/hadoop-common-project/hadoop-common/src/main/java/org/apache/hadoop/io/serializer/avro/AvroSerialization.java,39
hadoop,org.apache.hadoop.io.serializer.avro,AvroSerialization.AvroSerializer,3,0,0,0,20,0,0,0,-1.0,0,0,/Users/eashraf/hadoop/hadoop-common-project/hadoop-common/src/main/java/org/apache/hadoop/io/serializer/avro/AvroSerialization.java,80
hadoop,org.apache.hadoop.io.serializer.avro,AvroSerialization.AvroDeserializer,3,0,0,0,18,0,0,0,-1.0,0,0,/Users/eashraf/hadoop/hadoop-common-project/hadoop-common/src/main/java/org/apache/hadoop/io/serializer/avro/AvroSerialization.java,110
hadoop,org.apache.hadoop.io.serializer.avro,AvroSpecificSerialization,0,0,4,4,22,4,0,1,-1.0,0,0,/Users/eashraf/hadoop/hadoop-common-project/hadoop-common/src/main/java/org/apache/hadoop/io/serializer/avro/AvroSpecificSerialization.java,30
hadoop,org.apache.hadoop.io.serializer.avro,AvroReflectSerializable,0,0,0,0,5,0,1,0,-1.0,0,0,/Users/eashraf/hadoop/hadoop-common-project/hadoop-common/src/main/java/org/apache/hadoop/io/serializer/avro/AvroReflectSerializable.java,24
hadoop,org.apache.hadoop.io.serializer.avro,AvroReflectSerialization,2,1,5,4,39,8,0,1,0.8,1,0,/Users/eashraf/hadoop/hadoop-common-project/hadoop-common/src/main/java/org/apache/hadoop/io/serializer/avro/AvroReflectSerialization.java,33
hadoop,org.apache.hadoop.io.retry,UnreliableInterface,3,0,11,4,28,11,1,0,-1.0,3,0,/Users/eashraf/hadoop/hadoop-common-project/hadoop-common/src/test/java/org/apache/hadoop/io/retry/UnreliableInterface.java,26
hadoop,org.apache.hadoop.io.retry,UnreliableInterface.UnreliableException,2,0,0,0,12,0,0,0,-1.0,0,0,/Users/eashraf/hadoop/hadoop-common-project/hadoop-common/src/test/java/org/apache/hadoop/io/retry/UnreliableInterface.java,28
hadoop,org.apache.hadoop.io.retry,UnreliableInterface.FatalException,1,0,0,0,3,0,0,0,-1.0,0,0,/Users/eashraf/hadoop/hadoop-common-project/hadoop-common/src/test/java/org/apache/hadoop/io/retry/UnreliableInterface.java,47
hadoop,org.apache.hadoop.io.retry,UnreliableImplementation,8,0,17,16,101,29,1,1,0.47058823529411764,2,0,/Users/eashraf/hadoop/hadoop-common-project/hadoop-common/src/test/java/org/apache/hadoop/io/retry/UnreliableImplementation.java,25
hadoop,org.apache.hadoop.io.retry,UnreliableImplementation.TypeOfExceptionToFailWith,0,0,0,0,1,0,0,0,-1.0,0,0,/Users/eashraf/hadoop/hadoop-common-project/hadoop-common/src/test/java/org/apache/hadoop/io/retry/UnreliableImplementation.java,37
hadoop,org.apache.hadoop.io.retry,TestRetryProxy,2,0,14,14,136,14,0,0,0.14285714285714285,0,5,/Users/eashraf/hadoop/hadoop-common-project/hadoop-common/src/test/java/org/apache/hadoop/io/retry/TestRetryProxy.java,50
hadoop,org.apache.hadoop.io.retry,TestFailoverProxy,8,1,12,10,188,13,0,0,0.3333333333333333,0,5,/Users/eashraf/hadoop/hadoop-common-project/hadoop-common/src/test/java/org/apache/hadoop/io/retry/TestFailoverProxy.java,31
hadoop,org.apache.hadoop.io.retry,TestFailoverProxy.FlipFlopProxyProvider,5,0,0,0,28,0,0,1,-1.0,0,0,/Users/eashraf/hadoop/hadoop-common-project/hadoop-common/src/test/java/org/apache/hadoop/io/retry/TestFailoverProxy.java,33
hadoop,org.apache.hadoop.io.retry,TestFailoverProxy.FailOverOnceOnAnyExceptionPolicy,0,0,0,0,5,0,0,1,-1.0,0,0,/Users/eashraf/hadoop/hadoop-common-project/hadoop-common/src/test/java/org/apache/hadoop/io/retry/TestFailoverProxy.java,76
hadoop,org.apache.hadoop.io.retry,TestFailoverProxy.SynchronizedUnreliableImplementation,1,0,0,0,17,0,0,2,-1.0,0,0,/Users/eashraf/hadoop/hadoop-common-project/hadoop-common/src/test/java/org/apache/hadoop/io/retry/TestFailoverProxy.java,227
hadoop,org.apache.hadoop.io.retry,TestFailoverProxy.ConcurrentMethodThread,2,1,0,0,15,0,0,0,-1.0,0,1,/Users/eashraf/hadoop/hadoop-common-project/hadoop-common/src/test/java/org/apache/hadoop/io/retry/TestFailoverProxy.java,253
hadoop,org.apache.hadoop.io.retry,LossyRetryInvocationHandler,2,0,3,2,32,6,0,1,0.0,0,2,/Users/eashraf/hadoop/hadoop-common-project/hadoop-common/src/main/java/org/apache/hadoop/io/retry/LossyRetryInvocationHandler.java,25
hadoop,org.apache.hadoop.io.retry,DefaultFailoverProxyProvider,2,0,5,5,22,5,0,1,0.4,0,1,/Users/eashraf/hadoop/hadoop-common-project/hadoop-common/src/main/java/org/apache/hadoop/io/retry/DefaultFailoverProxyProvider.java,25
hadoop,org.apache.hadoop.io.retry,RetryUtils,1,1,4,4,71,17,0,0,0.5,2,4,/Users/eashraf/hadoop/hadoop-common-project/hadoop-common/src/main/java/org/apache/hadoop/io/retry/RetryUtils.java,29
hadoop,org.apache.hadoop.io.retry,RetryPolicy,6,6,1,1,41,1,8,0,-1.0,24,0,/Users/eashraf/hadoop/hadoop-common-project/hadoop-common/src/main/java/org/apache/hadoop/io/retry/RetryPolicy.java,22
hadoop,org.apache.hadoop.io.retry,RetryPolicy.RetryAction,6,6,0,0,26,0,0,0,-1.0,0,0,/Users/eashraf/hadoop/hadoop-common-project/hadoop-common/src/main/java/org/apache/hadoop/io/retry/RetryPolicy.java,31
hadoop,org.apache.hadoop.io.retry,RetryPolicy.RetryDecision,0,0,0,0,1,0,0,0,-1.0,0,0,/Users/eashraf/hadoop/hadoop-common-project/hadoop-common/src/main/java/org/apache/hadoop/io/retry/RetryPolicy.java,69
hadoop,org.apache.hadoop.io.retry,FailoverProxyProvider,2,2,3,3,28,3,2,0,-1.0,6,0,/Users/eashraf/hadoop/hadoop-common-project/hadoop-common/src/main/java/org/apache/hadoop/io/retry/FailoverProxyProvider.java,24
hadoop,org.apache.hadoop.io.retry,FailoverProxyProvider.ProxyInfo,2,2,0,0,8,0,0,0,-1.0,0,0,/Users/eashraf/hadoop/hadoop-common-project/hadoop-common/src/main/java/org/apache/hadoop/io/retry/FailoverProxyProvider.java,33
hadoop,org.apache.hadoop.io.retry,RetryProxy,0,0,4,4,45,4,0,0,-1.0,9,3,/Users/eashraf/hadoop/hadoop-common-project/hadoop-common/src/main/java/org/apache/hadoop/io/retry/RetryProxy.java,23
hadoop,org.apache.hadoop.io.retry,RetryInvocationHandler,7,1,8,3,129,24,1,0,0.0,1,5,/Users/eashraf/hadoop/hadoop-common-project/hadoop-common/src/main/java/org/apache/hadoop/io/retry/RetryInvocationHandler.java,42
hadoop,org.apache.hadoop.io.retry,RetryPolicies,21,3,15,10,395,17,0,0,0.4,14,3,/Users/eashraf/hadoop/hadoop-common-project/hadoop-common/src/main/java/org/apache/hadoop/io/retry/RetryPolicies.java,41
hadoop,org.apache.hadoop.io.retry,RetryPolicies.TryOnceThenFail,0,0,0,0,5,0,0,1,-1.0,0,0,/Users/eashraf/hadoop/hadoop-common-project/hadoop-common/src/main/java/org/apache/hadoop/io/retry/RetryPolicies.java,161
hadoop,org.apache.hadoop.io.retry,RetryPolicies.RetryForever,0,0,0,0,5,0,0,1,-1.0,0,0,/Users/eashraf/hadoop/hadoop-common-project/hadoop-common/src/main/java/org/apache/hadoop/io/retry/RetryPolicies.java,169
hadoop,org.apache.hadoop.io.retry,RetryPolicies.RetryLimited,4,0,0,0,45,0,0,1,-1.0,0,0,/Users/eashraf/hadoop/hadoop-common-project/hadoop-common/src/main/java/org/apache/hadoop/io/retry/RetryPolicies.java,177
hadoop,org.apache.hadoop.io.retry,RetryPolicies.RetryUpToMaximumCountWithFixedSleep,0,0,0,0,8,0,0,0,-1.0,0,0,/Users/eashraf/hadoop/hadoop-common-project/hadoop-common/src/main/java/org/apache/hadoop/io/retry/RetryPolicies.java,242
hadoop,org.apache.hadoop.io.retry,RetryPolicies.RetryUpToMaximumTimeWithFixedSleep,0,0,0,0,5,0,0,0,-1.0,0,0,/Users/eashraf/hadoop/hadoop-common-project/hadoop-common/src/main/java/org/apache/hadoop/io/retry/RetryPolicies.java,253
hadoop,org.apache.hadoop.io.retry,RetryPolicies.RetryUpToMaximumCountWithProportionalSleep,0,0,0,0,8,0,0,0,-1.0,0,0,/Users/eashraf/hadoop/hadoop-common-project/hadoop-common/src/main/java/org/apache/hadoop/io/retry/RetryPolicies.java,259
hadoop,org.apache.hadoop.io.retry,RetryPolicies.MultipleLinearRandomRetry,4,0,0,0,119,0,0,1,-1.0,0,1,/Users/eashraf/hadoop/hadoop-common-project/hadoop-common/src/main/java/org/apache/hadoop/io/retry/RetryPolicies.java,270
hadoop,org.apache.hadoop.io.retry,RetryPolicies.Pair,2,0,0,0,20,0,0,0,-1.0,0,0,/Users/eashraf/hadoop/hadoop-common-project/hadoop-common/src/main/java/org/apache/hadoop/io/retry/RetryPolicies.java,281
hadoop,org.apache.hadoop.io.retry,RetryPolicies.ExceptionDependentRetry,2,0,0,0,15,0,0,1,-1.0,0,1,/Users/eashraf/hadoop/hadoop-common-project/hadoop-common/src/main/java/org/apache/hadoop/io/retry/RetryPolicies.java,433
hadoop,org.apache.hadoop.io.retry,RetryPolicies.RemoteExceptionDependentRetry,2,0,0,0,21,0,0,1,-1.0,0,1,/Users/eashraf/hadoop/hadoop-common-project/hadoop-common/src/main/java/org/apache/hadoop/io/retry/RetryPolicies.java,456
hadoop,org.apache.hadoop.io.retry,RetryPolicies.ExponentialBackoffRetry,0,0,0,0,14,0,0,0,-1.0,0,0,/Users/eashraf/hadoop/hadoop-common-project/hadoop-common/src/main/java/org/apache/hadoop/io/retry/RetryPolicies.java,487
hadoop,org.apache.hadoop.io.retry,RetryPolicies.FailoverOnNetworkExceptionRetry,5,0,0,0,54,0,0,1,-1.0,0,1,/Users/eashraf/hadoop/hadoop-common-project/hadoop-common/src/main/java/org/apache/hadoop/io/retry/RetryPolicies.java,508
hadoop,org.apache.hadoop.io.file.tfile,TestVLong,5,0,13,11,103,22,0,0,0.0,0,6,/Users/eashraf/hadoop/hadoop-common-project/hadoop-common/src/test/java/org/apache/hadoop/io/file/tfile/TestVLong.java,33
hadoop,org.apache.hadoop.io.file.tfile,KeySampler,5,0,3,2,27,3,0,0,0.0,1,2,/Users/eashraf/hadoop/hadoop-common-project/hadoop-common/src/test/java/org/apache/hadoop/io/file/tfile/KeySampler.java,25
hadoop,org.apache.hadoop.io.file.tfile,TestTFileNoneCodecsStreams,0,0,1,1,9,1,0,1,-1.0,0,1,/Users/eashraf/hadoop/hadoop-common-project/hadoop-common/src/test/java/org/apache/hadoop/io/file/tfile/TestTFileNoneCodecsStreams.java,23
hadoop,org.apache.hadoop.io.file.tfile,TestTFileComparator2,6,0,3,1,69,5,0,0,0.0,0,8,/Users/eashraf/hadoop/hadoop-common-project/hadoop-common/src/test/java/org/apache/hadoop/io/file/tfile/TestTFileComparator2.java,34
hadoop,org.apache.hadoop.io.file.tfile,TestTFileSplit,10,0,6,1,125,20,0,0,0.0,0,6,/Users/eashraf/hadoop/hadoop-common-project/hadoop-common/src/test/java/org/apache/hadoop/io/file/tfile/TestTFileSplit.java,34
hadoop,org.apache.hadoop.io.file.tfile,KVGenerator,8,0,5,2,70,13,0,0,0.0,1,2,/Users/eashraf/hadoop/hadoop-common-project/hadoop-common/src/test/java/org/apache/hadoop/io/file/tfile/KVGenerator.java,25
hadoop,org.apache.hadoop.io.file.tfile,TestTFileNoneCodecsJClassComparatorByteArrays,0,0,1,1,12,1,0,1,-1.0,0,1,/Users/eashraf/hadoop/hadoop-common-project/hadoop-common/src/test/java/org/apache/hadoop/io/file/tfile/TestTFileNoneCodecsJClassComparatorByteArrays.java,22
hadoop,org.apache.hadoop.io.file.tfile,TestTFile,6,0,28,8,308,41,0,0,0.07142857142857142,0,5,/Users/eashraf/hadoop/hadoop-common-project/hadoop-common/src/test/java/org/apache/hadoop/io/file/tfile/TestTFile.java,36
hadoop,org.apache.hadoop.io.file.tfile,RandomDistribution,11,0,0,0,186,0,0,0,-1.0,1,0,/Users/eashraf/hadoop/hadoop-common-project/hadoop-common/src/test/java/org/apache/hadoop/io/file/tfile/RandomDistribution.java,24
hadoop,org.apache.hadoop.io.file.tfile,RandomDistribution.DiscreteRNG,0,0,0,0,10,0,0,0,-1.0,0,0,/Users/eashraf/hadoop/hadoop-common-project/hadoop-common/src/test/java/org/apache/hadoop/io/file/tfile/RandomDistribution.java,28
hadoop,org.apache.hadoop.io.file.tfile,RandomDistribution.Flat,3,0,0,0,28,0,0,0,-1.0,0,0,/Users/eashraf/hadoop/hadoop-common-project/hadoop-common/src/test/java/org/apache/hadoop/io/file/tfile/RandomDistribution.java,40
hadoop,org.apache.hadoop.io.file.tfile,RandomDistribution.Zipf,4,0,0,0,75,0,0,0,-1.0,0,0,/Users/eashraf/hadoop/hadoop-common-project/hadoop-common/src/test/java/org/apache/hadoop/io/file/tfile/RandomDistribution.java,78
hadoop,org.apache.hadoop.io.file.tfile,RandomDistribution.Binomial,4,0,0,0,68,0,0,0,-1.0,0,0,/Users/eashraf/hadoop/hadoop-common-project/hadoop-common/src/test/java/org/apache/hadoop/io/file/tfile/RandomDistribution.java,182
hadoop,org.apache.hadoop.io.file.tfile,TestTFileSeqFileComparison,46,0,21,10,513,44,0,0,0.0,0,11,/Users/eashraf/hadoop/hadoop-common-project/hadoop-common/src/test/java/org/apache/hadoop/io/file/tfile/TestTFileSeqFileComparison.java,48
hadoop,org.apache.hadoop.io.file.tfile,TestTFileSeqFileComparison.KVAppendable,0,0,0,0,4,0,0,0,-1.0,0,0,/Users/eashraf/hadoop/hadoop-common-project/hadoop-common/src/test/java/org/apache/hadoop/io/file/tfile/TestTFileSeqFileComparison.java,119
hadoop,org.apache.hadoop.io.file.tfile,TestTFileSeqFileComparison.KVReadable,0,0,0,0,8,0,0,0,-1.0,0,0,/Users/eashraf/hadoop/hadoop-common-project/hadoop-common/src/test/java/org/apache/hadoop/io/file/tfile/TestTFileSeqFileComparison.java,126
hadoop,org.apache.hadoop.io.file.tfile,TestTFileSeqFileComparison.TFileAppendable,2,0,0,0,15,0,0,0,-1.0,0,2,/Users/eashraf/hadoop/hadoop-common-project/hadoop-common/src/test/java/org/apache/hadoop/io/file/tfile/TestTFileSeqFileComparison.java,140
hadoop,org.apache.hadoop.io.file.tfile,TestTFileSeqFileComparison.TFileReadable,7,0,0,0,57,0,0,0,-1.0,0,2,/Users/eashraf/hadoop/hadoop-common-project/hadoop-common/src/test/java/org/apache/hadoop/io/file/tfile/TestTFileSeqFileComparison.java,165
hadoop,org.apache.hadoop.io.file.tfile,TestTFileSeqFileComparison.SeqFileAppendable,2,0,0,0,30,0,0,0,-1.0,0,4,/Users/eashraf/hadoop/hadoop-common-project/hadoop-common/src/test/java/org/apache/hadoop/io/file/tfile/TestTFileSeqFileComparison.java,243
hadoop,org.apache.hadoop.io.file.tfile,TestTFileSeqFileComparison.SeqFileReadable,3,0,0,0,30,0,0,0,-1.0,0,2,/Users/eashraf/hadoop/hadoop-common-project/hadoop-common/src/test/java/org/apache/hadoop/io/file/tfile/TestTFileSeqFileComparison.java,290
hadoop,org.apache.hadoop.io.file.tfile,TestTFileSeqFileComparison.MyOptions,25,0,0,0,150,0,0,0,-1.0,0,0,/Users/eashraf/hadoop/hadoop-common-project/hadoop-common/src/test/java/org/apache/hadoop/io/file/tfile/TestTFileSeqFileComparison.java,516
hadoop,org.apache.hadoop.io.file.tfile,Timer,3,0,7,7,30,7,0,0,0.0,0,1,/Users/eashraf/hadoop/hadoop-common-project/hadoop-common/src/test/java/org/apache/hadoop/io/file/tfile/Timer.java,25
hadoop,org.apache.hadoop.io.file.tfile,TestTFileSeek,38,0,7,5,306,20,0,0,0.0,0,11,/Users/eashraf/hadoop/hadoop-common-project/hadoop-common/src/test/java/org/apache/hadoop/io/file/tfile/TestTFileSeek.java,45
hadoop,org.apache.hadoop.io.file.tfile,TestTFileSeek.IntegerRange,2,0,0,0,22,0,0,0,-1.0,0,0,/Users/eashraf/hadoop/hadoop-common-project/hadoop-common/src/test/java/org/apache/hadoop/io/file/tfile/TestTFileSeek.java,203
hadoop,org.apache.hadoop.io.file.tfile,TestTFileSeek.MyOptions,28,0,0,0,153,0,0,0,-1.0,0,0,/Users/eashraf/hadoop/hadoop-common-project/hadoop-common/src/test/java/org/apache/hadoop/io/file/tfile/TestTFileSeek.java,230
hadoop,org.apache.hadoop.io.file.tfile,TestTFileUnsortedByteArrays,12,0,8,7,149,9,0,0,0.0,0,5,/Users/eashraf/hadoop/hadoop-common-project/hadoop-common/src/test/java/org/apache/hadoop/io/file/tfile/TestTFileUnsortedByteArrays.java,33
hadoop,org.apache.hadoop.io.file.tfile,NanoTimer,3,0,10,9,118,25,0,0,0.0,1,0,/Users/eashraf/hadoop/hadoop-common-project/hadoop-common/src/test/java/org/apache/hadoop/io/file/tfile/NanoTimer.java,19
hadoop,org.apache.hadoop.io.file.tfile,TestTFileByteArrays,18,0,42,29,534,79,4,0,0.0,1,6,/Users/eashraf/hadoop/hadoop-common-project/hadoop-common/src/test/java/org/apache/hadoop/io/file/tfile/TestTFileByteArrays.java,42
hadoop,org.apache.hadoop.io.file.tfile,TestTFileLzoCodecsStreams,0,0,1,1,13,3,0,1,-1.0,0,1,/Users/eashraf/hadoop/hadoop-common-project/hadoop-common/src/test/java/org/apache/hadoop/io/file/tfile/TestTFileLzoCodecsStreams.java,25
hadoop,org.apache.hadoop.io.file.tfile,TestTFileJClassComparatorByteArrays,0,0,1,1,12,1,0,1,-1.0,0,1,/Users/eashraf/hadoop/hadoop-common-project/hadoop-common/src/test/java/org/apache/hadoop/io/file/tfile/TestTFileJClassComparatorByteArrays.java,26
hadoop,org.apache.hadoop.io.file.tfile,TestTFileJClassComparatorByteArrays.MyComparator,0,0,0,0,8,0,0,0,-1.0,0,0,/Users/eashraf/hadoop/hadoop-common-project/hadoop-common/src/test/java/org/apache/hadoop/io/file/tfile/TestTFileJClassComparatorByteArrays.java,45
hadoop,org.apache.hadoop.io.file.tfile,TestTFileLzoCodecsByteArrays,0,0,1,1,13,3,0,1,-1.0,0,1,/Users/eashraf/hadoop/hadoop-common-project/hadoop-common/src/test/java/org/apache/hadoop/io/file/tfile/TestTFileLzoCodecsByteArrays.java,25
hadoop,org.apache.hadoop.io.file.tfile,TestTFileNoneCodecsByteArrays,0,0,1,1,9,1,0,1,-1.0,0,1,/Users/eashraf/hadoop/hadoop-common-project/hadoop-common/src/test/java/org/apache/hadoop/io/file/tfile/TestTFileNoneCodecsByteArrays.java,22
hadoop,org.apache.hadoop.io.file.tfile,TestTFileStreams,13,0,25,22,297,53,2,0,0.0,0,7,/Users/eashraf/hadoop/hadoop-common-project/hadoop-common/src/test/java/org/apache/hadoop/io/file/tfile/TestTFileStreams.java,37
hadoop,org.apache.hadoop.io.file.tfile,TestTFileComparators,11,0,6,5,62,8,0,0,0.0,0,5,/Users/eashraf/hadoop/hadoop-common-project/hadoop-common/src/test/java/org/apache/hadoop/io/file/tfile/TestTFileComparators.java,31
hadoop,org.apache.hadoop.io.file.tfile,TFile,61,5,7,3,1544,9,0,0,0.7142857142857143,15,9,/Users/eashraf/hadoop/hadoop-common-project/hadoop-common/src/main/java/org/apache/hadoop/io/file/tfile/TFile.java,55
hadoop,org.apache.hadoop.io.file.tfile,TFile.Writer,15,0,0,0,297,0,0,0,-1.0,0,4,/Users/eashraf/hadoop/hadoop-common-project/hadoop-common/src/main/java/org/apache/hadoop/io/file/tfile/TFile.java,202
hadoop,org.apache.hadoop.io.file.tfile,TFile.State,0,0,0,0,4,0,0,0,-1.0,0,0,/Users/eashraf/hadoop/hadoop-common-project/hadoop-common/src/main/java/org/apache/hadoop/io/file/tfile/TFile.java,228
hadoop,org.apache.hadoop.io.file.tfile,TFile.KeyRegister,2,0,0,0,50,0,0,0,-1.0,0,0,/Users/eashraf/hadoop/hadoop-common-project/hadoop-common/src/main/java/org/apache/hadoop/io/file/tfile/TFile.java,415
hadoop,org.apache.hadoop.io.file.tfile,TFile.ValueRegister,1,0,0,0,28,0,0,0,-1.0,0,0,/Users/eashraf/hadoop/hadoop-common-project/hadoop-common/src/main/java/org/apache/hadoop/io/file/tfile/TFile.java,476
hadoop,org.apache.hadoop.io.file.tfile,TFile.Reader,22,0,0,0,929,0,0,0,-1.0,0,3,/Users/eashraf/hadoop/hadoop-common-project/hadoop-common/src/main/java/org/apache/hadoop/io/file/tfile/TFile.java,674
hadoop,org.apache.hadoop.io.file.tfile,TFile.Location,2,0,0,0,74,0,0,0,-1.0,0,0,/Users/eashraf/hadoop/hadoop-common-project/hadoop-common/src/main/java/org/apache/hadoop/io/file/tfile/TFile.java,697
hadoop,org.apache.hadoop.io.file.tfile,TFile.Scanner,14,0,0,0,565,0,0,0,-1.0,0,2,/Users/eashraf/hadoop/hadoop-common-project/hadoop-common/src/main/java/org/apache/hadoop/io/file/tfile/TFile.java,1204
hadoop,org.apache.hadoop.io.file.tfile,TFile.Entry,0,0,0,0,225,0,0,0,-1.0,0,0,/Users/eashraf/hadoop/hadoop-common-project/hadoop-common/src/main/java/org/apache/hadoop/io/file/tfile/TFile.java,1648
hadoop,org.apache.hadoop.io.file.tfile,TFile.TFileMeta,5,0,0,0,69,0,0,0,-1.0,0,1,/Users/eashraf/hadoop/hadoop-common-project/hadoop-common/src/main/java/org/apache/hadoop/io/file/tfile/TFile.java,2035
hadoop,org.apache.hadoop.io.file.tfile,TFile.TFileIndex,6,0,0,0,135,0,0,0,-1.0,0,1,/Users/eashraf/hadoop/hadoop-common-project/hadoop-common/src/main/java/org/apache/hadoop/io/file/tfile/TFile.java,2124
hadoop,org.apache.hadoop.io.file.tfile,TFile.TFileIndexEntry,2,0,0,0,35,0,0,1,-1.0,0,0,/Users/eashraf/hadoop/hadoop-common-project/hadoop-common/src/main/java/org/apache/hadoop/io/file/tfile/TFile.java,2288
hadoop,org.apache.hadoop.io.file.tfile,CompareUtils,2,0,1,0,53,1,0,0,0.0,0,1,/Users/eashraf/hadoop/hadoop-common-project/hadoop-common/src/main/java/org/apache/hadoop/io/file/tfile/CompareUtils.java,25
hadoop,org.apache.hadoop.io.file.tfile,CompareUtils.BytesComparator,1,0,0,0,15,0,0,0,-1.0,0,1,/Users/eashraf/hadoop/hadoop-common-project/hadoop-common/src/main/java/org/apache/hadoop/io/file/tfile/CompareUtils.java,33
hadoop,org.apache.hadoop.io.file.tfile,CompareUtils.Scalar,0,0,0,0,6,0,0,0,-1.0,0,0,/Users/eashraf/hadoop/hadoop-common-project/hadoop-common/src/main/java/org/apache/hadoop/io/file/tfile/CompareUtils.java,57
hadoop,org.apache.hadoop.io.file.tfile,CompareUtils.ScalarLong,1,0,0,0,9,0,0,0,-1.0,0,0,/Users/eashraf/hadoop/hadoop-common-project/hadoop-common/src/main/java/org/apache/hadoop/io/file/tfile/CompareUtils.java,64
hadoop,org.apache.hadoop.io.file.tfile,CompareUtils.ScalarComparator,0,0,0,0,8,0,0,0,-1.0,0,0,/Users/eashraf/hadoop/hadoop-common-project/hadoop-common/src/main/java/org/apache/hadoop/io/file/tfile/CompareUtils.java,77
hadoop,org.apache.hadoop.io.file.tfile,CompareUtils.MemcmpRawComparator,0,0,0,0,8,0,0,0,-1.0,0,0,/Users/eashraf/hadoop/hadoop-common-project/hadoop-common/src/main/java/org/apache/hadoop/io/file/tfile/CompareUtils.java,87
hadoop,org.apache.hadoop.io.file.tfile,TFileDumper,1,0,2,1,195,24,0,0,1.0,1,8,/Users/eashraf/hadoop/hadoop-common-project/hadoop-common/src/main/java/org/apache/hadoop/io/file/tfile/TFileDumper.java,40
hadoop,org.apache.hadoop.io.file.tfile,TFileDumper.Align,0,0,0,0,29,0,0,0,-1.0,0,0,/Users/eashraf/hadoop/hadoop-common-project/hadoop-common/src/main/java/org/apache/hadoop/io/file/tfile/TFileDumper.java,50
hadoop,org.apache.hadoop.io.file.tfile,Utils,2,0,11,10,312,52,0,0,0.6363636363636364,1,1,/Users/eashraf/hadoop/hadoop-common-project/hadoop-common/src/main/java/org/apache/hadoop/io/file/tfile/Utils.java,30
hadoop,org.apache.hadoop.io.file.tfile,Utils.Version,2,0,0,0,86,0,0,0,-1.0,0,0,/Users/eashraf/hadoop/hadoop-common-project/hadoop-common/src/main/java/org/apache/hadoop/io/file/tfile/Utils.java,278
hadoop,org.apache.hadoop.io.file.tfile,BoundedRangeFileInputStream,5,0,10,10,78,17,0,0,0.2,0,1,/Users/eashraf/hadoop/hadoop-common-project/hadoop-common/src/main/java/org/apache/hadoop/io/file/tfile/BoundedRangeFileInputStream.java,25
hadoop,org.apache.hadoop.io.file.tfile,MetaBlockDoesNotExist,0,0,1,0,12,1,0,0,-1.0,0,0,/Users/eashraf/hadoop/hadoop-common-project/hadoop-common/src/main/java/org/apache/hadoop/io/file/tfile/MetaBlockDoesNotExist.java,25
hadoop,org.apache.hadoop.io.file.tfile,Compression,10,1,3,0,228,7,0,0,1.0,15,4,/Users/eashraf/hadoop/hadoop-common-project/hadoop-common/src/main/java/org/apache/hadoop/io/file/tfile/Compression.java,39
hadoop,org.apache.hadoop.io.file.tfile,Compression.FinishOnFlushCompressionStream,0,0,0,0,14,0,0,0,-1.0,0,0,/Users/eashraf/hadoop/hadoop-common-project/hadoop-common/src/main/java/org/apache/hadoop/io/file/tfile/Compression.java,52
hadoop,org.apache.hadoop.io.file.tfile,Compression.Algorithm,9,1,0,0,184,0,0,0,-1.0,0,4,/Users/eashraf/hadoop/hadoop-common-project/hadoop-common/src/main/java/org/apache/hadoop/io/file/tfile/Compression.java,71
hadoop,org.apache.hadoop.io.file.tfile,MetaBlockAlreadyExists,0,0,1,0,12,1,0,0,-1.0,0,0,/Users/eashraf/hadoop/hadoop-common-project/hadoop-common/src/main/java/org/apache/hadoop/io/file/tfile/MetaBlockAlreadyExists.java,25
hadoop,org.apache.hadoop.io.file.tfile,SimpleBufferedOutputStream,2,0,6,5,42,10,0,0,0.0,3,0,/Users/eashraf/hadoop/hadoop-common-project/hadoop-common/src/main/java/org/apache/hadoop/io/file/tfile/SimpleBufferedOutputStream.java,24
hadoop,org.apache.hadoop.io.file.tfile,BCFile,45,0,1,0,662,1,0,0,0.0,5,7,/Users/eashraf/hadoop/hadoop-common-project/hadoop-common/src/main/java/org/apache/hadoop/io/file/tfile/BCFile.java,47
hadoop,org.apache.hadoop.io.file.tfile,BCFile.Writer,20,0,0,0,281,0,0,0,-1.0,0,5,/Users/eashraf/hadoop/hadoop-common-project/hadoop-common/src/main/java/org/apache/hadoop/io/file/tfile/BCFile.java,66
hadoop,org.apache.hadoop.io.file.tfile,BCFile.BlockRegister,0,0,0,0,12,0,0,0,-1.0,0,0,/Users/eashraf/hadoop/hadoop-common-project/hadoop-common/src/main/java/org/apache/hadoop/io/file/tfile/BCFile.java,83
hadoop,org.apache.hadoop.io.file.tfile,BCFile.WBlockState,6,0,0,0,72,0,0,0,-1.0,0,3,/Users/eashraf/hadoop/hadoop-common-project/hadoop-common/src/main/java/org/apache/hadoop/io/file/tfile/BCFile.java,101
hadoop,org.apache.hadoop.io.file.tfile,BCFile.BlockAppender,3,0,0,0,54,0,0,0,-1.0,0,0,/Users/eashraf/hadoop/hadoop-common-project/hadoop-common/src/main/java/org/apache/hadoop/io/file/tfile/BCFile.java,191
hadoop,org.apache.hadoop.io.file.tfile,BCFile.MetaBlockRegister,2,0,0,0,14,0,0,0,-1.0,0,0,/Users/eashraf/hadoop/hadoop-common-project/hadoop-common/src/main/java/org/apache/hadoop/io/file/tfile/BCFile.java,438
hadoop,org.apache.hadoop.io.file.tfile,BCFile.DataBlockRegister,0,0,0,0,10,0,0,0,-1.0,0,0,/Users/eashraf/hadoop/hadoop-common-project/hadoop-common/src/main/java/org/apache/hadoop/io/file/tfile/BCFile.java,458
hadoop,org.apache.hadoop.io.file.tfile,BCFile.Reader,11,0,0,0,210,0,0,0,-1.0,0,4,/Users/eashraf/hadoop/hadoop-common-project/hadoop-common/src/main/java/org/apache/hadoop/io/file/tfile/BCFile.java,475
hadoop,org.apache.hadoop.io.file.tfile,BCFile.RBlockState,4,0,0,0,43,0,0,0,-1.0,0,1,/Users/eashraf/hadoop/hadoop-common-project/hadoop-common/src/main/java/org/apache/hadoop/io/file/tfile/BCFile.java,486
hadoop,org.apache.hadoop.io.file.tfile,BCFile.BlockReader,2,0,0,0,53,0,0,0,-1.0,0,0,/Users/eashraf/hadoop/hadoop-common-project/hadoop-common/src/main/java/org/apache/hadoop/io/file/tfile/BCFile.java,542
hadoop,org.apache.hadoop.io.file.tfile,BCFile.MetaIndex,1,0,0,0,29,0,0,0,-1.0,0,0,/Users/eashraf/hadoop/hadoop-common-project/hadoop-common/src/main/java/org/apache/hadoop/io/file/tfile/BCFile.java,759
hadoop,org.apache.hadoop.io.file.tfile,BCFile.MetaIndexEntry,4,0,0,0,39,0,0,0,-1.0,0,0,/Users/eashraf/hadoop/hadoop-common-project/hadoop-common/src/main/java/org/apache/hadoop/io/file/tfile/BCFile.java,799
hadoop,org.apache.hadoop.io.file.tfile,BCFile.DataIndex,3,0,0,0,37,0,0,0,-1.0,0,0,/Users/eashraf/hadoop/hadoop-common-project/hadoop-common/src/main/java/org/apache/hadoop/io/file/tfile/BCFile.java,851
hadoop,org.apache.hadoop.io.file.tfile,BCFile.Magic,1,0,0,0,19,0,0,0,-1.0,0,0,/Users/eashraf/hadoop/hadoop-common-project/hadoop-common/src/main/java/org/apache/hadoop/io/file/tfile/BCFile.java,908
hadoop,org.apache.hadoop.io.file.tfile,BCFile.BlockRegion,3,0,0,0,35,0,0,0,-1.0,0,0,/Users/eashraf/hadoop/hadoop-common-project/hadoop-common/src/main/java/org/apache/hadoop/io/file/tfile/BCFile.java,940
hadoop,org.apache.hadoop.io.file.tfile,Chunk,10,0,1,0,300,1,0,0,0.0,2,0,/Users/eashraf/hadoop/hadoop-common-project/hadoop-common/src/main/java/org/apache/hadoop/io/file/tfile/Chunk.java,25
hadoop,org.apache.hadoop.io.file.tfile,Chunk.ChunkDecoder,4,0,0,0,124,0,0,0,-1.0,0,0,/Users/eashraf/hadoop/hadoop-common-project/hadoop-common/src/main/java/org/apache/hadoop/io/file/tfile/Chunk.java,38
hadoop,org.apache.hadoop.io.file.tfile,Chunk.ChunkEncoder,3,0,0,0,104,0,0,0,-1.0,0,0,/Users/eashraf/hadoop/hadoop-common-project/hadoop-common/src/main/java/org/apache/hadoop/io/file/tfile/Chunk.java,200
hadoop,org.apache.hadoop.io.file.tfile,Chunk.SingleChunkEncoder,3,0,0,0,62,0,0,0,-1.0,0,0,/Users/eashraf/hadoop/hadoop-common-project/hadoop-common/src/main/java/org/apache/hadoop/io/file/tfile/Chunk.java,351
hadoop,org.apache.hadoop.io.file.tfile,RawComparable,0,0,3,0,20,3,2,0,-1.0,1,0,/Users/eashraf/hadoop/hadoop-common-project/hadoop-common/src/main/java/org/apache/hadoop/io/file/tfile/RawComparable.java,27
hadoop,org.apache.hadoop.io.file.tfile,ByteArray,3,0,6,6,54,7,0,1,0.3333333333333333,2,1,/Users/eashraf/hadoop/hadoop-common-project/hadoop-common/src/main/java/org/apache/hadoop/io/file/tfile/ByteArray.java,24
hadoop,org.apache.hadoop.io.nativeio,TestNativeIO,2,0,22,21,445,51,0,0,0.4090909090909091,0,11,/Users/eashraf/hadoop/hadoop-common-project/hadoop-common/src/test/java/org/apache/hadoop/io/nativeio/TestNativeIO.java,58
hadoop,org.apache.hadoop.io.nativeio,TestSharedFileDescriptorFactory,2,0,5,4,54,5,0,0,0.4,0,4,/Users/eashraf/hadoop/hadoop-common-project/hadoop-common/src/test/java/org/apache/hadoop/io/nativeio/TestSharedFileDescriptorFactory.java,35
hadoop,org.apache.hadoop.io.nativeio,Errno,0,0,0,0,4,0,0,0,-1.0,4,0,/Users/eashraf/hadoop/hadoop-common-project/hadoop-common/src/main/java/org/apache/hadoop/io/nativeio/Errno.java,20
hadoop,org.apache.hadoop.io.nativeio,SharedFileDescriptorFactory,3,1,7,4,78,12,0,0,0.0,3,1,/Users/eashraf/hadoop/hadoop-common-project/hadoop-common/src/main/java/org/apache/hadoop/io/nativeio/SharedFileDescriptorFactory.java,30
hadoop,org.apache.hadoop.io.nativeio,NativeIO,80,54,17,8,658,33,0,0,0.17647058823529413,42,8,/Users/eashraf/hadoop/hadoop-common-project/hadoop-common/src/main/java/org/apache/hadoop/io/nativeio/NativeIO.java,50
hadoop,org.apache.hadoop.io.nativeio,NativeIO.POSIX,57,40,0,0,322,0,0,0,-1.0,0,5,/Users/eashraf/hadoop/hadoop-common-project/hadoop-common/src/main/java/org/apache/hadoop/io/nativeio/NativeIO.java,58
hadoop,org.apache.hadoop.io.nativeio,NativeIO.CacheManipulator,0,0,0,0,20,0,0,0,-1.0,0,1,/Users/eashraf/hadoop/hadoop-common-project/hadoop-common/src/main/java/org/apache/hadoop/io/nativeio/NativeIO.java,125
hadoop,org.apache.hadoop.io.nativeio,NativeIO.NoMlockCacheManipulator,0,0,0,0,17,0,0,0,-1.0,0,0,/Users/eashraf/hadoop/hadoop-common-project/hadoop-common/src/main/java/org/apache/hadoop/io/nativeio/NativeIO.java,155
hadoop,org.apache.hadoop.io.nativeio,NativeIO.Stat,20,15,0,0,55,0,0,0,-1.0,0,1,/Users/eashraf/hadoop/hadoop-common-project/hadoop-common/src/main/java/org/apache/hadoop/io/nativeio/NativeIO.java,342
hadoop,org.apache.hadoop.io.nativeio,NativeIO.CachedName,2,0,0,0,8,0,0,0,-1.0,0,0,/Users/eashraf/hadoop/hadoop-common-project/hadoop-common/src/main/java/org/apache/hadoop/io/nativeio/NativeIO.java,458
hadoop,org.apache.hadoop.io.nativeio,NativeIO.IdCache,0,0,0,0,1,0,0,0,-1.0,0,0,/Users/eashraf/hadoop/hadoop-common-project/hadoop-common/src/main/java/org/apache/hadoop/io/nativeio/NativeIO.java,474
hadoop,org.apache.hadoop.io.nativeio,NativeIO.Windows,15,14,0,0,102,0,0,0,-1.0,0,1,/Users/eashraf/hadoop/hadoop-common-project/hadoop-common/src/main/java/org/apache/hadoop/io/nativeio/NativeIO.java,490
hadoop,org.apache.hadoop.io.nativeio,NativeIO.AccessRight,1,0,0,0,11,0,0,0,-1.0,0,0,/Users/eashraf/hadoop/hadoop-common-project/hadoop-common/src/main/java/org/apache/hadoop/io/nativeio/NativeIO.java,575
hadoop,org.apache.hadoop.io.nativeio,NativeIO.CachedUid,2,0,0,0,8,0,0,0,-1.0,0,0,/Users/eashraf/hadoop/hadoop-common-project/hadoop-common/src/main/java/org/apache/hadoop/io/nativeio/NativeIO.java,697
hadoop,org.apache.hadoop.io.nativeio,NativeIOException,3,0,5,5,28,6,0,0,0.0,1,2,/Users/eashraf/hadoop/hadoop-common-project/hadoop-common/src/main/java/org/apache/hadoop/io/nativeio/NativeIOException.java,24
hadoop,org.apache.hadoop.cli.util,RegexpAcrossOutputComparator,0,0,1,1,8,1,0,1,-1.0,0,0,/Users/eashraf/hadoop/hadoop-common-project/hadoop-common/src/test/java/org/apache/hadoop/cli/util/RegexpAcrossOutputComparator.java,23
hadoop,org.apache.hadoop.cli.util,TokenComparator,0,0,1,1,19,3,0,1,-1.0,0,0,/Users/eashraf/hadoop/hadoop-common-project/hadoop-common/src/test/java/org/apache/hadoop/cli/util/TokenComparator.java,23
hadoop,org.apache.hadoop.cli.util,CommandExecutor,4,0,3,1,74,6,3,0,0.6666666666666666,3,1,/Users/eashraf/hadoop/hadoop-common-project/hadoop-common/src/test/java/org/apache/hadoop/cli/util/CommandExecutor.java,31
hadoop,org.apache.hadoop.cli.util,CommandExecutor.Result,4,0,0,0,24,0,0,0,-1.0,0,0,/Users/eashraf/hadoop/hadoop-common-project/hadoop-common/src/test/java/org/apache/hadoop/cli/util/CommandExecutor.java,92
hadoop,org.apache.hadoop.cli.util,ExactComparator,0,0,1,1,8,1,0,1,-1.0,0,0,/Users/eashraf/hadoop/hadoop-common-project/hadoop-common/src/test/java/org/apache/hadoop/cli/util/ExactComparator.java,21
hadoop,org.apache.hadoop.cli.util,SubstringComparator,0,0,1,1,9,2,0,1,-1.0,0,0,/Users/eashraf/hadoop/hadoop-common-project/hadoop-common/src/test/java/org/apache/hadoop/cli/util/SubstringComparator.java,21
hadoop,org.apache.hadoop.cli.util,FSCmdExecutor,2,0,2,1,12,2,0,1,0.0,0,2,/Users/eashraf/hadoop/hadoop-common-project/hadoop-common/src/test/java/org/apache/hadoop/cli/util/FSCmdExecutor.java,23
hadoop,org.apache.hadoop.cli.util,CLICommandFS,0,0,0,0,2,0,0,1,-1.0,0,0,/Users/eashraf/hadoop/hadoop-common-project/hadoop-common/src/test/java/org/apache/hadoop/cli/util/CLICommandFS.java,20
hadoop,org.apache.hadoop.cli.util,ComparatorData,5,0,11,11,72,11,0,0,0.5454545454545454,0,0,/Users/eashraf/hadoop/hadoop-common-project/hadoop-common/src/test/java/org/apache/hadoop/cli/util/ComparatorData.java,21
hadoop,org.apache.hadoop.cli.util,CLICommand,0,0,4,4,9,4,1,0,-1.0,6,2,/Users/eashraf/hadoop/hadoop-common-project/hadoop-common/src/test/java/org/apache/hadoop/cli/util/CLICommand.java,20
hadoop,org.apache.hadoop.cli.util,RegexpComparator,0,0,1,1,16,2,0,1,-1.0,0,0,/Users/eashraf/hadoop/hadoop-common-project/hadoop-common/src/test/java/org/apache/hadoop/cli/util/RegexpComparator.java,25
hadoop,org.apache.hadoop.cli.util,ComparatorBase,0,0,2,2,14,2,5,0,-1.0,0,0,/Users/eashraf/hadoop/hadoop-common-project/hadoop-common/src/test/java/org/apache/hadoop/cli/util/ComparatorBase.java,21
hadoop,org.apache.hadoop.cli.util,CLICommandTypes,0,0,0,0,5,0,6,0,-1.0,4,0,/Users/eashraf/hadoop/hadoop-common-project/hadoop-common/src/test/java/org/apache/hadoop/cli/util/CLICommandTypes.java,20
hadoop,org.apache.hadoop.cli.util,CLITestData,5,0,11,11,72,11,0,0,0.5454545454545454,0,0,/Users/eashraf/hadoop/hadoop-common-project/hadoop-common/src/test/java/org/apache/hadoop/cli/util/CLITestData.java,23
hadoop,org.apache.hadoop.cli.util,CLITestCmd,2,0,5,5,24,6,0,1,0.0,0,2,/Users/eashraf/hadoop/hadoop-common-project/hadoop-common/src/test/java/org/apache/hadoop/cli/util/CLITestCmd.java,22
hadoop,org.apache.hadoop.cli.util,CLICommandArchive,0,0,0,0,2,0,0,1,-1.0,0,0,/Users/eashraf/hadoop/hadoop-mapreduce-project/hadoop-mapreduce-client/hadoop-mapreduce-client-jobclient/src/test/java/org/apache/hadoop/cli/util/CLICommandArchive.java,20
hadoop,org.apache.hadoop.cli.util,CLICommandMRAdmin,0,0,0,0,2,0,0,1,-1.0,0,0,/Users/eashraf/hadoop/hadoop-mapreduce-project/hadoop-mapreduce-client/hadoop-mapreduce-client-jobclient/src/test/java/org/apache/hadoop/cli/util/CLICommandMRAdmin.java,20
hadoop,org.apache.hadoop.cli.util,CacheAdminCmdExecutor,2,0,2,1,12,2,0,1,0.0,0,2,/Users/eashraf/hadoop/hadoop-hdfs-project/hadoop-hdfs/src/test/java/org/apache/hadoop/cli/util/CacheAdminCmdExecutor.java,23
hadoop,org.apache.hadoop.cli.util,CLICommandCryptoAdmin,0,0,0,0,2,0,0,1,-1.0,0,0,/Users/eashraf/hadoop/hadoop-hdfs-project/hadoop-hdfs/src/test/java/org/apache/hadoop/cli/util/CLICommandCryptoAdmin.java,20
hadoop,org.apache.hadoop.cli.util,CLICommandDFSAdmin,0,0,0,0,2,0,0,1,-1.0,0,0,/Users/eashraf/hadoop/hadoop-hdfs-project/hadoop-hdfs/src/test/java/org/apache/hadoop/cli/util/CLICommandDFSAdmin.java,20
hadoop,org.apache.hadoop.cli.util,CryptoAdminCmdExecutor,2,0,2,1,12,2,0,1,0.0,0,2,/Users/eashraf/hadoop/hadoop-hdfs-project/hadoop-hdfs/src/test/java/org/apache/hadoop/cli/util/CryptoAdminCmdExecutor.java,23
hadoop,org.apache.hadoop.cli.util,CLICommandCacheAdmin,0,0,0,0,2,0,0,1,-1.0,0,0,/Users/eashraf/hadoop/hadoop-hdfs-project/hadoop-hdfs/src/test/java/org/apache/hadoop/cli/util/CLICommandCacheAdmin.java,20
hadoop,org.apache.hadoop.cli,TestCLI,0,0,5,3,20,5,0,1,-1.0,0,1,/Users/eashraf/hadoop/hadoop-common-project/hadoop-common/src/test/java/org/apache/hadoop/cli/TestCLI.java,27
hadoop,org.apache.hadoop.cli,CLITestHelper,17,3,10,3,317,31,6,0,0.0,7,4,/Users/eashraf/hadoop/hadoop-common-project/hadoop-common/src/test/java/org/apache/hadoop/cli/CLITestHelper.java,40
hadoop,org.apache.hadoop.cli,CLITestHelper.TestConfigFileParser,5,0,0,0,81,0,0,0,-1.0,0,1,/Users/eashraf/hadoop/hadoop-common-project/hadoop-common/src/test/java/org/apache/hadoop/cli/CLITestHelper.java,366
hadoop,org.apache.hadoop.cli,CLITestCmdMR,0,0,2,2,11,2,0,0,-1.0,0,1,/Users/eashraf/hadoop/hadoop-mapreduce-project/hadoop-mapreduce-client/hadoop-mapreduce-client-jobclient/src/test/java/org/apache/hadoop/cli/CLITestCmdMR.java,24
hadoop,org.apache.hadoop.cli,TestXAttrCLI,3,0,6,3,43,8,0,2,0.5,0,6,/Users/eashraf/hadoop/hadoop-hdfs-project/hadoop-hdfs/src/test/java/org/apache/hadoop/cli/TestXAttrCLI.java,35
hadoop,org.apache.hadoop.cli,TestCryptoAdminCLI,4,0,8,3,82,10,0,2,0.5,0,11,/Users/eashraf/hadoop/hadoop-hdfs-project/hadoop-hdfs/src/test/java/org/apache/hadoop/cli/TestCryptoAdminCLI.java,52
hadoop,org.apache.hadoop.cli,TestCryptoAdminCLI.TestConfigFileParserCryptoAdmin,0,0,0,0,15,0,0,1,-1.0,0,1,/Users/eashraf/hadoop/hadoop-hdfs-project/hadoop-hdfs/src/test/java/org/apache/hadoop/cli/TestCryptoAdminCLI.java,127
hadoop,org.apache.hadoop.cli,TestCryptoAdminCLI.CLITestCmdCryptoAdmin,0,0,0,0,11,0,0,0,-1.0,0,0,/Users/eashraf/hadoop/hadoop-hdfs-project/hadoop-hdfs/src/test/java/org/apache/hadoop/cli/TestCryptoAdminCLI.java,146
hadoop,org.apache.hadoop.cli,CLITestCmdDFS,0,0,2,2,9,3,0,0,-1.0,0,1,/Users/eashraf/hadoop/hadoop-hdfs-project/hadoop-hdfs/src/test/java/org/apache/hadoop/cli/CLITestCmdDFS.java,27
hadoop,org.apache.hadoop.cli,TestAclCLI,4,0,6,3,40,8,0,2,0.5,0,4,/Users/eashraf/hadoop/hadoop-hdfs-project/hadoop-hdfs/src/test/java/org/apache/hadoop/cli/TestAclCLI.java,29
hadoop,org.apache.hadoop.cli,TestHDFSCLI,3,0,6,3,43,8,0,2,0.5,0,6,/Users/eashraf/hadoop/hadoop-hdfs-project/hadoop-hdfs/src/test/java/org/apache/hadoop/cli/TestHDFSCLI.java,35
hadoop,org.apache.hadoop.cli,TestCacheAdminCLI,4,1,6,3,65,8,0,1,0.8333333333333334,0,7,/Users/eashraf/hadoop/hadoop-hdfs-project/hadoop-hdfs/src/test/java/org/apache/hadoop/cli/TestCacheAdminCLI.java,44
hadoop,org.apache.hadoop.cli,TestCacheAdminCLI.TestConfigFileParserCacheAdmin,0,0,0,0,15,0,0,1,-1.0,0,1,/Users/eashraf/hadoop/hadoop-hdfs-project/hadoop-hdfs/src/test/java/org/apache/hadoop/cli/TestCacheAdminCLI.java,96
hadoop,org.apache.hadoop.cli,TestCacheAdminCLI.CLITestCmdCacheAdmin,0,0,0,0,11,0,0,0,-1.0,0,0,/Users/eashraf/hadoop/hadoop-hdfs-project/hadoop-hdfs/src/test/java/org/apache/hadoop/cli/TestCacheAdminCLI.java,115
hadoop,org.apache.hadoop.cli,CLITestHelperDFS,0,0,1,0,20,1,4,1,-1.0,0,1,/Users/eashraf/hadoop/hadoop-hdfs-project/hadoop-hdfs/src/test/java/org/apache/hadoop/cli/CLITestHelperDFS.java,23
hadoop,org.apache.hadoop.cli,CLITestHelperDFS.TestConfigFileParserDFS,0,0,0,0,15,0,0,1,-1.0,0,1,/Users/eashraf/hadoop/hadoop-hdfs-project/hadoop-hdfs/src/test/java/org/apache/hadoop/cli/CLITestHelperDFS.java,30
hadoop,org.apache.hadoop.http,TestHttpServerWebapps,1,0,2,2,34,2,0,1,1.0,0,1,/Users/eashraf/hadoop/hadoop-common-project/hadoop-common/src/test/java/org/apache/hadoop/http/TestHttpServerWebapps.java,27
hadoop,org.apache.hadoop.http,TestHttpRequestLogAppender,0,0,1,1,9,1,0,0,-1.0,0,1,/Users/eashraf/hadoop/hadoop-common-project/hadoop-common/src/test/java/org/apache/hadoop/http/TestHttpRequestLogAppender.java,24
hadoop,org.apache.hadoop.http,TestHttpServer,4,0,20,17,362,28,0,1,0.6,2,7,/Users/eashraf/hadoop/hadoop-common-project/hadoop-common/src/test/java/org/apache/hadoop/http/TestHttpServer.java,67
hadoop,org.apache.hadoop.http,TestHttpServer.EchoMapServlet,0,0,0,0,21,0,0,0,-1.0,0,0,/Users/eashraf/hadoop/hadoop-common-project/hadoop-common/src/test/java/org/apache/hadoop/http/TestHttpServer.java,72
hadoop,org.apache.hadoop.http,TestHttpServer.EchoServlet,0,0,0,0,17,0,0,0,-1.0,0,0,/Users/eashraf/hadoop/hadoop-common-project/hadoop-common/src/test/java/org/apache/hadoop/http/TestHttpServer.java,99
hadoop,org.apache.hadoop.http,TestHttpServer.HtmlContentServlet,0,0,0,0,8,0,0,0,-1.0,0,0,/Users/eashraf/hadoop/hadoop-common-project/hadoop-common/src/test/java/org/apache/hadoop/http/TestHttpServer.java,122
hadoop,org.apache.hadoop.http,TestHttpServer.DummyServletFilter,0,0,0,0,19,0,0,0,-1.0,0,0,/Users/eashraf/hadoop/hadoop-common-project/hadoop-common/src/test/java/org/apache/hadoop/http/TestHttpServer.java,238
hadoop,org.apache.hadoop.http,TestHttpServer.DummyFilterInitializer,0,0,0,0,10,0,0,1,-1.0,0,0,/Users/eashraf/hadoop/hadoop-common-project/hadoop-common/src/test/java/org/apache/hadoop/http/TestHttpServer.java,266
hadoop,org.apache.hadoop.http,TestHttpServer.MyGroupsProvider,1,0,0,0,12,0,0,0,-1.0,0,0,/Users/eashraf/hadoop/hadoop-common-project/hadoop-common/src/test/java/org/apache/hadoop/http/TestHttpServer.java,299
hadoop,org.apache.hadoop.http,TestServletFilter,3,0,4,3,128,8,0,1,0.75,0,4,/Users/eashraf/hadoop/hadoop-common-project/hadoop-common/src/test/java/org/apache/hadoop/http/TestServletFilter.java,42
hadoop,org.apache.hadoop.http,TestServletFilter.SimpleFilter,1,0,0,0,28,0,0,0,-1.0,0,0,/Users/eashraf/hadoop/hadoop-common-project/hadoop-common/src/test/java/org/apache/hadoop/http/TestServletFilter.java,46
hadoop,org.apache.hadoop.http,TestServletFilter.Initializer,0,0,0,0,10,0,0,1,-1.0,0,0,/Users/eashraf/hadoop/hadoop-common-project/hadoop-common/src/test/java/org/apache/hadoop/http/TestServletFilter.java,71
hadoop,org.apache.hadoop.http,TestServletFilter.ErrorFilter,0,0,0,0,15,0,0,0,-1.0,0,0,/Users/eashraf/hadoop/hadoop-common-project/hadoop-common/src/test/java/org/apache/hadoop/http/TestServletFilter.java,148
hadoop,org.apache.hadoop.http,TestServletFilter.Initializer,0,0,0,0,10,0,0,1,-1.0,0,0,/Users/eashraf/hadoop/hadoop-common-project/hadoop-common/src/test/java/org/apache/hadoop/http/TestServletFilter.java,154
hadoop,org.apache.hadoop.http,TestGlobalFilter,3,0,2,1,85,5,0,1,0.0,0,3,/Users/eashraf/hadoop/hadoop-common-project/hadoop-common/src/test/java/org/apache/hadoop/http/TestGlobalFilter.java,42
hadoop,org.apache.hadoop.http,TestGlobalFilter.RecordingFilter,1,0,0,0,29,0,0,0,-1.0,0,0,/Users/eashraf/hadoop/hadoop-common-project/hadoop-common/src/test/java/org/apache/hadoop/http/TestGlobalFilter.java,46
hadoop,org.apache.hadoop.http,TestGlobalFilter.Initializer,0,0,0,0,10,0,0,1,-1.0,0,0,/Users/eashraf/hadoop/hadoop-common-project/hadoop-common/src/test/java/org/apache/hadoop/http/TestGlobalFilter.java,72
hadoop,org.apache.hadoop.http,TestHttpServerLifecycle,0,0,10,7,103,10,0,1,-1.0,0,2,/Users/eashraf/hadoop/hadoop-common-project/hadoop-common/src/test/java/org/apache/hadoop/http/TestHttpServerLifecycle.java,23
hadoop,org.apache.hadoop.http,HttpServerFunctionalTest,4,1,16,12,181,20,7,0,0.3125,1,4,/Users/eashraf/hadoop/hadoop-common-project/hadoop-common/src/test/java/org/apache/hadoop/http/HttpServerFunctionalTest.java,41
hadoop,org.apache.hadoop.http,HttpServerFunctionalTest.LongHeaderServlet,0,0,0,0,6,0,0,0,-1.0,0,0,/Users/eashraf/hadoop/hadoop-common-project/hadoop-common/src/test/java/org/apache/hadoop/http/HttpServerFunctionalTest.java,46
hadoop,org.apache.hadoop.http,TestHttpCookieFlag,5,0,4,4,68,4,0,0,0.0,0,8,/Users/eashraf/hadoop/hadoop-common-project/hadoop-common/src/test/java/org/apache/hadoop/http/TestHttpCookieFlag.java,42
hadoop,org.apache.hadoop.http,TestHttpCookieFlag.DummyAuthenticationFilter,0,0,0,0,12,0,0,0,-1.0,0,0,/Users/eashraf/hadoop/hadoop-common-project/hadoop-common/src/test/java/org/apache/hadoop/http/TestHttpCookieFlag.java,50
hadoop,org.apache.hadoop.http,TestHttpCookieFlag.DummyFilterInitializer,0,0,0,0,5,0,0,1,-1.0,0,0,/Users/eashraf/hadoop/hadoop-common-project/hadoop-common/src/test/java/org/apache/hadoop/http/TestHttpCookieFlag.java,71
hadoop,org.apache.hadoop.http,TestSSLHttpServer,7,0,5,4,60,5,0,1,0.0,1,8,/Users/eashraf/hadoop/hadoop-common-project/hadoop-common/src/test/java/org/apache/hadoop/http/TestSSLHttpServer.java,40
hadoop,org.apache.hadoop.http,TestHtmlQuoting,0,0,5,4,47,6,0,0,-1.0,0,2,/Users/eashraf/hadoop/hadoop-common-project/hadoop-common/src/test/java/org/apache/hadoop/http/TestHtmlQuoting.java,27
hadoop,org.apache.hadoop.http,TestPathFilter,3,0,2,1,87,6,0,1,0.0,0,3,/Users/eashraf/hadoop/hadoop-common-project/hadoop-common/src/test/java/org/apache/hadoop/http/TestPathFilter.java,42
hadoop,org.apache.hadoop.http,TestPathFilter.RecordingFilter,1,0,0,0,29,0,0,0,-1.0,0,0,/Users/eashraf/hadoop/hadoop-common-project/hadoop-common/src/test/java/org/apache/hadoop/http/TestPathFilter.java,46
hadoop,org.apache.hadoop.http,TestPathFilter.Initializer,0,0,0,0,10,0,0,1,-1.0,0,0,/Users/eashraf/hadoop/hadoop-common-project/hadoop-common/src/test/java/org/apache/hadoop/http/TestPathFilter.java,72
hadoop,org.apache.hadoop.http,TestHttpRequestLog,0,0,2,2,15,2,0,0,-1.0,0,2,/Users/eashraf/hadoop/hadoop-common-project/hadoop-common/src/test/java/org/apache/hadoop/http/TestHttpRequestLog.java,29
hadoop,org.apache.hadoop.http,HttpConfig,1,0,0,0,21,0,0,0,-1.0,23,0,/Users/eashraf/hadoop/hadoop-common-project/hadoop-common/src/main/java/org/apache/hadoop/http/HttpConfig.java,23
hadoop,org.apache.hadoop.http,HttpConfig.Policy,1,0,0,0,16,0,0,0,-1.0,0,0,/Users/eashraf/hadoop/hadoop-common-project/hadoop-common/src/main/java/org/apache/hadoop/http/HttpConfig.java,29
hadoop,org.apache.hadoop.http,FilterContainer,0,0,2,0,19,2,1,0,-1.0,9,0,/Users/eashraf/hadoop/hadoop-common-project/hadoop-common/src/main/java/org/apache/hadoop/http/FilterContainer.java,22
hadoop,org.apache.hadoop.http,HttpRequestLogAppender,2,0,8,8,28,8,0,0,0.75,4,0,/Users/eashraf/hadoop/hadoop-common-project/hadoop-common/src/main/java/org/apache/hadoop/http/HttpRequestLogAppender.java,23
hadoop,org.apache.hadoop.http,AdminAuthorizedServlet,1,0,1,0,11,2,0,0,0.0,1,1,/Users/eashraf/hadoop/hadoop-common-project/hadoop-common/src/main/java/org/apache/hadoop/http/AdminAuthorizedServlet.java,28
hadoop,org.apache.hadoop.http,HttpRequestLog,2,1,1,1,62,5,0,0,0.0,2,1,/Users/eashraf/hadoop/hadoop-common-project/hadoop-common/src/main/java/org/apache/hadoop/http/HttpRequestLog.java,31
hadoop,org.apache.hadoop.http,HttpServer2,39,7,38,23,786,77,0,1,0.05263157894736842,38,11,/Users/eashraf/hadoop/hadoop-common-project/hadoop-common/src/main/java/org/apache/hadoop/http/HttpServer2.java,94
hadoop,org.apache.hadoop.http,HttpServer2.Builder,18,0,0,0,139,0,0,0,-1.0,0,2,/Users/eashraf/hadoop/hadoop-common-project/hadoop-common/src/main/java/org/apache/hadoop/http/HttpServer2.java,136
hadoop,org.apache.hadoop.http,HttpServer2.StackServlet,1,0,0,0,16,0,0,0,-1.0,0,0,/Users/eashraf/hadoop/hadoop-common-project/hadoop-common/src/main/java/org/apache/hadoop/http/HttpServer2.java,984
hadoop,org.apache.hadoop.http,HttpServer2.QuotingInputFilter,3,0,0,0,102,0,0,0,-1.0,0,0,/Users/eashraf/hadoop/hadoop-common-project/hadoop-common/src/main/java/org/apache/hadoop/http/HttpServer2.java,1009
hadoop,org.apache.hadoop.http,HttpServer2.RequestQuoter,2,0,0,0,66,0,0,0,-1.0,0,0,/Users/eashraf/hadoop/hadoop-common-project/hadoop-common/src/main/java/org/apache/hadoop/http/HttpServer2.java,1017
hadoop,org.apache.hadoop.http,NoCacheFilter,0,0,3,3,15,3,0,0,-1.0,0,0,/Users/eashraf/hadoop/hadoop-common-project/hadoop-common/src/main/java/org/apache/hadoop/http/NoCacheFilter.java,29
hadoop,org.apache.hadoop.http,FilterInitializer,0,0,1,1,11,1,6,0,-1.0,1,2,/Users/eashraf/hadoop/hadoop-common-project/hadoop-common/src/main/java/org/apache/hadoop/http/FilterInitializer.java,22
hadoop,org.apache.hadoop.http,HtmlQuoting,6,0,11,11,172,36,0,0,0.2727272727272727,3,0,/Users/eashraf/hadoop/hadoop-common-project/hadoop-common/src/main/java/org/apache/hadoop/http/HtmlQuoting.java,26
hadoop,org.apache.hadoop.http.lib,TestStaticUserWebFilter,0,0,4,3,30,4,0,0,-1.0,0,3,/Users/eashraf/hadoop/hadoop-common-project/hadoop-common/src/test/java/org/apache/hadoop/http/lib/TestStaticUserWebFilter.java,36
hadoop,org.apache.hadoop.http.lib,StaticUserWebFilter,5,0,2,1,79,3,0,0,0.0,1,2,/Users/eashraf/hadoop/hadoop-common-project/hadoop-common/src/main/java/org/apache/hadoop/http/lib/StaticUserWebFilter.java,43
hadoop,org.apache.hadoop.http.lib,StaticUserWebFilter.User,1,0,0,0,24,0,0,0,-1.0,0,0,/Users/eashraf/hadoop/hadoop-common-project/hadoop-common/src/main/java/org/apache/hadoop/http/lib/StaticUserWebFilter.java,52
hadoop,org.apache.hadoop.http.lib,StaticUserWebFilter.StaticUserFilter,2,0,0,0,28,0,0,0,-1.0,0,0,/Users/eashraf/hadoop/hadoop-common-project/hadoop-common/src/main/java/org/apache/hadoop/http/lib/StaticUserWebFilter.java,80
hadoop,org.apache.hadoop.http.resource,JerseyResource,3,2,1,1,16,1,0,0,0.0,1,0,/Users/eashraf/hadoop/hadoop-common-project/hadoop-common/src/test/java/org/apache/hadoop/http/resource/JerseyResource.java,37
hadoop,org.apache.hadoop.ha,TestHealthMonitor,5,0,7,5,90,12,0,0,0.2857142857142857,0,6,/Users/eashraf/hadoop/hadoop-common-project/hadoop-common/src/test/java/org/apache/hadoop/ha/TestHealthMonitor.java,38
hadoop,org.apache.hadoop.ha,TestShellCommandFencer,2,0,12,11,100,14,0,0,0.5833333333333334,0,5,/Users/eashraf/hadoop/hadoop-common-project/hadoop-common/src/test/java/org/apache/hadoop/ha/TestShellCommandFencer.java,35
hadoop,org.apache.hadoop.ha,TestZKFailoverController,6,0,22,20,370,22,0,1,0.09090909090909091,0,9,/Users/eashraf/hadoop/hadoop-common-project/hadoop-common/src/test/java/org/apache/hadoop/ha/TestZKFailoverController.java,41
hadoop,org.apache.hadoop.ha,TestNodeFencer,9,0,12,11,107,12,0,0,0.0,1,5,/Users/eashraf/hadoop/hadoop-common-project/hadoop-common/src/test/java/org/apache/hadoop/ha/TestNodeFencer.java,34
hadoop,org.apache.hadoop.ha,TestNodeFencer.AlwaysSucceedFencer,3,0,0,0,19,0,0,1,-1.0,0,1,/Users/eashraf/hadoop/hadoop-common-project/hadoop-common/src/test/java/org/apache/hadoop/ha/TestNodeFencer.java,149
hadoop,org.apache.hadoop.ha,TestNodeFencer.AlwaysFailFencer,3,0,0,0,16,0,0,1,-1.0,0,1,/Users/eashraf/hadoop/hadoop-common-project/hadoop-common/src/test/java/org/apache/hadoop/ha/TestNodeFencer.java,175
hadoop,org.apache.hadoop.ha,TestZKFailoverControllerStress,6,0,5,5,88,10,0,1,0.0,0,6,/Users/eashraf/hadoop/hadoop-common-project/hadoop-common/src/test/java/org/apache/hadoop/ha/TestZKFailoverControllerStress.java,33
hadoop,org.apache.hadoop.ha,TestZKFailoverControllerStress.RandomlyThrow,2,0,0,0,17,0,0,0,-1.0,0,0,/Users/eashraf/hadoop/hadoop-common-project/hadoop-common/src/test/java/org/apache/hadoop/ha/TestZKFailoverControllerStress.java,140
hadoop,org.apache.hadoop.ha,TestFailoverController,4,0,19,17,275,20,0,0,0.0,0,9,/Users/eashraf/hadoop/hadoop-common-project/hadoop-common/src/test/java/org/apache/hadoop/ha/TestFailoverController.java,43
hadoop,org.apache.hadoop.ha,DummyHAService,18,3,14,10,170,17,0,1,0.42857142857142855,6,13,/Users/eashraf/hadoop/hadoop-common-project/hadoop-common/src/test/java/org/apache/hadoop/ha/DummyHAService.java,44
hadoop,org.apache.hadoop.ha,DummyHAService.MockHAProtocolImpl,0,0,0,0,44,0,0,1,-1.0,0,0,/Users/eashraf/hadoop/hadoop-common-project/hadoop-common/src/test/java/org/apache/hadoop/ha/DummyHAService.java,186
hadoop,org.apache.hadoop.ha,DummyHAService.DummyFencer,0,0,0,0,17,0,0,1,-1.0,0,0,/Users/eashraf/hadoop/hadoop-common-project/hadoop-common/src/test/java/org/apache/hadoop/ha/DummyHAService.java,245
hadoop,org.apache.hadoop.ha,TestHAAdmin,6,0,6,3,57,7,0,0,0.3333333333333333,0,2,/Users/eashraf/hadoop/hadoop-common-project/hadoop-common/src/test/java/org/apache/hadoop/ha/TestHAAdmin.java,38
hadoop,org.apache.hadoop.ha,ActiveStandbyElectorTestUtil,2,0,2,2,42,10,0,0,1.0,2,3,/Users/eashraf/hadoop/hadoop-common-project/hadoop-common/src/test/java/org/apache/hadoop/ha/ActiveStandbyElectorTestUtil.java,31
hadoop,org.apache.hadoop.ha,TestActiveStandbyElector,9,0,27,24,405,31,0,0,0.0,0,4,/Users/eashraf/hadoop/hadoop-common-project/hadoop-common/src/test/java/org/apache/hadoop/ha/TestActiveStandbyElector.java,48
hadoop,org.apache.hadoop.ha,TestActiveStandbyElector.ActiveStandbyElectorTester,1,0,0,0,14,0,0,1,-1.0,0,1,/Users/eashraf/hadoop/hadoop-common-project/hadoop-common/src/test/java/org/apache/hadoop/ha/TestActiveStandbyElector.java,57
hadoop,org.apache.hadoop.ha,ClientBaseWithFixes,16,1,23,9,343,46,3,0,0.0,0,1,/Users/eashraf/hadoop/hadoop-common-project/hadoop-common/src/test/java/org/apache/hadoop/ha/ClientBaseWithFixes.java,58
hadoop,org.apache.hadoop.ha,ClientBaseWithFixes.NullWatcher,0,0,0,0,7,0,0,0,-1.0,0,0,/Users/eashraf/hadoop/hadoop-common-project/hadoop-common/src/test/java/org/apache/hadoop/ha/ClientBaseWithFixes.java,78
hadoop,org.apache.hadoop.ha,ClientBaseWithFixes.CountdownWatcher,2,0,0,0,47,0,0,0,-1.0,0,0,/Users/eashraf/hadoop/hadoop-common-project/hadoop-common/src/test/java/org/apache/hadoop/ha/ClientBaseWithFixes.java,89
hadoop,org.apache.hadoop.ha,ClientBaseWithFixes.HostPort,2,0,0,0,8,0,0,0,-1.0,0,0,/Users/eashraf/hadoop/hadoop-common-project/hadoop-common/src/test/java/org/apache/hadoop/ha/ClientBaseWithFixes.java,199
hadoop,org.apache.hadoop.ha,TestActiveStandbyElectorRealZK,6,0,6,5,134,8,0,1,0.0,0,3,/Users/eashraf/hadoop/hadoop-common-project/hadoop-common/src/test/java/org/apache/hadoop/ha/TestActiveStandbyElectorRealZK.java,41
hadoop,org.apache.hadoop.ha,MiniZKFCCluster,12,1,18,18,197,22,0,0,0.0,2,9,/Users/eashraf/hadoop/hadoop-common-project/hadoop-common/src/test/java/org/apache/hadoop/ha/MiniZKFCCluster.java,43
hadoop,org.apache.hadoop.ha,MiniZKFCCluster.DummyZKFCThread,1,0,0,0,17,0,0,0,-1.0,0,0,/Users/eashraf/hadoop/hadoop-common-project/hadoop-common/src/test/java/org/apache/hadoop/ha/MiniZKFCCluster.java,248
hadoop,org.apache.hadoop.ha,MiniZKFCCluster.DummyZKFC,4,1,0,0,34,0,0,1,-1.0,0,3,/Users/eashraf/hadoop/hadoop-common-project/hadoop-common/src/test/java/org/apache/hadoop/ha/MiniZKFCCluster.java,270
hadoop,org.apache.hadoop.ha,TestSshFenceByTcpPort,6,0,6,4,66,6,0,0,0.6666666666666666,0,4,/Users/eashraf/hadoop/hadoop-common-project/hadoop-common/src/test/java/org/apache/hadoop/ha/TestSshFenceByTcpPort.java,32
hadoop,org.apache.hadoop.ha,DummySharedResource,2,0,3,3,24,5,0,0,0.0,2,1,/Users/eashraf/hadoop/hadoop-common-project/hadoop-common/src/test/java/org/apache/hadoop/ha/DummySharedResource.java,22
hadoop,org.apache.hadoop.ha,ZKFCTestUtil,0,0,1,1,10,3,0,0,-1.0,2,3,/Users/eashraf/hadoop/hadoop-common-project/hadoop-common/src/test/java/org/apache/hadoop/ha/ZKFCTestUtil.java,22
hadoop,org.apache.hadoop.ha,HealthCheckFailedException,1,0,2,2,12,2,0,0,1.0,3,0,/Users/eashraf/hadoop/hadoop-common-project/hadoop-common/src/main/java/org/apache/hadoop/ha/HealthCheckFailedException.java,25
hadoop,org.apache.hadoop.ha,FenceMethod,0,0,2,2,19,2,5,0,-1.0,2,2,/Users/eashraf/hadoop/hadoop-common-project/hadoop-common/src/main/java/org/apache/hadoop/ha/FenceMethod.java,24
hadoop,org.apache.hadoop.ha,HAAdmin,11,2,25,2,360,65,0,0,0.16,1,10,/Users/eashraf/hadoop/hadoop-common-project/hadoop-common/src/main/java/org/apache/hadoop/ha/HAAdmin.java,47
hadoop,org.apache.hadoop.ha,HAAdmin.UsageInfo,2,2,0,0,8,0,0,0,-1.0,0,0,/Users/eashraf/hadoop/hadoop-common-project/hadoop-common/src/main/java/org/apache/hadoop/ha/HAAdmin.java,533
hadoop,org.apache.hadoop.ha,ServiceFailedException,1,0,2,2,12,2,0,0,1.0,4,0,/Users/eashraf/hadoop/hadoop-common-project/hadoop-common/src/main/java/org/apache/hadoop/ha/ServiceFailedException.java,26
hadoop,org.apache.hadoop.ha,ActiveStandbyElector,26,1,51,17,714,105,1,0,0.0,9,2,/Users/eashraf/hadoop/hadoop-common-project/hadoop-common/src/main/java/org/apache/hadoop/ha/ActiveStandbyElector.java,51
hadoop,org.apache.hadoop.ha,ActiveStandbyElector.ActiveStandbyElectorCallback,0,0,0,0,26,0,0,0,-1.0,0,0,/Users/eashraf/hadoop/hadoop-common-project/hadoop-common/src/main/java/org/apache/hadoop/ha/ActiveStandbyElector.java,72
hadoop,org.apache.hadoop.ha,ActiveStandbyElector.ConnectionState,0,0,0,0,1,0,0,0,-1.0,0,0,/Users/eashraf/hadoop/hadoop-common-project/hadoop-common/src/main/java/org/apache/hadoop/ha/ActiveStandbyElector.java,148
hadoop,org.apache.hadoop.ha,ActiveStandbyElector.State,0,0,0,0,1,0,0,0,-1.0,0,0,/Users/eashraf/hadoop/hadoop-common-project/hadoop-common/src/main/java/org/apache/hadoop/ha/ActiveStandbyElector.java,152
hadoop,org.apache.hadoop.ha,ActiveStandbyElector.ActiveNotFoundException,1,0,0,0,6,0,0,0,-1.0,0,0,/Users/eashraf/hadoop/hadoop-common-project/hadoop-common/src/main/java/org/apache/hadoop/ha/ActiveStandbyElector.java,364
hadoop,org.apache.hadoop.ha,ActiveStandbyElector.ZKAction,0,0,0,0,3,0,0,0,-1.0,0,0,/Users/eashraf/hadoop/hadoop-common-project/hadoop-common/src/main/java/org/apache/hadoop/ha/ActiveStandbyElector.java,991
hadoop,org.apache.hadoop.ha,ActiveStandbyElector.WatcherWithClientRef,3,0,0,0,50,0,0,0,-1.0,0,0,/Users/eashraf/hadoop/hadoop-common-project/hadoop-common/src/main/java/org/apache/hadoop/ha/ActiveStandbyElector.java,1013
hadoop,org.apache.hadoop.ha,HAServiceProtocolHelper,0,0,3,3,29,3,0,0,-1.0,3,3,/Users/eashraf/hadoop/hadoop-common-project/hadoop-common/src/main/java/org/apache/hadoop/ha/HAServiceProtocolHelper.java,27
hadoop,org.apache.hadoop.ha,HAServiceTarget,3,0,9,8,62,9,1,0,0.5555555555555556,20,7,/Users/eashraf/hadoop/hadoop-common-project/hadoop-common/src/main/java/org/apache/hadoop/ha/HAServiceTarget.java,36
hadoop,org.apache.hadoop.ha,ZKFCRpcServer,3,0,6,3,33,7,0,1,0.0,1,9,/Users/eashraf/hadoop/hadoop-common-project/hadoop-common/src/main/java/org/apache/hadoop/ha/ZKFCRpcServer.java,38
hadoop,org.apache.hadoop.ha,ZKFCProtocol,1,1,2,2,22,2,1,0,-1.0,7,1,/Users/eashraf/hadoop/hadoop-common-project/hadoop-common/src/main/java/org/apache/hadoop/ha/ZKFCProtocol.java,29
hadoop,org.apache.hadoop.ha,FailoverFailedException,1,0,2,2,12,2,0,0,1.0,2,0,/Users/eashraf/hadoop/hadoop-common-project/hadoop-common/src/main/java/org/apache/hadoop/ha/FailoverFailedException.java,23
hadoop,org.apache.hadoop.ha,FailoverController,6,0,7,2,146,17,0,0,0.0,3,8,/Users/eashraf/hadoop/hadoop-common-project/hadoop-common/src/main/java/org/apache/hadoop/ha/FailoverController.java,36
hadoop,org.apache.hadoop.ha,ZKFailoverController,34,3,47,6,627,87,1,0,0.0425531914893617,8,16,/Users/eashraf/hadoop/hadoop-common-project/hadoop-common/src/main/java/org/apache/hadoop/ha/ZKFailoverController.java,60
hadoop,org.apache.hadoop.ha,ZKFailoverController.ElectorCallbacks,0,0,0,0,24,0,0,0,-1.0,0,0,/Users/eashraf/hadoop/hadoop-common-project/hadoop-common/src/main/java/org/apache/hadoop/ha/ZKFailoverController.java,867
hadoop,org.apache.hadoop.ha,ZKFailoverController.HealthCallbacks,0,0,0,0,9,0,0,1,-1.0,0,1,/Users/eashraf/hadoop/hadoop-common-project/hadoop-common/src/main/java/org/apache/hadoop/ha/ZKFailoverController.java,903
hadoop,org.apache.hadoop.ha,ZKFailoverController.ServiceStateCallBacks,0,0,0,0,8,0,0,1,-1.0,0,1,/Users/eashraf/hadoop/hadoop-common-project/hadoop-common/src/main/java/org/apache/hadoop/ha/ZKFailoverController.java,914
hadoop,org.apache.hadoop.ha,ZKFailoverController.ActiveAttemptRecord,3,0,0,0,10,0,0,0,-1.0,0,0,/Users/eashraf/hadoop/hadoop-common-project/hadoop-common/src/main/java/org/apache/hadoop/ha/ZKFailoverController.java,924
hadoop,org.apache.hadoop.ha,NodeFencer,9,0,6,2,105,15,0,0,0.3333333333333333,4,5,/Users/eashraf/hadoop/hadoop-common-project/hadoop-common/src/main/java/org/apache/hadoop/ha/NodeFencer.java,35
hadoop,org.apache.hadoop.ha,NodeFencer.FenceMethodWithArg,2,0,0,0,11,0,0,0,-1.0,0,1,/Users/eashraf/hadoop/hadoop-common-project/hadoop-common/src/main/java/org/apache/hadoop/ha/NodeFencer.java,178
hadoop,org.apache.hadoop.ha,StreamPumper,6,0,5,1,52,7,0,0,0.0,2,1,/Users/eashraf/hadoop/hadoop-common-project/hadoop-common/src/main/java/org/apache/hadoop/ha/StreamPumper.java,28
hadoop,org.apache.hadoop.ha,StreamPumper.StreamType,0,0,0,0,1,0,0,0,-1.0,0,0,/Users/eashraf/hadoop/hadoop-common-project/hadoop-common/src/main/java/org/apache/hadoop/ha/StreamPumper.java,34
hadoop,org.apache.hadoop.ha,ShellCommandFencer,3,0,6,2,117,13,0,1,0.3333333333333333,2,4,/Users/eashraf/hadoop/hadoop-common-project/hadoop-common/src/main/java/org/apache/hadoop/ha/ShellCommandFencer.java,31
hadoop,org.apache.hadoop.ha,HAServiceStatus,3,0,6,6,27,6,0,0,0.3333333333333333,9,0,/Users/eashraf/hadoop/hadoop-common-project/hadoop-common/src/main/java/org/apache/hadoop/ha/HAServiceStatus.java,23
hadoop,org.apache.hadoop.ha,BadFencingConfigurationException,1,0,2,2,12,2,0,0,1.0,9,0,/Users/eashraf/hadoop/hadoop-common-project/hadoop-common/src/main/java/org/apache/hadoop/ha/BadFencingConfigurationException.java,25
hadoop,org.apache.hadoop.ha,HealthMonitor,14,0,19,6,206,27,2,0,0.0,8,7,/Users/eashraf/hadoop/hadoop-common-project/hadoop-common/src/main/java/org/apache/hadoop/ha/HealthMonitor.java,39
hadoop,org.apache.hadoop.ha,HealthMonitor.State,0,0,0,0,16,0,0,0,-1.0,0,0,/Users/eashraf/hadoop/hadoop-common-project/hadoop-common/src/main/java/org/apache/hadoop/ha/HealthMonitor.java,84
hadoop,org.apache.hadoop.ha,HealthMonitor.MonitorDaemon,0,0,0,0,24,0,0,0,-1.0,0,1,/Users/eashraf/hadoop/hadoop-common-project/hadoop-common/src/main/java/org/apache/hadoop/ha/HealthMonitor.java,279
hadoop,org.apache.hadoop.ha,HealthMonitor.Callback,0,0,0,0,6,0,0,0,-1.0,0,0,/Users/eashraf/hadoop/hadoop-common-project/hadoop-common/src/main/java/org/apache/hadoop/ha/HealthMonitor.java,306
hadoop,org.apache.hadoop.ha,HealthMonitor.ServiceStateCallback,0,0,0,0,6,0,0,0,-1.0,0,0,/Users/eashraf/hadoop/hadoop-common-project/hadoop-common/src/main/java/org/apache/hadoop/ha/HealthMonitor.java,322
hadoop,org.apache.hadoop.ha,SshFenceByTcpPort,9,0,8,2,197,14,0,1,0.25,1,3,/Users/eashraf/hadoop/hadoop-common-project/hadoop-common/src/main/java/org/apache/hadoop/ha/SshFenceByTcpPort.java,36
hadoop,org.apache.hadoop.ha,SshFenceByTcpPort.Args,4,0,0,0,33,0,0,0,-1.0,0,0,/Users/eashraf/hadoop/hadoop-common-project/hadoop-common/src/main/java/org/apache/hadoop/ha/SshFenceByTcpPort.java,225
hadoop,org.apache.hadoop.ha,SshFenceByTcpPort.LogAdapter,1,0,0,0,31,0,0,0,-1.0,0,0,/Users/eashraf/hadoop/hadoop-common-project/hadoop-common/src/main/java/org/apache/hadoop/ha/SshFenceByTcpPort.java,270
hadoop,org.apache.hadoop.ha,HAServiceProtocol,3,1,4,4,62,4,1,0,-1.0,25,4,/Users/eashraf/hadoop/hadoop-common-project/hadoop-common/src/main/java/org/apache/hadoop/ha/HAServiceProtocol.java,29
hadoop,org.apache.hadoop.ha,HAServiceProtocol.HAServiceState,1,0,0,0,11,0,0,0,-1.0,0,0,/Users/eashraf/hadoop/hadoop-common-project/hadoop-common/src/main/java/org/apache/hadoop/ha/HAServiceProtocol.java,45
hadoop,org.apache.hadoop.ha,HAServiceProtocol.RequestSource,0,0,0,0,1,0,0,0,-1.0,0,0,/Users/eashraf/hadoop/hadoop-common-project/hadoop-common/src/main/java/org/apache/hadoop/ha/HAServiceProtocol.java,68
hadoop,org.apache.hadoop.ha,HAServiceProtocol.StateChangeRequestInfo,1,0,0,0,13,0,0,0,-1.0,0,0,/Users/eashraf/hadoop/hadoop-common-project/hadoop-common/src/main/java/org/apache/hadoop/ha/HAServiceProtocol.java,74
hadoop,org.apache.hadoop.log,TestLogLevel,1,0,1,1,37,3,0,0,0.0,0,3,/Users/eashraf/hadoop/hadoop-common-project/hadoop-common/src/test/java/org/apache/hadoop/log/TestLogLevel.java,32
hadoop,org.apache.hadoop.log,TestLog4Json,2,0,11,6,147,12,0,0,0.0,0,2,/Users/eashraf/hadoop/hadoop-common-project/hadoop-common/src/test/java/org/apache/hadoop/log/TestLog4Json.java,47
hadoop,org.apache.hadoop.log,TestLog4Json.TestLogger,0,0,0,0,10,0,0,0,-1.0,0,0,/Users/eashraf/hadoop/hadoop-common-project/hadoop-common/src/test/java/org/apache/hadoop/log/TestLog4Json.java,189
hadoop,org.apache.hadoop.log,TestLog4Json.TestLoggerRepository,0,0,0,0,40,0,0,0,-1.0,0,0,/Users/eashraf/hadoop/hadoop-common-project/hadoop-common/src/test/java/org/apache/hadoop/log/TestLog4Json.java,202
hadoop,org.apache.hadoop.log,Log4Json,11,9,9,9,123,12,0,0,0.4444444444444444,1,0,/Users/eashraf/hadoop/hadoop-common-project/hadoop-common/src/main/java/org/apache/hadoop/log/Log4Json.java,39
hadoop,org.apache.hadoop.log,LogLevel,5,1,2,1,95,6,0,0,0.0,1,1,/Users/eashraf/hadoop/hadoop-common-project/hadoop-common/src/main/java/org/apache/hadoop/log/LogLevel.java,35
hadoop,org.apache.hadoop.log,LogLevel.Servlet,2,0,0,0,56,0,0,0,-1.0,0,1,/Users/eashraf/hadoop/hadoop-common-project/hadoop-common/src/main/java/org/apache/hadoop/log/LogLevel.java,84
hadoop,org.apache.hadoop.log,EventCounter,0,0,0,0,9,0,0,0,-1.0,0,0,/Users/eashraf/hadoop/hadoop-common-project/hadoop-common/src/main/java/org/apache/hadoop/log/EventCounter.java,20
hadoop,org.apache.hadoop.ipc,TestRetryCache,7,0,10,10,125,14,0,0,0.0,0,3,/Users/eashraf/hadoop/hadoop-common-project/hadoop-common/src/test/java/org/apache/hadoop/ipc/TestRetryCache.java,36
hadoop,org.apache.hadoop.ipc,TestRetryCache.TestServer,3,0,0,0,35,0,0,0,-1.0,0,1,/Users/eashraf/hadoop/hadoop-common-project/hadoop-common/src/test/java/org/apache/hadoop/ipc/TestRetryCache.java,50
hadoop,org.apache.hadoop.ipc,MiniRPCBenchmark,13,1,12,3,257,29,0,0,0.0,1,9,/Users/eashraf/hadoop/hadoop-common-project/hadoop-common/src/test/java/org/apache/hadoop/ipc/MiniRPCBenchmark.java,49
hadoop,org.apache.hadoop.ipc,MiniRPCBenchmark.TestDelegationTokenSelector,0,0,0,0,5,0,0,0,-1.0,0,0,/Users/eashraf/hadoop/hadoop-common-project/hadoop-common/src/test/java/org/apache/hadoop/ipc/MiniRPCBenchmark.java,98
hadoop,org.apache.hadoop.ipc,MiniRPCBenchmark.MiniProtocol,1,1,0,0,7,0,0,1,-1.0,0,0,/Users/eashraf/hadoop/hadoop-common-project/hadoop-common/src/test/java/org/apache/hadoop/ipc/MiniRPCBenchmark.java,106
hadoop,org.apache.hadoop.ipc,MiniRPCBenchmark.MiniServer,3,0,0,0,47,0,0,0,-1.0,0,2,/Users/eashraf/hadoop/hadoop-common-project/hadoop-common/src/test/java/org/apache/hadoop/ipc/MiniRPCBenchmark.java,119
hadoop,org.apache.hadoop.ipc,TestIPC,35,1,57,44,915,92,0,0,0.14035087719298245,1,15,/Users/eashraf/hadoop/hadoop-common-project/hadoop-common/src/test/java/org/apache/hadoop/ipc/TestIPC.java,86
hadoop,org.apache.hadoop.ipc,TestIPC.TestServer,3,0,0,0,36,0,0,1,-1.0,0,1,/Users/eashraf/hadoop/hadoop-common-project/hadoop-common/src/test/java/org/apache/hadoop/ipc/TestIPC.java,114
hadoop,org.apache.hadoop.ipc,TestIPC.SerialCaller,4,0,0,0,28,0,0,0,-1.0,0,1,/Users/eashraf/hadoop/hadoop-common-project/hadoop-common/src/test/java/org/apache/hadoop/ipc/TestIPC.java,159
hadoop,org.apache.hadoop.ipc,TestIPC.TestInvocationHandler,4,0,0,0,29,0,0,1,-1.0,0,2,/Users/eashraf/hadoop/hadoop-common-project/hadoop-common/src/test/java/org/apache/hadoop/ipc/TestIPC.java,191
hadoop,org.apache.hadoop.ipc,TestIPC.IOEOnReadWritable,0,0,0,0,8,0,0,0,-1.0,0,0,/Users/eashraf/hadoop/hadoop-common-project/hadoop-common/src/test/java/org/apache/hadoop/ipc/TestIPC.java,307
hadoop,org.apache.hadoop.ipc,TestIPC.RTEOnReadWritable,0,0,0,0,8,0,0,0,-1.0,0,0,/Users/eashraf/hadoop/hadoop-common-project/hadoop-common/src/test/java/org/apache/hadoop/ipc/TestIPC.java,318
hadoop,org.apache.hadoop.ipc,TestIPC.IOEOnWriteWritable,0,0,0,0,8,0,0,0,-1.0,0,0,/Users/eashraf/hadoop/hadoop-common-project/hadoop-common/src/test/java/org/apache/hadoop/ipc/TestIPC.java,329
hadoop,org.apache.hadoop.ipc,TestIPC.RTEOnWriteWritable,0,0,0,0,8,0,0,0,-1.0,0,0,/Users/eashraf/hadoop/hadoop-common-project/hadoop-common/src/test/java/org/apache/hadoop/ipc/TestIPC.java,340
hadoop,org.apache.hadoop.ipc,TestIPC.TestServerQueue,2,0,0,0,17,0,0,1,-1.0,0,1,/Users/eashraf/hadoop/hadoop-common-project/hadoop-common/src/test/java/org/apache/hadoop/ipc/TestIPC.java,627
hadoop,org.apache.hadoop.ipc,TestIPC.CallInfo,2,0,0,0,4,0,0,0,-1.0,0,1,/Users/eashraf/hadoop/hadoop-common-project/hadoop-common/src/test/java/org/apache/hadoop/ipc/TestIPC.java,973
hadoop,org.apache.hadoop.ipc,TestIPC.DummyProtocol,0,0,0,0,6,0,0,0,-1.0,0,0,/Users/eashraf/hadoop/hadoop-common-project/hadoop-common/src/test/java/org/apache/hadoop/ipc/TestIPC.java,1027
hadoop,org.apache.hadoop.ipc,TestIPC.NetworkTraces,9,0,0,0,23,0,0,0,-1.0,0,1,/Users/eashraf/hadoop/hadoop-common-project/hadoop-common/src/test/java/org/apache/hadoop/ipc/TestIPC.java,1305
hadoop,org.apache.hadoop.ipc,TestIdentityProviders,0,0,2,2,30,2,0,0,-1.0,0,5,/Users/eashraf/hadoop/hadoop-common-project/hadoop-common/src/test/java/org/apache/hadoop/ipc/TestIdentityProviders.java,45
hadoop,org.apache.hadoop.ipc,TestIdentityProviders.FakeSchedulable,0,0,0,0,12,0,0,1,-1.0,0,0,/Users/eashraf/hadoop/hadoop-common-project/hadoop-common/src/test/java/org/apache/hadoop/ipc/TestIdentityProviders.java,46
hadoop,org.apache.hadoop.ipc,TestCallQueueManager,13,6,5,5,141,13,0,0,0.0,0,1,/Users/eashraf/hadoop/hadoop-common-project/hadoop-common/src/test/java/org/apache/hadoop/ipc/TestCallQueueManager.java,30
hadoop,org.apache.hadoop.ipc,TestCallQueueManager.FakeCall,1,1,0,0,6,0,0,0,-1.0,0,0,/Users/eashraf/hadoop/hadoop-common-project/hadoop-common/src/test/java/org/apache/hadoop/ipc/TestCallQueueManager.java,33
hadoop,org.apache.hadoop.ipc,TestCallQueueManager.Putter,5,2,0,0,29,0,0,0,-1.0,0,1,/Users/eashraf/hadoop/hadoop-common-project/hadoop-common/src/test/java/org/apache/hadoop/ipc/TestCallQueueManager.java,41
hadoop,org.apache.hadoop.ipc,TestCallQueueManager.Taker,5,3,0,0,32,0,0,0,-1.0,0,1,/Users/eashraf/hadoop/hadoop-common-project/hadoop-common/src/test/java/org/apache/hadoop/ipc/TestCallQueueManager.java,76
hadoop,org.apache.hadoop.ipc,TestIPCServerResponder,11,1,4,4,93,8,0,0,0.5,0,7,/Users/eashraf/hadoop/hadoop-common-project/hadoop-common/src/test/java/org/apache/hadoop/ipc/TestIPCServerResponder.java,35
hadoop,org.apache.hadoop.ipc,TestIPCServerResponder.TestServer,1,0,0,0,18,0,0,1,-1.0,0,1,/Users/eashraf/hadoop/hadoop-common-project/hadoop-common/src/test/java/org/apache/hadoop/ipc/TestIPCServerResponder.java,61
hadoop,org.apache.hadoop.ipc,TestIPCServerResponder.Caller,4,0,0,0,27,0,0,0,-1.0,0,1,/Users/eashraf/hadoop/hadoop-common-project/hadoop-common/src/test/java/org/apache/hadoop/ipc/TestIPCServerResponder.java,86
hadoop,org.apache.hadoop.ipc,TestRPCCompatibility,10,3,11,10,224,15,0,0,0.2727272727272727,0,7,/Users/eashraf/hadoop/hadoop-common-project/hadoop-common/src/test/java/org/apache/hadoop/ipc/TestRPCCompatibility.java,43
hadoop,org.apache.hadoop.ipc,TestRPCCompatibility.TestProtocol0,1,1,0,0,4,0,0,1,-1.0,0,0,/Users/eashraf/hadoop/hadoop-common-project/hadoop-common/src/test/java/org/apache/hadoop/ipc/TestRPCCompatibility.java,55
hadoop,org.apache.hadoop.ipc,TestRPCCompatibility.TestProtocol1,0,0,0,0,3,0,0,0,-1.0,0,0,/Users/eashraf/hadoop/hadoop-common-project/hadoop-common/src/test/java/org/apache/hadoop/ipc/TestRPCCompatibility.java,60
hadoop,org.apache.hadoop.ipc,TestRPCCompatibility.TestProtocol2,0,0,0,0,3,0,0,0,-1.0,0,0,/Users/eashraf/hadoop/hadoop-common-project/hadoop-common/src/test/java/org/apache/hadoop/ipc/TestRPCCompatibility.java,66
hadoop,org.apache.hadoop.ipc,TestRPCCompatibility.TestImpl0,0,0,0,0,18,0,0,0,-1.0,0,0,/Users/eashraf/hadoop/hadoop-common-project/hadoop-common/src/test/java/org/apache/hadoop/ipc/TestRPCCompatibility.java,72
hadoop,org.apache.hadoop.ipc,TestRPCCompatibility.TestImpl1,0,0,0,0,8,0,0,0,-1.0,0,0,/Users/eashraf/hadoop/hadoop-common-project/hadoop-common/src/test/java/org/apache/hadoop/ipc/TestRPCCompatibility.java,98
hadoop,org.apache.hadoop.ipc,TestRPCCompatibility.TestImpl2,0,0,0,0,8,0,0,0,-1.0,0,0,/Users/eashraf/hadoop/hadoop-common-project/hadoop-common/src/test/java/org/apache/hadoop/ipc/TestRPCCompatibility.java,108
hadoop,org.apache.hadoop.ipc,TestRPCCompatibility.Version2Client,2,0,0,0,24,0,0,0,-1.0,0,1,/Users/eashraf/hadoop/hadoop-common-project/hadoop-common/src/test/java/org/apache/hadoop/ipc/TestRPCCompatibility.java,176
hadoop,org.apache.hadoop.ipc,TestRPCCompatibility.TestProtocol3,0,0,0,0,6,0,0,0,-1.0,0,0,/Users/eashraf/hadoop/hadoop-common-project/hadoop-common/src/test/java/org/apache/hadoop/ipc/TestRPCCompatibility.java,247
hadoop,org.apache.hadoop.ipc,TestRPCCompatibility.TestProtocol4,1,1,0,0,4,0,0,0,-1.0,0,0,/Users/eashraf/hadoop/hadoop-common-project/hadoop-common/src/test/java/org/apache/hadoop/ipc/TestRPCCompatibility.java,293
hadoop,org.apache.hadoop.ipc,TestRPCCallBenchmark,0,0,2,2,10,2,0,0,-1.0,0,2,/Users/eashraf/hadoop/hadoop-common-project/hadoop-common/src/test/java/org/apache/hadoop/ipc/TestRPCCallBenchmark.java,26
hadoop,org.apache.hadoop.ipc,TestProtoBufRpc,5,2,9,7,126,9,0,0,0.0,1,8,/Users/eashraf/hadoop/hadoop-common-project/hadoop-common/src/test/java/org/apache/hadoop/ipc/TestProtoBufRpc.java,48
hadoop,org.apache.hadoop.ipc,TestProtoBufRpc.TestRpcService,0,0,0,0,2,0,0,0,-1.0,0,0,/Users/eashraf/hadoop/hadoop-common-project/hadoop-common/src/test/java/org/apache/hadoop/ipc/TestProtoBufRpc.java,60
hadoop,org.apache.hadoop.ipc,TestProtoBufRpc.TestRpcService2,0,0,0,0,2,0,0,0,-1.0,0,0,/Users/eashraf/hadoop/hadoop-common-project/hadoop-common/src/test/java/org/apache/hadoop/ipc/TestProtoBufRpc.java,65
hadoop,org.apache.hadoop.ipc,TestProtoBufRpc.PBServerImpl,0,0,0,0,17,0,0,0,-1.0,0,0,/Users/eashraf/hadoop/hadoop-common-project/hadoop-common/src/test/java/org/apache/hadoop/ipc/TestProtoBufRpc.java,70
hadoop,org.apache.hadoop.ipc,TestProtoBufRpc.PBServer2Impl,0,0,0,0,8,0,0,0,-1.0,0,0,/Users/eashraf/hadoop/hadoop-common-project/hadoop-common/src/test/java/org/apache/hadoop/ipc/TestProtoBufRpc.java,103
hadoop,org.apache.hadoop.ipc,TestMultipleProtocolServer,9,5,7,7,141,7,0,0,0.0,0,6,/Users/eashraf/hadoop/hadoop-common-project/hadoop-common/src/test/java/org/apache/hadoop/ipc/TestMultipleProtocolServer.java,35
hadoop,org.apache.hadoop.ipc,TestMultipleProtocolServer.Foo0,1,1,0,0,4,0,0,1,-1.0,0,0,/Users/eashraf/hadoop/hadoop-common-project/hadoop-common/src/test/java/org/apache/hadoop/ipc/TestMultipleProtocolServer.java,43
hadoop,org.apache.hadoop.ipc,TestMultipleProtocolServer.Foo1,1,1,0,0,5,0,0,1,-1.0,0,0,/Users/eashraf/hadoop/hadoop-common-project/hadoop-common/src/test/java/org/apache/hadoop/ipc/TestMultipleProtocolServer.java,50
hadoop,org.apache.hadoop.ipc,TestMultipleProtocolServer.FooUnimplemented,1,1,0,0,4,0,0,1,-1.0,0,0,/Users/eashraf/hadoop/hadoop-common-project/hadoop-common/src/test/java/org/apache/hadoop/ipc/TestMultipleProtocolServer.java,57
hadoop,org.apache.hadoop.ipc,TestMultipleProtocolServer.Mixin,1,1,0,0,4,0,0,1,-1.0,0,0,/Users/eashraf/hadoop/hadoop-common-project/hadoop-common/src/test/java/org/apache/hadoop/ipc/TestMultipleProtocolServer.java,63
hadoop,org.apache.hadoop.ipc,TestMultipleProtocolServer.Bar,1,1,0,0,4,0,0,0,-1.0,0,0,/Users/eashraf/hadoop/hadoop-common-project/hadoop-common/src/test/java/org/apache/hadoop/ipc/TestMultipleProtocolServer.java,67
hadoop,org.apache.hadoop.ipc,TestMultipleProtocolServer.Foo0Impl,0,0,0,0,18,0,0,0,-1.0,0,0,/Users/eashraf/hadoop/hadoop-common-project/hadoop-common/src/test/java/org/apache/hadoop/ipc/TestMultipleProtocolServer.java,74
hadoop,org.apache.hadoop.ipc,TestMultipleProtocolServer.Foo1Impl,0,0,0,0,21,0,0,0,-1.0,0,0,/Users/eashraf/hadoop/hadoop-common-project/hadoop-common/src/test/java/org/apache/hadoop/ipc/TestMultipleProtocolServer.java,104
hadoop,org.apache.hadoop.ipc,TestMultipleProtocolServer.BarImpl,0,0,0,0,20,0,0,0,-1.0,0,0,/Users/eashraf/hadoop/hadoop-common-project/hadoop-common/src/test/java/org/apache/hadoop/ipc/TestMultipleProtocolServer.java,141
hadoop,org.apache.hadoop.ipc,TestWeightedRoundRobinMultiplexer,2,1,6,6,78,8,0,0,0.0,0,2,/Users/eashraf/hadoop/hadoop-common-project/hadoop-common/src/test/java/org/apache/hadoop/ipc/TestWeightedRoundRobinMultiplexer.java,30
hadoop,org.apache.hadoop.ipc,TestMiniRPCBenchmark,0,0,1,1,11,1,0,0,-1.0,0,2,/Users/eashraf/hadoop/hadoop-common-project/hadoop-common/src/test/java/org/apache/hadoop/ipc/TestMiniRPCBenchmark.java,24
hadoop,org.apache.hadoop.ipc,TestRPC,14,2,27,24,725,62,2,0,0.1111111111111111,5,14,/Users/eashraf/hadoop/hadoop-common-project/hadoop-common/src/test/java/org/apache/hadoop/ipc/TestRPC.java,86
hadoop,org.apache.hadoop.ipc,TestRPC.TestProtocol,1,1,0,0,15,0,0,1,-1.0,0,0,/Users/eashraf/hadoop/hadoop-common-project/hadoop-common/src/test/java/org/apache/hadoop/ipc/TestRPC.java,107
hadoop,org.apache.hadoop.ipc,TestRPC.TestImpl,1,0,0,0,66,0,0,0,-1.0,0,1,/Users/eashraf/hadoop/hadoop-common-project/hadoop-common/src/test/java/org/apache/hadoop/ipc/TestRPC.java,126
hadoop,org.apache.hadoop.ipc,TestRPC.Transactions,2,0,0,0,25,0,0,0,-1.0,0,0,/Users/eashraf/hadoop/hadoop-common-project/hadoop-common/src/test/java/org/apache/hadoop/ipc/TestRPC.java,216
hadoop,org.apache.hadoop.ipc,TestRPC.SlowRPC,2,0,0,0,20,0,0,0,-1.0,0,0,/Users/eashraf/hadoop/hadoop-common-project/hadoop-common/src/test/java/org/apache/hadoop/ipc/TestRPC.java,248
hadoop,org.apache.hadoop.ipc,TestRPC.StoppedProtocol,1,0,0,0,7,0,0,0,-1.0,0,0,/Users/eashraf/hadoop/hadoop-common-project/hadoop-common/src/test/java/org/apache/hadoop/ipc/TestRPC.java,272
hadoop,org.apache.hadoop.ipc,TestRPC.StoppedRpcEngine,0,0,0,0,18,0,0,1,-1.0,0,1,/Users/eashraf/hadoop/hadoop-common-project/hadoop-common/src/test/java/org/apache/hadoop/ipc/TestRPC.java,281
hadoop,org.apache.hadoop.ipc,TestRPC.StoppedInvocationHandler,1,0,0,0,15,0,0,0,-1.0,0,0,/Users/eashraf/hadoop/hadoop-common-project/hadoop-common/src/test/java/org/apache/hadoop/ipc/TestRPC.java,324
hadoop,org.apache.hadoop.ipc,TestRPC.TestPolicyProvider,0,0,0,0,5,0,0,0,-1.0,0,0,/Users/eashraf/hadoop/hadoop-common-project/hadoop-common/src/test/java/org/apache/hadoop/ipc/TestRPC.java,561
hadoop,org.apache.hadoop.ipc,TestDecayRpcScheduler,1,0,11,10,129,16,0,0,0.0,0,4,/Users/eashraf/hadoop/hadoop-common-project/hadoop-common/src/test/java/org/apache/hadoop/ipc/TestDecayRpcScheduler.java,36
hadoop,org.apache.hadoop.ipc,TestFairCallQueue,14,5,26,25,265,35,0,0,0.0,0,7,/Users/eashraf/hadoop/hadoop-common-project/hadoop-common/src/test/java/org/apache/hadoop/ipc/TestFairCallQueue.java,42
hadoop,org.apache.hadoop.ipc,TestFairCallQueue.Putter,5,2,0,0,32,0,0,0,-1.0,0,0,/Users/eashraf/hadoop/hadoop-common-project/hadoop-common/src/test/java/org/apache/hadoop/ipc/TestFairCallQueue.java,238
hadoop,org.apache.hadoop.ipc,TestFairCallQueue.Taker,7,3,0,0,38,0,0,0,-1.0,0,2,/Users/eashraf/hadoop/hadoop-common-project/hadoop-common/src/test/java/org/apache/hadoop/ipc/TestFairCallQueue.java,277
hadoop,org.apache.hadoop.ipc,TestRPCWaitForProxy,6,0,2,2,70,5,0,0,1.0,0,1,/Users/eashraf/hadoop/hadoop-common-project/hadoop-common/src/test/java/org/apache/hadoop/ipc/TestRPCWaitForProxy.java,33
hadoop,org.apache.hadoop.ipc,TestRPCWaitForProxy.RpcThread,3,0,0,0,27,0,0,0,-1.0,0,0,/Users/eashraf/hadoop/hadoop-common-project/hadoop-common/src/test/java/org/apache/hadoop/ipc/TestRPCWaitForProxy.java,92
hadoop,org.apache.hadoop.ipc,RPCCallBenchmark,12,2,12,8,271,30,0,0,0.3333333333333333,1,8,/Users/eashraf/hadoop/hadoop-common-project/hadoop-common/src/test/java/org/apache/hadoop/ipc/RPCCallBenchmark.java,53
hadoop,org.apache.hadoop.ipc,RPCCallBenchmark.MyOptions,9,2,0,0,101,0,0,0,-1.0,0,0,/Users/eashraf/hadoop/hadoop-common-project/hadoop-common/src/test/java/org/apache/hadoop/ipc/RPCCallBenchmark.java,63
hadoop,org.apache.hadoop.ipc,RPCCallBenchmark.RpcServiceWrapper,0,0,0,0,6,0,0,0,-1.0,0,0,/Users/eashraf/hadoop/hadoop-common-project/hadoop-common/src/test/java/org/apache/hadoop/ipc/RPCCallBenchmark.java,378
hadoop,org.apache.hadoop.ipc,TestSocketFactory,0,0,1,1,24,1,0,0,-1.0,0,3,/Users/eashraf/hadoop/hadoop-common-project/hadoop-common/src/test/java/org/apache/hadoop/ipc/TestSocketFactory.java,35
hadoop,org.apache.hadoop.ipc,TestSocketFactory.DummySocketFactory,0,0,0,0,5,0,0,0,-1.0,0,0,/Users/eashraf/hadoop/hadoop-common-project/hadoop-common/src/test/java/org/apache/hadoop/ipc/TestSocketFactory.java,66
hadoop,org.apache.hadoop.ipc,TestSaslRPC,25,1,35,24,629,56,0,0,0.14285714285714285,0,19,/Users/eashraf/hadoop/hadoop-common-project/hadoop-common/src/test/java/org/apache/hadoop/ipc/TestSaslRPC.java,95
hadoop,org.apache.hadoop.ipc,TestSaslRPC.UseToken,0,0,0,0,1,0,0,0,-1.0,0,0,/Users/eashraf/hadoop/hadoop-common-project/hadoop-common/src/test/java/org/apache/hadoop/ipc/TestSaslRPC.java,146
hadoop,org.apache.hadoop.ipc,TestSaslRPC.TestTokenIdentifier,3,0,0,0,35,0,0,0,-1.0,0,1,/Users/eashraf/hadoop/hadoop-common-project/hadoop-common/src/test/java/org/apache/hadoop/ipc/TestSaslRPC.java,201
hadoop,org.apache.hadoop.ipc,TestSaslRPC.TestTokenSecretManager,0,0,0,0,11,0,0,0,-1.0,0,0,/Users/eashraf/hadoop/hadoop-common-project/hadoop-common/src/test/java/org/apache/hadoop/ipc/TestSaslRPC.java,244
hadoop,org.apache.hadoop.ipc,TestSaslRPC.BadTokenSecretManager,0,0,0,0,5,0,0,0,-1.0,0,0,/Users/eashraf/hadoop/hadoop-common-project/hadoop-common/src/test/java/org/apache/hadoop/ipc/TestSaslRPC.java,263
hadoop,org.apache.hadoop.ipc,TestSaslRPC.TestTokenSelector,0,0,0,0,13,0,0,0,-1.0,0,0,/Users/eashraf/hadoop/hadoop-common-project/hadoop-common/src/test/java/org/apache/hadoop/ipc/TestSaslRPC.java,272
hadoop,org.apache.hadoop.ipc,TestSaslRPC.TestSaslProtocol,0,0,0,0,4,0,0,1,-1.0,0,1,/Users/eashraf/hadoop/hadoop-common-project/hadoop-common/src/test/java/org/apache/hadoop/ipc/TestSaslRPC.java,291
hadoop,org.apache.hadoop.ipc,TestSaslRPC.TestSaslImpl,0,0,0,0,8,0,0,1,-1.0,0,1,/Users/eashraf/hadoop/hadoop-common-project/hadoop-common/src/test/java/org/apache/hadoop/ipc/TestSaslRPC.java,299
hadoop,org.apache.hadoop.ipc,TestSaslRPC.CustomSecurityInfo,0,0,0,0,27,0,0,0,-1.0,0,0,/Users/eashraf/hadoop/hadoop-common-project/hadoop-common/src/test/java/org/apache/hadoop/ipc/TestSaslRPC.java,312
hadoop,org.apache.hadoop.ipc,TestSaslRPC.TestPlainCallbacks,4,0,0,0,61,0,0,0,-1.0,0,0,/Users/eashraf/hadoop/hadoop-common-project/hadoop-common/src/test/java/org/apache/hadoop/ipc/TestSaslRPC.java,588
hadoop,org.apache.hadoop.ipc,TestSaslRPC.Client,2,0,0,0,21,0,0,0,-1.0,0,0,/Users/eashraf/hadoop/hadoop-common-project/hadoop-common/src/test/java/org/apache/hadoop/ipc/TestSaslRPC.java,589
hadoop,org.apache.hadoop.ipc,TestSaslRPC.Server,2,0,0,0,38,0,0,0,-1.0,0,0,/Users/eashraf/hadoop/hadoop-common-project/hadoop-common/src/test/java/org/apache/hadoop/ipc/TestSaslRPC.java,614
hadoop,org.apache.hadoop.ipc,TestSaslRPC.AuthSaslPropertiesResolver,0,0,0,0,7,0,0,0,-1.0,0,0,/Users/eashraf/hadoop/hadoop-common-project/hadoop-common/src/test/java/org/apache/hadoop/ipc/TestSaslRPC.java,987
hadoop,org.apache.hadoop.ipc,TestRetryCacheMetrics,1,0,2,1,24,2,0,0,0.0,0,3,/Users/eashraf/hadoop/hadoop-common-project/hadoop-common/src/test/java/org/apache/hadoop/ipc/TestRetryCacheMetrics.java,28
hadoop,org.apache.hadoop.ipc,TestServer,0,0,5,5,89,5,0,0,-1.0,3,5,/Users/eashraf/hadoop/hadoop-common-project/hadoop-common/src/test/java/org/apache/hadoop/ipc/TestServer.java,31
hadoop,org.apache.hadoop.ipc,FairCallQueueMXBean,0,0,3,0,5,3,1,0,-1.0,0,0,/Users/eashraf/hadoop/hadoop-common-project/hadoop-common/src/main/java/org/apache/hadoop/ipc/FairCallQueueMXBean.java,21
hadoop,org.apache.hadoop.ipc,RpcClientUtil,6,0,7,2,125,18,0,0,0.2857142857142857,15,8,/Users/eashraf/hadoop/hadoop-common-project/hadoop-common/src/main/java/org/apache/hadoop/ipc/RpcClientUtil.java,38
hadoop,org.apache.hadoop.ipc,RpcClientUtil.ProtoSigCacheKey,3,0,0,0,27,0,0,0,-1.0,0,0,/Users/eashraf/hadoop/hadoop-common-project/hadoop-common/src/main/java/org/apache/hadoop/ipc/RpcClientUtil.java,47
hadoop,org.apache.hadoop.ipc,RefreshResponse,3,0,9,9,52,11,0,0,0.2222222222222222,4,0,/Users/eashraf/hadoop/hadoop-common-project/hadoop-common/src/main/java/org/apache/hadoop/ipc/RefreshResponse.java,22
hadoop,org.apache.hadoop.ipc,IdentityProvider,0,0,1,1,11,1,1,0,-1.0,4,1,/Users/eashraf/hadoop/hadoop-common-project/hadoop-common/src/main/java/org/apache/hadoop/ipc/IdentityProvider.java,23
hadoop,org.apache.hadoop.ipc,Client,61,1,29,21,1135,45,0,0,0.13793103448275862,17,13,/Users/eashraf/hadoop/hadoop-common-project/hadoop-common/src/main/java/org/apache/hadoop/ipc/Client.java,99
hadoop,org.apache.hadoop.ipc,Client.ClientExecutorServiceFactory,2,0,0,0,37,0,0,0,-1.0,0,0,/Users/eashraf/hadoop/hadoop-common-project/hadoop-common/src/main/java/org/apache/hadoop/ipc/Client.java,152
hadoop,org.apache.hadoop.ipc,Client.Call,7,0,0,0,57,0,0,0,-1.0,0,2,/Users/eashraf/hadoop/hadoop-common-project/hadoop-common/src/main/java/org/apache/hadoop/ipc/Client.java,303
hadoop,org.apache.hadoop.ipc,Client.Connection,23,0,0,0,590,0,0,0,-1.0,0,4,/Users/eashraf/hadoop/hadoop-common-project/hadoop-common/src/main/java/org/apache/hadoop/ipc/Client.java,367
hadoop,org.apache.hadoop.ipc,Client.PingInputStream,0,0,0,0,46,0,0,0,-1.0,0,0,/Users/eashraf/hadoop/hadoop-common-project/hadoop-common/src/main/java/org/apache/hadoop/ipc/Client.java,465
hadoop,org.apache.hadoop.ipc,Client.ConnectionId,14,0,0,0,118,0,0,0,-1.0,0,5,/Users/eashraf/hadoop/hadoop-common-project/hadoop-common/src/main/java/org/apache/hadoop/ipc/Client.java,1533
hadoop,org.apache.hadoop.ipc,FairCallQueue,12,3,20,17,283,42,0,0,0.1,1,5,/Users/eashraf/hadoop/hadoop-common-project/hadoop-common/src/main/java/org/apache/hadoop/ipc/FairCallQueue.java,42
hadoop,org.apache.hadoop.ipc,FairCallQueue.MetricsProxy,3,0,0,0,40,0,0,1,-1.0,0,0,/Users/eashraf/hadoop/hadoop-common-project/hadoop-common/src/main/java/org/apache/hadoop/ipc/FairCallQueue.java,361
hadoop,org.apache.hadoop.ipc,UnexpectedServerException,1,0,2,0,22,2,0,1,1.0,0,0,/Users/eashraf/hadoop/hadoop-common-project/hadoop-common/src/main/java/org/apache/hadoop/ipc/UnexpectedServerException.java,20
hadoop,org.apache.hadoop.ipc,RpcException,1,0,2,0,22,2,3,0,1.0,0,0,/Users/eashraf/hadoop/hadoop-common-project/hadoop-common/src/main/java/org/apache/hadoop/ipc/RpcException.java,22
hadoop,org.apache.hadoop.ipc,ClientCache,1,0,4,4,64,11,0,0,0.0,2,2,/Users/eashraf/hadoop/hadoop-common-project/hadoop-common/src/main/java/org/apache/hadoop/ipc/ClientCache.java,33
hadoop,org.apache.hadoop.ipc,GenericRefreshProtocol,1,1,1,0,14,1,0,0,-1.0,1,1,/Users/eashraf/hadoop/hadoop-common-project/hadoop-common/src/main/java/org/apache/hadoop/ipc/GenericRefreshProtocol.java,29
hadoop,org.apache.hadoop.ipc,ProtocolMetaInfoServerSideTranslatorPB,1,0,4,3,74,12,0,1,0.0,1,2,/Users/eashraf/hadoop/hadoop-common-project/hadoop-common/src/main/java/org/apache/hadoop/ipc/ProtocolMetaInfoServerSideTranslatorPB.java,31
hadoop,org.apache.hadoop.ipc,ProtocolMetaInfoPB,0,0,0,0,5,0,1,0,-1.0,1,0,/Users/eashraf/hadoop/hadoop-common-project/hadoop-common/src/main/java/org/apache/hadoop/ipc/ProtocolMetaInfoPB.java,22
hadoop,org.apache.hadoop.ipc,RpcClientException,1,0,2,0,22,2,0,1,1.0,1,0,/Users/eashraf/hadoop/hadoop-common-project/hadoop-common/src/main/java/org/apache/hadoop/ipc/RpcClientException.java,20
hadoop,org.apache.hadoop.ipc,RetryCache,16,1,18,13,251,27,0,0,0.1111111111111111,6,5,/Users/eashraf/hadoop/hadoop-common-project/hadoop-common/src/main/java/org/apache/hadoop/ipc/RetryCache.java,36
hadoop,org.apache.hadoop.ipc,RetryCache.CacheEntry,9,0,0,0,65,0,0,0,-1.0,0,2,/Users/eashraf/hadoop/hadoop-common-project/hadoop-common/src/main/java/org/apache/hadoop/ipc/RetryCache.java,50
hadoop,org.apache.hadoop.ipc,RetryCache.CacheEntryWithPayload,1,0,0,0,29,0,0,0,-1.0,0,0,/Users/eashraf/hadoop/hadoop-common-project/hadoop-common/src/main/java/org/apache/hadoop/ipc/RetryCache.java,147
hadoop,org.apache.hadoop.ipc,RpcScheduler,0,0,1,0,9,1,1,0,-1.0,2,1,/Users/eashraf/hadoop/hadoop-common-project/hadoop-common/src/main/java/org/apache/hadoop/ipc/RpcScheduler.java,21
hadoop,org.apache.hadoop.ipc,RpcInvocationHandler,0,0,1,0,10,1,3,0,-1.0,2,0,/Users/eashraf/hadoop/hadoop-common-project/hadoop-common/src/main/java/org/apache/hadoop/ipc/RpcInvocationHandler.java,25
hadoop,org.apache.hadoop.ipc,IpcException,2,0,1,1,10,1,0,0,0.0,1,0,/Users/eashraf/hadoop/hadoop-common-project/hadoop-common/src/main/java/org/apache/hadoop/ipc/IpcException.java,23
hadoop,org.apache.hadoop.ipc,RPC,29,1,25,21,673,40,2,0,0.12,121,11,/Users/eashraf/hadoop/hadoop-common-project/hadoop-common/src/main/java/org/apache/hadoop/ipc/RPC.java,62
hadoop,org.apache.hadoop.ipc,RPC.RpcKind,2,1,0,0,6,0,0,0,-1.0,0,0,/Users/eashraf/hadoop/hadoop-common-project/hadoop-common/src/main/java/org/apache/hadoop/ipc/RPC.java,84
hadoop,org.apache.hadoop.ipc,RPC.RpcInvoker,0,0,0,0,12,0,0,0,-1.0,0,0,/Users/eashraf/hadoop/hadoop-common-project/hadoop-common/src/main/java/org/apache/hadoop/ipc/RPC.java,96
hadoop,org.apache.hadoop.ipc,RPC.VersionMismatch,4,0,0,0,52,0,0,2,-1.0,0,0,/Users/eashraf/hadoop/hadoop-common-project/hadoop-common/src/main/java/org/apache/hadoop/ipc/RPC.java,216
hadoop,org.apache.hadoop.ipc,RPC.Builder,11,0,0,0,106,0,0,0,-1.0,0,1,/Users/eashraf/hadoop/hadoop-common-project/hadoop-common/src/main/java/org/apache/hadoop/ipc/RPC.java,690
hadoop,org.apache.hadoop.ipc,RPC.Server,8,0,0,0,132,0,0,1,-1.0,0,1,/Users/eashraf/hadoop/hadoop-common-project/hadoop-common/src/main/java/org/apache/hadoop/ipc/RPC.java,794
hadoop,org.apache.hadoop.ipc,RPC.ProtoNameVer,2,0,0,0,21,0,0,0,-1.0,0,0,/Users/eashraf/hadoop/hadoop-common-project/hadoop-common/src/main/java/org/apache/hadoop/ipc/RPC.java,808
hadoop,org.apache.hadoop.ipc,RPC.ProtoClassProtoImpl,2,0,0,0,11,0,0,0,-1.0,0,0,/Users/eashraf/hadoop/hadoop-common-project/hadoop-common/src/main/java/org/apache/hadoop/ipc/RPC.java,836
hadoop,org.apache.hadoop.ipc,RPC.VerProtocolImpl,2,0,0,0,8,0,0,0,-1.0,0,0,/Users/eashraf/hadoop/hadoop-common-project/hadoop-common/src/main/java/org/apache/hadoop/ipc/RPC.java,884
hadoop,org.apache.hadoop.ipc,ProtobufHelper,0,0,2,1,19,3,0,0,-1.0,18,0,/Users/eashraf/hadoop/hadoop-common-project/hadoop-common/src/main/java/org/apache/hadoop/ipc/ProtobufHelper.java,26
hadoop,org.apache.hadoop.ipc,Schedulable,0,0,1,1,6,1,2,0,-1.0,7,0,/Users/eashraf/hadoop/hadoop-common-project/hadoop-common/src/main/java/org/apache/hadoop/ipc/Schedulable.java,27
hadoop,org.apache.hadoop.ipc,RpcNoSuchProtocolException,1,0,3,3,21,3,0,2,1.0,0,0,/Users/eashraf/hadoop/hadoop-common-project/hadoop-common/src/main/java/org/apache/hadoop/ipc/RpcNoSuchProtocolException.java,23
hadoop,org.apache.hadoop.ipc,RpcMultiplexer,0,0,1,0,10,1,1,0,-1.0,2,0,/Users/eashraf/hadoop/hadoop-common-project/hadoop-common/src/main/java/org/apache/hadoop/ipc/RpcMultiplexer.java,21
hadoop,org.apache.hadoop.ipc,ClientId,2,1,5,5,59,9,0,0,0.0,5,0,/Users/eashraf/hadoop/hadoop-common-project/hadoop-common/src/main/java/org/apache/hadoop/ipc/ClientId.java,27
hadoop,org.apache.hadoop.ipc,DecayRpcSchedulerMXBean,0,0,4,0,9,4,2,0,-1.0,0,0,/Users/eashraf/hadoop/hadoop-common-project/hadoop-common/src/main/java/org/apache/hadoop/ipc/DecayRpcSchedulerMXBean.java,21
hadoop,org.apache.hadoop.ipc,ProtocolSignature,5,0,16,11,172,25,0,0,0.25,13,2,/Users/eashraf/hadoop/hadoop-common-project/hadoop-common/src/main/java/org/apache/hadoop/ipc/ProtocolSignature.java,34
hadoop,org.apache.hadoop.ipc,ProtocolSignature.ProtocolSigFingerprint,2,0,0,0,8,0,0,0,-1.0,0,1,/Users/eashraf/hadoop/hadoop-common-project/hadoop-common/src/main/java/org/apache/hadoop/ipc/ProtocolSignature.java,157
hadoop,org.apache.hadoop.ipc,WeightedRoundRobinMultiplexer,6,2,6,2,71,11,0,1,0.0,2,1,/Users/eashraf/hadoop/hadoop-common-project/hadoop-common/src/main/java/org/apache/hadoop/ipc/WeightedRoundRobinMultiplexer.java,27
hadoop,org.apache.hadoop.ipc,RefreshHandler,0,0,1,0,13,1,0,0,-1.0,2,1,/Users/eashraf/hadoop/hadoop-common-project/hadoop-common/src/main/java/org/apache/hadoop/ipc/RefreshHandler.java,22
hadoop,org.apache.hadoop.ipc,RefreshCallQueueProtocol,1,1,1,0,14,1,0,0,-1.0,4,1,/Users/eashraf/hadoop/hadoop-common-project/hadoop-common/src/main/java/org/apache/hadoop/ipc/RefreshCallQueueProtocol.java,28
hadoop,org.apache.hadoop.ipc,DecayRpcScheduler,19,7,22,12,332,43,0,1,0.0,2,4,/Users/eashraf/hadoop/hadoop-common-project/hadoop-common/src/main/java/org/apache/hadoop/ipc/DecayRpcScheduler.java,42
hadoop,org.apache.hadoop.ipc,DecayRpcScheduler.DecayTask,2,0,0,0,21,0,0,0,-1.0,0,0,/Users/eashraf/hadoop/hadoop-common-project/hadoop-common/src/main/java/org/apache/hadoop/ipc/DecayRpcScheduler.java,106
hadoop,org.apache.hadoop.ipc,DecayRpcScheduler.MetricsProxy,2,0,0,0,57,0,0,1,-1.0,0,0,/Users/eashraf/hadoop/hadoop-common-project/hadoop-common/src/main/java/org/apache/hadoop/ipc/DecayRpcScheduler.java,421
hadoop,org.apache.hadoop.ipc,RpcEngine,0,0,4,0,40,4,3,0,-1.0,2,6,/Users/eashraf/hadoop/hadoop-common-project/hadoop-common/src/main/java/org/apache/hadoop/ipc/RpcEngine.java,35
hadoop,org.apache.hadoop.ipc,VersionedProtocol,0,0,2,2,22,2,7,0,-1.0,1,1,/Users/eashraf/hadoop/hadoop-common-project/hadoop-common/src/main/java/org/apache/hadoop/ipc/VersionedProtocol.java,23
hadoop,org.apache.hadoop.ipc,ProtocolProxy,5,0,4,3,70,10,0,0,0.0,7,2,/Users/eashraf/hadoop/hadoop-common-project/hadoop-common/src/main/java/org/apache/hadoop/ipc/ProtocolProxy.java,26
hadoop,org.apache.hadoop.ipc,RemoteException,3,0,9,8,72,13,0,0,0.2222222222222222,8,0,/Users/eashraf/hadoop/hadoop-common-project/hadoop-common/src/main/java/org/apache/hadoop/ipc/RemoteException.java,27
hadoop,org.apache.hadoop.ipc,Server,104,4,52,33,2043,87,4,0,0.038461538461538464,72,22,/Users/eashraf/hadoop/hadoop-common-project/hadoop-common/src/main/java/org/apache/hadoop/ipc/Server.java,131
hadoop,org.apache.hadoop.ipc,Server.ExceptionsHandler,1,0,0,0,20,0,0,0,-1.0,0,0,/Users/eashraf/hadoop/hadoop-common-project/hadoop-common/src/main/java/org/apache/hadoop/ipc/Server.java,149
hadoop,org.apache.hadoop.ipc,Server.RpcKindMapValue,2,0,0,0,8,0,0,0,-1.0,0,0,/Users/eashraf/hadoop/hadoop-common-project/hadoop-common/src/main/java/org/apache/hadoop/ipc/Server.java,203
hadoop,org.apache.hadoop.ipc,Server.Call,9,0,0,0,40,0,0,1,-1.0,0,3,/Users/eashraf/hadoop/hadoop-common-project/hadoop-common/src/main/java/org/apache/hadoop/ipc/Server.java,504
hadoop,org.apache.hadoop.ipc,Server.Listener,8,0,0,0,232,0,0,0,-1.0,0,1,/Users/eashraf/hadoop/hadoop-common-project/hadoop-common/src/main/java/org/apache/hadoop/ipc/Server.java,558
hadoop,org.apache.hadoop.ipc,Server.Reader,2,0,0,0,73,0,0,0,-1.0,0,0,/Users/eashraf/hadoop/hadoop-common-project/hadoop-common/src/main/java/org/apache/hadoop/ipc/Server.java,595
hadoop,org.apache.hadoop.ipc,Server.Responder,3,0,0,0,201,0,0,0,-1.0,0,0,/Users/eashraf/hadoop/hadoop-common-project/hadoop-common/src/main/java/org/apache/hadoop/ipc/Server.java,824
hadoop,org.apache.hadoop.ipc,Server.AuthProtocol,1,1,0,0,13,0,0,0,-1.0,0,0,/Users/eashraf/hadoop/hadoop-common-project/hadoop-common/src/main/java/org/apache/hadoop/ipc/Server.java,1075
hadoop,org.apache.hadoop.ipc,Server.WrappedRpcServerException,1,0,0,0,19,0,0,2,-1.0,0,0,/Users/eashraf/hadoop/hadoop-common-project/hadoop-common/src/main/java/org/apache/hadoop/ipc/Server.java,1095
hadoop,org.apache.hadoop.ipc,Server.Connection,31,1,0,0,687,0,0,0,-1.0,0,2,/Users/eashraf/hadoop/hadoop-common-project/hadoop-common/src/main/java/org/apache/hadoop/ipc/Server.java,1121
hadoop,org.apache.hadoop.ipc,Server.Handler,0,0,0,0,109,0,0,0,-1.0,0,0,/Users/eashraf/hadoop/hadoop-common-project/hadoop-common/src/main/java/org/apache/hadoop/ipc/Server.java,2087
hadoop,org.apache.hadoop.ipc,Server.ConnectionManager,8,0,0,0,109,0,0,0,-1.0,0,2,/Users/eashraf/hadoop/hadoop-common-project/hadoop-common/src/main/java/org/apache/hadoop/ipc/Server.java,2733
hadoop,org.apache.hadoop.ipc,RpcServerException,1,0,4,4,33,4,4,1,1.0,2,0,/Users/eashraf/hadoop/hadoop-common-project/hadoop-common/src/main/java/org/apache/hadoop/ipc/RpcServerException.java,23
hadoop,org.apache.hadoop.ipc,ProtocolTranslator,0,0,1,1,10,1,0,0,-1.0,1,0,/Users/eashraf/hadoop/hadoop-common-project/hadoop-common/src/main/java/org/apache/hadoop/ipc/ProtocolTranslator.java,22
hadoop,org.apache.hadoop.ipc,RefreshRegistry,3,2,7,6,72,11,0,0,0.2857142857142857,3,2,/Users/eashraf/hadoop/hadoop-common-project/hadoop-common/src/main/java/org/apache/hadoop/ipc/RefreshRegistry.java,31
hadoop,org.apache.hadoop.ipc,RefreshRegistry.RegistryHolder,1,1,0,0,3,0,0,0,-1.0,0,1,/Users/eashraf/hadoop/hadoop-common-project/hadoop-common/src/main/java/org/apache/hadoop/ipc/RefreshRegistry.java,40
hadoop,org.apache.hadoop.ipc,RpcConstants,9,9,1,0,16,1,0,0,0.0,14,0,/Users/eashraf/hadoop/hadoop-common-project/hadoop-common/src/main/java/org/apache/hadoop/ipc/RpcConstants.java,25
hadoop,org.apache.hadoop.ipc,WritableRpcEngine,16,1,7,5,359,9,0,1,0.2857142857142857,4,8,/Users/eashraf/hadoop/hadoop-common-project/hadoop-common/src/main/java/org/apache/hadoop/ipc/WritableRpcEngine.java,48
hadoop,org.apache.hadoop.ipc,WritableRpcEngine.Invocation,8,0,0,0,106,0,0,0,-1.0,0,0,/Users/eashraf/hadoop/hadoop-common-project/hadoop-common/src/main/java/org/apache/hadoop/ipc/WritableRpcEngine.java,87
hadoop,org.apache.hadoop.ipc,WritableRpcEngine.Invoker,4,0,0,0,42,0,0,1,-1.0,0,2,/Users/eashraf/hadoop/hadoop-common-project/hadoop-common/src/main/java/org/apache/hadoop/ipc/WritableRpcEngine.java,212
hadoop,org.apache.hadoop.ipc,WritableRpcEngine.Server,0,0,0,0,154,0,0,1,-1.0,0,1,/Users/eashraf/hadoop/hadoop-common-project/hadoop-common/src/main/java/org/apache/hadoop/ipc/WritableRpcEngine.java,329
hadoop,org.apache.hadoop.ipc,WritableRpcEngine.WritableRpcInvoker,0,0,0,0,80,0,0,0,-1.0,0,1,/Users/eashraf/hadoop/hadoop-common-project/hadoop-common/src/main/java/org/apache/hadoop/ipc/WritableRpcEngine.java,443
hadoop,org.apache.hadoop.ipc,UserIdentityProvider,0,0,1,1,12,2,0,1,-1.0,1,2,/Users/eashraf/hadoop/hadoop-common-project/hadoop-common/src/main/java/org/apache/hadoop/ipc/UserIdentityProvider.java,23
hadoop,org.apache.hadoop.ipc,ProtocolMetaInterface,0,0,1,1,12,1,0,0,-1.0,0,0,/Users/eashraf/hadoop/hadoop-common-project/hadoop-common/src/main/java/org/apache/hadoop/ipc/ProtocolMetaInterface.java,25
hadoop,org.apache.hadoop.ipc,StandbyException,1,0,1,1,9,1,0,0,0.0,2,0,/Users/eashraf/hadoop/hadoop-common-project/hadoop-common/src/main/java/org/apache/hadoop/ipc/StandbyException.java,24
hadoop,org.apache.hadoop.ipc,RpcNoSuchMethodException,1,0,3,3,21,3,0,2,1.0,0,0,/Users/eashraf/hadoop/hadoop-common-project/hadoop-common/src/main/java/org/apache/hadoop/ipc/RpcNoSuchMethodException.java,24
hadoop,org.apache.hadoop.ipc,ProtobufRpcEngine,14,1,6,5,354,6,0,1,1.0,42,9,/Users/eashraf/hadoop/hadoop-common-project/hadoop-common/src/main/java/org/apache/hadoop/ipc/ProtobufRpcEngine.java,64
hadoop,org.apache.hadoop.ipc,ProtobufRpcEngine.Invoker,7,0,0,0,111,0,0,1,-1.0,0,2,/Users/eashraf/hadoop/hadoop-common-project/hadoop-common/src/main/java/org/apache/hadoop/ipc/ProtobufRpcEngine.java,119
hadoop,org.apache.hadoop.ipc,ProtobufRpcEngine.RpcWrapper,0,0,0,0,3,0,0,0,-1.0,0,0,/Users/eashraf/hadoop/hadoop-common-project/hadoop-common/src/main/java/org/apache/hadoop/ipc/ProtobufRpcEngine.java,303
hadoop,org.apache.hadoop.ipc,ProtobufRpcEngine.RpcMessageWithHeader,3,0,0,0,53,0,0,0,-1.0,0,0,/Users/eashraf/hadoop/hadoop-common-project/hadoop-common/src/main/java/org/apache/hadoop/ipc/ProtobufRpcEngine.java,306
hadoop,org.apache.hadoop.ipc,ProtobufRpcEngine.RpcRequestWrapper,0,0,0,0,13,0,0,0,-1.0,0,0,/Users/eashraf/hadoop/hadoop-common-project/hadoop-common/src/main/java/org/apache/hadoop/ipc/ProtobufRpcEngine.java,379
hadoop,org.apache.hadoop.ipc,ProtobufRpcEngine.RpcRequestMessageWrapper,0,0,0,0,10,0,0,0,-1.0,0,0,/Users/eashraf/hadoop/hadoop-common-project/hadoop-common/src/main/java/org/apache/hadoop/ipc/ProtobufRpcEngine.java,401
hadoop,org.apache.hadoop.ipc,ProtobufRpcEngine.RpcResponseMessageWrapper,0,0,0,0,16,0,0,0,-1.0,0,0,/Users/eashraf/hadoop/hadoop-common-project/hadoop-common/src/main/java/org/apache/hadoop/ipc/ProtobufRpcEngine.java,417
hadoop,org.apache.hadoop.ipc,ProtobufRpcEngine.RpcResponseWrapper,2,0,0,0,34,0,0,0,-1.0,0,0,/Users/eashraf/hadoop/hadoop-common-project/hadoop-common/src/main/java/org/apache/hadoop/ipc/ProtobufRpcEngine.java,445
hadoop,org.apache.hadoop.ipc,ProtobufRpcEngine.Server,0,0,0,0,84,0,0,1,-1.0,0,1,/Users/eashraf/hadoop/hadoop-common-project/hadoop-common/src/main/java/org/apache/hadoop/ipc/ProtobufRpcEngine.java,514
hadoop,org.apache.hadoop.ipc,ProtobufRpcEngine.ProtoBufRpcInvoker,0,0,0,0,66,0,0,0,-1.0,0,1,/Users/eashraf/hadoop/hadoop-common-project/hadoop-common/src/main/java/org/apache/hadoop/ipc/ProtobufRpcEngine.java,542
hadoop,org.apache.hadoop.ipc,CallQueueManager,3,1,9,5,94,11,0,0,0.3333333333333333,4,1,/Users/eashraf/hadoop/hadoop-common-project/hadoop-common/src/main/java/org/apache/hadoop/ipc/CallQueueManager.java,30
hadoop,org.apache.hadoop.ipc,RetriableException,1,0,2,2,12,2,0,0,1.0,3,0,/Users/eashraf/hadoop/hadoop-common-project/hadoop-common/src/main/java/org/apache/hadoop/ipc/RetriableException.java,24
hadoop,org.apache.hadoop.ipc,TestMRCJCSocketFactory,0,0,7,1,97,11,0,0,-1.0,0,10,/Users/eashraf/hadoop/hadoop-mapreduce-project/hadoop-mapreduce-client/hadoop-mapreduce-client-jobclient/src/test/java/org/apache/hadoop/ipc/TestMRCJCSocketFactory.java,39
hadoop,org.apache.hadoop.ipc,TestMRCJCSocketFactory.DummySocketFactory,0,0,0,0,30,0,0,0,-1.0,0,0,/Users/eashraf/hadoop/hadoop-mapreduce-project/hadoop-mapreduce-client/hadoop-mapreduce-client-jobclient/src/test/java/org/apache/hadoop/ipc/TestMRCJCSocketFactory.java,174
hadoop,org.apache.hadoop.service,TestServiceLifecycle,3,1,19,18,341,19,0,1,0.631578947368421,0,4,/Users/eashraf/hadoop/hadoop-common-project/hadoop-common/src/test/java/org/apache/hadoop/service/TestServiceLifecycle.java,32
hadoop,org.apache.hadoop.service,TestServiceLifecycle.SelfUnregisteringBreakableStateChangeListener,0,0,0,0,6,0,0,2,-1.0,0,0,/Users/eashraf/hadoop/hadoop-common-project/hadoop-common/src/test/java/org/apache/hadoop/service/TestServiceLifecycle.java,289
hadoop,org.apache.hadoop.service,TestServiceLifecycle.NotifyingListener,1,1,0,0,10,0,0,1,-1.0,0,1,/Users/eashraf/hadoop/hadoop-common-project/hadoop-common/src/test/java/org/apache/hadoop/service/TestServiceLifecycle.java,381
hadoop,org.apache.hadoop.service,TestServiceLifecycle.AsyncSelfTerminatingService,1,0,0,0,22,0,0,2,-1.0,0,0,/Users/eashraf/hadoop/hadoop-common-project/hadoop-common/src/test/java/org/apache/hadoop/service/TestServiceLifecycle.java,393
hadoop,org.apache.hadoop.service,TestServiceLifecycle.SelfTerminatingService,0,0,0,0,12,0,0,2,-1.0,0,0,/Users/eashraf/hadoop/hadoop-common-project/hadoop-common/src/test/java/org/apache/hadoop/service/TestServiceLifecycle.java,421
hadoop,org.apache.hadoop.service,TestServiceLifecycle.StartInInitService,0,0,0,0,12,0,0,2,-1.0,0,0,/Users/eashraf/hadoop/hadoop-common-project/hadoop-common/src/test/java/org/apache/hadoop/service/TestServiceLifecycle.java,438
hadoop,org.apache.hadoop.service,TestServiceLifecycle.StopInInitService,0,0,0,0,12,0,0,2,-1.0,0,0,/Users/eashraf/hadoop/hadoop-common-project/hadoop-common/src/test/java/org/apache/hadoop/service/TestServiceLifecycle.java,453
hadoop,org.apache.hadoop.service,TestCompositeService,13,0,25,21,445,41,0,0,0.52,0,5,/Users/eashraf/hadoop/hadoop-common-project/hadoop-common/src/test/java/org/apache/hadoop/service/TestCompositeService.java,33
hadoop,org.apache.hadoop.service,TestCompositeService.CompositeServiceAddingAChild,1,0,0,0,11,0,0,3,-1.0,0,1,/Users/eashraf/hadoop/hadoop-common-project/hadoop-common/src/test/java/org/apache/hadoop/service/TestCompositeService.java,495
hadoop,org.apache.hadoop.service,TestCompositeService.ServiceTestRuntimeException,0,0,0,0,5,0,0,0,-1.0,0,0,/Users/eashraf/hadoop/hadoop-common-project/hadoop-common/src/test/java/org/apache/hadoop/service/TestCompositeService.java,510
hadoop,org.apache.hadoop.service,TestCompositeService.CompositeServiceImpl,4,0,0,0,58,0,0,3,-1.0,0,0,/Users/eashraf/hadoop/hadoop-common-project/hadoop-common/src/test/java/org/apache/hadoop/service/TestCompositeService.java,516
hadoop,org.apache.hadoop.service,TestCompositeService.ServiceManager,0,0,0,0,11,0,0,3,-1.0,0,0,/Users/eashraf/hadoop/hadoop-common-project/hadoop-common/src/test/java/org/apache/hadoop/service/TestCompositeService.java,598
hadoop,org.apache.hadoop.service,TestCompositeService.AddSiblingService,3,0,0,0,39,0,0,3,-1.0,0,2,/Users/eashraf/hadoop/hadoop-common-project/hadoop-common/src/test/java/org/apache/hadoop/service/TestCompositeService.java,612
hadoop,org.apache.hadoop.service,BreakableService,5,0,12,6,66,13,0,2,0.16666666666666666,5,1,/Users/eashraf/hadoop/hadoop-common-project/hadoop-common/src/test/java/org/apache/hadoop/service/BreakableService.java,26
hadoop,org.apache.hadoop.service,BreakableService.BrokenLifecycleEvent,1,0,0,0,10,0,0,0,-1.0,0,0,/Users/eashraf/hadoop/hadoop-common-project/hadoop-common/src/test/java/org/apache/hadoop/service/BreakableService.java,109
hadoop,org.apache.hadoop.service,BreakableStateChangeListener,7,0,10,10,54,12,1,1,0.2,2,2,/Users/eashraf/hadoop/hadoop-common-project/hadoop-common/src/test/java/org/apache/hadoop/service/BreakableStateChangeListener.java,27
hadoop,org.apache.hadoop.service,ServiceAssert,0,0,7,7,42,8,2,0,-1.0,0,2,/Users/eashraf/hadoop/hadoop-common-project/hadoop-common/src/test/java/org/apache/hadoop/service/ServiceAssert.java,24
hadoop,org.apache.hadoop.service,TestGlobalStateChangeListener,1,0,12,8,131,12,0,1,0.16666666666666666,0,6,/Users/eashraf/hadoop/hadoop-common-project/hadoop-common/src/test/java/org/apache/hadoop/service/TestGlobalStateChangeListener.java,29
hadoop,org.apache.hadoop.service,LifecycleEvent,3,2,0,0,14,0,0,0,-1.0,1,1,/Users/eashraf/hadoop/hadoop-common-project/hadoop-common/src/main/java/org/apache/hadoop/service/LifecycleEvent.java,25
hadoop,org.apache.hadoop.service,ServiceStateException,1,0,5,5,42,7,0,0,1.0,2,0,/Users/eashraf/hadoop/hadoop-common-project/hadoop-common/src/main/java/org/apache/hadoop/service/ServiceStateException.java,24
hadoop,org.apache.hadoop.service,ServiceOperations,2,0,4,3,87,5,0,0,0.5,10,1,/Users/eashraf/hadoop/hadoop-common-project/hadoop-common/src/main/java/org/apache/hadoop/service/ServiceOperations.java,29
hadoop,org.apache.hadoop.service,ServiceOperations.ServiceListeners,1,0,0,0,45,0,0,0,-1.0,0,0,/Users/eashraf/hadoop/hadoop-common-project/hadoop-common/src/main/java/org/apache/hadoop/service/ServiceOperations.java,91
hadoop,org.apache.hadoop.service,CompositeService,4,0,9,2,120,21,4,2,0.2222222222222222,3,4,/Users/eashraf/hadoop/hadoop-common-project/hadoop-common/src/main/java/org/apache/hadoop/service/CompositeService.java,30
hadoop,org.apache.hadoop.service,CompositeService.CompositeServiceShutdownHook,1,0,0,0,12,0,0,0,-1.0,0,1,/Users/eashraf/hadoop/hadoop-common-project/hadoop-common/src/main/java/org/apache/hadoop/service/CompositeService.java,169
hadoop,org.apache.hadoop.service,AbstractService,13,0,31,21,334,49,6,1,0.0,2,7,/Users/eashraf/hadoop/hadoop-common-project/hadoop-common/src/main/java/org/apache/hadoop/service/AbstractService.java,36
hadoop,org.apache.hadoop.service,Service,2,0,16,2,131,16,1,0,-1.0,29,2,/Users/eashraf/hadoop/hadoop-common-project/hadoop-common/src/main/java/org/apache/hadoop/service/Service.java,30
hadoop,org.apache.hadoop.service,Service.STATE,2,0,0,0,42,0,0,0,-1.0,0,0,/Users/eashraf/hadoop/hadoop-common-project/hadoop-common/src/main/java/org/apache/hadoop/service/Service.java,37
hadoop,org.apache.hadoop.service,ServiceStateChangeListener,0,0,1,0,10,1,3,0,-1.0,3,1,/Users/eashraf/hadoop/hadoop-common-project/hadoop-common/src/main/java/org/apache/hadoop/service/ServiceStateChangeListener.java,24
hadoop,org.apache.hadoop.service,LoggingStateChangeListener,2,0,3,3,28,3,0,1,0.6666666666666666,1,1,/Users/eashraf/hadoop/hadoop-common-project/hadoop-common/src/main/java/org/apache/hadoop/service/LoggingStateChangeListener.java,26
hadoop,org.apache.hadoop.service,ServiceStateModel,3,0,9,9,96,11,0,0,0.0,1,1,/Users/eashraf/hadoop/hadoop-common-project/hadoop-common/src/main/java/org/apache/hadoop/service/ServiceStateModel.java,24
hadoop,org.apache.hadoop.fs,TestFileContextResolveAfs,3,0,2,2,25,2,0,0,0.0,0,4,/Users/eashraf/hadoop/hadoop-common-project/hadoop-common/src/test/java/org/apache/hadoop/fs/TestFileContextResolveAfs.java,30
hadoop,org.apache.hadoop.fs,FSWrapper,0,0,21,21,26,21,1,0,-1.0,0,12,/Users/eashraf/hadoop/hadoop-common-project/hadoop-common/src/test/java/org/apache/hadoop/fs/FSWrapper.java,27
hadoop,org.apache.hadoop.fs,FileContextTestHelper,4,0,27,27,169,38,0,0,0.4444444444444444,18,6,/Users/eashraf/hadoop/hadoop-common-project/hadoop-common/src/test/java/org/apache/hadoop/fs/FileContextTestHelper.java,31
hadoop,org.apache.hadoop.fs,FileContextTestHelper.fileType,0,0,0,0,1,0,0,0,-1.0,0,0,/Users/eashraf/hadoop/hadoop-common-project/hadoop-common/src/test/java/org/apache/hadoop/fs/FileContextTestHelper.java,219
hadoop,org.apache.hadoop.fs,TestFSMainOperationsLocalFileSystem,1,0,5,3,22,6,0,2,1.0,0,2,/Users/eashraf/hadoop/hadoop-common-project/hadoop-common/src/test/java/org/apache/hadoop/fs/TestFSMainOperationsLocalFileSystem.java,29
hadoop,org.apache.hadoop.fs,TestPath,0,0,24,23,323,40,0,0,-1.0,0,5,/Users/eashraf/hadoop/hadoop-common-project/hadoop-common/src/test/java/org/apache/hadoop/fs/TestPath.java,35
hadoop,org.apache.hadoop.fs,TestFilterFs,1,0,1,1,34,5,0,0,0.0,0,1,/Users/eashraf/hadoop/hadoop-common-project/hadoop-common/src/test/java/org/apache/hadoop/fs/TestFilterFs.java,29
hadoop,org.apache.hadoop.fs,TestFilterFs.DontCheck,0,0,0,0,10,0,0,0,-1.0,0,0,/Users/eashraf/hadoop/hadoop-common-project/hadoop-common/src/test/java/org/apache/hadoop/fs/TestFilterFs.java,33
hadoop,org.apache.hadoop.fs,TestFcLocalFsUtil,0,0,1,1,9,1,0,1,-1.0,0,1,/Users/eashraf/hadoop/hadoop-common-project/hadoop-common/src/test/java/org/apache/hadoop/fs/TestFcLocalFsUtil.java,22
hadoop,org.apache.hadoop.fs,TestFileSystemInitialization,0,0,1,1,15,1,0,0,-1.0,0,2,/Users/eashraf/hadoop/hadoop-common-project/hadoop-common/src/test/java/org/apache/hadoop/fs/TestFileSystemInitialization.java,28
hadoop,org.apache.hadoop.fs,FSTestWrapper,4,0,25,25,63,29,2,1,0.84,7,3,/Users/eashraf/hadoop/hadoop-common-project/hadoop-common/src/test/java/org/apache/hadoop/fs/FSTestWrapper.java,25
hadoop,org.apache.hadoop.fs,FSTestWrapper.fileType,0,0,0,0,1,0,0,0,-1.0,0,0,/Users/eashraf/hadoop/hadoop-common-project/hadoop-common/src/test/java/org/apache/hadoop/fs/FSTestWrapper.java,132
hadoop,org.apache.hadoop.fs,SymlinkBaseTest,5,0,71,60,1032,87,2,0,0.0,0,10,/Users/eashraf/hadoop/hadoop-common-project/hadoop-common/src/test/java/org/apache/hadoop/fs/SymlinkBaseTest.java,35
hadoop,org.apache.hadoop.fs,FileSystemTestWrapper,1,0,42,42,210,50,0,2,0.19047619047619047,4,17,/Users/eashraf/hadoop/hadoop-common-project/hadoop-common/src/test/java/org/apache/hadoop/fs/FileSystemTestWrapper.java,34
hadoop,org.apache.hadoop.fs,FSMainOperationsBaseTest,9,0,65,55,721,111,1,1,0.09230769230769231,0,9,/Users/eashraf/hadoop/hadoop-common-project/hadoop-common/src/test/java/org/apache/hadoop/fs/FSMainOperationsBaseTest.java,37
hadoop,org.apache.hadoop.fs,TestChecksumFileSystem,2,0,11,10,169,13,0,0,0.18181818181818182,0,8,/Users/eashraf/hadoop/hadoop-common-project/hadoop-common/src/test/java/org/apache/hadoop/fs/TestChecksumFileSystem.java,28
hadoop,org.apache.hadoop.fs,TestTrash,2,0,15,10,499,29,0,0,0.2,2,10,/Users/eashraf/hadoop/hadoop-common-project/hadoop-common/src/test/java/org/apache/hadoop/fs/TestTrash.java,39
hadoop,org.apache.hadoop.fs,TestTrash.TestLFS,1,0,0,0,13,0,0,3,-1.0,0,1,/Users/eashraf/hadoop/hadoop-common-project/hadoop-common/src/test/java/org/apache/hadoop/fs/TestTrash.java,592
hadoop,org.apache.hadoop.fs,TestTrash.TestTrashPolicy,0,0,0,0,22,0,0,1,-1.0,0,0,/Users/eashraf/hadoop/hadoop-common-project/hadoop-common/src/test/java/org/apache/hadoop/fs/TestTrash.java,681
hadoop,org.apache.hadoop.fs,TestGlobPattern,0,0,4,2,45,6,0,0,-1.0,0,1,/Users/eashraf/hadoop/hadoop-common-project/hadoop-common/src/test/java/org/apache/hadoop/fs/TestGlobPattern.java,25
hadoop,org.apache.hadoop.fs,TestSymlinkLocalFSFileContext,0,0,2,2,10,2,0,2,-1.0,0,2,/Users/eashraf/hadoop/hadoop-common-project/hadoop-common/src/test/java/org/apache/hadoop/fs/TestSymlinkLocalFSFileContext.java,27
hadoop,org.apache.hadoop.fs,FileSystemContractBaseTest,4,0,58,43,631,91,0,0,0.0,1,11,/Users/eashraf/hadoop/hadoop-common-project/hadoop-common/src/test/java/org/apache/hadoop/fs/FileSystemContractBaseTest.java,32
hadoop,org.apache.hadoop.fs,TestSymlinkLocalFS,0,0,15,10,139,15,2,1,-1.0,0,5,/Users/eashraf/hadoop/hadoop-common-project/hadoop-common/src/test/java/org/apache/hadoop/fs/TestSymlinkLocalFS.java,37
hadoop,org.apache.hadoop.fs,TestTruncatedInputBug,1,0,2,1,57,7,0,0,0.0,0,4,/Users/eashraf/hadoop/hadoop-common-project/hadoop-common/src/test/java/org/apache/hadoop/fs/TestTruncatedInputBug.java,27
hadoop,org.apache.hadoop.fs,TestFileSystemCanonicalization,4,0,21,17,244,25,0,0,0.09523809523809523,0,5,/Users/eashraf/hadoop/hadoop-common-project/hadoop-common/src/test/java/org/apache/hadoop/fs/TestFileSystemCanonicalization.java,35
hadoop,org.apache.hadoop.fs,TestFileSystemCanonicalization.DummyFileSystem,2,0,0,0,46,0,0,1,-1.0,0,0,/Users/eashraf/hadoop/hadoop-common-project/hadoop-common/src/test/java/org/apache/hadoop/fs/TestFileSystemCanonicalization.java,297
hadoop,org.apache.hadoop.fs,TestLocalFSFileContextMainOperations,1,0,5,3,24,6,0,1,1.0,0,6,/Users/eashraf/hadoop/hadoop-common-project/hadoop-common/src/test/java/org/apache/hadoop/fs/TestLocalFSFileContextMainOperations.java,30
hadoop,org.apache.hadoop.fs,TestFileStatus,10,0,12,10,175,17,0,0,0.3333333333333333,0,3,/Users/eashraf/hadoop/hadoop-common-project/hadoop-common/src/test/java/org/apache/hadoop/fs/TestFileStatus.java,37
hadoop,org.apache.hadoop.fs,TestGetFileBlockLocations,6,0,7,4,99,20,0,0,0.2857142857142857,0,6,/Users/eashraf/hadoop/hadoop-common-project/hadoop-common/src/test/java/org/apache/hadoop/fs/TestGetFileBlockLocations.java,29
hadoop,org.apache.hadoop.fs,TestFsOptions,0,0,3,1,26,3,0,0,-1.0,0,1,/Users/eashraf/hadoop/hadoop-common-project/hadoop-common/src/test/java/org/apache/hadoop/fs/TestFsOptions.java,27
hadoop,org.apache.hadoop.fs,TestLocalDirAllocator,18,0,18,13,309,27,0,0,0.0,0,5,/Users/eashraf/hadoop/hadoop-common-project/hadoop-common/src/test/java/org/apache/hadoop/fs/TestLocalDirAllocator.java,39
hadoop,org.apache.hadoop.fs,TestHarFileSystemBasics,6,0,16,13,243,22,0,0,0.0,0,8,/Users/eashraf/hadoop/hadoop-common-project/hadoop-common/src/test/java/org/apache/hadoop/fs/TestHarFileSystemBasics.java,37
hadoop,org.apache.hadoop.fs,FileContextPermissionBase,3,0,13,7,135,19,2,0,0.23076923076923078,0,8,/Users/eashraf/hadoop/hadoop-common-project/hadoop-common/src/test/java/org/apache/hadoop/fs/FileContextPermissionBase.java,40
hadoop,org.apache.hadoop.fs,TestLocalFileSystemPermission,1,0,7,2,117,12,0,0,0.0,0,7,/Users/eashraf/hadoop/hadoop-common-project/hadoop-common/src/test/java/org/apache/hadoop/fs/TestLocalFileSystemPermission.java,30
hadoop,org.apache.hadoop.fs,TestHarFileSystem,1,1,5,4,213,8,0,0,0.8,0,4,/Users/eashraf/hadoop/hadoop-common-project/hadoop-common/src/test/java/org/apache/hadoop/fs/TestHarFileSystem.java,48
hadoop,org.apache.hadoop.fs,TestHarFileSystem.MustNotImplement,0,0,0,0,90,0,0,0,-1.0,0,0,/Users/eashraf/hadoop/hadoop-common-project/hadoop-common/src/test/java/org/apache/hadoop/fs/TestHarFileSystem.java,52
hadoop,org.apache.hadoop.fs,TestAfsCheckPath,2,0,4,4,74,4,0,0,0.5,0,1,/Users/eashraf/hadoop/hadoop-common-project/hadoop-common/src/test/java/org/apache/hadoop/fs/TestAfsCheckPath.java,32
hadoop,org.apache.hadoop.fs,TestAfsCheckPath.DummyFileSystem,0,0,0,0,50,0,0,1,-1.0,0,0,/Users/eashraf/hadoop/hadoop-common-project/hadoop-common/src/test/java/org/apache/hadoop/fs/TestAfsCheckPath.java,66
hadoop,org.apache.hadoop.fs,TestHardLink,19,1,14,8,179,14,0,0,0.14285714285714285,0,1,/Users/eashraf/hadoop/hadoop-common-project/hadoop-common/src/test/java/org/apache/hadoop/fs/TestHardLink.java,35
hadoop,org.apache.hadoop.fs,TestHardLink.win,0,0,0,0,2,0,0,0,-1.0,0,0,/Users/eashraf/hadoop/hadoop-common-project/hadoop-common/src/test/java/org/apache/hadoop/fs/TestHardLink.java,315
hadoop,org.apache.hadoop.fs,FileContextURIBase,5,0,21,19,298,37,2,0,0.09523809523809523,0,7,/Users/eashraf/hadoop/hadoop-common-project/hadoop-common/src/test/java/org/apache/hadoop/fs/FileContextURIBase.java,34
hadoop,org.apache.hadoop.fs,FileContextUtilBase,2,0,4,4,44,4,1,0,0.0,0,4,/Users/eashraf/hadoop/hadoop-common-project/hadoop-common/src/test/java/org/apache/hadoop/fs/FileContextUtilBase.java,31
hadoop,org.apache.hadoop.fs,TestDelegationTokenRenewer,4,0,10,10,139,10,0,0,0.2,0,6,/Users/eashraf/hadoop/hadoop-common-project/hadoop-common/src/test/java/org/apache/hadoop/fs/TestDelegationTokenRenewer.java,35
hadoop,org.apache.hadoop.fs,TestDelegationTokenRenewer.RenewableFileSystem,0,0,0,0,2,0,0,1,-1.0,0,0,/Users/eashraf/hadoop/hadoop-common-project/hadoop-common/src/test/java/org/apache/hadoop/fs/TestDelegationTokenRenewer.java,36
hadoop,org.apache.hadoop.fs,TestFileUtil,20,0,37,27,732,51,0,0,0.10810810810810811,0,7,/Users/eashraf/hadoop/hadoop-common-project/hadoop-common/src/test/java/org/apache/hadoop/fs/TestFileUtil.java,52
hadoop,org.apache.hadoop.fs,TestFileUtil.MyFile,1,0,0,0,49,0,0,0,-1.0,0,0,/Users/eashraf/hadoop/hadoop-common-project/hadoop-common/src/test/java/org/apache/hadoop/fs/TestFileUtil.java,422
hadoop,org.apache.hadoop.fs,TestBlockLocation,1,0,5,2,62,5,0,0,0.0,0,1,/Users/eashraf/hadoop/hadoop-common-project/hadoop-common/src/test/java/org/apache/hadoop/fs/TestBlockLocation.java,26
hadoop,org.apache.hadoop.fs,TestStat,6,0,6,6,86,6,0,1,0.6666666666666666,0,4,/Users/eashraf/hadoop/hadoop-common-project/hadoop-common/src/test/java/org/apache/hadoop/fs/TestStat.java,34
hadoop,org.apache.hadoop.fs,TestStat.StatOutput,5,0,0,0,43,0,0,0,-1.0,0,0,/Users/eashraf/hadoop/hadoop-common-project/hadoop-common/src/test/java/org/apache/hadoop/fs/TestStat.java,44
hadoop,org.apache.hadoop.fs,TestFilterFileSystem,2,0,16,13,299,23,0,0,0.25,0,4,/Users/eashraf/hadoop/hadoop-common-project/hadoop-common/src/test/java/org/apache/hadoop/fs/TestFilterFileSystem.java,44
hadoop,org.apache.hadoop.fs,TestFilterFileSystem.DontCheck,0,0,0,0,170,0,0,0,-1.0,0,0,/Users/eashraf/hadoop/hadoop-common-project/hadoop-common/src/test/java/org/apache/hadoop/fs/TestFilterFileSystem.java,56
hadoop,org.apache.hadoop.fs,TestFilterFileSystem.FilterLocalFileSystem,0,0,0,0,5,0,0,1,-1.0,0,0,/Users/eashraf/hadoop/hadoop-common-project/hadoop-common/src/test/java/org/apache/hadoop/fs/TestFilterFileSystem.java,365
hadoop,org.apache.hadoop.fs,TestLocalFileSystem,5,0,24,21,397,34,0,0,0.16666666666666666,0,16,/Users/eashraf/hadoop/hadoop-common-project/hadoop-common/src/test/java/org/apache/hadoop/fs/TestLocalFileSystem.java,41
hadoop,org.apache.hadoop.fs,TestAvroFSInput,1,0,2,1,42,5,0,0,0.0,0,6,/Users/eashraf/hadoop/hadoop-common-project/hadoop-common/src/test/java/org/apache/hadoop/fs/TestAvroFSInput.java,28
hadoop,org.apache.hadoop.fs,TestLocalFsFCStatistics,1,0,5,2,22,5,0,1,1.0,0,1,/Users/eashraf/hadoop/hadoop-common-project/hadoop-common/src/test/java/org/apache/hadoop/fs/TestLocalFsFCStatistics.java,28
hadoop,org.apache.hadoop.fs,FileContextCreateMkdirBaseTest,2,0,14,11,76,14,2,0,0.0,0,4,/Users/eashraf/hadoop/hadoop-common-project/hadoop-common/src/test/java/org/apache/hadoop/fs/FileContextCreateMkdirBaseTest.java,33
hadoop,org.apache.hadoop.fs,FCStatisticsBaseTest,4,0,7,3,84,8,1,0,0.42857142857142855,0,4,/Users/eashraf/hadoop/hadoop-common-project/hadoop-common/src/test/java/org/apache/hadoop/fs/FCStatisticsBaseTest.java,34
hadoop,org.apache.hadoop.fs,FileContextMainOperationsBaseTest,11,1,78,66,878,126,2,0,0.05128205128205128,0,13,/Users/eashraf/hadoop/hadoop-common-project/hadoop-common/src/test/java/org/apache/hadoop/fs/FileContextMainOperationsBaseTest.java,41
hadoop,org.apache.hadoop.fs,TestListFiles,9,0,6,3,117,6,0,0,0.0,0,6,/Users/eashraf/hadoop/hadoop-common-project/hadoop-common/src/test/java/org/apache/hadoop/fs/TestListFiles.java,36
hadoop,org.apache.hadoop.fs,TestDU,1,0,6,5,71,6,0,0,0.0,0,4,/Users/eashraf/hadoop/hadoop-common-project/hadoop-common/src/test/java/org/apache/hadoop/fs/TestDU.java,30
hadoop,org.apache.hadoop.fs,TestFsShell,0,0,1,1,16,2,0,0,-1.0,0,1,/Users/eashraf/hadoop/hadoop-common-project/hadoop-common/src/test/java/org/apache/hadoop/fs/TestFsShell.java,23
hadoop,org.apache.hadoop.fs,TestFcLocalFsPermission,0,0,3,2,14,3,0,1,-1.0,0,2,/Users/eashraf/hadoop/hadoop-common-project/hadoop-common/src/test/java/org/apache/hadoop/fs/TestFcLocalFsPermission.java,23
hadoop,org.apache.hadoop.fs,TestContentSummary,0,0,13,13,145,13,0,0,-1.0,0,1,/Users/eashraf/hadoop/hadoop-common-project/hadoop-common/src/test/java/org/apache/hadoop/fs/TestContentSummary.java,30
hadoop,org.apache.hadoop.fs,TestLocalFSFileContextCreateMkdir,0,0,1,1,6,1,0,1,-1.0,0,1,/Users/eashraf/hadoop/hadoop-common-project/hadoop-common/src/test/java/org/apache/hadoop/fs/TestLocalFSFileContextCreateMkdir.java,23
hadoop,org.apache.hadoop.fs,TestFileContextDeleteOnExit,4,0,4,3,43,5,0,0,0.0,0,4,/Users/eashraf/hadoop/hadoop-common-project/hadoop-common/src/test/java/org/apache/hadoop/fs/TestFileContextDeleteOnExit.java,31
hadoop,org.apache.hadoop.fs,TestFsShellCopy,6,0,25,17,340,36,0,0,0.0,0,8,/Users/eashraf/hadoop/hadoop-common-project/hadoop-common/src/test/java/org/apache/hadoop/fs/TestFsShellCopy.java,32
hadoop,org.apache.hadoop.fs,TestFileContext,1,0,1,1,14,1,0,0,0.0,0,4,/Users/eashraf/hadoop/hadoop-common-project/hadoop-common/src/test/java/org/apache/hadoop/fs/TestFileContext.java,27
hadoop,org.apache.hadoop.fs,TestGlobExpander,0,0,4,2,31,5,0,0,-1.0,0,1,/Users/eashraf/hadoop/hadoop-common-project/hadoop-common/src/test/java/org/apache/hadoop/fs/TestGlobExpander.java,25
hadoop,org.apache.hadoop.fs,FileContextTestWrapper,1,0,42,42,193,50,0,2,0.19047619047619047,2,15,/Users/eashraf/hadoop/hadoop-common-project/hadoop-common/src/test/java/org/apache/hadoop/fs/FileContextTestWrapper.java,33
hadoop,org.apache.hadoop.fs,TestLocal_S3FileContextURI,0,0,1,1,9,1,0,1,-1.0,0,2,/Users/eashraf/hadoop/hadoop-common-project/hadoop-common/src/test/java/org/apache/hadoop/fs/TestLocal_S3FileContextURI.java,25
hadoop,org.apache.hadoop.fs,TestFsShellReturnCode,8,0,17,11,376,25,0,0,0.5882352941176471,0,12,/Users/eashraf/hadoop/hadoop-common-project/hadoop-common/src/test/java/org/apache/hadoop/fs/TestFsShellReturnCode.java,47
hadoop,org.apache.hadoop.fs,TestFsShellReturnCode.LocalFileSystemExtn,0,0,0,0,5,0,0,3,-1.0,0,0,/Users/eashraf/hadoop/hadoop-common-project/hadoop-common/src/test/java/org/apache/hadoop/fs/TestFsShellReturnCode.java,473
hadoop,org.apache.hadoop.fs,TestFsShellReturnCode.RawLocalFileSystemExtn,2,0,0,0,34,0,0,2,-1.0,0,0,/Users/eashraf/hadoop/hadoop-common-project/hadoop-common/src/test/java/org/apache/hadoop/fs/TestFsShellReturnCode.java,479
hadoop,org.apache.hadoop.fs,TestFsShellReturnCode.MyFsShell,0,0,0,0,5,0,0,1,-1.0,0,0,/Users/eashraf/hadoop/hadoop-common-project/hadoop-common/src/test/java/org/apache/hadoop/fs/TestFsShellReturnCode.java,522
hadoop,org.apache.hadoop.fs,TestFsShellReturnCode.InterruptCommand,1,0,0,0,15,0,0,0,-1.0,0,0,/Users/eashraf/hadoop/hadoop-common-project/hadoop-common/src/test/java/org/apache/hadoop/fs/TestFsShellReturnCode.java,529
hadoop,org.apache.hadoop.fs,TestFileSystemTokens,1,0,13,12,184,15,0,0,0.23076923076923078,0,5,/Users/eashraf/hadoop/hadoop-common-project/hadoop-common/src/test/java/org/apache/hadoop/fs/TestFileSystemTokens.java,36
hadoop,org.apache.hadoop.fs,TestS3_LocalFileContextURI,0,0,1,1,9,1,0,1,-1.0,0,2,/Users/eashraf/hadoop/hadoop-common-project/hadoop-common/src/test/java/org/apache/hadoop/fs/TestS3_LocalFileContextURI.java,25
hadoop,org.apache.hadoop.fs,TestSymlinkLocalFSFileSystem,0,0,7,7,38,7,0,2,-1.0,0,3,/Users/eashraf/hadoop/hadoop-common-project/hadoop-common/src/test/java/org/apache/hadoop/fs/TestSymlinkLocalFSFileSystem.java,34
hadoop,org.apache.hadoop.fs,TestFileSystemCaching,2,0,22,22,245,22,0,0,1.0,0,6,/Users/eashraf/hadoop/hadoop-common-project/hadoop-common/src/test/java/org/apache/hadoop/fs/TestFileSystemCaching.java,41
hadoop,org.apache.hadoop.fs,TestFileSystemCaching.DefaultFs,1,0,0,0,9,0,0,3,-1.0,0,0,/Users/eashraf/hadoop/hadoop-common-project/hadoop-common/src/test/java/org/apache/hadoop/fs/TestFileSystemCaching.java,52
hadoop,org.apache.hadoop.fs,TestFileSystemCaching.InitializeForeverFileSystem,1,0,0,0,14,0,0,3,-1.0,0,0,/Users/eashraf/hadoop/hadoop-common-project/hadoop-common/src/test/java/org/apache/hadoop/fs/TestFileSystemCaching.java,111
hadoop,org.apache.hadoop.fs,TestDFVariations,2,0,7,7,97,9,0,0,0.8571428571428571,0,4,/Users/eashraf/hadoop/hadoop-common-project/hadoop-common/src/test/java/org/apache/hadoop/fs/TestDFVariations.java,38
hadoop,org.apache.hadoop.fs,TestDFVariations.XXDF,0,0,0,0,8,0,0,1,-1.0,0,0,/Users/eashraf/hadoop/hadoop-common-project/hadoop-common/src/test/java/org/apache/hadoop/fs/TestDFVariations.java,56
hadoop,org.apache.hadoop.fs,TestCommandFormat,3,0,14,11,136,15,0,0,0.35714285714285715,0,1,/Users/eashraf/hadoop/hadoop-common-project/hadoop-common/src/test/java/org/apache/hadoop/fs/TestCommandFormat.java,36
hadoop,org.apache.hadoop.fs,FileSystemTestHelper,5,0,26,23,177,36,2,0,0.4230769230769231,21,6,/Users/eashraf/hadoop/hadoop-common-project/hadoop-common/src/test/java/org/apache/hadoop/fs/FileSystemTestHelper.java,33
hadoop,org.apache.hadoop.fs,FileSystemTestHelper.fileType,0,0,0,0,1,0,0,0,-1.0,0,0,/Users/eashraf/hadoop/hadoop-common-project/hadoop-common/src/test/java/org/apache/hadoop/fs/FileSystemTestHelper.java,240
hadoop,org.apache.hadoop.fs,FileSystemTestHelper.MockFileSystem,0,0,0,0,23,0,0,1,-1.0,0,0,/Users/eashraf/hadoop/hadoop-common-project/hadoop-common/src/test/java/org/apache/hadoop/fs/FileSystemTestHelper.java,255
hadoop,org.apache.hadoop.fs,TrashPolicyDefault,12,0,11,8,216,27,0,1,0.18181818181818182,1,7,/Users/eashraf/hadoop/hadoop-common-project/hadoop-common/src/main/java/org/apache/hadoop/fs/TrashPolicyDefault.java,42
hadoop,org.apache.hadoop.fs,TrashPolicyDefault.Emptier,2,0,0,0,65,0,0,0,-1.0,0,1,/Users/eashraf/hadoop/hadoop-common-project/hadoop-common/src/main/java/org/apache/hadoop/fs/TrashPolicyDefault.java,238
hadoop,org.apache.hadoop.fs,PathNotFoundException,1,0,1,1,12,1,0,1,0.0,0,0,/Users/eashraf/hadoop/hadoop-common-project/hadoop-common/src/main/java/org/apache/hadoop/fs/PathNotFoundException.java,20
hadoop,org.apache.hadoop.fs,ContentSummary,13,0,18,17,168,21,0,0,0.2777777777777778,21,1,/Users/eashraf/hadoop/hadoop-common-project/hadoop-common/src/main/java/org/apache/hadoop/fs/ContentSummary.java,29
hadoop,org.apache.hadoop.fs,FSInputChecker,14,1,22,10,284,49,2,2,0.22727272727272727,0,4,/Users/eashraf/hadoop/hadoop-common-project/hadoop-common/src/main/java/org/apache/hadoop/fs/FSInputChecker.java,33
hadoop,org.apache.hadoop.fs,FileStatus,11,0,31,28,284,42,2,0,0.06451612903225806,272,3,/Users/eashraf/hadoop/hadoop-common-project/hadoop-common/src/main/java/org/apache/hadoop/fs/FileStatus.java,30
hadoop,org.apache.hadoop.fs,LocalFileSystem,2,0,13,13,98,21,4,2,1.0,26,7,/Users/eashraf/hadoop/hadoop-common-project/hadoop-common/src/main/java/org/apache/hadoop/fs/LocalFileSystem.java,30
hadoop,org.apache.hadoop.fs,FsShellPermissions,16,9,1,1,114,1,2,0,0.0,2,4,/Users/eashraf/hadoop/hadoop-common-project/hadoop-common/src/main/java/org/apache/hadoop/fs/FsShellPermissions.java,36
hadoop,org.apache.hadoop.fs,FsShellPermissions.Chmod,4,3,0,0,33,0,0,1,-1.0,0,1,/Users/eashraf/hadoop/hadoop-common-project/hadoop-common/src/main/java/org/apache/hadoop/fs/FsShellPermissions.java,56
hadoop,org.apache.hadoop.fs,FsShellPermissions.Chown,6,3,0,0,48,0,0,1,-1.0,0,0,/Users/eashraf/hadoop/hadoop-common-project/hadoop-common/src/main/java/org/apache/hadoop/fs/FsShellPermissions.java,117
hadoop,org.apache.hadoop.fs,FsShellPermissions.Chgrp,4,3,0,0,17,0,0,0,-1.0,0,0,/Users/eashraf/hadoop/hadoop-common-project/hadoop-common/src/main/java/org/apache/hadoop/fs/FsShellPermissions.java,193
hadoop,org.apache.hadoop.fs,DirectoryListingStartAfterNotFoundException,1,0,2,2,12,2,0,0,1.0,0,0,/Users/eashraf/hadoop/hadoop-common-project/hadoop-common/src/main/java/org/apache/hadoop/fs/DirectoryListingStartAfterNotFoundException.java,26
hadoop,org.apache.hadoop.fs,HasFileDescriptor,0,0,1,1,10,1,3,0,-1.0,0,0,/Users/eashraf/hadoop/hadoop-common-project/hadoop-common/src/main/java/org/apache/hadoop/fs/HasFileDescriptor.java,27
hadoop,org.apache.hadoop.fs,FileAlreadyExistsException,0,0,2,2,11,2,0,0,-1.0,11,0,/Users/eashraf/hadoop/hadoop-common-project/hadoop-common/src/main/java/org/apache/hadoop/fs/FileAlreadyExistsException.java,27
hadoop,org.apache.hadoop.fs,FSInputStream,0,0,6,6,44,8,3,1,-1.0,4,0,/Users/eashraf/hadoop/hadoop-common-project/hadoop-common/src/main/java/org/apache/hadoop/fs/FSInputStream.java,27
hadoop,org.apache.hadoop.fs,Seekable,0,0,3,0,17,3,3,0,-1.0,3,0,/Users/eashraf/hadoop/hadoop-common-project/hadoop-common/src/main/java/org/apache/hadoop/fs/Seekable.java,25
hadoop,org.apache.hadoop.fs,RawLocalFileSystem,6,0,46,34,603,92,2,1,0.1956521739130435,2,15,/Users/eashraf/hadoop/hadoop-common-project/hadoop-common/src/main/java/org/apache/hadoop/fs/RawLocalFileSystem.java,51
hadoop,org.apache.hadoop.fs,RawLocalFileSystem.LocalFSFileInputStream,2,0,0,0,81,0,0,2,-1.0,0,1,/Users/eashraf/hadoop/hadoop-common-project/hadoop-common/src/main/java/org/apache/hadoop/fs/RawLocalFileSystem.java,98
hadoop,org.apache.hadoop.fs,RawLocalFileSystem.LocalFSFileOutputStream,1,0,0,0,52,0,0,0,-1.0,0,2,/Users/eashraf/hadoop/hadoop-common-project/hadoop-common/src/main/java/org/apache/hadoop/fs/RawLocalFileSystem.java,206
hadoop,org.apache.hadoop.fs,RawLocalFileSystem.DeprecatedRawLocalFileStatus,0,0,0,0,70,0,0,1,-1.0,0,2,/Users/eashraf/hadoop/hadoop-common-project/hadoop-common/src/main/java/org/apache/hadoop/fs/RawLocalFileSystem.java,616
hadoop,org.apache.hadoop.fs,PathIOException,5,0,10,8,85,13,4,0,0.0,4,1,/Users/eashraf/hadoop/hadoop-common-project/hadoop-common/src/main/java/org/apache/hadoop/fs/PathIOException.java,22
hadoop,org.apache.hadoop.fs,DU,6,0,15,12,172,24,0,0,0.26666666666666666,2,3,/Users/eashraf/hadoop/hadoop-common-project/hadoop-common/src/main/java/org/apache/hadoop/fs/DU.java,31
hadoop,org.apache.hadoop.fs,DU.DURefreshThread,0,0,0,0,23,0,0,0,-1.0,0,0,/Users/eashraf/hadoop/hadoop-common-project/hadoop-common/src/main/java/org/apache/hadoop/fs/DU.java,101
hadoop,org.apache.hadoop.fs,FileSystem,45,4,169,146,2168,256,4,0,0.23668639053254437,835,32,/Users/eashraf/hadoop/hadoop-common-project/hadoop-common/src/main/java/org/apache/hadoop/fs/FileSystem.java,72
hadoop,org.apache.hadoop.fs,FileSystem.Cache,8,0,0,0,154,0,0,0,-1.0,0,1,/Users/eashraf/hadoop/hadoop-common-project/hadoop-common/src/main/java/org/apache/hadoop/fs/FileSystem.java,2650
hadoop,org.apache.hadoop.fs,FileSystem.ClientFinalizer,0,0,0,0,10,0,0,0,-1.0,0,0,/Users/eashraf/hadoop/hadoop-common-project/hadoop-common/src/main/java/org/apache/hadoop/fs/FileSystem.java,2750
hadoop,org.apache.hadoop.fs,FileSystem.Key,4,0,0,0,37,0,0,0,-1.0,0,1,/Users/eashraf/hadoop/hadoop-common-project/hadoop-common/src/main/java/org/apache/hadoop/fs/FileSystem.java,2787
hadoop,org.apache.hadoop.fs,FileSystem.Statistics,17,0,0,0,289,0,0,0,-1.0,0,0,/Users/eashraf/hadoop/hadoop-common-project/hadoop-common/src/main/java/org/apache/hadoop/fs/FileSystem.java,2839
hadoop,org.apache.hadoop.fs,FileSystem.StatisticsData,6,0,0,0,55,0,0,0,-1.0,0,0,/Users/eashraf/hadoop/hadoop-common-project/hadoop-common/src/main/java/org/apache/hadoop/fs/FileSystem.java,2855
hadoop,org.apache.hadoop.fs,FileSystem.StatisticsAggregator,0,0,0,0,4,0,0,0,-1.0,0,0,/Users/eashraf/hadoop/hadoop-common-project/hadoop-common/src/main/java/org/apache/hadoop/fs/FileSystem.java,2932
hadoop,org.apache.hadoop.fs,ChecksumFs,14,1,20,17,364,30,0,2,0.5,1,10,/Users/eashraf/hadoop/hadoop-common-project/hadoop-common/src/main/java/org/apache/hadoop/fs/ChecksumFs.java,39
hadoop,org.apache.hadoop.fs,ChecksumFs.ChecksumFSInputChecker,7,1,0,0,139,0,0,3,-1.0,0,2,/Users/eashraf/hadoop/hadoop-common-project/hadoop-common/src/main/java/org/apache/hadoop/fs/ChecksumFs.java,107
hadoop,org.apache.hadoop.fs,ChecksumFs.ChecksumFSOutputSummer,4,0,0,0,37,0,0,1,-1.0,0,3,/Users/eashraf/hadoop/hadoop-common-project/hadoop-common/src/main/java/org/apache/hadoop/fs/ChecksumFs.java,330
hadoop,org.apache.hadoop.fs,CanSetDropBehind,0,0,1,1,8,1,3,0,-1.0,0,0,/Users/eashraf/hadoop/hadoop-common-project/hadoop-common/src/main/java/org/apache/hadoop/fs/CanSetDropBehind.java,26
hadoop,org.apache.hadoop.fs,ByteBufferUtil,0,0,2,1,69,13,0,0,-1.0,3,2,/Users/eashraf/hadoop/hadoop-common-project/hadoop-common/src/main/java/org/apache/hadoop/fs/ByteBufferUtil.java,31
hadoop,org.apache.hadoop.fs,FilterFileSystem,2,0,79,72,338,82,3,0,0.02531645569620253,3,15,/Users/eashraf/hadoop/hadoop-common-project/hadoop-common/src/main/java/org/apache/hadoop/fs/FilterFileSystem.java,39
hadoop,org.apache.hadoop.fs,FSDataInputStream,2,0,16,16,141,22,2,1,0.875,167,3,/Users/eashraf/hadoop/hadoop-common-project/hadoop-common/src/main/java/org/apache/hadoop/fs/FSDataInputStream.java,31
hadoop,org.apache.hadoop.fs,MD5MD5CRC32CastagnoliFileChecksum,0,0,3,3,20,3,0,2,-1.0,0,2,/Users/eashraf/hadoop/hadoop-common-project/hadoop-common/src/main/java/org/apache/hadoop/fs/MD5MD5CRC32CastagnoliFileChecksum.java,24
hadoop,org.apache.hadoop.fs,StorageType,4,2,10,8,44,12,0,0,0.2,103,1,/Users/eashraf/hadoop/hadoop-common-project/hadoop-common/src/main/java/org/apache/hadoop/fs/StorageType.java,29
hadoop,org.apache.hadoop.fs,GlobExpander,2,0,3,1,136,25,0,0,0.0,2,0,/Users/eashraf/hadoop/hadoop-common-project/hadoop-common/src/main/java/org/apache/hadoop/fs/GlobExpander.java,27
hadoop,org.apache.hadoop.fs,GlobExpander.StringWithOffset,2,0,0,0,9,0,0,0,-1.0,0,0,/Users/eashraf/hadoop/hadoop-common-project/hadoop-common/src/main/java/org/apache/hadoop/fs/GlobExpander.java,31
hadoop,org.apache.hadoop.fs,TrashPolicy,3,0,8,8,53,8,2,0,0.875,2,5,/Users/eashraf/hadoop/hadoop-common-project/hadoop-common/src/main/java/org/apache/hadoop/fs/TrashPolicy.java,28
hadoop,org.apache.hadoop.fs,InvalidPathException,1,0,2,2,21,2,0,0,1.0,2,0,/Users/eashraf/hadoop/hadoop-common-project/hadoop-common/src/main/java/org/apache/hadoop/fs/InvalidPathException.java,24
hadoop,org.apache.hadoop.fs,ParentNotDirectoryException,1,0,2,2,12,2,0,0,1.0,11,0,/Users/eashraf/hadoop/hadoop-common-project/hadoop-common/src/main/java/org/apache/hadoop/fs/ParentNotDirectoryException.java,25
hadoop,org.apache.hadoop.fs,LocatedFileStatus,1,0,6,6,67,7,0,1,0.6666666666666666,13,4,/Users/eashraf/hadoop/hadoop-common-project/hadoop-common/src/main/java/org/apache/hadoop/fs/LocatedFileStatus.java,27
hadoop,org.apache.hadoop.fs,BatchedRemoteIterator,5,0,7,5,79,12,0,1,0.0,0,0,/Users/eashraf/hadoop/hadoop-common-project/hadoop-common/src/main/java/org/apache/hadoop/fs/BatchedRemoteIterator.java,24
hadoop,org.apache.hadoop.fs,BatchedRemoteIterator.BatchedEntries,0,0,0,0,5,0,0,0,-1.0,0,0,/Users/eashraf/hadoop/hadoop-common-project/hadoop-common/src/main/java/org/apache/hadoop/fs/BatchedRemoteIterator.java,28
hadoop,org.apache.hadoop.fs,BatchedRemoteIterator.BatchedListEntries,2,0,0,0,17,0,0,0,-1.0,0,0,/Users/eashraf/hadoop/hadoop-common-project/hadoop-common/src/main/java/org/apache/hadoop/fs/BatchedRemoteIterator.java,34
hadoop,org.apache.hadoop.fs,CreateFlag,1,0,5,3,74,11,0,0,0.4,56,0,/Users/eashraf/hadoop/hadoop-common-project/hadoop-common/src/main/java/org/apache/hadoop/fs/CreateFlag.java,28
hadoop,org.apache.hadoop.fs,XAttrSetFlag,1,0,3,1,29,7,0,0,0.0,19,0,/Users/eashraf/hadoop/hadoop-common-project/hadoop-common/src/main/java/org/apache/hadoop/fs/XAttrSetFlag.java,28
hadoop,org.apache.hadoop.fs,FSExceptionMessages,3,3,0,0,17,0,0,0,-1.0,10,0,/Users/eashraf/hadoop/hadoop-common-project/hadoop-common/src/main/java/org/apache/hadoop/fs/FSExceptionMessages.java,21
hadoop,org.apache.hadoop.fs,FileSystemLinkResolver,0,0,3,3,55,7,0,0,-1.0,0,6,/Users/eashraf/hadoop/hadoop-common-project/hadoop-common/src/main/java/org/apache/hadoop/fs/FileSystemLinkResolver.java,25
hadoop,org.apache.hadoop.fs,FSLinkResolver,0,0,3,3,58,6,0,0,-1.0,4,6,/Users/eashraf/hadoop/hadoop-common-project/hadoop-common/src/main/java/org/apache/hadoop/fs/FSLinkResolver.java,26
hadoop,org.apache.hadoop.fs,Trash,1,0,10,8,94,12,0,0,0.2,3,5,/Users/eashraf/hadoop/hadoop-common-project/hadoop-common/src/main/java/org/apache/hadoop/fs/Trash.java,27
hadoop,org.apache.hadoop.fs,ZeroCopyUnavailableException,1,0,3,3,12,3,0,0,1.0,0,0,/Users/eashraf/hadoop/hadoop-common-project/hadoop-common/src/main/java/org/apache/hadoop/fs/ZeroCopyUnavailableException.java,22
hadoop,org.apache.hadoop.fs,DF,6,1,15,11,159,27,1,0,0.0,8,3,/Users/eashraf/hadoop/hadoop-common-project/hadoop-common/src/main/java/org/apache/hadoop/fs/DF.java,35
hadoop,org.apache.hadoop.fs,DUHelper,4,0,8,5,52,15,0,0,0.25,1,1,/Users/eashraf/hadoop/hadoop-common-project/hadoop-common/src/main/java/org/apache/hadoop/fs/DUHelper.java,23
hadoop,org.apache.hadoop.fs,CommonConfigurationKeysPublic,116,116,0,0,451,0,1,0,-1.0,114,0,/Users/eashraf/hadoop/hadoop-common-project/hadoop-common/src/main/java/org/apache/hadoop/fs/CommonConfigurationKeysPublic.java,23
hadoop,org.apache.hadoop.fs,GlobPattern,3,0,7,6,109,30,0,0,0.0,5,0,/Users/eashraf/hadoop/hadoop-common-project/hadoop-common/src/main/java/org/apache/hadoop/fs/GlobPattern.java,27
hadoop,org.apache.hadoop.fs,CommonConfigurationKeys,89,89,0,0,202,0,1,1,-1.0,169,0,/Users/eashraf/hadoop/hadoop-common-project/hadoop-common/src/main/java/org/apache/hadoop/fs/CommonConfigurationKeys.java,25
hadoop,org.apache.hadoop.fs,Stat,6,0,6,3,102,15,0,0,0.3333333333333333,6,5,/Users/eashraf/hadoop/hadoop-common-project/hadoop-common/src/main/java/org/apache/hadoop/fs/Stat.java,35
hadoop,org.apache.hadoop.fs,PathIsNotEmptyDirectoryException,0,0,1,1,11,1,0,2,-1.0,0,0,/Users/eashraf/hadoop/hadoop-common-project/hadoop-common/src/main/java/org/apache/hadoop/fs/PathIsNotEmptyDirectoryException.java,20
hadoop,org.apache.hadoop.fs,MD5MD5CRC32FileChecksum,4,1,13,13,105,20,2,1,0.46153846153846156,2,3,/Users/eashraf/hadoop/hadoop-common-project/hadoop-common/src/main/java/org/apache/hadoop/fs/MD5MD5CRC32FileChecksum.java,37
hadoop,org.apache.hadoop.fs,FileUtil,2,1,49,38,967,157,0,0,0.3673469387755102,197,10,/Users/eashraf/hadoop/hadoop-common-project/hadoop-common/src/main/java/org/apache/hadoop/fs/FileUtil.java,50
hadoop,org.apache.hadoop.fs,FileUtil.HardLink,0,0,0,0,6,0,0,1,-1.0,0,0,/Users/eashraf/hadoop/hadoop-common-project/hadoop-common/src/main/java/org/apache/hadoop/fs/FileUtil.java,743
hadoop,org.apache.hadoop.fs,BlockLocation,8,0,22,22,202,32,2,0,0.0,43,0,/Users/eashraf/hadoop/hadoop-common-project/hadoop-common/src/main/java/org/apache/hadoop/fs/BlockLocation.java,25
hadoop,org.apache.hadoop.fs,ChecksumFileSystem,17,0,31,29,455,52,1,1,0.2903225806451613,3,13,/Users/eashraf/hadoop/hadoop-common-project/hadoop-common/src/main/java/org/apache/hadoop/fs/ChecksumFileSystem.java,35
hadoop,org.apache.hadoop.fs,ChecksumFileSystem.ChecksumFSInputChecker,5,0,0,0,104,0,0,3,-1.0,0,3,/Users/eashraf/hadoop/hadoop-common-project/hadoop-common/src/main/java/org/apache/hadoop/fs/ChecksumFileSystem.java,118
hadoop,org.apache.hadoop.fs,ChecksumFileSystem.FSDataBoundedInputStream,3,0,0,0,44,0,0,2,-1.0,0,2,/Users/eashraf/hadoop/hadoop-common-project/hadoop-common/src/main/java/org/apache/hadoop/fs/ChecksumFileSystem.java,260
hadoop,org.apache.hadoop.fs,ChecksumFileSystem.ChecksumFSOutputSummer,4,0,0,0,37,0,0,1,-1.0,0,2,/Users/eashraf/hadoop/hadoop-common-project/hadoop-common/src/main/java/org/apache/hadoop/fs/ChecksumFileSystem.java,373
hadoop,org.apache.hadoop.fs,LocalDirAllocator,16,1,12,10,379,13,0,0,0.0,27,3,/Users/eashraf/hadoop/hadoop-common-project/hadoop-common/src/main/java/org/apache/hadoop/fs/LocalDirAllocator.java,34
hadoop,org.apache.hadoop.fs,LocalDirAllocator.AllocatorPerContext,13,0,0,0,240,0,0,0,-1.0,0,2,/Users/eashraf/hadoop/hadoop-common-project/hadoop-common/src/main/java/org/apache/hadoop/fs/LocalDirAllocator.java,245
hadoop,org.apache.hadoop.fs,LocalDirAllocator.PathIterator,5,0,0,0,44,0,0,0,-1.0,0,1,/Users/eashraf/hadoop/hadoop-common-project/hadoop-common/src/main/java/org/apache/hadoop/fs/LocalDirAllocator.java,456
hadoop,org.apache.hadoop.fs,FSError,1,0,1,0,9,1,0,0,0.0,1,0,/Users/eashraf/hadoop/hadoop-common-project/hadoop-common/src/main/java/org/apache/hadoop/fs/FSError.java,24
hadoop,org.apache.hadoop.fs,PathOperationException,1,0,1,1,12,1,0,2,0.0,0,0,/Users/eashraf/hadoop/hadoop-common-project/hadoop-common/src/main/java/org/apache/hadoop/fs/PathOperationException.java,20
hadoop,org.apache.hadoop.fs,CanUnbuffer,0,0,1,1,9,1,1,0,-1.0,0,0,/Users/eashraf/hadoop/hadoop-common-project/hadoop-common/src/main/java/org/apache/hadoop/fs/CanUnbuffer.java,24
hadoop,org.apache.hadoop.fs,FsStatus,3,0,6,6,44,6,0,0,0.0,15,0,/Users/eashraf/hadoop/hadoop-common-project/hadoop-common/src/main/java/org/apache/hadoop/fs/FsStatus.java,28
hadoop,org.apache.hadoop.fs,DelegateToFileSystem,1,0,28,27,121,32,1,1,0.07142857142857142,0,12,/Users/eashraf/hadoop/hadoop-common-project/hadoop-common/src/main/java/org/apache/hadoop/fs/DelegateToFileSystem.java,37
hadoop,org.apache.hadoop.fs,PathIsDirectoryException,1,0,1,1,12,1,0,2,0.0,0,0,/Users/eashraf/hadoop/hadoop-common-project/hadoop-common/src/main/java/org/apache/hadoop/fs/PathIsDirectoryException.java,20
hadoop,org.apache.hadoop.fs,LocalFileSystemConfigKeys,10,10,0,0,15,0,0,2,-1.0,2,0,/Users/eashraf/hadoop/hadoop-common-project/hadoop-common/src/main/java/org/apache/hadoop/fs/LocalFileSystemConfigKeys.java,24
hadoop,org.apache.hadoop.fs,RemoteIterator,0,0,2,0,18,2,2,0,-1.0,44,0,/Users/eashraf/hadoop/hadoop-common-project/hadoop-common/src/main/java/org/apache/hadoop/fs/RemoteIterator.java,22
hadoop,org.apache.hadoop.fs,HarFs,0,0,2,1,8,2,0,2,-1.0,0,1,/Users/eashraf/hadoop/hadoop-common-project/hadoop-common/src/main/java/org/apache/hadoop/fs/HarFs.java,27
hadoop,org.apache.hadoop.fs,FSOutputSummer,5,0,16,4,139,25,2,0,0.125,1,1,/Users/eashraf/hadoop/hadoop-common-project/hadoop-common/src/main/java/org/apache/hadoop/fs/FSOutputSummer.java,29
hadoop,org.apache.hadoop.fs,PathPermissionException,1,0,1,1,12,1,0,1,0.0,0,0,/Users/eashraf/hadoop/hadoop-common-project/hadoop-common/src/main/java/org/apache/hadoop/fs/PathPermissionException.java,20
hadoop,org.apache.hadoop.fs,HardLink,10,7,5,4,170,16,1,0,0.8,5,2,/Users/eashraf/hadoop/hadoop-common-project/hadoop-common/src/main/java/org/apache/hadoop/fs/HardLink.java,36
hadoop,org.apache.hadoop.fs,HardLink.HardLinkCommandGetter,0,0,0,0,9,0,0,0,-1.0,0,0,/Users/eashraf/hadoop/hadoop-common-project/hadoop-common/src/main/java/org/apache/hadoop/fs/HardLink.java,79
hadoop,org.apache.hadoop.fs,HardLink.HardLinkCGUnix,1,0,0,0,15,0,0,0,-1.0,0,0,/Users/eashraf/hadoop/hadoop-common-project/hadoop-common/src/main/java/org/apache/hadoop/fs/HardLink.java,93
hadoop,org.apache.hadoop.fs,HardLink.HardLinkCGWin,1,0,0,0,12,0,0,0,-1.0,0,1,/Users/eashraf/hadoop/hadoop-common-project/hadoop-common/src/main/java/org/apache/hadoop/fs/HardLink.java,119
hadoop,org.apache.hadoop.fs,HardLink.LinkStats,6,6,0,0,22,0,0,0,-1.0,0,0,/Users/eashraf/hadoop/hadoop-common-project/hadoop-common/src/main/java/org/apache/hadoop/fs/HardLink.java,255
hadoop,org.apache.hadoop.fs,FileChecksum,0,0,6,6,36,8,1,0,-1.0,22,0,/Users/eashraf/hadoop/hadoop-common-project/hadoop-common/src/main/java/org/apache/hadoop/fs/FileChecksum.java,27
hadoop,org.apache.hadoop.fs,CanSetReadahead,0,0,1,1,8,1,2,0,-1.0,0,0,/Users/eashraf/hadoop/hadoop-common-project/hadoop-common/src/main/java/org/apache/hadoop/fs/CanSetReadahead.java,26
hadoop,org.apache.hadoop.fs,MD5MD5CRC32GzipFileChecksum,0,0,3,3,20,3,0,2,-1.0,0,2,/Users/eashraf/hadoop/hadoop-common-project/hadoop-common/src/main/java/org/apache/hadoop/fs/MD5MD5CRC32GzipFileChecksum.java,24
hadoop,org.apache.hadoop.fs,BufferedFSInputStream,0,0,9,9,68,16,0,1,-1.0,1,2,/Users/eashraf/hadoop/hadoop-common-project/hadoop-common/src/main/java/org/apache/hadoop/fs/BufferedFSInputStream.java,29
hadoop,org.apache.hadoop.fs,AbstractFileSystem,10,0,72,67,743,137,4,0,0.4166666666666667,18,22,/Users/eashraf/hadoop/hadoop-common-project/hadoop-common/src/main/java/org/apache/hadoop/fs/AbstractFileSystem.java,55
hadoop,org.apache.hadoop.fs,XAttrCodec,3,0,2,2,70,10,0,0,0.0,13,0,/Users/eashraf/hadoop/hadoop-common-project/hadoop-common/src/main/java/org/apache/hadoop/fs/XAttrCodec.java,30
hadoop,org.apache.hadoop.fs,FileContext,18,5,110,98,1471,132,0,0,0.41818181818181815,132,25,/Users/eashraf/hadoop/hadoop-common-project/hadoop-common/src/main/java/org/apache/hadoop/fs/FileContext.java,61
hadoop,org.apache.hadoop.fs,FileContext.Util,3,0,0,0,298,0,0,0,-1.0,0,3,/Users/eashraf/hadoop/hadoop-common-project/hadoop-common/src/main/java/org/apache/hadoop/fs/FileContext.java,1589
hadoop,org.apache.hadoop.fs,FileContext.FileContextFinalizer,0,0,0,0,8,0,0,0,-1.0,0,0,/Users/eashraf/hadoop/hadoop-common-project/hadoop-common/src/main/java/org/apache/hadoop/fs/FileContext.java,2152
hadoop,org.apache.hadoop.fs,HasEnhancedByteBufferAccess,0,0,2,2,19,2,1,0,-1.0,0,1,/Users/eashraf/hadoop/hadoop-common-project/hadoop-common/src/main/java/org/apache/hadoop/fs/HasEnhancedByteBufferAccess.java,29
hadoop,org.apache.hadoop.fs,PathFilter,0,0,1,0,8,1,4,0,-1.0,29,1,/Users/eashraf/hadoop/hadoop-common-project/hadoop-common/src/main/java/org/apache/hadoop/fs/PathFilter.java,23
hadoop,org.apache.hadoop.fs,FsUrlStreamHandler,1,0,3,0,15,3,0,0,0.0,1,2,/Users/eashraf/hadoop/hadoop-common-project/hadoop-common/src/main/java/org/apache/hadoop/fs/FsUrlStreamHandler.java,28
hadoop,org.apache.hadoop.fs,HarFileSystem,34,5,62,46,823,104,0,1,0.3548387096774194,5,13,/Users/eashraf/hadoop/hadoop-common-project/hadoop-common/src/main/java/org/apache/hadoop/fs/HarFileSystem.java,37
hadoop,org.apache.hadoop.fs,HarFileSystem.Store,2,2,0,0,8,0,0,0,-1.0,0,0,/Users/eashraf/hadoop/hadoop-common-project/hadoop-common/src/main/java/org/apache/hadoop/fs/HarFileSystem.java,486
hadoop,org.apache.hadoop.fs,HarFileSystem.HarStatus,7,0,0,0,52,0,0,0,-1.0,0,0,/Users/eashraf/hadoop/hadoop-common-project/hadoop-common/src/main/java/org/apache/hadoop/fs/HarFileSystem.java,573
hadoop,org.apache.hadoop.fs,HarFileSystem.HarFSDataInputStream,5,0,0,0,139,0,0,2,-1.0,0,1,/Users/eashraf/hadoop/hadoop-common-project/hadoop-common/src/main/java/org/apache/hadoop/fs/HarFileSystem.java,888
hadoop,org.apache.hadoop.fs,HarFileSystem.HarFsInputStream,5,0,0,0,122,0,0,2,-1.0,0,1,/Users/eashraf/hadoop/hadoop-common-project/hadoop-common/src/main/java/org/apache/hadoop/fs/HarFileSystem.java,893
hadoop,org.apache.hadoop.fs,HarFileSystem.HarMetaData,9,0,0,0,91,0,0,0,-1.0,0,3,/Users/eashraf/hadoop/hadoop-common-project/hadoop-common/src/main/java/org/apache/hadoop/fs/HarFileSystem.java,1094
hadoop,org.apache.hadoop.fs,HarFileSystem.LruCache,1,0,0,0,10,0,0,0,-1.0,0,0,/Users/eashraf/hadoop/hadoop-common-project/hadoop-common/src/main/java/org/apache/hadoop/fs/HarFileSystem.java,1211
hadoop,org.apache.hadoop.fs,PathAccessDeniedException,1,0,1,1,12,1,0,1,0.0,0,0,/Users/eashraf/hadoop/hadoop-common-project/hadoop-common/src/main/java/org/apache/hadoop/fs/PathAccessDeniedException.java,20
hadoop,org.apache.hadoop.fs,UnsupportedFileSystemException,1,0,1,1,13,1,0,0,0.0,12,0,/Users/eashraf/hadoop/hadoop-common-project/hadoop-common/src/main/java/org/apache/hadoop/fs/UnsupportedFileSystemException.java,25
hadoop,org.apache.hadoop.fs,FsUrlConnection,2,0,3,2,26,4,0,0,0.0,1,3,/Users/eashraf/hadoop/hadoop-common-project/hadoop-common/src/main/java/org/apache/hadoop/fs/FsUrlConnection.java,30
hadoop,org.apache.hadoop.fs,FilterFs,1,0,53,51,184,53,1,1,0.0,0,16,/Users/eashraf/hadoop/hadoop-common-project/hadoop-common/src/main/java/org/apache/hadoop/fs/FilterFs.java,39
hadoop,org.apache.hadoop.fs,Options,11,0,0,0,269,0,0,0,-1.0,51,3,/Users/eashraf/hadoop/hadoop-common-project/hadoop-common/src/main/java/org/apache/hadoop/fs/Options.java,26
hadoop,org.apache.hadoop.fs,Options.CreateOpts,8,0,0,0,178,0,0,0,-1.0,0,2,/Users/eashraf/hadoop/hadoop-common-project/hadoop-common/src/main/java/org/apache/hadoop/fs/Options.java,32
hadoop,org.apache.hadoop.fs,Options.BlockSize,1,0,0,0,12,0,0,0,-1.0,0,0,/Users/eashraf/hadoop/hadoop-common-project/hadoop-common/src/main/java/org/apache/hadoop/fs/Options.java,64
hadoop,org.apache.hadoop.fs,Options.ReplicationFactor,1,0,0,0,12,0,0,0,-1.0,0,0,/Users/eashraf/hadoop/hadoop-common-project/hadoop-common/src/main/java/org/apache/hadoop/fs/Options.java,76
hadoop,org.apache.hadoop.fs,Options.BufferSize,1,0,0,0,12,0,0,0,-1.0,0,0,/Users/eashraf/hadoop/hadoop-common-project/hadoop-common/src/main/java/org/apache/hadoop/fs/Options.java,88
hadoop,org.apache.hadoop.fs,Options.BytesPerChecksum,1,0,0,0,15,0,0,0,-1.0,0,0,/Users/eashraf/hadoop/hadoop-common-project/hadoop-common/src/main/java/org/apache/hadoop/fs/Options.java,100
hadoop,org.apache.hadoop.fs,Options.ChecksumParam,1,0,0,0,9,0,0,0,-1.0,0,0,/Users/eashraf/hadoop/hadoop-common-project/hadoop-common/src/main/java/org/apache/hadoop/fs/Options.java,113
hadoop,org.apache.hadoop.fs,Options.Perms,1,0,0,0,12,0,0,0,-1.0,0,1,/Users/eashraf/hadoop/hadoop-common-project/hadoop-common/src/main/java/org/apache/hadoop/fs/Options.java,121
hadoop,org.apache.hadoop.fs,Options.Progress,1,0,0,0,12,0,0,0,-1.0,0,1,/Users/eashraf/hadoop/hadoop-common-project/hadoop-common/src/main/java/org/apache/hadoop/fs/Options.java,132
hadoop,org.apache.hadoop.fs,Options.CreateParent,1,0,0,0,9,0,0,0,-1.0,0,0,/Users/eashraf/hadoop/hadoop-common-project/hadoop-common/src/main/java/org/apache/hadoop/fs/Options.java,143
hadoop,org.apache.hadoop.fs,Options.Rename,1,0,0,0,14,0,0,0,-1.0,0,0,/Users/eashraf/hadoop/hadoop-common-project/hadoop-common/src/main/java/org/apache/hadoop/fs/Options.java,211
hadoop,org.apache.hadoop.fs,Options.ChecksumOpt,2,0,0,0,72,0,0,0,-1.0,0,1,/Users/eashraf/hadoop/hadoop-common-project/hadoop-common/src/main/java/org/apache/hadoop/fs/Options.java,233
hadoop,org.apache.hadoop.fs,Syncable,0,0,2,2,15,2,1,0,-1.0,0,0,/Users/eashraf/hadoop/hadoop-common-project/hadoop-common/src/main/java/org/apache/hadoop/fs/Syncable.java,26
hadoop,org.apache.hadoop.fs,FsConstants,5,4,0,0,13,0,0,0,-1.0,31,0,/Users/eashraf/hadoop/hadoop-common-project/hadoop-common/src/main/java/org/apache/hadoop/fs/FsConstants.java,25
hadoop,org.apache.hadoop.fs,PathIsNotDirectoryException,1,0,1,1,12,1,0,2,0.0,0,0,/Users/eashraf/hadoop/hadoop-common-project/hadoop-common/src/main/java/org/apache/hadoop/fs/PathIsNotDirectoryException.java,20
hadoop,org.apache.hadoop.fs,InvalidRequestException,1,0,1,1,9,1,0,0,0.0,0,0,/Users/eashraf/hadoop/hadoop-common-project/hadoop-common/src/main/java/org/apache/hadoop/fs/InvalidRequestException.java,22
hadoop,org.apache.hadoop.fs,FsShell,13,6,20,6,264,47,1,0,0.25,20,9,/Users/eashraf/hadoop/hadoop-common-project/hadoop-common/src/main/java/org/apache/hadoop/fs/FsShell.java,39
hadoop,org.apache.hadoop.fs,FsShell.Usage,3,3,0,0,16,0,0,0,-1.0,0,0,/Users/eashraf/hadoop/hadoop-common-project/hadoop-common/src/main/java/org/apache/hadoop/fs/FsShell.java,117
hadoop,org.apache.hadoop.fs,FsShell.Help,3,3,0,0,16,0,0,0,-1.0,0,0,/Users/eashraf/hadoop/hadoop-common-project/hadoop-common/src/main/java/org/apache/hadoop/fs/FsShell.java,137
hadoop,org.apache.hadoop.fs,FsShell.UnknownCommandException,1,0,0,0,15,0,0,0,-1.0,0,0,/Users/eashraf/hadoop/hadoop-common-project/hadoop-common/src/main/java/org/apache/hadoop/fs/FsShell.java,352
hadoop,org.apache.hadoop.fs,PathExistsException,1,0,2,1,15,2,4,1,1.0,0,0,/Users/eashraf/hadoop/hadoop-common-project/hadoop-common/src/main/java/org/apache/hadoop/fs/PathExistsException.java,20
hadoop,org.apache.hadoop.fs,FileEncryptionInfo,6,0,8,8,81,8,0,0,0.0,12,2,/Users/eashraf/hadoop/hadoop-common-project/hadoop-common/src/main/java/org/apache/hadoop/fs/FileEncryptionInfo.java,28
hadoop,org.apache.hadoop.fs,ReadOption,0,0,0,0,7,0,0,0,-1.0,3,0,/Users/eashraf/hadoop/hadoop-common-project/hadoop-common/src/main/java/org/apache/hadoop/fs/ReadOption.java,23
hadoop,org.apache.hadoop.fs,FsUrlStreamHandlerFactory,3,0,3,3,39,5,0,0,0.6666666666666666,2,3,/Users/eashraf/hadoop/hadoop-common-project/hadoop-common/src/main/java/org/apache/hadoop/fs/FsUrlStreamHandlerFactory.java,29
hadoop,org.apache.hadoop.fs,AvroFSInput,2,0,7,7,37,7,0,0,0.0,1,4,/Users/eashraf/hadoop/hadoop-common-project/hadoop-common/src/main/java/org/apache/hadoop/fs/AvroFSInput.java,28
hadoop,org.apache.hadoop.fs,GlobFilter,3,0,6,4,45,6,0,1,0.3333333333333333,1,3,/Users/eashraf/hadoop/hadoop-common-project/hadoop-common/src/main/java/org/apache/hadoop/fs/GlobFilter.java,27
hadoop,org.apache.hadoop.fs,UnresolvedLinkException,1,0,2,2,12,2,0,0,1.0,8,0,/Users/eashraf/hadoop/hadoop-common-project/hadoop-common/src/main/java/org/apache/hadoop/fs/UnresolvedLinkException.java,26
hadoop,org.apache.hadoop.fs,DelegationTokenRenewer,9,1,7,4,212,15,0,0,0.2857142857142857,3,1,/Users/eashraf/hadoop/hadoop-common-project/hadoop-common/src/main/java/org/apache/hadoop/fs/DelegationTokenRenewer.java,36
hadoop,org.apache.hadoop.fs,DelegationTokenRenewer.Renewable,0,0,0,0,13,0,0,0,-1.0,0,0,/Users/eashraf/hadoop/hadoop-common-project/hadoop-common/src/main/java/org/apache/hadoop/fs/DelegationTokenRenewer.java,45
hadoop,org.apache.hadoop.fs,DelegationTokenRenewer.RenewAction,4,0,0,0,96,0,0,0,-1.0,0,1,/Users/eashraf/hadoop/hadoop-common-project/hadoop-common/src/main/java/org/apache/hadoop/fs/DelegationTokenRenewer.java,54
hadoop,org.apache.hadoop.fs,ByteBufferReadable,0,0,1,1,12,1,1,0,-1.0,1,0,/Users/eashraf/hadoop/hadoop-common-project/hadoop-common/src/main/java/org/apache/hadoop/fs/ByteBufferReadable.java,23
hadoop,org.apache.hadoop.fs,Globber,5,1,10,3,173,40,0,0,0.0,0,7,/Users/eashraf/hadoop/hadoop-common-project/hadoop-common/src/main/java/org/apache/hadoop/fs/Globber.java,30
hadoop,org.apache.hadoop.fs,FSDataOutputStream,3,0,8,8,88,10,0,1,0.5,250,1,/Users/eashraf/hadoop/hadoop-common-project/hadoop-common/src/main/java/org/apache/hadoop/fs/FSDataOutputStream.java,28
hadoop,org.apache.hadoop.fs,FSDataOutputStream.PositionCache,2,0,0,0,31,0,0,0,-1.0,0,1,/Users/eashraf/hadoop/hadoop-common-project/hadoop-common/src/main/java/org/apache/hadoop/fs/FSDataOutputStream.java,36
hadoop,org.apache.hadoop.fs,PositionedReadable,0,0,3,3,17,3,3,0,-1.0,0,0,/Users/eashraf/hadoop/hadoop-common-project/hadoop-common/src/main/java/org/apache/hadoop/fs/PositionedReadable.java,25
hadoop,org.apache.hadoop.fs,Path,7,4,33,26,335,60,0,0,0.12121212121212122,1191,2,/Users/eashraf/hadoop/hadoop-common-project/hadoop-common/src/main/java/org/apache/hadoop/fs/Path.java,33
hadoop,org.apache.hadoop.fs,ChecksumException,2,0,2,2,14,2,0,0,0.0,4,0,/Users/eashraf/hadoop/hadoop-common-project/hadoop-common/src/main/java/org/apache/hadoop/fs/ChecksumException.java,26
hadoop,org.apache.hadoop.fs,FsServerDefaults,8,0,13,13,73,13,0,0,0.23076923076923078,14,2,/Users/eashraf/hadoop/hadoop-common-project/hadoop-common/src/main/java/org/apache/hadoop/fs/FsServerDefaults.java,32
hadoop,org.apache.hadoop.fs,JHLogAnalyzer,52,0,9,1,755,33,0,0,0.4444444444444444,2,8,/Users/eashraf/hadoop/hadoop-mapreduce-project/hadoop-mapreduce-client/hadoop-mapreduce-client-jobclient/src/test/java/org/apache/hadoop/fs/JHLogAnalyzer.java,50
hadoop,org.apache.hadoop.fs,JHLogAnalyzer.StatSeries,1,0,0,0,8,0,0,0,-1.0,0,1,/Users/eashraf/hadoop/hadoop-mapreduce-project/hadoop-mapreduce-client/hadoop-mapreduce-client-jobclient/src/test/java/org/apache/hadoop/fs/JHLogAnalyzer.java,165
hadoop,org.apache.hadoop.fs,JHLogAnalyzer.FileCreateDaemon,7,0,0,0,73,0,0,0,-1.0,0,2,/Users/eashraf/hadoop/hadoop-mapreduce-project/hadoop-mapreduce-client/hadoop-mapreduce-client-jobclient/src/test/java/org/apache/hadoop/fs/JHLogAnalyzer.java,180
hadoop,org.apache.hadoop.fs,JHLogAnalyzer.JobHistoryLog,11,0,0,0,73,0,0,0,-1.0,0,0,/Users/eashraf/hadoop/hadoop-mapreduce-project/hadoop-mapreduce-client/hadoop-mapreduce-client-jobclient/src/test/java/org/apache/hadoop/fs/JHLogAnalyzer.java,275
hadoop,org.apache.hadoop.fs,JHLogAnalyzer.TaskHistoryLog,6,0,0,0,69,0,0,0,-1.0,0,0,/Users/eashraf/hadoop/hadoop-mapreduce-project/hadoop-mapreduce-client/hadoop-mapreduce-client-jobclient/src/test/java/org/apache/hadoop/fs/JHLogAnalyzer.java,380
hadoop,org.apache.hadoop.fs,JHLogAnalyzer.TaskAttemptHistoryLog,8,0,0,0,61,0,0,0,-1.0,0,0,/Users/eashraf/hadoop/hadoop-mapreduce-project/hadoop-mapreduce-client/hadoop-mapreduce-client-jobclient/src/test/java/org/apache/hadoop/fs/JHLogAnalyzer.java,477
hadoop,org.apache.hadoop.fs,JHLogAnalyzer.IntervalKey,4,0,0,0,36,0,0,0,-1.0,0,0,/Users/eashraf/hadoop/hadoop-mapreduce-project/hadoop-mapreduce-client/hadoop-mapreduce-client-jobclient/src/test/java/org/apache/hadoop/fs/JHLogAnalyzer.java,559
hadoop,org.apache.hadoop.fs,JHLogAnalyzer.JHLAMapper,6,0,0,0,218,0,0,1,-1.0,0,0,/Users/eashraf/hadoop/hadoop-mapreduce-project/hadoop-mapreduce-client/hadoop-mapreduce-client-jobclient/src/test/java/org/apache/hadoop/fs/JHLogAnalyzer.java,605
hadoop,org.apache.hadoop.fs,JHLogAnalyzer.JHLAPartitioner,1,0,0,0,25,0,0,0,-1.0,0,0,/Users/eashraf/hadoop/hadoop-mapreduce-project/hadoop-mapreduce-client/hadoop-mapreduce-client-jobclient/src/test/java/org/apache/hadoop/fs/JHLogAnalyzer.java,914
hadoop,org.apache.hadoop.fs,JHLogAnalyzer.LoggingCollector,0,0,0,0,5,0,0,0,-1.0,0,0,/Users/eashraf/hadoop/hadoop-mapreduce-project/hadoop-mapreduce-client/hadoop-mapreduce-client-jobclient/src/test/java/org/apache/hadoop/fs/JHLogAnalyzer.java,970
hadoop,org.apache.hadoop.fs,TestFileSystem,25,0,16,14,468,36,0,0,0.3125,1,12,/Users/eashraf/hadoop/hadoop-mapreduce-project/hadoop-mapreduce-client/hadoop-mapreduce-client-jobclient/src/test/java/org/apache/hadoop/fs/TestFileSystem.java,54
hadoop,org.apache.hadoop.fs,TestFileSystem.WriteMapper,5,0,0,0,58,0,0,0,-1.0,0,1,/Users/eashraf/hadoop/hadoop-mapreduce-project/hadoop-mapreduce-client/hadoop-mapreduce-client-jobclient/src/test/java/org/apache/hadoop/fs/TestFileSystem.java,151
hadoop,org.apache.hadoop.fs,TestFileSystem.ReadMapper,5,0,0,0,61,0,0,0,-1.0,0,1,/Users/eashraf/hadoop/hadoop-mapreduce-project/hadoop-mapreduce-client/hadoop-mapreduce-client-jobclient/src/test/java/org/apache/hadoop/fs/TestFileSystem.java,247
hadoop,org.apache.hadoop.fs,TestFileSystem.SeekMapper,4,0,0,0,58,0,0,0,-1.0,0,1,/Users/eashraf/hadoop/hadoop-mapreduce-project/hadoop-mapreduce-client/hadoop-mapreduce-client-jobclient/src/test/java/org/apache/hadoop/fs/TestFileSystem.java,346
hadoop,org.apache.hadoop.fs,TestFileSystem.TestShutdownFileSystem,1,0,0,0,12,0,0,2,-1.0,0,0,/Users/eashraf/hadoop/hadoop-mapreduce-project/hadoop-mapreduce-client/hadoop-mapreduce-client-jobclient/src/test/java/org/apache/hadoop/fs/TestFileSystem.java,652
hadoop,org.apache.hadoop.fs,DFSCIOTest,20,0,11,3,351,40,0,0,0.0,1,7,/Users/eashraf/hadoop/hadoop-mapreduce-project/hadoop-mapreduce-client/hadoop-mapreduce-client-jobclient/src/test/java/org/apache/hadoop/fs/DFSCIOTest.java,43
hadoop,org.apache.hadoop.fs,DFSCIOTest.IOStatMapper,0,0,0,0,19,0,0,1,-1.0,0,1,/Users/eashraf/hadoop/hadoop-mapreduce-project/hadoop-mapreduce-client/hadoop-mapreduce-client-jobclient/src/test/java/org/apache/hadoop/fs/DFSCIOTest.java,155
hadoop,org.apache.hadoop.fs,DFSCIOTest.WriteMapper,0,0,0,0,58,0,0,0,-1.0,0,0,/Users/eashraf/hadoop/hadoop-mapreduce-project/hadoop-mapreduce-client/hadoop-mapreduce-client-jobclient/src/test/java/org/apache/hadoop/fs/DFSCIOTest.java,194
hadoop,org.apache.hadoop.fs,DFSCIOTest.ReadMapper,0,0,0,0,61,0,0,0,-1.0,0,0,/Users/eashraf/hadoop/hadoop-mapreduce-project/hadoop-mapreduce-client/hadoop-mapreduce-client-jobclient/src/test/java/org/apache/hadoop/fs/DFSCIOTest.java,297
hadoop,org.apache.hadoop.fs,IOMapperBase,5,0,7,5,79,8,4,0,0.42857142857142855,0,3,/Users/eashraf/hadoop/hadoop-mapreduce-project/hadoop-mapreduce-client/hadoop-mapreduce-client-jobclient/src/test/java/org/apache/hadoop/fs/IOMapperBase.java,28
hadoop,org.apache.hadoop.fs,DistributedFSCheck,12,0,10,3,241,31,0,0,0.0,1,8,/Users/eashraf/hadoop/hadoop-mapreduce-project/hadoop-mapreduce-client/hadoop-mapreduce-client-jobclient/src/test/java/org/apache/hadoop/fs/DistributedFSCheck.java,46
hadoop,org.apache.hadoop.fs,DistributedFSCheck.DistributedFSCheckMapper,0,0,0,0,49,0,0,1,-1.0,0,1,/Users/eashraf/hadoop/hadoop-mapreduce-project/hadoop-mapreduce-client/hadoop-mapreduce-client-jobclient/src/test/java/org/apache/hadoop/fs/DistributedFSCheck.java,149
hadoop,org.apache.hadoop.fs,TestDFSIO,20,0,37,14,610,100,0,0,0.05405405405405406,1,18,/Users/eashraf/hadoop/hadoop-mapreduce-project/hadoop-mapreduce-client/hadoop-mapreduce-client-jobclient/src/test/java/org/apache/hadoop/fs/TestDFSIO.java,60
hadoop,org.apache.hadoop.fs,TestDFSIO.TestType,1,0,0,0,8,0,0,0,-1.0,0,0,/Users/eashraf/hadoop/hadoop-mapreduce-project/hadoop-mapreduce-client/hadoop-mapreduce-client-jobclient/src/test/java/org/apache/hadoop/fs/TestDFSIO.java,115
hadoop,org.apache.hadoop.fs,TestDFSIO.ByteMultiple,1,0,0,0,18,0,0,0,-1.0,0,0,/Users/eashraf/hadoop/hadoop-mapreduce-project/hadoop-mapreduce-client/hadoop-mapreduce-client-jobclient/src/test/java/org/apache/hadoop/fs/TestDFSIO.java,137
hadoop,org.apache.hadoop.fs,TestDFSIO.IOStatMapper,1,0,0,0,34,0,0,1,-1.0,0,2,/Users/eashraf/hadoop/hadoop-mapreduce-project/hadoop-mapreduce-client/hadoop-mapreduce-client-jobclient/src/test/java/org/apache/hadoop/fs/TestDFSIO.java,328
hadoop,org.apache.hadoop.fs,TestDFSIO.WriteMapper,0,0,0,0,24,0,0,0,-1.0,0,0,/Users/eashraf/hadoop/hadoop-mapreduce-project/hadoop-mapreduce-client/hadoop-mapreduce-client-jobclient/src/test/java/org/apache/hadoop/fs/TestDFSIO.java,392
hadoop,org.apache.hadoop.fs,TestDFSIO.AppendMapper,0,0,0,0,24,0,0,0,-1.0,0,0,/Users/eashraf/hadoop/hadoop-mapreduce-project/hadoop-mapreduce-client/hadoop-mapreduce-client-jobclient/src/test/java/org/apache/hadoop/fs/TestDFSIO.java,458
hadoop,org.apache.hadoop.fs,TestDFSIO.ReadMapper,0,0,0,0,24,0,0,0,-1.0,0,0,/Users/eashraf/hadoop/hadoop-mapreduce-project/hadoop-mapreduce-client/hadoop-mapreduce-client-jobclient/src/test/java/org/apache/hadoop/fs/TestDFSIO.java,504
hadoop,org.apache.hadoop.fs,TestDFSIO.RandomReadMapper,3,0,0,0,45,0,0,0,-1.0,0,0,/Users/eashraf/hadoop/hadoop-mapreduce-project/hadoop-mapreduce-client/hadoop-mapreduce-client-jobclient/src/test/java/org/apache/hadoop/fs/TestDFSIO.java,547
hadoop,org.apache.hadoop.fs,TestDFSIO.TruncateMapper,3,0,0,0,29,0,0,0,-1.0,0,1,/Users/eashraf/hadoop/hadoop-mapreduce-project/hadoop-mapreduce-client/hadoop-mapreduce-client-jobclient/src/test/java/org/apache/hadoop/fs/TestDFSIO.java,628
hadoop,org.apache.hadoop.fs,TestJHLA,2,0,3,3,167,8,0,0,0.0,0,1,/Users/eashraf/hadoop/hadoop-mapreduce-project/hadoop-mapreduce-client/hadoop-mapreduce-client-jobclient/src/test/java/org/apache/hadoop/fs/TestJHLA.java,33
hadoop,org.apache.hadoop.fs,AccumulatingReducer,5,0,2,2,45,8,0,0,0.0,8,1,/Users/eashraf/hadoop/hadoop-mapreduce-project/hadoop-mapreduce-client/hadoop-mapreduce-client-jobclient/src/test/java/org/apache/hadoop/fs/AccumulatingReducer.java,28
hadoop,org.apache.hadoop.fs,TestFcHdfsPermission,4,0,6,4,28,6,0,1,0.6666666666666666,0,6,/Users/eashraf/hadoop/hadoop-hdfs-project/hadoop-hdfs/src/test/java/org/apache/hadoop/fs/TestFcHdfsPermission.java,35
hadoop,org.apache.hadoop.fs,TestSymlinkHdfsFileSystem,0,0,7,7,57,8,0,2,-1.0,0,1,/Users/eashraf/hadoop/hadoop-hdfs-project/hadoop-hdfs/src/test/java/org/apache/hadoop/fs/TestSymlinkHdfsFileSystem.java,29
hadoop,org.apache.hadoop.fs,TestVolumeId,0,0,6,3,80,11,0,0,-1.0,0,2,/Users/eashraf/hadoop/hadoop-hdfs-project/hadoop-hdfs/src/test/java/org/apache/hadoop/fs/TestVolumeId.java,23
hadoop,org.apache.hadoop.fs,TestSymlinkHdfsFileContext,1,0,2,2,20,2,0,2,0.0,0,3,/Users/eashraf/hadoop/hadoop-hdfs-project/hadoop-hdfs/src/test/java/org/apache/hadoop/fs/TestSymlinkHdfsFileContext.java,27
hadoop,org.apache.hadoop.fs,TestGlobPaths,13,0,45,38,858,53,0,0,0.044444444444444446,0,12,/Users/eashraf/hadoop/hadoop-hdfs-project/hadoop-hdfs/src/test/java/org/apache/hadoop/fs/TestGlobPaths.java,37
hadoop,org.apache.hadoop.fs,TestGlobPaths.RegexPathFilter,1,0,0,0,9,0,0,1,-1.0,0,0,/Users/eashraf/hadoop/hadoop-hdfs-project/hadoop-hdfs/src/test/java/org/apache/hadoop/fs/TestGlobPaths.java,43
hadoop,org.apache.hadoop.fs,TestGlobPaths.FSTestWrapperGlobTest,2,0,0,0,18,0,0,0,-1.0,0,1,/Users/eashraf/hadoop/hadoop-hdfs-project/hadoop-hdfs/src/test/java/org/apache/hadoop/fs/TestGlobPaths.java,787
hadoop,org.apache.hadoop.fs,TestGlobPaths.AcceptAllPathFilter,0,0,0,0,8,0,0,1,-1.0,0,0,/Users/eashraf/hadoop/hadoop-hdfs-project/hadoop-hdfs/src/test/java/org/apache/hadoop/fs/TestGlobPaths.java,831
hadoop,org.apache.hadoop.fs,TestGlobPaths.AcceptPathsEndingInZ,0,0,0,0,9,0,0,1,-1.0,0,0,/Users/eashraf/hadoop/hadoop-hdfs-project/hadoop-hdfs/src/test/java/org/apache/hadoop/fs/TestGlobPaths.java,843
hadoop,org.apache.hadoop.fs,TestGlobPaths.TestGlobWithSymlinks,0,0,0,0,23,0,0,0,-1.0,0,0,/Users/eashraf/hadoop/hadoop-hdfs-project/hadoop-hdfs/src/test/java/org/apache/hadoop/fs/TestGlobPaths.java,854
hadoop,org.apache.hadoop.fs,TestGlobPaths.TestGlobWithSymlinksToSymlinks,0,0,0,0,36,0,0,0,-1.0,0,0,/Users/eashraf/hadoop/hadoop-hdfs-project/hadoop-hdfs/src/test/java/org/apache/hadoop/fs/TestGlobPaths.java,908
hadoop,org.apache.hadoop.fs,TestGlobPaths.TestGlobSymlinksWithCustomPathFilter,0,0,0,0,23,0,0,0,-1.0,0,0,/Users/eashraf/hadoop/hadoop-hdfs-project/hadoop-hdfs/src/test/java/org/apache/hadoop/fs/TestGlobPaths.java,990
hadoop,org.apache.hadoop.fs,TestGlobPaths.TestGlobFillsInScheme,0,0,0,0,23,0,0,0,-1.0,0,0,/Users/eashraf/hadoop/hadoop-hdfs-project/hadoop-hdfs/src/test/java/org/apache/hadoop/fs/TestGlobPaths.java,1044
hadoop,org.apache.hadoop.fs,TestGlobPaths.TestRelativePath,0,0,0,0,24,0,0,0,-1.0,0,0,/Users/eashraf/hadoop/hadoop-hdfs-project/hadoop-hdfs/src/test/java/org/apache/hadoop/fs/TestGlobPaths.java,1089
hadoop,org.apache.hadoop.fs,TestGlobPaths.TestGlobAccessDenied,0,0,0,0,20,0,0,0,-1.0,0,0,/Users/eashraf/hadoop/hadoop-hdfs-project/hadoop-hdfs/src/test/java/org/apache/hadoop/fs/TestGlobPaths.java,1138
hadoop,org.apache.hadoop.fs,TestGlobPaths.TestReservedHdfsPaths,0,0,0,0,13,0,0,0,-1.0,0,1,/Users/eashraf/hadoop/hadoop-hdfs-project/hadoop-hdfs/src/test/java/org/apache/hadoop/fs/TestGlobPaths.java,1181
hadoop,org.apache.hadoop.fs,TestGlobPaths.TestGlobRoot,0,0,0,0,18,0,0,0,-1.0,0,0,/Users/eashraf/hadoop/hadoop-hdfs-project/hadoop-hdfs/src/test/java/org/apache/hadoop/fs/TestGlobPaths.java,1211
hadoop,org.apache.hadoop.fs,TestGlobPaths.TestNonTerminalGlobs,0,0,0,0,26,0,0,0,-1.0,0,0,/Users/eashraf/hadoop/hadoop-hdfs-project/hadoop-hdfs/src/test/java/org/apache/hadoop/fs/TestGlobPaths.java,1242
hadoop,org.apache.hadoop.fs,TestUnbuffer,1,0,2,2,70,7,0,0,1.0,0,10,/Users/eashraf/hadoop/hadoop-hdfs-project/hadoop-hdfs/src/test/java/org/apache/hadoop/fs/TestUnbuffer.java,33
hadoop,org.apache.hadoop.fs,TestFcHdfsCreateMkdir,2,0,5,4,23,5,0,1,0.8,0,6,/Users/eashraf/hadoop/hadoop-hdfs-project/hadoop-hdfs/src/test/java/org/apache/hadoop/fs/TestFcHdfsCreateMkdir.java,35
hadoop,org.apache.hadoop.fs,TestEnhancedByteBufferAccess,9,0,22,19,607,51,0,0,0.18181818181818182,0,23,/Users/eashraf/hadoop/hadoop-hdfs-project/hadoop-hdfs/src/test/java/org/apache/hadoop/fs/TestEnhancedByteBufferAccess.java,78
hadoop,org.apache.hadoop.fs,TestEnhancedByteBufferAccess.CountingVisitor,4,0,0,0,26,0,0,0,-1.0,0,0,/Users/eashraf/hadoop/hadoop-hdfs-project/hadoop-hdfs/src/test/java/org/apache/hadoop/fs/TestEnhancedByteBufferAccess.java,293
hadoop,org.apache.hadoop.fs,TestEnhancedByteBufferAccess.RestrictedAllocatingByteBufferPool,1,0,0,0,12,0,0,0,-1.0,0,0,/Users/eashraf/hadoop/hadoop-hdfs-project/hadoop-hdfs/src/test/java/org/apache/hadoop/fs/TestEnhancedByteBufferAccess.java,472
hadoop,org.apache.hadoop.fs,TestFcHdfsSetUMask,13,0,20,20,110,20,0,0,0.0,0,9,/Users/eashraf/hadoop/hadoop-hdfs-project/hadoop-hdfs/src/test/java/org/apache/hadoop/fs/TestFcHdfsSetUMask.java,43
hadoop,org.apache.hadoop.fs,TestHdfsNativeCodeLoader,1,0,2,1,21,7,0,0,0.0,0,1,/Users/eashraf/hadoop/hadoop-hdfs-project/hadoop-hdfs/src/test/java/org/apache/hadoop/fs/TestHdfsNativeCodeLoader.java,27
hadoop,org.apache.hadoop.fs,TestResolveHdfsSymlink,2,0,6,6,93,10,0,0,0.0,0,14,/Users/eashraf/hadoop/hadoop-hdfs-project/hadoop-hdfs/src/test/java/org/apache/hadoop/fs/TestResolveHdfsSymlink.java,47
hadoop,org.apache.hadoop.fs,TestSymlinkHdfs,3,0,17,12,217,21,2,1,0.23529411764705882,0,14,/Users/eashraf/hadoop/hadoop-hdfs-project/hadoop-hdfs/src/test/java/org/apache/hadoop/fs/TestSymlinkHdfs.java,44
hadoop,org.apache.hadoop.fs,TestHDFSFileContextMainOperations,3,0,20,12,194,24,0,1,0.45,0,13,/Users/eashraf/hadoop/hadoop-hdfs-project/hadoop-hdfs/src/test/java/org/apache/hadoop/fs/TestHDFSFileContextMainOperations.java,45
hadoop,org.apache.hadoop.fs,TestUrlStreamHandler,1,0,2,2,70,8,0,0,1.0,0,5,/Users/eashraf/hadoop/hadoop-hdfs-project/hadoop-hdfs/src/test/java/org/apache/hadoop/fs/TestUrlStreamHandler.java,37
hadoop,org.apache.hadoop.fs,TestXAttr,6,0,3,3,38,3,0,0,0.0,0,1,/Users/eashraf/hadoop/hadoop-hdfs-project/hadoop-hdfs/src/test/java/org/apache/hadoop/fs/TestXAttr.java,28
hadoop,org.apache.hadoop.fs,TestSymlinkHdfsDisable,0,0,1,1,29,1,0,0,-1.0,0,9,/Users/eashraf/hadoop/hadoop-hdfs-project/hadoop-hdfs/src/test/java/org/apache/hadoop/fs/TestSymlinkHdfsDisable.java,32
hadoop,org.apache.hadoop.fs,TestUrlStreamHandlerFactory,4,0,3,2,43,7,0,0,0.6666666666666666,0,1,/Users/eashraf/hadoop/hadoop-hdfs-project/hadoop-hdfs/src/test/java/org/apache/hadoop/fs/TestUrlStreamHandlerFactory.java,30
hadoop,org.apache.hadoop.fs,TestFiRename,8,0,15,10,184,22,0,0,0.0,0,8,/Users/eashraf/hadoop/hadoop-hdfs-project/hadoop-hdfs/src/test/aop/org/apache/hadoop/fs/TestFiRename.java,39
hadoop,org.apache.hadoop.fs,TestFiListPath,5,0,6,6,54,8,0,0,0.0,0,7,/Users/eashraf/hadoop/hadoop-hdfs-project/hadoop-hdfs/src/test/aop/org/apache/hadoop/fs/TestFiListPath.java,41
hadoop,org.apache.hadoop.fs,HdfsVolumeId,1,0,5,5,32,8,0,1,0.0,2,2,/Users/eashraf/hadoop/hadoop-hdfs-project/hadoop-hdfs/src/main/java/org/apache/hadoop/fs/HdfsVolumeId.java,28
hadoop,org.apache.hadoop.fs,CacheFlag,1,0,2,0,14,2,0,0,0.0,12,0,/Users/eashraf/hadoop/hadoop-hdfs-project/hadoop-hdfs/src/main/java/org/apache/hadoop/fs/CacheFlag.java,23
hadoop,org.apache.hadoop.fs,Hdfs,6,0,46,45,267,57,0,1,0.15217391304347827,0,21,/Users/eashraf/hadoop/hadoop-hdfs-project/hadoop-hdfs/src/main/java/org/apache/hadoop/fs/Hdfs.java,58
hadoop,org.apache.hadoop.fs,Hdfs.DirListingIterator,4,0,0,0,43,0,0,1,-1.0,0,2,/Users/eashraf/hadoop/hadoop-hdfs-project/hadoop-hdfs/src/main/java/org/apache/hadoop/fs/Hdfs.java,186
hadoop,org.apache.hadoop.fs,XAttr,6,0,8,7,82,14,0,0,0.0,20,0,/Users/eashraf/hadoop/hadoop-hdfs-project/hadoop-hdfs/src/main/java/org/apache/hadoop/fs/XAttr.java,26
hadoop,org.apache.hadoop.fs,XAttr.NameSpace,0,0,0,0,1,0,0,0,-1.0,0,0,/Users/eashraf/hadoop/hadoop-hdfs-project/hadoop-hdfs/src/main/java/org/apache/hadoop/fs/XAttr.java,60
hadoop,org.apache.hadoop.fs,XAttr.Builder,3,0,0,0,20,0,0,0,-1.0,0,0,/Users/eashraf/hadoop/hadoop-hdfs-project/hadoop-hdfs/src/main/java/org/apache/hadoop/fs/XAttr.java,72
hadoop,org.apache.hadoop.fs,HdfsBlockLocation,1,0,2,2,13,2,0,1,0.0,2,2,/Users/eashraf/hadoop/hadoop-hdfs-project/hadoop-hdfs/src/main/java/org/apache/hadoop/fs/HdfsBlockLocation.java,26
hadoop,org.apache.hadoop.fs,VolumeId,0,0,3,3,8,3,1,0,-1.0,4,0,/Users/eashraf/hadoop/hadoop-hdfs-project/hadoop-hdfs/src/main/java/org/apache/hadoop/fs/VolumeId.java,23
hadoop,org.apache.hadoop.fs,BlockStorageLocation,1,0,2,2,17,2,0,1,0.0,3,2,/Users/eashraf/hadoop/hadoop-hdfs-project/hadoop-hdfs/src/main/java/org/apache/hadoop/fs/BlockStorageLocation.java,25
hadoop,org.apache.hadoop.fs.ftp,TestFTPFileSystem,0,0,1,1,6,1,0,0,-1.0,0,1,/Users/eashraf/hadoop/hadoop-common-project/hadoop-common/src/test/java/org/apache/hadoop/fs/ftp/TestFTPFileSystem.java,25
hadoop,org.apache.hadoop.fs.ftp,FtpFs,0,0,3,2,21,3,0,0,-1.0,0,3,/Users/eashraf/hadoop/hadoop-common-project/hadoop-common/src/main/java/org/apache/hadoop/fs/ftp/FtpFs.java,33
hadoop,org.apache.hadoop.fs.ftp,FTPFileSystem,9,8,30,15,477,70,0,0,0.16666666666666666,2,9,/Users/eashraf/hadoop/hadoop-common-project/hadoop-common/src/main/java/org/apache/hadoop/fs/ftp/FTPFileSystem.java,48
hadoop,org.apache.hadoop.fs.ftp,FTPInputStream,5,0,10,10,79,21,0,0,0.5,0,1,/Users/eashraf/hadoop/hadoop-common-project/hadoop-common/src/main/java/org/apache/hadoop/fs/ftp/FTPInputStream.java,29
hadoop,org.apache.hadoop.fs.ftp,FtpConfigKeys,13,13,1,0,21,1,0,0,0.0,1,1,/Users/eashraf/hadoop/hadoop-common-project/hadoop-common/src/main/java/org/apache/hadoop/fs/ftp/FtpConfigKeys.java,28
hadoop,org.apache.hadoop.fs.ftp,FTPException,1,0,3,3,15,3,0,0,1.0,0,0,/Users/eashraf/hadoop/hadoop-common-project/hadoop-common/src/main/java/org/apache/hadoop/fs/ftp/FTPException.java,23
hadoop,org.apache.hadoop.fs.contract,AbstractContractAppendTest,3,0,6,6,71,6,0,2,0.0,0,3,/Users/eashraf/hadoop/hadoop-common-project/hadoop-common/src/test/java/org/apache/hadoop/fs/contract/AbstractContractAppendTest.java,32
hadoop,org.apache.hadoop.fs.contract,AbstractContractOpenTest,1,0,8,7,102,8,0,2,0.5,0,6,/Users/eashraf/hadoop/hadoop-common-project/hadoop-common/src/test/java/org/apache/hadoop/fs/contract/AbstractContractOpenTest.java,37
hadoop,org.apache.hadoop.fs.contract,AbstractContractRenameTest,0,0,6,6,146,12,0,2,-1.0,0,4,/Users/eashraf/hadoop/hadoop-common-project/hadoop-common/src/test/java/org/apache/hadoop/fs/contract/AbstractContractRenameTest.java,32
hadoop,org.apache.hadoop.fs.contract,AbstractContractCreateTest,0,0,6,6,119,10,0,2,-1.0,0,5,/Users/eashraf/hadoop/hadoop-common-project/hadoop-common/src/test/java/org/apache/hadoop/fs/contract/AbstractContractCreateTest.java,37
hadoop,org.apache.hadoop.fs.contract,AbstractContractDeleteTest,0,0,8,8,66,8,0,2,-1.0,0,3,/Users/eashraf/hadoop/hadoop-common-project/hadoop-common/src/test/java/org/apache/hadoop/fs/contract/AbstractContractDeleteTest.java,27
hadoop,org.apache.hadoop.fs.contract,ContractOptions,23,0,0,0,115,0,1,0,-1.0,5,0,/Users/eashraf/hadoop/hadoop-common-project/hadoop-common/src/test/java/org/apache/hadoop/fs/contract/ContractOptions.java,21
hadoop,org.apache.hadoop.fs.contract,AbstractContractSeekTest,6,1,13,12,240,19,0,2,0.15384615384615385,0,6,/Users/eashraf/hadoop/hadoop-common-project/hadoop-common/src/test/java/org/apache/hadoop/fs/contract/AbstractContractSeekTest.java,40
hadoop,org.apache.hadoop.fs.contract,AbstractBondedFSContract,5,1,7,5,64,8,0,1,0.42857142857142855,0,3,/Users/eashraf/hadoop/hadoop-common-project/hadoop-common/src/test/java/org/apache/hadoop/fs/contract/AbstractBondedFSContract.java,31
hadoop,org.apache.hadoop.fs.contract,AbstractFSContract,2,0,16,12,134,18,1,0,0.5,1,3,/Users/eashraf/hadoop/hadoop-common-project/hadoop-common/src/test/java/org/apache/hadoop/fs/contract/AbstractFSContract.java,34
hadoop,org.apache.hadoop.fs.contract,AbstractFSContractTestBase,7,3,27,6,248,31,9,1,0.1111111111111111,1,5,/Users/eashraf/hadoop/hadoop-common-project/hadoop-common/src/test/java/org/apache/hadoop/fs/contract/AbstractFSContractTestBase.java,40
hadoop,org.apache.hadoop.fs.contract,AbstractContractMkdirTest,0,0,5,5,83,5,0,2,-1.0,0,3,/Users/eashraf/hadoop/hadoop-common-project/hadoop-common/src/test/java/org/apache/hadoop/fs/contract/AbstractContractMkdirTest.java,32
hadoop,org.apache.hadoop.fs.contract,AbstractContractConcatTest,5,0,5,5,57,5,0,2,0.0,0,2,/Users/eashraf/hadoop/hadoop-common-project/hadoop-common/src/test/java/org/apache/hadoop/fs/contract/AbstractContractConcatTest.java,32
hadoop,org.apache.hadoop.fs.contract,ContractTestUtils,6,5,43,43,652,82,0,0,0.2558139534883721,16,5,/Users/eashraf/hadoop/hadoop-common-project/hadoop-common/src/test/java/org/apache/hadoop/fs/contract/ContractTestUtils.java,40
hadoop,org.apache.hadoop.fs.contract,AbstractContractRootDirectoryTest,1,0,6,6,75,7,0,2,0.8333333333333334,0,3,/Users/eashraf/hadoop/hadoop-common-project/hadoop-common/src/test/java/org/apache/hadoop/fs/contract/AbstractContractRootDirectoryTest.java,32
hadoop,org.apache.hadoop.fs.contract.ftp,TestFTPContractOpen,0,0,1,0,5,1,0,0,-1.0,0,1,/Users/eashraf/hadoop/hadoop-common-project/hadoop-common/src/test/java/org/apache/hadoop/fs/contract/ftp/TestFTPContractOpen.java,25
hadoop,org.apache.hadoop.fs.contract.ftp,TestFTPContractDelete,0,0,1,0,5,1,0,0,-1.0,0,1,/Users/eashraf/hadoop/hadoop-common-project/hadoop-common/src/test/java/org/apache/hadoop/fs/contract/ftp/TestFTPContractDelete.java,25
hadoop,org.apache.hadoop.fs.contract.ftp,FTPContract,5,2,3,3,25,3,0,0,1.0,0,3,/Users/eashraf/hadoop/hadoop-common-project/hadoop-common/src/test/java/org/apache/hadoop/fs/contract/ftp/FTPContract.java,31
hadoop,org.apache.hadoop.fs.contract.ftp,TestFTPContractMkdir,0,0,1,0,8,1,0,0,-1.0,0,1,/Users/eashraf/hadoop/hadoop-common-project/hadoop-common/src/test/java/org/apache/hadoop/fs/contract/ftp/TestFTPContractMkdir.java,25
hadoop,org.apache.hadoop.fs.contract.ftp,TestFTPContractCreate,0,0,1,0,5,1,0,0,-1.0,0,1,/Users/eashraf/hadoop/hadoop-common-project/hadoop-common/src/test/java/org/apache/hadoop/fs/contract/ftp/TestFTPContractCreate.java,25
hadoop,org.apache.hadoop.fs.contract.ftp,TestFTPContractRename,0,0,4,2,33,5,0,0,-1.0,0,2,/Users/eashraf/hadoop/hadoop-common-project/hadoop-common/src/test/java/org/apache/hadoop/fs/contract/ftp/TestFTPContractRename.java,28
hadoop,org.apache.hadoop.fs.contract.rawlocal,TestRawlocalContractRename,0,0,1,0,5,1,0,0,-1.0,0,1,/Users/eashraf/hadoop/hadoop-common-project/hadoop-common/src/test/java/org/apache/hadoop/fs/contract/rawlocal/TestRawlocalContractRename.java,25
hadoop,org.apache.hadoop.fs.contract.rawlocal,TestRawlocalContractAppend,0,0,1,0,5,1,0,0,-1.0,0,1,/Users/eashraf/hadoop/hadoop-common-project/hadoop-common/src/test/java/org/apache/hadoop/fs/contract/rawlocal/TestRawlocalContractAppend.java,25
hadoop,org.apache.hadoop.fs.contract.rawlocal,TestRawlocalContractCreate,0,0,1,0,5,1,0,0,-1.0,0,1,/Users/eashraf/hadoop/hadoop-common-project/hadoop-common/src/test/java/org/apache/hadoop/fs/contract/rawlocal/TestRawlocalContractCreate.java,25
hadoop,org.apache.hadoop.fs.contract.rawlocal,TestRawlocalContractOpen,0,0,1,0,5,1,0,0,-1.0,0,1,/Users/eashraf/hadoop/hadoop-common-project/hadoop-common/src/test/java/org/apache/hadoop/fs/contract/rawlocal/TestRawlocalContractOpen.java,25
hadoop,org.apache.hadoop.fs.contract.rawlocal,TestRawlocalContractSeek,0,0,1,0,5,1,0,0,-1.0,0,1,/Users/eashraf/hadoop/hadoop-common-project/hadoop-common/src/test/java/org/apache/hadoop/fs/contract/rawlocal/TestRawlocalContractSeek.java,25
hadoop,org.apache.hadoop.fs.contract.rawlocal,RawlocalFSContract,1,1,4,2,18,4,0,0,1.0,1,2,/Users/eashraf/hadoop/hadoop-common-project/hadoop-common/src/test/java/org/apache/hadoop/fs/contract/rawlocal/RawlocalFSContract.java,28
hadoop,org.apache.hadoop.fs.contract.rawlocal,TestRawLocalContractUnderlyingFileBehavior,1,0,2,2,14,2,0,0,0.0,0,1,/Users/eashraf/hadoop/hadoop-common-project/hadoop-common/src/test/java/org/apache/hadoop/fs/contract/rawlocal/TestRawLocalContractUnderlyingFileBehavior.java,29
hadoop,org.apache.hadoop.fs.contract.rawlocal,TestRawlocalContractDelete,0,0,1,0,5,1,0,0,-1.0,0,1,/Users/eashraf/hadoop/hadoop-common-project/hadoop-common/src/test/java/org/apache/hadoop/fs/contract/rawlocal/TestRawlocalContractDelete.java,25
hadoop,org.apache.hadoop.fs.contract.rawlocal,TestRawlocalContractMkdir,0,0,1,0,8,1,0,0,-1.0,0,1,/Users/eashraf/hadoop/hadoop-common-project/hadoop-common/src/test/java/org/apache/hadoop/fs/contract/rawlocal/TestRawlocalContractMkdir.java,25
hadoop,org.apache.hadoop.fs.contract.localfs,TestLocalFSContractRename,0,0,1,0,5,1,0,0,-1.0,0,1,/Users/eashraf/hadoop/hadoop-common-project/hadoop-common/src/test/java/org/apache/hadoop/fs/contract/localfs/TestLocalFSContractRename.java,25
hadoop,org.apache.hadoop.fs.contract.localfs,TestLocalFSContractAppend,0,0,1,0,5,1,0,0,-1.0,0,1,/Users/eashraf/hadoop/hadoop-common-project/hadoop-common/src/test/java/org/apache/hadoop/fs/contract/localfs/TestLocalFSContractAppend.java,25
hadoop,org.apache.hadoop.fs.contract.localfs,TestLocalFSContractMkdir,0,0,1,0,8,1,0,0,-1.0,0,1,/Users/eashraf/hadoop/hadoop-common-project/hadoop-common/src/test/java/org/apache/hadoop/fs/contract/localfs/TestLocalFSContractMkdir.java,25
hadoop,org.apache.hadoop.fs.contract.localfs,TestLocalFSContractCreate,0,0,1,0,5,1,0,0,-1.0,0,1,/Users/eashraf/hadoop/hadoop-common-project/hadoop-common/src/test/java/org/apache/hadoop/fs/contract/localfs/TestLocalFSContractCreate.java,25
hadoop,org.apache.hadoop.fs.contract.localfs,TestLocalFSContractLoaded,0,0,3,2,17,3,0,0,-1.0,0,2,/Users/eashraf/hadoop/hadoop-common-project/hadoop-common/src/test/java/org/apache/hadoop/fs/contract/localfs/TestLocalFSContractLoaded.java,28
hadoop,org.apache.hadoop.fs.contract.localfs,LocalFSContract,4,3,9,5,62,11,0,0,0.3333333333333333,1,6,/Users/eashraf/hadoop/hadoop-common-project/hadoop-common/src/test/java/org/apache/hadoop/fs/contract/localfs/LocalFSContract.java,31
hadoop,org.apache.hadoop.fs.contract.localfs,TestLocalFSContractOpen,0,0,1,0,5,1,0,0,-1.0,0,1,/Users/eashraf/hadoop/hadoop-common-project/hadoop-common/src/test/java/org/apache/hadoop/fs/contract/localfs/TestLocalFSContractOpen.java,25
hadoop,org.apache.hadoop.fs.contract.localfs,TestLocalFSContractDelete,0,0,1,0,5,1,0,0,-1.0,0,1,/Users/eashraf/hadoop/hadoop-common-project/hadoop-common/src/test/java/org/apache/hadoop/fs/contract/localfs/TestLocalFSContractDelete.java,25
hadoop,org.apache.hadoop.fs.contract.localfs,TestLocalFSContractSeek,0,0,1,0,5,1,0,0,-1.0,0,1,/Users/eashraf/hadoop/hadoop-common-project/hadoop-common/src/test/java/org/apache/hadoop/fs/contract/localfs/TestLocalFSContractSeek.java,25
hadoop,org.apache.hadoop.fs.shell,TestLs,29,0,32,32,954,32,0,0,0.8125,0,8,/Users/eashraf/hadoop/hadoop-common-project/hadoop-common/src/test/java/org/apache/hadoop/fs/shell/TestLs.java,45
hadoop,org.apache.hadoop.fs.shell,TestLs.TestFile,25,0,0,0,204,0,0,0,-1.0,0,4,/Users/eashraf/hadoop/hadoop-common-project/hadoop-common/src/test/java/org/apache/hadoop/fs/shell/TestLs.java,1012
hadoop,org.apache.hadoop.fs.shell,TestLs.MockFileSystem,1,0,0,0,15,0,0,0,-1.0,0,1,/Users/eashraf/hadoop/hadoop-common-project/hadoop-common/src/test/java/org/apache/hadoop/fs/shell/TestLs.java,1286
hadoop,org.apache.hadoop.fs.shell,TestXAttrCommands,3,0,5,4,43,5,0,0,0.0,0,2,/Users/eashraf/hadoop/hadoop-common-project/hadoop-common/src/test/java/org/apache/hadoop/fs/shell/TestXAttrCommands.java,34
hadoop,org.apache.hadoop.fs.shell,TestCount,8,0,19,19,226,19,0,0,0.7368421052631579,0,6,/Users/eashraf/hadoop/hadoop-common-project/hadoop-common/src/test/java/org/apache/hadoop/fs/shell/TestCount.java,39
hadoop,org.apache.hadoop.fs.shell,TestCount.MockContentSummary,0,0,0,0,22,0,0,0,-1.0,0,0,/Users/eashraf/hadoop/hadoop-common-project/hadoop-common/src/test/java/org/apache/hadoop/fs/shell/TestCount.java,316
hadoop,org.apache.hadoop.fs.shell,TestCount.MockFileSystem,1,0,0,0,18,0,0,0,-1.0,0,1,/Users/eashraf/hadoop/hadoop-common-project/hadoop-common/src/test/java/org/apache/hadoop/fs/shell/TestCount.java,340
hadoop,org.apache.hadoop.fs.shell,TestTextCommand,3,0,9,5,72,9,0,0,0.2222222222222222,0,3,/Users/eashraf/hadoop/hadoop-common-project/hadoop-common/src/test/java/org/apache/hadoop/fs/shell/TestTextCommand.java,36
hadoop,org.apache.hadoop.fs.shell,TestCopy,8,0,9,7,116,9,0,0,0.0,0,11,/Users/eashraf/hadoop/hadoop-common-project/hadoop-common/src/test/java/org/apache/hadoop/fs/shell/TestCopy.java,45
hadoop,org.apache.hadoop.fs.shell,TestCopy.MockFileSystem,1,0,0,0,15,0,0,0,-1.0,0,1,/Users/eashraf/hadoop/hadoop-common-project/hadoop-common/src/test/java/org/apache/hadoop/fs/shell/TestCopy.java,170
hadoop,org.apache.hadoop.fs.shell,TestMove,4,0,3,3,67,3,0,0,0.0,0,5,/Users/eashraf/hadoop/hadoop-common-project/hadoop-common/src/test/java/org/apache/hadoop/fs/shell/TestMove.java,39
hadoop,org.apache.hadoop.fs.shell,TestMove.MockFileSystem,1,0,0,0,15,0,0,0,-1.0,0,1,/Users/eashraf/hadoop/hadoop-common-project/hadoop-common/src/test/java/org/apache/hadoop/fs/shell/TestMove.java,97
hadoop,org.apache.hadoop.fs.shell,TestMove.InstrumentedRenameCommand,1,0,0,0,6,0,0,1,-1.0,0,1,/Users/eashraf/hadoop/hadoop-common-project/hadoop-common/src/test/java/org/apache/hadoop/fs/shell/TestMove.java,116
hadoop,org.apache.hadoop.fs.shell,TestCommandFactory,5,0,4,3,65,4,0,0,0.0,0,3,/Users/eashraf/hadoop/hadoop-common-project/hadoop-common/src/test/java/org/apache/hadoop/fs/shell/TestCommandFactory.java,27
hadoop,org.apache.hadoop.fs.shell,TestCommandFactory.TestRegistrar,0,0,0,0,6,0,0,0,-1.0,0,0,/Users/eashraf/hadoop/hadoop-common-project/hadoop-common/src/test/java/org/apache/hadoop/fs/shell/TestCommandFactory.java,90
hadoop,org.apache.hadoop.fs.shell,TestCommandFactory.TestCommand1,0,0,0,0,2,0,0,2,-1.0,0,0,/Users/eashraf/hadoop/hadoop-common-project/hadoop-common/src/test/java/org/apache/hadoop/fs/shell/TestCommandFactory.java,97
hadoop,org.apache.hadoop.fs.shell,TestCommandFactory.TestCommand2,0,0,0,0,2,0,0,2,-1.0,0,0,/Users/eashraf/hadoop/hadoop-common-project/hadoop-common/src/test/java/org/apache/hadoop/fs/shell/TestCommandFactory.java,98
hadoop,org.apache.hadoop.fs.shell,TestCommandFactory.TestCommand3,0,0,0,0,2,0,0,2,-1.0,0,0,/Users/eashraf/hadoop/hadoop-common-project/hadoop-common/src/test/java/org/apache/hadoop/fs/shell/TestCommandFactory.java,99
hadoop,org.apache.hadoop.fs.shell,TestCommandFactory.TestCommand4,3,0,0,0,5,0,0,2,-1.0,0,0,/Users/eashraf/hadoop/hadoop-common-project/hadoop-common/src/test/java/org/apache/hadoop/fs/shell/TestCommandFactory.java,101
hadoop,org.apache.hadoop.fs.shell,TestCopyPreserveFlag,7,0,13,10,81,14,0,0,0.0,0,7,/Users/eashraf/hadoop/hadoop-common-project/hadoop-common/src/test/java/org/apache/hadoop/fs/shell/TestCopyPreserveFlag.java,39
hadoop,org.apache.hadoop.fs.shell,TestPathData,4,0,16,14,139,24,0,0,0.1875,0,5,/Users/eashraf/hadoop/hadoop-common-project/hadoop-common/src/test/java/org/apache/hadoop/fs/shell/TestPathData.java,37
hadoop,org.apache.hadoop.fs.shell,TestAclCommands,1,0,9,8,127,9,0,0,0.5555555555555556,0,8,/Users/eashraf/hadoop/hadoop-common-project/hadoop-common/src/test/java/org/apache/hadoop/fs/shell/TestAclCommands.java,48
hadoop,org.apache.hadoop.fs.shell,TestAclCommands.StubFileSystem,0,0,0,0,46,0,0,0,-1.0,0,1,/Users/eashraf/hadoop/hadoop-common-project/hadoop-common/src/test/java/org/apache/hadoop/fs/shell/TestAclCommands.java,175
hadoop,org.apache.hadoop.fs.shell,TestPathExceptions,2,0,4,4,37,4,0,0,0.0,0,2,/Users/eashraf/hadoop/hadoop-common-project/hadoop-common/src/test/java/org/apache/hadoop/fs/shell/TestPathExceptions.java,31
hadoop,org.apache.hadoop.fs.shell,SnapshotCommands,16,9,1,1,108,1,0,2,0.0,1,1,/Users/eashraf/hadoop/hadoop-common-project/hadoop-common/src/main/java/org/apache/hadoop/fs/shell/SnapshotCommands.java,31
hadoop,org.apache.hadoop.fs.shell,SnapshotCommands.CreateSnapshot,4,3,0,0,35,0,0,2,-1.0,0,0,/Users/eashraf/hadoop/hadoop-common-project/hadoop-common/src/main/java/org/apache/hadoop/fs/shell/SnapshotCommands.java,48
hadoop,org.apache.hadoop.fs.shell,SnapshotCommands.DeleteSnapshot,4,3,0,0,29,0,0,2,-1.0,0,0,/Users/eashraf/hadoop/hadoop-common-project/hadoop-common/src/main/java/org/apache/hadoop/fs/shell/SnapshotCommands.java,92
hadoop,org.apache.hadoop.fs.shell,SnapshotCommands.RenameSnapshot,5,3,0,0,31,0,0,2,-1.0,0,0,/Users/eashraf/hadoop/hadoop-common-project/hadoop-common/src/main/java/org/apache/hadoop/fs/shell/SnapshotCommands.java,131
hadoop,org.apache.hadoop.fs.shell,CommandFormat,11,0,6,6,158,17,0,0,0.3333333333333333,14,0,/Users/eashraf/hadoop/hadoop-common-project/hadoop-common/src/main/java/org/apache/hadoop/fs/shell/CommandFormat.java,28
hadoop,org.apache.hadoop.fs.shell,CommandFormat.IllegalNumberOfArgumentsException,3,0,0,0,15,0,0,0,-1.0,0,0,/Users/eashraf/hadoop/hadoop-common-project/hadoop-common/src/main/java/org/apache/hadoop/fs/shell/CommandFormat.java,140
hadoop,org.apache.hadoop.fs.shell,CommandFormat.TooManyArgumentsException,1,0,0,0,12,0,0,0,-1.0,0,0,/Users/eashraf/hadoop/hadoop-common-project/hadoop-common/src/main/java/org/apache/hadoop/fs/shell/CommandFormat.java,159
hadoop,org.apache.hadoop.fs.shell,CommandFormat.NotEnoughArgumentsException,1,0,0,0,12,0,0,0,-1.0,0,0,/Users/eashraf/hadoop/hadoop-common-project/hadoop-common/src/main/java/org/apache/hadoop/fs/shell/CommandFormat.java,175
hadoop,org.apache.hadoop.fs.shell,CommandFormat.UnknownOptionException,2,0,0,0,14,0,0,0,-1.0,0,0,/Users/eashraf/hadoop/hadoop-common-project/hadoop-common/src/main/java/org/apache/hadoop/fs/shell/CommandFormat.java,191
hadoop,org.apache.hadoop.fs.shell,SetReplication,6,3,5,1,82,17,0,2,0.4,1,4,/Users/eashraf/hadoop/hadoop-common-project/hadoop-common/src/main/java/org/apache/hadoop/fs/shell/SetReplication.java,30
hadoop,org.apache.hadoop.fs.shell,FsCommand,0,0,6,3,47,6,31,1,-1.0,2,22,/Users/eashraf/hadoop/hadoop-common-project/hadoop-common/src/main/java/org/apache/hadoop/fs/shell/FsCommand.java,30
hadoop,org.apache.hadoop.fs.shell,Command,14,5,35,13,380,46,1,0,0.11428571428571428,3,5,/Users/eashraf/hadoop/hadoop-common-project/hadoop-common/src/main/java/org/apache/hadoop/fs/shell/Command.java,40
hadoop,org.apache.hadoop.fs.shell,Command.CommandInterruptException,0,0,0,0,2,0,0,0,-1.0,0,0,/Users/eashraf/hadoop/hadoop-common-project/hadoop-common/src/main/java/org/apache/hadoop/fs/shell/Command.java,502
hadoop,org.apache.hadoop.fs.shell,Stat,6,3,3,1,61,16,0,2,0.6666666666666666,1,4,/Users/eashraf/hadoop/hadoop-common-project/hadoop-common/src/main/java/org/apache/hadoop/fs/shell/Stat.java,31
hadoop,org.apache.hadoop.fs.shell,Count,8,3,7,3,66,9,0,2,0.5714285714285714,2,5,/Users/eashraf/hadoop/hadoop-common-project/hadoop-common/src/main/java/org/apache/hadoop/fs/shell/Count.java,31
hadoop,org.apache.hadoop.fs.shell,PathData,9,4,27,14,393,66,0,0,0.07407407407407407,34,4,/Users/eashraf/hadoop/hadoop-common-project/hadoop-common/src/main/java/org/apache/hadoop/fs/shell/PathData.java,41
hadoop,org.apache.hadoop.fs.shell,PathData.FileTypeRequirement,0,0,0,0,1,0,0,0,-1.0,0,0,/Users/eashraf/hadoop/hadoop-common-project/hadoop-common/src/main/java/org/apache/hadoop/fs/shell/PathData.java,202
hadoop,org.apache.hadoop.fs.shell,PathData.PathType,0,0,0,0,1,0,0,0,-1.0,0,0,/Users/eashraf/hadoop/hadoop-common-project/hadoop-common/src/main/java/org/apache/hadoop/fs/shell/PathData.java,308
hadoop,org.apache.hadoop.fs.shell,FsUsage,14,7,2,1,177,2,2,2,1.0,1,3,/Users/eashraf/hadoop/hadoop-common-project/hadoop-common/src/main/java/org/apache/hadoop/fs/shell/FsUsage.java,34
hadoop,org.apache.hadoop.fs.shell,FsUsage.Df,3,3,0,0,29,0,0,3,-1.0,0,1,/Users/eashraf/hadoop/hadoop-common-project/hadoop-common/src/main/java/org/apache/hadoop/fs/shell/FsUsage.java,56
hadoop,org.apache.hadoop.fs.shell,FsUsage.Du,4,3,0,0,37,0,0,3,-1.0,0,1,/Users/eashraf/hadoop/hadoop-common-project/hadoop-common/src/main/java/org/apache/hadoop/fs/shell/FsUsage.java,107
hadoop,org.apache.hadoop.fs.shell,FsUsage.Dus,1,1,0,0,13,0,0,0,-1.0,0,0,/Users/eashraf/hadoop/hadoop-common-project/hadoop-common/src/main/java/org/apache/hadoop/fs/shell/FsUsage.java,162
hadoop,org.apache.hadoop.fs.shell,FsUsage.TableBuilder,4,0,0,0,83,0,0,0,-1.0,0,0,/Users/eashraf/hadoop/hadoop-common-project/hadoop-common/src/main/java/org/apache/hadoop/fs/shell/FsUsage.java,178
hadoop,org.apache.hadoop.fs.shell,Display,21,9,1,1,202,1,2,2,0.0,3,6,/Users/eashraf/hadoop/hadoop-common-project/hadoop-common/src/main/java/org/apache/hadoop/fs/shell/Display.java,60
hadoop,org.apache.hadoop.fs.shell,Display.Cat,4,3,0,0,32,0,0,3,-1.0,0,0,/Users/eashraf/hadoop/hadoop-common-project/hadoop-common/src/main/java/org/apache/hadoop/fs/shell/Display.java,73
hadoop,org.apache.hadoop.fs.shell,Display.Text,3,3,0,0,49,0,0,0,-1.0,0,0,/Users/eashraf/hadoop/hadoop-common-project/hadoop-common/src/main/java/org/apache/hadoop/fs/shell/Display.java,116
hadoop,org.apache.hadoop.fs.shell,Display.Checksum,3,3,0,0,18,0,0,3,-1.0,0,0,/Users/eashraf/hadoop/hadoop-common-project/hadoop-common/src/main/java/org/apache/hadoop/fs/shell/Display.java,180
hadoop,org.apache.hadoop.fs.shell,Display.TextRecordInputStream,5,0,0,0,38,0,0,0,-1.0,0,4,/Users/eashraf/hadoop/hadoop-common-project/hadoop-common/src/main/java/org/apache/hadoop/fs/shell/Display.java,210
hadoop,org.apache.hadoop.fs.shell,Display.AvroFileInputStream,6,0,0,0,55,0,0,0,-1.0,0,0,/Users/eashraf/hadoop/hadoop-common-project/hadoop-common/src/main/java/org/apache/hadoop/fs/shell/Display.java,258
hadoop,org.apache.hadoop.fs.shell,Ls,24,4,19,4,185,25,1,2,0.10526315789473684,2,6,/Users/eashraf/hadoop/hadoop-common-project/hadoop-common/src/main/java/org/apache/hadoop/fs/shell/Ls.java,34
hadoop,org.apache.hadoop.fs.shell,Ls.Lsr,1,1,0,0,13,0,0,3,-1.0,0,0,/Users/eashraf/hadoop/hadoop-common-project/hadoop-common/src/main/java/org/apache/hadoop/fs/shell/Ls.java,291
hadoop,org.apache.hadoop.fs.shell,Tail,6,3,5,1,56,9,0,2,0.6,1,5,/Users/eashraf/hadoop/hadoop-common-project/hadoop-common/src/main/java/org/apache/hadoop/fs/shell/Tail.java,31
hadoop,org.apache.hadoop.fs.shell,Test,4,3,4,1,43,12,0,2,0.75,1,3,/Users/eashraf/hadoop/hadoop-common-project/hadoop-common/src/main/java/org/apache/hadoop/fs/shell/Test.java,27
hadoop,org.apache.hadoop.fs.shell,CopyCommands,26,21,1,1,246,1,0,0,0.0,2,3,/Users/eashraf/hadoop/hadoop-common-project/hadoop-common/src/main/java/org/apache/hadoop/fs/shell/CopyCommands.java,38
hadoop,org.apache.hadoop.fs.shell,CopyCommands.Merge,6,3,0,0,64,0,0,2,-1.0,0,1,/Users/eashraf/hadoop/hadoop-common-project/hadoop-common/src/main/java/org/apache/hadoop/fs/shell/CopyCommands.java,53
hadoop,org.apache.hadoop.fs.shell,CopyCommands.Cp,3,3,0,0,34,0,0,3,-1.0,0,0,/Users/eashraf/hadoop/hadoop-common-project/hadoop-common/src/main/java/org/apache/hadoop/fs/shell/CopyCommands.java,134
hadoop,org.apache.hadoop.fs.shell,CopyCommands.Get,3,3,0,0,17,0,0,3,-1.0,0,0,/Users/eashraf/hadoop/hadoop-common-project/hadoop-common/src/main/java/org/apache/hadoop/fs/shell/CopyCommands.java,185
hadoop,org.apache.hadoop.fs.shell,CopyCommands.Put,3,3,0,0,39,0,0,3,-1.0,0,1,/Users/eashraf/hadoop/hadoop-common-project/hadoop-common/src/main/java/org/apache/hadoop/fs/shell/CopyCommands.java,213
hadoop,org.apache.hadoop.fs.shell,CopyCommands.CopyFromLocal,3,3,0,0,5,0,0,0,-1.0,0,0,/Users/eashraf/hadoop/hadoop-common-project/hadoop-common/src/main/java/org/apache/hadoop/fs/shell/CopyCommands.java,271
hadoop,org.apache.hadoop.fs.shell,CopyCommands.CopyToLocal,3,3,0,0,5,0,0,0,-1.0,0,0,/Users/eashraf/hadoop/hadoop-common-project/hadoop-common/src/main/java/org/apache/hadoop/fs/shell/CopyCommands.java,277
hadoop,org.apache.hadoop.fs.shell,CopyCommands.AppendToFile,5,3,0,0,68,0,0,3,-1.0,0,1,/Users/eashraf/hadoop/hadoop-common-project/hadoop-common/src/main/java/org/apache/hadoop/fs/shell/CopyCommands.java,283
hadoop,org.apache.hadoop.fs.shell,Touch,3,3,1,1,38,1,1,2,0.0,1,1,/Users/eashraf/hadoop/hadoop-common-project/hadoop-common/src/main/java/org/apache/hadoop/fs/shell/Touchz.java,30
hadoop,org.apache.hadoop.fs.shell,Touch.Touchz,3,3,0,0,30,0,0,3,-1.0,0,0,/Users/eashraf/hadoop/hadoop-common-project/hadoop-common/src/main/java/org/apache/hadoop/fs/shell/Touchz.java,41
hadoop,org.apache.hadoop.fs.shell,Mkdir,4,3,4,1,35,8,0,2,0.5,1,3,/Users/eashraf/hadoop/hadoop-common-project/hadoop-common/src/main/java/org/apache/hadoop/fs/shell/Mkdir.java,32
hadoop,org.apache.hadoop.fs.shell,Truncate,6,3,5,1,71,14,0,2,0.4,1,3,/Users/eashraf/hadoop/hadoop-common-project/hadoop-common/src/main/java/org/apache/hadoop/fs/shell/Truncate.java,29
hadoop,org.apache.hadoop.fs.shell,AclCommands,11,6,1,1,169,1,0,2,0.0,1,5,/Users/eashraf/hadoop/hadoop-common-project/hadoop-common/src/main/java/org/apache/hadoop/fs/shell/AclCommands.java,39
hadoop,org.apache.hadoop.fs.shell,AclCommands.GetfaclCommand,3,3,0,0,76,0,0,2,-1.0,0,2,/Users/eashraf/hadoop/hadoop-common-project/hadoop-common/src/main/java/org/apache/hadoop/fs/shell/AclCommands.java,53
hadoop,org.apache.hadoop.fs.shell,AclCommands.SetfaclCommand,6,3,0,0,82,0,0,2,-1.0,0,2,/Users/eashraf/hadoop/hadoop-common-project/hadoop-common/src/main/java/org/apache/hadoop/fs/shell/AclCommands.java,150
hadoop,org.apache.hadoop.fs.shell,MoveCommands,9,9,1,1,66,1,1,0,0.0,3,1,/Users/eashraf/hadoop/hadoop-common-project/hadoop-common/src/main/java/org/apache/hadoop/fs/shell/MoveCommands.java,30
hadoop,org.apache.hadoop.fs.shell,MoveCommands.MoveFromLocal,3,3,0,0,21,0,0,0,-1.0,0,0,/Users/eashraf/hadoop/hadoop-common-project/hadoop-common/src/main/java/org/apache/hadoop/fs/shell/MoveCommands.java,41
hadoop,org.apache.hadoop.fs.shell,MoveCommands.MoveToLocal,3,3,0,0,11,0,0,2,-1.0,0,0,/Users/eashraf/hadoop/hadoop-common-project/hadoop-common/src/main/java/org/apache/hadoop/fs/shell/MoveCommands.java,71
hadoop,org.apache.hadoop.fs.shell,MoveCommands.Rename,3,3,0,0,24,0,0,3,-1.0,0,0,/Users/eashraf/hadoop/hadoop-common-project/hadoop-common/src/main/java/org/apache/hadoop/fs/shell/MoveCommands.java,85
hadoop,org.apache.hadoop.fs.shell,CommandUtils,0,0,1,0,9,2,0,0,-1.0,0,0,/Users/eashraf/hadoop/hadoop-common-project/hadoop-common/src/main/java/org/apache/hadoop/fs/shell/CommandUtils.java,20
hadoop,org.apache.hadoop.fs.shell,CommandWithDestination,8,0,19,0,362,57,5,2,0.0,1,6,/Users/eashraf/hadoop/hadoop-common-project/hadoop-common/src/main/java/org/apache/hadoop/fs/shell/CommandWithDestination.java,52
hadoop,org.apache.hadoop.fs.shell,CommandWithDestination.FileAttribute,0,0,0,0,9,0,0,0,-1.0,0,0,/Users/eashraf/hadoop/hadoop-common-project/hadoop-common/src/main/java/org/apache/hadoop/fs/shell/CommandWithDestination.java,114
hadoop,org.apache.hadoop.fs.shell,CommandWithDestination.TargetFileSystem,0,0,0,0,46,0,0,0,-1.0,0,0,/Users/eashraf/hadoop/hadoop-common-project/hadoop-common/src/main/java/org/apache/hadoop/fs/shell/CommandWithDestination.java,456
hadoop,org.apache.hadoop.fs.shell,Delete,14,10,1,1,131,1,0,0,0.0,1,1,/Users/eashraf/hadoop/hadoop-common-project/hadoop-common/src/main/java/org/apache/hadoop/fs/shell/Delete.java,35
hadoop,org.apache.hadoop.fs.shell,Delete.Rm,6,3,0,0,63,0,0,2,-1.0,0,0,/Users/eashraf/hadoop/hadoop-common-project/hadoop-common/src/main/java/org/apache/hadoop/fs/shell/Delete.java,49
hadoop,org.apache.hadoop.fs.shell,Delete.Rmr,1,1,0,0,13,0,0,0,-1.0,0,0,/Users/eashraf/hadoop/hadoop-common-project/hadoop-common/src/main/java/org/apache/hadoop/fs/shell/Delete.java,132
hadoop,org.apache.hadoop.fs.shell,Delete.Rmdir,4,3,0,0,27,0,0,2,-1.0,0,0,/Users/eashraf/hadoop/hadoop-common-project/hadoop-common/src/main/java/org/apache/hadoop/fs/shell/Delete.java,148
hadoop,org.apache.hadoop.fs.shell,Delete.Expunge,3,3,0,0,17,0,0,2,-1.0,0,0,/Users/eashraf/hadoop/hadoop-common-project/hadoop-common/src/main/java/org/apache/hadoop/fs/shell/Delete.java,182
hadoop,org.apache.hadoop.fs.shell,XAttrCommands,15,6,1,1,114,1,0,2,0.0,1,2,/Users/eashraf/hadoop/hadoop-common-project/hadoop-common/src/main/java/org/apache/hadoop/fs/shell/XAttrCommands.java,37
hadoop,org.apache.hadoop.fs.shell,XAttrCommands.GetfattrCommand,7,3,0,0,64,0,0,2,-1.0,0,1,/Users/eashraf/hadoop/hadoop-common-project/hadoop-common/src/main/java/org/apache/hadoop/fs/shell/XAttrCommands.java,51
hadoop,org.apache.hadoop.fs.shell,XAttrCommands.SetfattrCommand,6,3,0,0,39,0,0,2,-1.0,0,0,/Users/eashraf/hadoop/hadoop-common-project/hadoop-common/src/main/java/org/apache/hadoop/fs/shell/XAttrCommands.java,137
hadoop,org.apache.hadoop.fs.shell,CommandFactory,2,0,8,8,87,13,0,0,0.5,24,4,/Users/eashraf/hadoop/hadoop-common-project/hadoop-common/src/main/java/org/apache/hadoop/fs/shell/CommandFactory.java,32
hadoop,org.apache.hadoop.fs.shell,TestHdfsTextCommand,4,0,6,3,54,8,0,0,0.0,0,7,/Users/eashraf/hadoop/hadoop-hdfs-project/hadoop-hdfs/src/test/java/org/apache/hadoop/fs/shell/TestHdfsTextCommand.java,41
hadoop,org.apache.hadoop.fs.shell.find,TestHelper,0,0,2,0,17,2,0,0,-1.0,0,1,/Users/eashraf/hadoop/hadoop-common-project/hadoop-common/src/test/java/org/apache/hadoop/fs/shell/find/TestHelper.java,24
hadoop,org.apache.hadoop.fs.shell.find,MockFileSystem,1,0,7,5,37,8,0,0,0.8571428571428571,5,3,/Users/eashraf/hadoop/hadoop-common-project/hadoop-common/src/test/java/org/apache/hadoop/fs/shell/find/MockFileSystem.java,33
hadoop,org.apache.hadoop.fs.shell.find,TestPrint,1,0,2,2,18,2,0,0,0.0,0,6,/Users/eashraf/hadoop/hadoop-common-project/hadoop-common/src/test/java/org/apache/hadoop/fs/shell/find/TestPrint.java,33
hadoop,org.apache.hadoop.fs.shell.find,TestAnd,0,0,10,10,162,10,0,0,-1.0,0,5,/Users/eashraf/hadoop/hadoop-common-project/hadoop-common/src/test/java/org/apache/hadoop/fs/shell/find/TestAnd.java,31
hadoop,org.apache.hadoop.fs.shell.find,TestName,2,0,8,7,43,8,0,0,0.0,0,5,/Users/eashraf/hadoop/hadoop-common-project/hadoop-common/src/test/java/org/apache/hadoop/fs/shell/find/TestName.java,30
hadoop,org.apache.hadoop.fs.shell.find,TestFind,18,0,28,25,700,28,0,0,0.0,0,9,/Users/eashraf/hadoop/hadoop-common-project/hadoop-common/src/test/java/org/apache/hadoop/fs/shell/find/TestFind.java,44
hadoop,org.apache.hadoop.fs.shell.find,TestFind.FileStatusChecker,0,0,0,0,3,0,0,0,-1.0,0,0,/Users/eashraf/hadoop/hadoop-common-project/hadoop-common/src/test/java/org/apache/hadoop/fs/shell/find/TestFind.java,752
hadoop,org.apache.hadoop.fs.shell.find,TestFind.TestExpression,2,0,0,0,23,0,0,2,-1.0,0,1,/Users/eashraf/hadoop/hadoop-common-project/hadoop-common/src/test/java/org/apache/hadoop/fs/shell/find/TestFind.java,756
hadoop,org.apache.hadoop.fs.shell.find,TestResult,0,0,18,18,95,18,0,0,-1.0,0,1,/Users/eashraf/hadoop/hadoop-common-project/hadoop-common/src/test/java/org/apache/hadoop/fs/shell/find/TestResult.java,24
hadoop,org.apache.hadoop.fs.shell.find,TestPrint0,1,0,2,2,18,2,0,0,0.0,0,6,/Users/eashraf/hadoop/hadoop-common-project/hadoop-common/src/test/java/org/apache/hadoop/fs/shell/find/TestPrint0.java,33
hadoop,org.apache.hadoop.fs.shell.find,TestFilterExpression,2,0,12,12,79,12,0,0,0.0,0,5,/Users/eashraf/hadoop/hadoop-common-project/hadoop-common/src/test/java/org/apache/hadoop/fs/shell/find/TestFilterExpression.java,31
hadoop,org.apache.hadoop.fs.shell.find,TestIname,2,0,8,7,43,8,0,0,0.0,0,5,/Users/eashraf/hadoop/hadoop-common-project/hadoop-common/src/test/java/org/apache/hadoop/fs/shell/find/TestIname.java,30
hadoop,org.apache.hadoop.fs.shell.find,ExpressionFactory,3,0,8,0,88,12,0,0,0.5,4,4,/Users/eashraf/hadoop/hadoop-common-project/hadoop-common/src/main/java/org/apache/hadoop/fs/shell/find/ExpressionFactory.java,29
hadoop,org.apache.hadoop.fs.shell.find,FilterExpression,1,0,15,14,87,29,2,1,0.0,1,5,/Users/eashraf/hadoop/hadoop-common-project/hadoop-common/src/main/java/org/apache/hadoop/fs/shell/find/FilterExpression.java,27
hadoop,org.apache.hadoop.fs.shell.find,BaseExpression,6,0,26,13,211,41,4,1,0.34615384615384615,1,6,/Users/eashraf/hadoop/hadoop-common-project/hadoop-common/src/main/java/org/apache/hadoop/fs/shell/find/BaseExpression.java,32
hadoop,org.apache.hadoop.fs.shell.find,FindOptions,11,0,22,22,202,22,0,0,0.5,8,2,/Users/eashraf/hadoop/hadoop-common-project/hadoop-common/src/main/java/org/apache/hadoop/fs/shell/find/FindOptions.java,27
hadoop,org.apache.hadoop.fs.shell.find,Print,3,0,5,4,42,5,0,2,0.8,2,3,/Users/eashraf/hadoop/hadoop-common-project/hadoop-common/src/main/java/org/apache/hadoop/fs/shell/find/Print.java,24
hadoop,org.apache.hadoop.fs.shell.find,Print.Print0,0,0,0,0,8,0,0,2,-1.0,0,0,/Users/eashraf/hadoop/hadoop-common-project/hadoop-common/src/main/java/org/apache/hadoop/fs/shell/find/Print.java,70
hadoop,org.apache.hadoop.fs.shell.find,Expression,0,0,11,11,58,11,3,0,-1.0,9,3,/Users/eashraf/hadoop/hadoop-common-project/hadoop-common/src/main/java/org/apache/hadoop/fs/shell/find/Expression.java,25
hadoop,org.apache.hadoop.fs.shell.find,Find,10,3,26,5,359,73,0,0,0.3076923076923077,2,9,/Users/eashraf/hadoop/hadoop-common-project/hadoop-common/src/main/java/org/apache/hadoop/fs/shell/find/Find.java,38
hadoop,org.apache.hadoop.fs.shell.find,And,2,0,6,6,42,8,0,2,1.0,1,3,/Users/eashraf/hadoop/hadoop-common-project/hadoop-common/src/main/java/org/apache/hadoop/fs/shell/find/And.java,25
hadoop,org.apache.hadoop.fs.shell.find,Name,4,0,7,5,65,10,0,2,0.5714285714285714,2,5,/Users/eashraf/hadoop/hadoop-common-project/hadoop-common/src/main/java/org/apache/hadoop/fs/shell/find/Name.java,27
hadoop,org.apache.hadoop.fs.shell.find,Name.Iname,0,0,0,0,8,0,0,2,-1.0,0,0,/Users/eashraf/hadoop/hadoop-common-project/hadoop-common/src/main/java/org/apache/hadoop/fs/shell/find/Name.java,95
hadoop,org.apache.hadoop.fs.shell.find,Result,5,3,8,7,63,13,0,0,0.0,14,0,/Users/eashraf/hadoop/hadoop-common-project/hadoop-common/src/main/java/org/apache/hadoop/fs/shell/find/Result.java,20
hadoop,org.apache.hadoop.fs.loadGenerator,LoadGenerator,40,1,13,4,514,67,1,0,0.23076923076923078,2,10,/Users/eashraf/hadoop/hadoop-common-project/hadoop-common/src/test/java/org/apache/hadoop/fs/loadGenerator/LoadGenerator.java,53
hadoop,org.apache.hadoop.fs.loadGenerator,LoadGenerator.DFSClientThread,5,0,0,0,117,0,0,0,-1.0,0,1,/Users/eashraf/hadoop/hadoop-common-project/hadoop-common/src/test/java/org/apache/hadoop/fs/loadGenerator/LoadGenerator.java,197
hadoop,org.apache.hadoop.fs.loadGenerator,StructureGenerator,16,0,9,2,258,28,0,0,0.0,4,1,/Users/eashraf/hadoop/hadoop-common-project/hadoop-common/src/test/java/org/apache/hadoop/fs/loadGenerator/StructureGenerator.java,30
hadoop,org.apache.hadoop.fs.loadGenerator,StructureGenerator.INode,2,0,0,0,55,0,0,0,-1.0,0,0,/Users/eashraf/hadoop/hadoop-common-project/hadoop-common/src/test/java/org/apache/hadoop/fs/loadGenerator/StructureGenerator.java,157
hadoop,org.apache.hadoop.fs.loadGenerator,StructureGenerator.FileINode,1,0,0,0,20,0,0,0,-1.0,0,0,/Users/eashraf/hadoop/hadoop-common-project/hadoop-common/src/test/java/org/apache/hadoop/fs/loadGenerator/StructureGenerator.java,206
hadoop,org.apache.hadoop.fs.loadGenerator,DataGenerator,6,0,6,2,98,14,0,0,0.3333333333333333,3,6,/Users/eashraf/hadoop/hadoop-common-project/hadoop-common/src/test/java/org/apache/hadoop/fs/loadGenerator/DataGenerator.java,37
hadoop,org.apache.hadoop.fs.loadGenerator,LoadGeneratorMR,34,1,6,4,343,12,0,1,0.6666666666666666,1,11,/Users/eashraf/hadoop/hadoop-mapreduce-project/hadoop-mapreduce-client/hadoop-mapreduce-client-jobclient/src/test/java/org/apache/hadoop/fs/loadGenerator/LoadGeneratorMR.java,54
hadoop,org.apache.hadoop.fs.loadGenerator,LoadGeneratorMR.EmptySplit,0,0,0,0,12,0,0,0,-1.0,0,0,/Users/eashraf/hadoop/hadoop-mapreduce-project/hadoop-mapreduce-client/hadoop-mapreduce-client-jobclient/src/test/java/org/apache/hadoop/fs/loadGenerator/LoadGeneratorMR.java,244
hadoop,org.apache.hadoop.fs.loadGenerator,LoadGeneratorMR.DummyInputFormat,1,0,0,0,39,0,0,0,-1.0,0,0,/Users/eashraf/hadoop/hadoop-mapreduce-project/hadoop-mapreduce-client/hadoop-mapreduce-client-jobclient/src/test/java/org/apache/hadoop/fs/loadGenerator/LoadGeneratorMR.java,252
hadoop,org.apache.hadoop.fs.loadGenerator,LoadGeneratorMR.MapperThatRunsNNLoadGenerator,3,0,0,0,84,0,0,0,-1.0,0,2,/Users/eashraf/hadoop/hadoop-mapreduce-project/hadoop-mapreduce-client/hadoop-mapreduce-client-jobclient/src/test/java/org/apache/hadoop/fs/loadGenerator/LoadGeneratorMR.java,300
hadoop,org.apache.hadoop.fs.loadGenerator,LoadGeneratorMR.ProgressThread,2,0,0,0,20,0,0,0,-1.0,0,1,/Users/eashraf/hadoop/hadoop-mapreduce-project/hadoop-mapreduce-client/hadoop-mapreduce-client-jobclient/src/test/java/org/apache/hadoop/fs/loadGenerator/LoadGeneratorMR.java,311
hadoop,org.apache.hadoop.fs.loadGenerator,LoadGeneratorMR.ReducerThatCollectsLGdata,2,0,0,0,67,0,0,0,-1.0,0,3,/Users/eashraf/hadoop/hadoop-mapreduce-project/hadoop-mapreduce-client/hadoop-mapreduce-client-jobclient/src/test/java/org/apache/hadoop/fs/loadGenerator/LoadGeneratorMR.java,413
hadoop,org.apache.hadoop.fs.loadGenerator,TestLoadGenerator,9,0,4,4,182,4,0,0,0.5,0,8,/Users/eashraf/hadoop/hadoop-hdfs-project/hadoop-hdfs/src/test/java/org/apache/hadoop/fs/loadGenerator/TestLoadGenerator.java,37
hadoop,org.apache.hadoop.fs.viewfs,TestFSMainOperationsLocalFileSystem,1,0,4,3,21,4,0,0,0.5,0,4,/Users/eashraf/hadoop/hadoop-common-project/hadoop-common/src/test/java/org/apache/hadoop/fs/viewfs/TestFSMainOperationsLocalFileSystem.java,33
hadoop,org.apache.hadoop.fs.viewfs,TestViewfsFileStatus,1,0,3,3,50,4,0,0,0.6666666666666666,0,10,/Users/eashraf/hadoop/hadoop-common-project/hadoop-common/src/test/java/org/apache/hadoop/fs/viewfs/TestViewfsFileStatus.java,40
hadoop,org.apache.hadoop.fs.viewfs,TestFcPermissionsLocalFs,0,0,3,2,12,3,0,0,-1.0,0,1,/Users/eashraf/hadoop/hadoop-common-project/hadoop-common/src/test/java/org/apache/hadoop/fs/viewfs/TestFcPermissionsLocalFs.java,28
hadoop,org.apache.hadoop.fs.viewfs,TestFcCreateMkdirLocalFs,0,0,2,2,10,2,0,0,-1.0,0,1,/Users/eashraf/hadoop/hadoop-common-project/hadoop-common/src/test/java/org/apache/hadoop/fs/viewfs/TestFcCreateMkdirLocalFs.java,27
hadoop,org.apache.hadoop.fs.viewfs,TestFcMainOperationsLocalFs,2,0,3,2,15,3,0,0,1.0,0,3,/Users/eashraf/hadoop/hadoop-common-project/hadoop-common/src/test/java/org/apache/hadoop/fs/viewfs/TestFcMainOperationsLocalFs.java,29
hadoop,org.apache.hadoop.fs.viewfs,TestViewFsLocalFs,0,0,2,2,9,2,0,1,-1.0,0,1,/Users/eashraf/hadoop/hadoop-common-project/hadoop-common/src/test/java/org/apache/hadoop/fs/viewfs/TestViewFsLocalFs.java,27
hadoop,org.apache.hadoop.fs.viewfs,TestViewFsWithAuthorityLocalFs,1,0,3,3,21,3,0,1,0.6666666666666666,0,2,/Users/eashraf/hadoop/hadoop-common-project/hadoop-common/src/test/java/org/apache/hadoop/fs/viewfs/TestViewFsWithAuthorityLocalFs.java,32
hadoop,org.apache.hadoop.fs.viewfs,TestViewFsURIs,0,0,1,1,7,1,0,0,-1.0,0,4,/Users/eashraf/hadoop/hadoop-common-project/hadoop-common/src/test/java/org/apache/hadoop/fs/viewfs/TestViewFsURIs.java,27
hadoop,org.apache.hadoop.fs.viewfs,TestViewFileSystemWithAuthorityLocalFileSystem,1,0,3,3,22,3,0,1,0.6666666666666666,0,2,/Users/eashraf/hadoop/hadoop-common-project/hadoop-common/src/test/java/org/apache/hadoop/fs/viewfs/TestViewFileSystemWithAuthorityLocalFileSystem.java,34
hadoop,org.apache.hadoop.fs.viewfs,ViewFileSystemTestSetup,1,1,6,4,68,9,0,0,0.5,11,7,/Users/eashraf/hadoop/hadoop-common-project/hadoop-common/src/test/java/org/apache/hadoop/fs/viewfs/ViewFileSystemTestSetup.java,33
hadoop,org.apache.hadoop.fs.viewfs,TestChRootedFs,4,0,13,13,172,13,0,0,0.0,0,9,/Users/eashraf/hadoop/hadoop-common-project/hadoop-common/src/test/java/org/apache/hadoop/fs/viewfs/TestChRootedFs.java,42
hadoop,org.apache.hadoop.fs.viewfs,ViewFileSystemBaseTest,6,0,66,57,414,70,4,0,0.0,0,17,/Users/eashraf/hadoop/hadoop-common-project/hadoop-common/src/test/java/org/apache/hadoop/fs/viewfs/ViewFileSystemBaseTest.java,57
hadoop,org.apache.hadoop.fs.viewfs,TestViewFsConfig,0,0,4,1,22,4,0,0,-1.0,0,3,/Users/eashraf/hadoop/hadoop-common-project/hadoop-common/src/test/java/org/apache/hadoop/fs/viewfs/TestViewFsConfig.java,34
hadoop,org.apache.hadoop.fs.viewfs,TestViewFsConfig.Foo,0,0,0,0,2,0,0,0,-1.0,0,0,/Users/eashraf/hadoop/hadoop-common-project/hadoop-common/src/test/java/org/apache/hadoop/fs/viewfs/TestViewFsConfig.java,45
hadoop,org.apache.hadoop.fs.viewfs,TestViewFileSystemDelegationTokenSupport,6,0,7,5,106,7,0,0,0.42857142857142855,0,7,/Users/eashraf/hadoop/hadoop-common-project/hadoop-common/src/test/java/org/apache/hadoop/fs/viewfs/TestViewFileSystemDelegationTokenSupport.java,39
hadoop,org.apache.hadoop.fs.viewfs,TestViewFileSystemDelegationTokenSupport.FakeFileSystem,1,0,0,0,22,0,0,0,-1.0,0,0,/Users/eashraf/hadoop/hadoop-common-project/hadoop-common/src/test/java/org/apache/hadoop/fs/viewfs/TestViewFileSystemDelegationTokenSupport.java,160
hadoop,org.apache.hadoop.fs.viewfs,ViewFsBaseTest,8,0,60,56,380,63,4,0,0.05,0,15,/Users/eashraf/hadoop/hadoop-common-project/hadoop-common/src/test/java/org/apache/hadoop/fs/viewfs/ViewFsBaseTest.java,60
hadoop,org.apache.hadoop.fs.viewfs,TestViewFsTrash,5,0,3,3,33,3,0,0,0.0,0,7,/Users/eashraf/hadoop/hadoop-common-project/hadoop-common/src/test/java/org/apache/hadoop/fs/viewfs/TestViewFsTrash.java,34
hadoop,org.apache.hadoop.fs.viewfs,TestViewFsTrash.TestLFS,1,0,0,0,13,0,0,0,-1.0,0,1,/Users/eashraf/hadoop/hadoop-common-project/hadoop-common/src/test/java/org/apache/hadoop/fs/viewfs/TestViewFsTrash.java,40
hadoop,org.apache.hadoop.fs.viewfs,TestViewFileSystemDelegation,6,0,7,4,99,7,0,0,0.0,0,6,/Users/eashraf/hadoop/hadoop-common-project/hadoop-common/src/test/java/org/apache/hadoop/fs/viewfs/TestViewFileSystemDelegation.java,37
hadoop,org.apache.hadoop.fs.viewfs,TestViewFileSystemDelegation.FakeFileSystem,2,0,0,0,17,0,0,0,-1.0,0,0,/Users/eashraf/hadoop/hadoop-common-project/hadoop-common/src/test/java/org/apache/hadoop/fs/viewfs/TestViewFileSystemDelegation.java,141
hadoop,org.apache.hadoop.fs.viewfs,TestViewFileSystemLocalFileSystem,0,0,2,2,13,2,0,1,-1.0,0,1,/Users/eashraf/hadoop/hadoop-common-project/hadoop-common/src/test/java/org/apache/hadoop/fs/viewfs/TestViewFileSystemLocalFileSystem.java,30
hadoop,org.apache.hadoop.fs.viewfs,TestChRootedFileSystem,4,0,16,16,213,16,0,0,0.25,0,8,/Users/eashraf/hadoop/hadoop-common-project/hadoop-common/src/test/java/org/apache/hadoop/fs/viewfs/TestChRootedFileSystem.java,42
hadoop,org.apache.hadoop.fs.viewfs,TestChRootedFileSystem.MockFileSystem,0,0,0,0,7,0,0,0,-1.0,0,0,/Users/eashraf/hadoop/hadoop-common-project/hadoop-common/src/test/java/org/apache/hadoop/fs/viewfs/TestChRootedFileSystem.java,398
hadoop,org.apache.hadoop.fs.viewfs,ViewFsTestSetup,1,1,4,2,55,6,0,0,0.5,3,7,/Users/eashraf/hadoop/hadoop-common-project/hadoop-common/src/test/java/org/apache/hadoop/fs/viewfs/ViewFsTestSetup.java,32
hadoop,org.apache.hadoop.fs.viewfs,ViewFileSystem,14,0,59,51,527,72,0,0,0.11864406779661017,3,12,/Users/eashraf/hadoop/hadoop-common-project/hadoop-common/src/main/java/org/apache/hadoop/fs/viewfs/ViewFileSystem.java,63
hadoop,org.apache.hadoop.fs.viewfs,ViewFileSystem.MountPoint,2,0,0,0,14,0,0,0,-1.0,0,1,/Users/eashraf/hadoop/hadoop-common-project/hadoop-common/src/main/java/org/apache/hadoop/fs/viewfs/ViewFileSystem.java,85
hadoop,org.apache.hadoop.fs.viewfs,ViewFileSystem.InternalDirOfViewFs,4,0,0,0,165,0,0,0,-1.0,0,2,/Users/eashraf/hadoop/hadoop-common-project/hadoop-common/src/main/java/org/apache/hadoop/fs/viewfs/ViewFileSystem.java,689
hadoop,org.apache.hadoop.fs.viewfs,NotInMountpointException,1,0,3,3,15,3,0,0,0.0,0,1,/Users/eashraf/hadoop/hadoop-common-project/hadoop-common/src/main/java/org/apache/hadoop/fs/viewfs/NotInMountpointException.java,25
hadoop,org.apache.hadoop.fs.viewfs,ConfigUtil,0,0,8,8,75,9,0,0,-1.0,19,2,/Users/eashraf/hadoop/hadoop-common-project/hadoop-common/src/main/java/org/apache/hadoop/fs/viewfs/ConfigUtil.java,24
hadoop,org.apache.hadoop.fs.viewfs,ViewFsFileStatus,2,0,18,17,62,18,0,0,0.16666666666666666,0,2,/Users/eashraf/hadoop/hadoop-common-project/hadoop-common/src/main/java/org/apache/hadoop/fs/viewfs/ViewFsFileStatus.java,27
hadoop,org.apache.hadoop.fs.viewfs,ChRootedFileSystem,5,0,48,44,192,49,0,0,0.08333333333333333,2,7,/Users/eashraf/hadoop/hadoop-common-project/hadoop-common/src/main/java/org/apache/hadoop/fs/viewfs/ChRootedFileSystem.java,49
hadoop,org.apache.hadoop.fs.viewfs,InodeTree,17,0,9,0,301,34,0,0,0.3333333333333333,7,6,/Users/eashraf/hadoop/hadoop-common-project/hadoop-common/src/main/java/org/apache/hadoop/fs/viewfs/InodeTree.java,40
hadoop,org.apache.hadoop.fs.viewfs,InodeTree.ResultKind,0,0,0,0,1,0,0,0,-1.0,0,0,/Users/eashraf/hadoop/hadoop-common-project/hadoop-common/src/main/java/org/apache/hadoop/fs/viewfs/InodeTree.java,60
hadoop,org.apache.hadoop.fs.viewfs,InodeTree.MountPoint,2,0,0,0,8,0,0,0,-1.0,0,0,/Users/eashraf/hadoop/hadoop-common-project/hadoop-common/src/main/java/org/apache/hadoop/fs/viewfs/InodeTree.java,70
hadoop,org.apache.hadoop.fs.viewfs,InodeTree.INode,1,0,0,0,10,0,0,0,-1.0,0,0,/Users/eashraf/hadoop/hadoop-common-project/hadoop-common/src/main/java/org/apache/hadoop/fs/viewfs/InodeTree.java,89
hadoop,org.apache.hadoop.fs.viewfs,InodeTree.INodeDir,3,0,0,0,36,0,0,0,-1.0,0,0,/Users/eashraf/hadoop/hadoop-common-project/hadoop-common/src/main/java/org/apache/hadoop/fs/viewfs/InodeTree.java,100
hadoop,org.apache.hadoop.fs.viewfs,InodeTree.INodeLink,3,0,0,0,37,0,0,0,-1.0,0,0,/Users/eashraf/hadoop/hadoop-common-project/hadoop-common/src/main/java/org/apache/hadoop/fs/viewfs/InodeTree.java,146
hadoop,org.apache.hadoop.fs.viewfs,InodeTree.ResolveResult,4,0,0,0,18,0,0,0,-1.0,0,1,/Users/eashraf/hadoop/hadoop-common-project/hadoop-common/src/main/java/org/apache/hadoop/fs/viewfs/InodeTree.java,343
hadoop,org.apache.hadoop.fs.viewfs,ChRootedFs,4,0,46,44,170,46,0,0,0.043478260869565216,2,5,/Users/eashraf/hadoop/hadoop-common-project/hadoop-common/src/main/java/org/apache/hadoop/fs/viewfs/ChRootedFs.java,50
hadoop,org.apache.hadoop.fs.viewfs,ViewFs,13,0,51,45,484,69,0,0,0.1568627450980392,1,14,/Users/eashraf/hadoop/hadoop-common-project/hadoop-common/src/main/java/org/apache/hadoop/fs/viewfs/ViewFs.java,68
hadoop,org.apache.hadoop.fs.viewfs,ViewFs.MountPoint,2,0,0,0,14,0,0,0,-1.0,0,1,/Users/eashraf/hadoop/hadoop-common-project/hadoop-common/src/main/java/org/apache/hadoop/fs/viewfs/ViewFs.java,171
hadoop,org.apache.hadoop.fs.viewfs,ViewFs.InternalDirOfViewFs,4,0,0,0,168,0,0,0,-1.0,0,3,/Users/eashraf/hadoop/hadoop-common-project/hadoop-common/src/main/java/org/apache/hadoop/fs/viewfs/ViewFs.java,730
hadoop,org.apache.hadoop.fs.viewfs,Constants,8,8,0,0,34,0,0,0,-1.0,2,1,/Users/eashraf/hadoop/hadoop-common-project/hadoop-common/src/main/java/org/apache/hadoop/fs/viewfs/Constants.java,22
hadoop,org.apache.hadoop.fs.viewfs,TestViewFsDefaultValue,9,0,6,6,85,6,0,0,0.0,0,11,/Users/eashraf/hadoop/hadoop-hdfs-project/hadoop-hdfs/src/test/java/org/apache/hadoop/fs/viewfs/TestViewFsDefaultValue.java,53
hadoop,org.apache.hadoop.fs.viewfs,TestViewFsWithAcls,13,0,7,5,82,7,0,0,0.0,0,12,/Users/eashraf/hadoop/hadoop-hdfs-project/hadoop-hdfs/src/test/java/org/apache/hadoop/fs/viewfs/TestViewFsWithAcls.java,50
hadoop,org.apache.hadoop.fs.viewfs,TestViewFsFileStatusHdfs,8,0,4,4,48,4,0,0,0.0,0,14,/Users/eashraf/hadoop/hadoop-hdfs-project/hadoop-hdfs/src/test/java/org/apache/hadoop/fs/viewfs/TestViewFsFileStatusHdfs.java,50
hadoop,org.apache.hadoop.fs.viewfs,TestViewFileSystemWithXAttrs,17,0,6,5,79,6,0,0,0.0,0,9,/Users/eashraf/hadoop/hadoop-hdfs-project/hadoop-hdfs/src/test/java/org/apache/hadoop/fs/viewfs/TestViewFileSystemWithXAttrs.java,38
hadoop,org.apache.hadoop.fs.viewfs,TestViewFsAtHdfsRoot,3,0,6,3,41,7,0,1,0.5,0,5,/Users/eashraf/hadoop/hadoop-hdfs-project/hadoop-hdfs/src/test/java/org/apache/hadoop/fs/viewfs/TestViewFsAtHdfsRoot.java,37
hadoop,org.apache.hadoop.fs.viewfs,TestViewFileSystemAtHdfsRoot,3,0,7,3,42,9,0,1,0.5714285714285714,0,4,/Users/eashraf/hadoop/hadoop-hdfs-project/hadoop-hdfs/src/test/java/org/apache/hadoop/fs/viewfs/TestViewFileSystemAtHdfsRoot.java,36
hadoop,org.apache.hadoop.fs.viewfs,TestViewFileSystemWithAcls,13,0,7,5,84,7,0,0,0.0,0,12,/Users/eashraf/hadoop/hadoop-hdfs-project/hadoop-hdfs/src/test/java/org/apache/hadoop/fs/viewfs/TestViewFileSystemWithAcls.java,48
hadoop,org.apache.hadoop.fs.viewfs,TestViewFsWithXAttrs,17,0,6,5,77,6,0,0,0.0,0,9,/Users/eashraf/hadoop/hadoop-hdfs-project/hadoop-hdfs/src/test/java/org/apache/hadoop/fs/viewfs/TestViewFsWithXAttrs.java,39
hadoop,org.apache.hadoop.fs.viewfs,TestViewFsHdfs,3,0,5,3,30,5,0,1,0.6,0,6,/Users/eashraf/hadoop/hadoop-hdfs-project/hadoop-hdfs/src/test/java/org/apache/hadoop/fs/viewfs/TestViewFsHdfs.java,37
hadoop,org.apache.hadoop.fs.viewfs,TestViewFileSystemHdfs,8,0,10,4,55,10,0,1,0.7,0,10,/Users/eashraf/hadoop/hadoop-hdfs-project/hadoop-hdfs/src/test/java/org/apache/hadoop/fs/viewfs/TestViewFileSystemHdfs.java,42
hadoop,org.apache.hadoop.fs.permission,TestAcl,17,0,7,7,83,7,0,0,0.0,0,5,/Users/eashraf/hadoop/hadoop-common-project/hadoop-common/src/test/java/org/apache/hadoop/fs/permission/TestAcl.java,25
hadoop,org.apache.hadoop.fs.permission,TestFsPermission,0,0,9,8,123,33,0,0,-1.0,0,3,/Users/eashraf/hadoop/hadoop-common-project/hadoop-common/src/test/java/org/apache/hadoop/fs/permission/TestFsPermission.java,28
hadoop,org.apache.hadoop.fs.permission,AclStatus,10,0,11,10,182,16,0,0,0.0,22,5,/Users/eashraf/hadoop/hadoop-common-project/hadoop-common/src/main/java/org/apache/hadoop/fs/permission/AclStatus.java,29
hadoop,org.apache.hadoop.fs.permission,AclStatus.Builder,5,0,0,0,70,0,0,0,-1.0,0,1,/Users/eashraf/hadoop/hadoop-common-project/hadoop-common/src/main/java/org/apache/hadoop/fs/permission/AclStatus.java,118
hadoop,org.apache.hadoop.fs.permission,FsPermission,11,4,32,30,268,43,1,0,0.40625,223,5,/Users/eashraf/hadoop/hadoop-common-project/hadoop-common/src/main/java/org/apache/hadoop/fs/permission/FsPermission.java,34
hadoop,org.apache.hadoop.fs.permission,FsPermission.ImmutableFsPermission,0,0,0,0,11,0,0,1,-1.0,0,0,/Users/eashraf/hadoop/hadoop-common-project/hadoop-common/src/main/java/org/apache/hadoop/fs/permission/FsPermission.java,374
hadoop,org.apache.hadoop.fs.permission,ScopedAclEntries,3,0,4,3,50,7,0,0,0.0,2,1,/Users/eashraf/hadoop/hadoop-common-project/hadoop-common/src/main/java/org/apache/hadoop/fs/permission/ScopedAclEntries.java,28
hadoop,org.apache.hadoop.fs.permission,PermissionParser,9,0,5,1,126,30,2,0,0.0,0,0,/Users/eashraf/hadoop/hadoop-common-project/hadoop-common/src/main/java/org/apache/hadoop/fs/permission/PermissionParser.java,26
hadoop,org.apache.hadoop.fs.permission,ChmodParser,2,0,2,2,21,2,0,1,1.0,2,2,/Users/eashraf/hadoop/hadoop-common-project/hadoop-common/src/main/java/org/apache/hadoop/fs/permission/ChmodParser.java,26
hadoop,org.apache.hadoop.fs.permission,UmaskParser,3,0,2,2,22,3,0,1,0.0,1,0,/Users/eashraf/hadoop/hadoop-common-project/hadoop-common/src/main/java/org/apache/hadoop/fs/permission/UmaskParser.java,25
hadoop,org.apache.hadoop.fs.permission,AclEntryScope,0,0,0,0,10,0,0,0,-1.0,23,0,/Users/eashraf/hadoop/hadoop-common-project/hadoop-common/src/main/java/org/apache/hadoop/fs/permission/AclEntryScope.java,23
hadoop,org.apache.hadoop.fs.permission,AclEntry,8,0,11,10,217,28,0,0,0.18181818181818182,24,4,/Users/eashraf/hadoop/hadoop-common-project/hadoop-common/src/main/java/org/apache/hadoop/fs/permission/AclEntry.java,31
hadoop,org.apache.hadoop.fs.permission,AclEntry.Builder,4,0,0,0,54,0,0,0,-1.0,0,3,/Users/eashraf/hadoop/hadoop-common-project/hadoop-common/src/main/java/org/apache/hadoop/fs/permission/AclEntry.java,122
hadoop,org.apache.hadoop.fs.permission,PermissionStatus,4,0,15,14,94,15,0,0,0.3333333333333333,30,1,/Users/eashraf/hadoop/hadoop-common-project/hadoop-common/src/main/java/org/apache/hadoop/fs/permission/PermissionStatus.java,28
hadoop,org.apache.hadoop.fs.permission,AclEntryType,0,0,0,0,16,0,0,0,-1.0,21,0,/Users/eashraf/hadoop/hadoop-common-project/hadoop-common/src/main/java/org/apache/hadoop/fs/permission/AclEntryType.java,23
hadoop,org.apache.hadoop.fs.permission,FsAction,2,1,6,5,56,9,0,0,0.3333333333333333,82,0,/Users/eashraf/hadoop/hadoop-common-project/hadoop-common/src/main/java/org/apache/hadoop/fs/permission/FsAction.java,23
hadoop,org.apache.hadoop.fs.permission,AclUtil,0,0,4,3,56,8,0,0,-1.0,6,4,/Users/eashraf/hadoop/hadoop-common-project/hadoop-common/src/main/java/org/apache/hadoop/fs/permission/AclUtil.java,28
hadoop,org.apache.hadoop.fs.permission,TestStickyBit,7,0,17,9,242,24,0,0,0.0,0,9,/Users/eashraf/hadoop/hadoop-hdfs-project/hadoop-hdfs/src/test/java/org/apache/hadoop/fs/permission/TestStickyBit.java,50
hadoop,org.apache.hadoop.conf,TestConfigurationFieldsBase,12,0,7,4,257,40,0,0,0.0,0,1,/Users/eashraf/hadoop/hadoop-common-project/hadoop-common/src/test/java/org/apache/hadoop/conf/TestConfigurationFieldsBase.java,42
hadoop,org.apache.hadoop.conf,TestConfigurationDeprecation,5,0,19,13,300,31,0,0,0.3684210526315789,0,2,/Users/eashraf/hadoop/hadoop-common-project/hadoop-common/src/test/java/org/apache/hadoop/conf/TestConfigurationDeprecation.java,53
hadoop,org.apache.hadoop.conf,TestDeprecatedKeys,0,0,3,3,68,8,0,0,-1.0,0,2,/Users/eashraf/hadoop/hadoop-common-project/hadoop-common/src/test/java/org/apache/hadoop/conf/TestDeprecatedKeys.java,30
hadoop,org.apache.hadoop.conf,TestConfServlet,2,0,4,3,63,8,0,0,0.0,0,2,/Users/eashraf/hadoop/hadoop-common-project/hadoop-common/src/test/java/org/apache/hadoop/conf/TestConfServlet.java,36
hadoop,org.apache.hadoop.conf,TestGetInstances,0,0,1,1,42,1,0,0,-1.0,0,1,/Users/eashraf/hadoop/hadoop-common-project/hadoop-common/src/test/java/org/apache/hadoop/conf/TestGetInstances.java,24
hadoop,org.apache.hadoop.conf,TestGetInstances.SampleInterface,0,0,0,0,2,0,0,0,-1.0,0,0,/Users/eashraf/hadoop/hadoop-common-project/hadoop-common/src/test/java/org/apache/hadoop/conf/TestGetInstances.java,26
hadoop,org.apache.hadoop.conf,TestGetInstances.ChildInterface,0,0,0,0,2,0,0,0,-1.0,0,0,/Users/eashraf/hadoop/hadoop-common-project/hadoop-common/src/test/java/org/apache/hadoop/conf/TestGetInstances.java,28
hadoop,org.apache.hadoop.conf,TestGetInstances.SampleClass,0,0,0,0,4,0,0,0,-1.0,0,0,/Users/eashraf/hadoop/hadoop-common-project/hadoop-common/src/test/java/org/apache/hadoop/conf/TestGetInstances.java,30
hadoop,org.apache.hadoop.conf,TestGetInstances.AnotherClass,0,0,0,0,4,0,0,0,-1.0,0,0,/Users/eashraf/hadoop/hadoop-common-project/hadoop-common/src/test/java/org/apache/hadoop/conf/TestGetInstances.java,34
hadoop,org.apache.hadoop.conf,TestConfigurationSubclass,2,0,3,3,58,3,0,0,1.0,0,1,/Users/eashraf/hadoop/hadoop-common-project/hadoop-common/src/test/java/org/apache/hadoop/conf/TestConfigurationSubclass.java,24
hadoop,org.apache.hadoop.conf,TestConfigurationSubclass.SubConf,1,0,0,0,26,0,0,1,-1.0,0,0,/Users/eashraf/hadoop/hadoop-common-project/hadoop-common/src/test/java/org/apache/hadoop/conf/TestConfigurationSubclass.java,62
hadoop,org.apache.hadoop.conf,TestConfiguration,21,0,75,62,1158,104,0,0,0.4266666666666667,0,4,/Users/eashraf/hadoop/hadoop-common-project/hadoop-common/src/test/java/org/apache/hadoop/conf/TestConfiguration.java,54
hadoop,org.apache.hadoop.conf,TestConfiguration.Prop,3,0,0,0,5,0,0,0,-1.0,0,0,/Users/eashraf/hadoop/hadoop-common-project/hadoop-common/src/test/java/org/apache/hadoop/conf/TestConfiguration.java,244
hadoop,org.apache.hadoop.conf,TestConfiguration.Dingo,0,0,0,0,1,0,0,0,-1.0,0,0,/Users/eashraf/hadoop/hadoop-common-project/hadoop-common/src/test/java/org/apache/hadoop/conf/TestConfiguration.java,790
hadoop,org.apache.hadoop.conf,TestConfiguration.Yak,0,0,0,0,1,0,0,0,-1.0,0,0,/Users/eashraf/hadoop/hadoop-common-project/hadoop-common/src/test/java/org/apache/hadoop/conf/TestConfiguration.java,791
hadoop,org.apache.hadoop.conf,TestConfiguration.Fake_ClassLoader,0,0,0,0,2,0,0,0,-1.0,0,0,/Users/eashraf/hadoop/hadoop-common-project/hadoop-common/src/test/java/org/apache/hadoop/conf/TestConfiguration.java,1042
hadoop,org.apache.hadoop.conf,TestConfiguration.JsonConfiguration,1,0,0,0,9,0,0,0,-1.0,0,0,/Users/eashraf/hadoop/hadoop-common-project/hadoop-common/src/test/java/org/apache/hadoop/conf/TestConfiguration.java,1053
hadoop,org.apache.hadoop.conf,TestConfiguration.JsonProperty,4,0,0,0,30,0,0,0,-1.0,0,0,/Users/eashraf/hadoop/hadoop-common-project/hadoop-common/src/test/java/org/apache/hadoop/conf/TestConfiguration.java,1065
hadoop,org.apache.hadoop.conf,TestConfiguration.ConfigModifyThread,2,0,0,0,13,0,0,0,-1.0,0,1,/Users/eashraf/hadoop/hadoop-common-project/hadoop-common/src/test/java/org/apache/hadoop/conf/TestConfiguration.java,1452
hadoop,org.apache.hadoop.conf,TestReconfiguration,11,1,7,6,311,18,0,0,0.0,0,7,/Users/eashraf/hadoop/hadoop-common-project/hadoop-common/src/test/java/org/apache/hadoop/conf/TestReconfiguration.java,48
hadoop,org.apache.hadoop.conf,TestReconfiguration.ReconfigurableDummy,1,1,0,0,26,0,0,3,-1.0,0,0,/Users/eashraf/hadoop/hadoop-common-project/hadoop-common/src/test/java/org/apache/hadoop/conf/TestReconfiguration.java,110
hadoop,org.apache.hadoop.conf,TestReconfiguration.AsyncReconfigurableDummy,1,0,0,0,16,0,0,3,-1.0,0,0,/Users/eashraf/hadoop/hadoop-common-project/hadoop-common/src/test/java/org/apache/hadoop/conf/TestReconfiguration.java,334
hadoop,org.apache.hadoop.conf,ReconfigurationUtil,3,3,2,2,34,6,0,0,0.0,5,1,/Users/eashraf/hadoop/hadoop-common-project/hadoop-common/src/main/java/org/apache/hadoop/conf/ReconfigurationUtil.java,25
hadoop,org.apache.hadoop.conf,ReconfigurationUtil.PropertyChange,3,3,0,0,10,0,0,0,-1.0,0,0,/Users/eashraf/hadoop/hadoop-common-project/hadoop-common/src/main/java/org/apache/hadoop/conf/ReconfigurationUtil.java,27
hadoop,org.apache.hadoop.conf,Configured,1,0,4,4,24,4,1,1,0.5,0,1,/Users/eashraf/hadoop/hadoop-common-project/hadoop-common/src/main/java/org/apache/hadoop/conf/Configured.java,24
hadoop,org.apache.hadoop.conf,ReconfigurableBase,9,0,11,10,164,17,2,2,0.36363636363636365,2,5,/Users/eashraf/hadoop/hadoop-common-project/hadoop-common/src/main/java/org/apache/hadoop/conf/ReconfigurableBase.java,34
hadoop,org.apache.hadoop.conf,ReconfigurableBase.ReconfigurationThread,1,0,0,0,38,0,0,0,-1.0,0,1,/Users/eashraf/hadoop/hadoop-common-project/hadoop-common/src/main/java/org/apache/hadoop/conf/ReconfigurableBase.java,97
hadoop,org.apache.hadoop.conf,ReconfigurationTaskStatus,3,0,6,6,31,6,0,0,0.0,4,1,/Users/eashraf/hadoop/hadoop-common-project/hadoop-common/src/main/java/org/apache/hadoop/conf/ReconfigurationTaskStatus.java,28
hadoop,org.apache.hadoop.conf,ReconfigurationServlet,3,1,9,1,125,18,0,0,0.2222222222222222,0,5,/Users/eashraf/hadoop/hadoop-common-project/hadoop-common/src/main/java/org/apache/hadoop/conf/ReconfigurationServlet.java,37
hadoop,org.apache.hadoop.conf,ConfServlet,5,0,3,1,60,9,0,0,0.0,1,2,/Users/eashraf/hadoop/hadoop-common-project/hadoop-common/src/main/java/org/apache/hadoop/conf/ConfServlet.java,32
hadoop,org.apache.hadoop.conf,ConfServlet.BadFormatException,1,0,0,0,6,0,0,0,-1.0,0,0,/Users/eashraf/hadoop/hadoop-common-project/hadoop-common/src/main/java/org/apache/hadoop/conf/ConfServlet.java,98
hadoop,org.apache.hadoop.conf,Configurable,0,0,2,0,13,2,2,0,-1.0,0,1,/Users/eashraf/hadoop/hadoop-common-project/hadoop-common/src/main/java/org/apache/hadoop/conf/Configurable.java,24
hadoop,org.apache.hadoop.conf,Configuration,38,0,113,92,2074,291,1,0,0.02654867256637168,2065,11,/Users/eashraf/hadoop/hadoop-common-project/hadoop-common/src/main/java/org/apache/hadoop/conf/Configuration.java,104
hadoop,org.apache.hadoop.conf,Configuration.Resource,2,0,0,0,20,0,0,0,-1.0,0,0,/Users/eashraf/hadoop/hadoop-common-project/hadoop-common/src/main/java/org/apache/hadoop/conf/Configuration.java,191
hadoop,org.apache.hadoop.conf,Configuration.DeprecatedKeyInfo,3,0,0,0,42,0,0,0,-1.0,0,0,/Users/eashraf/hadoop/hadoop-common-project/hadoop-common/src/main/java/org/apache/hadoop/conf/Configuration.java,266
hadoop,org.apache.hadoop.conf,Configuration.DeprecationDelta,3,0,0,0,31,0,0,0,-1.0,0,0,/Users/eashraf/hadoop/hadoop-common-project/hadoop-common/src/main/java/org/apache/hadoop/conf/Configuration.java,320
hadoop,org.apache.hadoop.conf,Configuration.DeprecationContext,2,0,0,0,47,0,0,0,-1.0,0,0,/Users/eashraf/hadoop/hadoop-common-project/hadoop-common/src/main/java/org/apache/hadoop/conf/Configuration.java,358
hadoop,org.apache.hadoop.conf,Configuration.ParsedTimeDuration,0,0,0,0,75,0,0,0,-1.0,0,0,/Users/eashraf/hadoop/hadoop-common-project/hadoop-common/src/main/java/org/apache/hadoop/conf/Configuration.java,1505
hadoop,org.apache.hadoop.conf,Configuration.IntegerRanges,6,0,0,0,125,0,0,0,-1.0,0,0,/Users/eashraf/hadoop/hadoop-common-project/hadoop-common/src/main/java/org/apache/hadoop/conf/Configuration.java,1666
hadoop,org.apache.hadoop.conf,Configuration.Range,2,0,0,0,4,0,0,0,-1.0,0,0,/Users/eashraf/hadoop/hadoop-common-project/hadoop-common/src/main/java/org/apache/hadoop/conf/Configuration.java,1674
hadoop,org.apache.hadoop.conf,Configuration.RangeNumberIterator,3,0,0,0,40,0,0,0,-1.0,0,0,/Users/eashraf/hadoop/hadoop-common-project/hadoop-common/src/main/java/org/apache/hadoop/conf/Configuration.java,1679
hadoop,org.apache.hadoop.conf,Configuration.NegativeCacheSentinel,0,0,0,0,5,0,0,0,-1.0,0,0,/Users/eashraf/hadoop/hadoop-common-project/hadoop-common/src/main/java/org/apache/hadoop/conf/Configuration.java,2954
hadoop,org.apache.hadoop.conf,ReconfigurationException,4,0,7,6,67,9,0,0,0.0,4,0,/Users/eashraf/hadoop/hadoop-common-project/hadoop-common/src/main/java/org/apache/hadoop/conf/ReconfigurationException.java,22
hadoop,org.apache.hadoop.conf,Reconfigurable,0,0,3,3,17,3,1,1,-1.0,1,1,/Users/eashraf/hadoop/hadoop-common-project/hadoop-common/src/main/java/org/apache/hadoop/conf/Reconfigurable.java,23
hadoop,org.apache.hadoop.conf,TestJobConf,0,0,8,8,119,8,0,0,-1.0,0,2,/Users/eashraf/hadoop/hadoop-mapreduce-project/hadoop-mapreduce-client/hadoop-mapreduce-client-jobclient/src/test/java/org/apache/hadoop/conf/TestJobConf.java,25
hadoop,org.apache.hadoop.conf,TestNoDefaultsJobConf,0,0,2,2,49,4,0,0,-1.0,0,4,/Users/eashraf/hadoop/hadoop-mapreduce-project/hadoop-mapreduce-client/hadoop-mapreduce-client-jobclient/src/test/java/org/apache/hadoop/conf/TestNoDefaultsJobConf.java,32
hadoop,org.apache.hadoop.fi,ProbabilityModel,7,0,2,1,47,6,0,0,0.0,5,1,/Users/eashraf/hadoop/hadoop-common-project/hadoop-common/src/test/aop/org/apache/hadoop/fi/ProbabilityModel.java,26
hadoop,org.apache.hadoop.fi,FiConfig,3,0,1,1,22,1,0,0,0.0,0,2,/Users/eashraf/hadoop/hadoop-common-project/hadoop-common/src/test/aop/org/apache/hadoop/fi/FiConfig.java,22
hadoop,org.apache.hadoop.fi,ProbabilityModel,7,0,2,1,42,5,0,0,1.0,0,2,/Users/eashraf/hadoop/hadoop-mapreduce-project/hadoop-mapreduce-client/hadoop-mapreduce-client-jobclient/src/test/java/org/apache/hadoop/fi/ProbabilityModel.java,26
hadoop,org.apache.hadoop.fi,FiConfig,3,0,2,1,25,3,0,0,0.0,0,2,/Users/eashraf/hadoop/hadoop-mapreduce-project/hadoop-mapreduce-client/hadoop-mapreduce-client-jobclient/src/test/java/org/apache/hadoop/fi/FiConfig.java,23
hadoop,org.apache.hadoop.fi,Pipeline,1,0,4,3,23,5,0,0,0.0,1,2,/Users/eashraf/hadoop/hadoop-hdfs-project/hadoop-hdfs/src/test/aop/org/apache/hadoop/fi/Pipeline.java,27
hadoop,org.apache.hadoop.fi,FiHFlushTestUtil,2,2,1,1,44,1,0,1,0.0,1,3,/Users/eashraf/hadoop/hadoop-hdfs-project/hadoop-hdfs/src/test/aop/org/apache/hadoop/fi/FiHFlushTestUtil.java,27
hadoop,org.apache.hadoop.fi,FiHFlushTestUtil.DerrAction,0,0,0,0,26,0,0,1,-1.0,0,2,/Users/eashraf/hadoop/hadoop-hdfs-project/hadoop-hdfs/src/test/aop/org/apache/hadoop/fi/FiHFlushTestUtil.java,35
hadoop,org.apache.hadoop.fi,FiHFlushTestUtil.HFlushTest,2,2,0,0,7,0,0,0,-1.0,0,0,/Users/eashraf/hadoop/hadoop-hdfs-project/hadoop-hdfs/src/test/aop/org/apache/hadoop/fi/FiHFlushTestUtil.java,59
hadoop,org.apache.hadoop.fi,ProbabilityModel,7,0,2,1,44,6,0,0,1.0,0,2,/Users/eashraf/hadoop/hadoop-hdfs-project/hadoop-hdfs/src/test/aop/org/apache/hadoop/fi/ProbabilityModel.java,26
hadoop,org.apache.hadoop.fi,FiConfig,3,0,2,1,25,3,0,0,0.0,0,2,/Users/eashraf/hadoop/hadoop-hdfs-project/hadoop-hdfs/src/test/aop/org/apache/hadoop/fi/FiConfig.java,23
hadoop,org.apache.hadoop.fi,PipelineTest,0,0,2,2,7,2,1,0,-1.0,2,3,/Users/eashraf/hadoop/hadoop-hdfs-project/hadoop-hdfs/src/test/aop/org/apache/hadoop/fi/PipelineTest.java,23
hadoop,org.apache.hadoop.fi,DataTransferTestUtil,24,10,7,7,428,7,2,0,0.2857142857142857,5,2,/Users/eashraf/hadoop/hadoop-hdfs-project/hadoop-hdfs/src/test/aop/org/apache/hadoop/fi/DataTransferTestUtil.java,33
hadoop,org.apache.hadoop.fi,DataTransferTestUtil.DataTransferTest,12,10,0,0,92,0,0,1,-1.0,0,1,/Users/eashraf/hadoop/hadoop-hdfs-project/hadoop-hdfs/src/test/aop/org/apache/hadoop/fi/DataTransferTestUtil.java,52
hadoop,org.apache.hadoop.fi,DataTransferTestUtil.DataNodeAction,2,0,0,0,33,0,0,0,-1.0,0,0,/Users/eashraf/hadoop/hadoop-hdfs-project/hadoop-hdfs/src/test/aop/org/apache/hadoop/fi/DataTransferTestUtil.java,140
hadoop,org.apache.hadoop.fi,DataTransferTestUtil.DatanodeMarkingAction,1,0,0,0,28,0,0,0,-1.0,0,0,/Users/eashraf/hadoop/hadoop-hdfs-project/hadoop-hdfs/src/test/aop/org/apache/hadoop/fi/DataTransferTestUtil.java,170
hadoop,org.apache.hadoop.fi,DataTransferTestUtil.OomAction,0,0,0,0,19,0,0,0,-1.0,0,1,/Users/eashraf/hadoop/hadoop-hdfs-project/hadoop-hdfs/src/test/aop/org/apache/hadoop/fi/DataTransferTestUtil.java,196
hadoop,org.apache.hadoop.fi,DataTransferTestUtil.CountdownOomAction,1,0,0,0,21,0,0,0,-1.0,0,1,/Users/eashraf/hadoop/hadoop-hdfs-project/hadoop-hdfs/src/test/aop/org/apache/hadoop/fi/DataTransferTestUtil.java,214
hadoop,org.apache.hadoop.fi,DataTransferTestUtil.DoosAction,0,0,0,0,19,0,0,0,-1.0,0,1,/Users/eashraf/hadoop/hadoop-hdfs-project/hadoop-hdfs/src/test/aop/org/apache/hadoop/fi/DataTransferTestUtil.java,236
hadoop,org.apache.hadoop.fi,DataTransferTestUtil.IoeAction,1,0,0,0,24,0,0,0,-1.0,0,1,/Users/eashraf/hadoop/hadoop-hdfs-project/hadoop-hdfs/src/test/aop/org/apache/hadoop/fi/DataTransferTestUtil.java,254
hadoop,org.apache.hadoop.fi,DataTransferTestUtil.CountdownDoosAction,1,0,0,0,21,0,0,0,-1.0,0,1,/Users/eashraf/hadoop/hadoop-hdfs-project/hadoop-hdfs/src/test/aop/org/apache/hadoop/fi/DataTransferTestUtil.java,280
hadoop,org.apache.hadoop.fi,DataTransferTestUtil.SleepAction,2,0,0,0,56,0,0,0,-1.0,0,1,/Users/eashraf/hadoop/hadoop-hdfs-project/hadoop-hdfs/src/test/aop/org/apache/hadoop/fi/DataTransferTestUtil.java,302
hadoop,org.apache.hadoop.fi,DataTransferTestUtil.CountdownSleepAction,1,0,0,0,33,0,0,0,-1.0,0,1,/Users/eashraf/hadoop/hadoop-hdfs-project/hadoop-hdfs/src/test/aop/org/apache/hadoop/fi/DataTransferTestUtil.java,366
hadoop,org.apache.hadoop.fi,DataTransferTestUtil.VerificationAction,2,0,0,0,34,0,0,0,-1.0,0,1,/Users/eashraf/hadoop/hadoop-hdfs-project/hadoop-hdfs/src/test/aop/org/apache/hadoop/fi/DataTransferTestUtil.java,407
hadoop,org.apache.hadoop.fi,FiTestUtil,8,2,6,5,199,9,0,0,0.3333333333333333,20,0,/Users/eashraf/hadoop/hadoop-hdfs-project/hadoop-hdfs/src/test/aop/org/apache/hadoop/fi/FiTestUtil.java,27
hadoop,org.apache.hadoop.fi,FiTestUtil.Action,0,0,0,0,9,0,0,0,-1.0,0,0,/Users/eashraf/hadoop/hadoop-hdfs-project/hadoop-hdfs/src/test/aop/org/apache/hadoop/fi/FiTestUtil.java,101
hadoop,org.apache.hadoop.fi,FiTestUtil.ActionContainer,1,0,0,0,25,0,0,0,-1.0,0,0,/Users/eashraf/hadoop/hadoop-hdfs-project/hadoop-hdfs/src/test/aop/org/apache/hadoop/fi/FiTestUtil.java,107
hadoop,org.apache.hadoop.fi,FiTestUtil.Constraint,0,0,0,0,9,0,0,0,-1.0,0,0,/Users/eashraf/hadoop/hadoop-hdfs-project/hadoop-hdfs/src/test/aop/org/apache/hadoop/fi/FiTestUtil.java,124
hadoop,org.apache.hadoop.fi,FiTestUtil.CountdownConstraint,1,0,0,0,25,0,0,0,-1.0,0,0,/Users/eashraf/hadoop/hadoop-hdfs-project/hadoop-hdfs/src/test/aop/org/apache/hadoop/fi/FiTestUtil.java,130
hadoop,org.apache.hadoop.fi,FiTestUtil.ConstraintSatisfactionAction,2,0,0,0,25,0,0,0,-1.0,0,0,/Users/eashraf/hadoop/hadoop-hdfs-project/hadoop-hdfs/src/test/aop/org/apache/hadoop/fi/FiTestUtil.java,152
hadoop,org.apache.hadoop.fi,FiTestUtil.MarkerConstraint,2,0,0,0,32,0,0,0,-1.0,0,0,/Users/eashraf/hadoop/hadoop-hdfs-project/hadoop-hdfs/src/test/aop/org/apache/hadoop/fi/FiTestUtil.java,182
hadoop,org.apache.hadoop.metrics.util,MetricsTimeVaryingRate,8,0,11,10,131,11,0,1,0.18181818181818182,1,2,/Users/eashraf/hadoop/hadoop-common-project/hadoop-common/src/main/java/org/apache/hadoop/metrics/util/MetricsTimeVaryingRate.java,25
hadoop,org.apache.hadoop.metrics.util,MetricsTimeVaryingRate.Metrics,2,0,0,0,12,0,0,0,-1.0,0,0,/Users/eashraf/hadoop/hadoop-common-project/hadoop-common/src/main/java/org/apache/hadoop/metrics/util/MetricsTimeVaryingRate.java,40
hadoop,org.apache.hadoop.metrics.util,MetricsTimeVaryingRate.MinMax,2,0,0,0,17,0,0,0,-1.0,0,0,/Users/eashraf/hadoop/hadoop-common-project/hadoop-common/src/main/java/org/apache/hadoop/metrics/util/MetricsTimeVaryingRate.java,55
hadoop,org.apache.hadoop.metrics.util,MetricsLongValue,2,0,5,5,49,6,0,1,0.4,0,2,/Users/eashraf/hadoop/hadoop-common-project/hadoop-common/src/main/java/org/apache/hadoop/metrics/util/MetricsLongValue.java,24
hadoop,org.apache.hadoop.metrics.util,MetricsTimeVaryingInt,3,0,8,7,73,8,0,1,0.25,0,2,/Users/eashraf/hadoop/hadoop-common-project/hadoop-common/src/main/java/org/apache/hadoop/metrics/util/MetricsTimeVaryingInt.java,25
hadoop,org.apache.hadoop.metrics.util,MetricsRegistry,1,0,6,6,44,7,0,0,0.3333333333333333,6,1,/Users/eashraf/hadoop/hadoop-common-project/hadoop-common/src/main/java/org/apache/hadoop/metrics/util/MetricsRegistry.java,25
hadoop,org.apache.hadoop.metrics.util,MetricsIntValue,3,0,5,5,57,6,0,1,0.4,0,2,/Users/eashraf/hadoop/hadoop-common-project/hadoop-common/src/main/java/org/apache/hadoop/metrics/util/MetricsIntValue.java,25
hadoop,org.apache.hadoop.metrics.util,MetricsBase,3,1,5,3,23,5,5,0,0.4,1,1,/Users/eashraf/hadoop/hadoop-common-project/hadoop-common/src/main/java/org/apache/hadoop/metrics/util/MetricsBase.java,23
hadoop,org.apache.hadoop.metrics.util,MetricsDynamicMBeanBase,10,0,9,6,121,33,0,0,0.3333333333333333,0,3,/Users/eashraf/hadoop/hadoop-common-project/hadoop-common/src/main/java/org/apache/hadoop/metrics/util/MetricsDynamicMBeanBase.java,41
hadoop,org.apache.hadoop.metrics.util,MetricsTimeVaryingLong,3,0,8,7,72,8,0,1,0.25,0,2,/Users/eashraf/hadoop/hadoop-common-project/hadoop-common/src/main/java/org/apache/hadoop/metrics/util/MetricsTimeVaryingLong.java,26
hadoop,org.apache.hadoop.metrics.util,MBeanUtil,0,0,3,2,48,4,0,0,-1.0,0,0,/Users/eashraf/hadoop/hadoop-common-project/hadoop-common/src/main/java/org/apache/hadoop/metrics/util/MBeanUtil.java,31
hadoop,org.apache.hadoop.metrics.jvm,JvmMetrics,10,0,8,3,125,18,0,0,0.25,1,4,/Users/eashraf/hadoop/hadoop-common-project/hadoop-common/src/main/java/org/apache/hadoop/metrics/jvm/JvmMetrics.java,39
hadoop,org.apache.hadoop.metrics.jvm,EventCounter,0,0,0,0,8,0,0,0,-1.0,1,0,/Users/eashraf/hadoop/hadoop-common-project/hadoop-common/src/main/java/org/apache/hadoop/metrics/jvm/EventCounter.java,20
hadoop,org.apache.hadoop.metrics2,MetricsFilter,0,0,4,4,31,4,0,1,-1.0,8,2,/Users/eashraf/hadoop/hadoop-common-project/hadoop-common/src/main/java/org/apache/hadoop/metrics2/MetricsFilter.java,24
hadoop,org.apache.hadoop.metrics2,MetricsException,1,0,3,3,28,3,0,0,1.0,0,0,/Users/eashraf/hadoop/hadoop-common-project/hadoop-common/src/main/java/org/apache/hadoop/metrics2/MetricsException.java,24
hadoop,org.apache.hadoop.metrics2,MetricsInfo,0,0,2,0,15,2,2,0,-1.0,39,0,/Users/eashraf/hadoop/hadoop-common-project/hadoop-common/src/main/java/org/apache/hadoop/metrics2/MetricsInfo.java,25
hadoop,org.apache.hadoop.metrics2,MetricsRecord,0,0,6,0,32,6,0,0,-1.0,16,0,/Users/eashraf/hadoop/hadoop-common-project/hadoop-common/src/main/java/org/apache/hadoop/metrics2/MetricsRecord.java,26
hadoop,org.apache.hadoop.metrics2,AbstractMetric,1,0,10,8,50,11,0,1,0.3,9,3,/Users/eashraf/hadoop/hadoop-common-project/hadoop-common/src/main/java/org/apache/hadoop/metrics2/AbstractMetric.java,27
hadoop,org.apache.hadoop.metrics2,MetricsSource,0,0,1,0,11,1,0,0,-1.0,12,1,/Users/eashraf/hadoop/hadoop-common-project/hadoop-common/src/main/java/org/apache/hadoop/metrics2/MetricsSource.java,24
hadoop,org.apache.hadoop.metrics2,MetricsSink,0,0,2,0,14,2,0,1,-1.0,3,1,/Users/eashraf/hadoop/hadoop-common-project/hadoop-common/src/main/java/org/apache/hadoop/metrics2/MetricsSink.java,26
hadoop,org.apache.hadoop.metrics2,MetricsVisitor,0,0,6,6,41,6,0,0,-1.0,8,1,/Users/eashraf/hadoop/hadoop-common-project/hadoop-common/src/main/java/org/apache/hadoop/metrics2/MetricsVisitor.java,24
hadoop,org.apache.hadoop.metrics2,MetricsCollector,0,0,2,2,17,2,0,0,-1.0,14,2,/Users/eashraf/hadoop/hadoop-common-project/hadoop-common/src/main/java/org/apache/hadoop/metrics2/MetricsCollector.java,24
hadoop,org.apache.hadoop.metrics2,MetricsPlugin,0,0,1,0,10,1,2,0,-1.0,0,0,/Users/eashraf/hadoop/hadoop-common-project/hadoop-common/src/main/java/org/apache/hadoop/metrics2/MetricsPlugin.java,25
hadoop,org.apache.hadoop.metrics2,MetricsTag,2,0,8,8,48,9,0,1,0.0,8,1,/Users/eashraf/hadoop/hadoop-common-project/hadoop-common/src/main/java/org/apache/hadoop/metrics2/MetricsTag.java,27
hadoop,org.apache.hadoop.metrics2,MetricType,0,0,0,0,7,0,0,0,-1.0,7,0,/Users/eashraf/hadoop/hadoop-common-project/hadoop-common/src/main/java/org/apache/hadoop/metrics2/MetricType.java,20
hadoop,org.apache.hadoop.metrics2,MetricsRecordBuilder,0,0,12,12,83,12,0,0,-1.0,35,4,/Users/eashraf/hadoop/hadoop-common-project/hadoop-common/src/main/java/org/apache/hadoop/metrics2/MetricsRecordBuilder.java,24
hadoop,org.apache.hadoop.metrics2,MetricsSystemMXBean,0,0,5,5,30,5,1,0,-1.0,0,0,/Users/eashraf/hadoop/hadoop-common-project/hadoop-common/src/main/java/org/apache/hadoop/metrics2/MetricsSystemMXBean.java,24
hadoop,org.apache.hadoop.metrics2,MetricsSystem,0,0,9,9,94,9,0,1,-1.0,23,1,/Users/eashraf/hadoop/hadoop-common-project/hadoop-common/src/main/java/org/apache/hadoop/metrics2/MetricsSystem.java,24
hadoop,org.apache.hadoop.metrics2,MetricsSystem.Callback,0,0,0,0,21,0,0,0,-1.0,0,0,/Users/eashraf/hadoop/hadoop-common-project/hadoop-common/src/main/java/org/apache/hadoop/metrics2/MetricsSystem.java,117
hadoop,org.apache.hadoop.metrics2,MetricsSystem.AbstractCallback,0,0,0,0,13,0,0,0,-1.0,0,0,/Users/eashraf/hadoop/hadoop-common-project/hadoop-common/src/main/java/org/apache/hadoop/metrics2/MetricsSystem.java,142
hadoop,org.apache.hadoop.metrics2.annotation,Type,0,0,0,0,1,0,0,0,-1.0,5,0,/Users/eashraf/hadoop/hadoop-common-project/hadoop-common/src/main/java/org/apache/hadoop/metrics2/annotation/Metric.java,37
hadoop,org.apache.hadoop.tools.protocolPB,GetUserMappingsProtocolPB,0,0,0,0,2,0,1,0,-1.0,4,1,/Users/eashraf/hadoop/hadoop-common-project/hadoop-common/src/main/java/org/apache/hadoop/tools/protocolPB/GetUserMappingsProtocolPB.java,28
hadoop,org.apache.hadoop.tools.protocolPB,GetUserMappingsProtocolClientSideTranslatorPB,2,0,4,4,27,4,0,0,0.0,1,4,/Users/eashraf/hadoop/hadoop-common-project/hadoop-common/src/main/java/org/apache/hadoop/tools/protocolPB/GetUserMappingsProtocolClientSideTranslatorPB.java,34
hadoop,org.apache.hadoop.tools.protocolPB,GetUserMappingsProtocolServerSideTranslatorPB,1,0,2,2,20,3,0,1,0.0,2,1,/Users/eashraf/hadoop/hadoop-common-project/hadoop-common/src/main/java/org/apache/hadoop/tools/protocolPB/GetUserMappingsProtocolServerSideTranslatorPB.java,30
hadoop,org.apache.hadoop.security.protocolPB,RefreshAuthorizationPolicyProtocolServerSideTranslatorPB,2,0,2,2,16,2,0,1,0.0,1,1,/Users/eashraf/hadoop/hadoop-common-project/hadoop-common/src/main/java/org/apache/hadoop/security/protocolPB/RefreshAuthorizationPolicyProtocolServerSideTranslatorPB.java,30
hadoop,org.apache.hadoop.security.protocolPB,RefreshUserMappingsProtocolServerSideTranslatorPB,3,0,3,3,26,3,0,1,0.0,2,1,/Users/eashraf/hadoop/hadoop-common-project/hadoop-common/src/main/java/org/apache/hadoop/security/protocolPB/RefreshUserMappingsProtocolServerSideTranslatorPB.java,32
hadoop,org.apache.hadoop.security.protocolPB,RefreshUserMappingsProtocolPB,0,0,0,0,2,0,1,0,-1.0,5,1,/Users/eashraf/hadoop/hadoop-common-project/hadoop-common/src/main/java/org/apache/hadoop/security/protocolPB/RefreshUserMappingsProtocolPB.java,28
hadoop,org.apache.hadoop.security.protocolPB,RefreshUserMappingsProtocolClientSideTranslatorPB,4,0,5,5,34,5,0,0,0.0,1,4,/Users/eashraf/hadoop/hadoop-common-project/hadoop-common/src/main/java/org/apache/hadoop/security/protocolPB/RefreshUserMappingsProtocolClientSideTranslatorPB.java,35
hadoop,org.apache.hadoop.security.protocolPB,RefreshAuthorizationPolicyProtocolPB,0,0,0,0,2,0,1,0,-1.0,3,1,/Users/eashraf/hadoop/hadoop-common-project/hadoop-common/src/main/java/org/apache/hadoop/security/protocolPB/RefreshAuthorizationPolicyProtocolPB.java,28
hadoop,org.apache.hadoop.security.protocolPB,RefreshAuthorizationPolicyProtocolClientSideTranslatorPB,3,0,4,4,25,4,0,0,0.0,1,4,/Users/eashraf/hadoop/hadoop-common-project/hadoop-common/src/main/java/org/apache/hadoop/security/protocolPB/RefreshAuthorizationPolicyProtocolClientSideTranslatorPB.java,35
hadoop,org.apache.hadoop.io.compress.bzip2,CBZip2InputStream,50,2,36,9,881,158,0,1,0.0,2,2,/Users/eashraf/hadoop/hadoop-common-project/hadoop-common/src/main/java/org/apache/hadoop/io/compress/bzip2/CBZip2InputStream.java,33
hadoop,org.apache.hadoop.io.compress.bzip2,CBZip2InputStream.STATE,0,0,0,0,4,0,0,0,-1.0,0,0,/Users/eashraf/hadoop/hadoop-common-project/hadoop-common/src/main/java/org/apache/hadoop/io/compress/bzip2/CBZip2InputStream.java,118
hadoop,org.apache.hadoop.io.compress.bzip2,CBZip2InputStream.Data,15,0,0,0,34,0,0,0,-1.0,0,1,/Users/eashraf/hadoop/hadoop-common-project/hadoop-common/src/main/java/org/apache/hadoop/io/compress/bzip2/CBZip2InputStream.java,1177
hadoop,org.apache.hadoop.io.compress.bzip2,Bzip2Decompressor,14,0,23,13,156,34,0,0,0.21739130434782608,1,0,/Users/eashraf/hadoop/hadoop-common-project/hadoop-common/src/main/java/org/apache/hadoop/io/compress/bzip2/Bzip2Decompressor.java,30
hadoop,org.apache.hadoop.io.compress.bzip2,Bzip2Factory,3,0,10,10,87,14,0,0,0.5,4,5,/Users/eashraf/hadoop/hadoop-common-project/hadoop-common/src/main/java/org/apache/hadoop/io/compress/bzip2/Bzip2Factory.java,34
hadoop,org.apache.hadoop.io.compress.bzip2,CBZip2OutputStream,57,2,41,9,1455,256,0,1,0.04878048780487805,2,3,/Users/eashraf/hadoop/hadoop-common-project/hadoop-common/src/main/java/org/apache/hadoop/io/compress/bzip2/CBZip2OutputStream.java,32
hadoop,org.apache.hadoop.io.compress.bzip2,CBZip2OutputStream.Data,27,0,0,0,40,0,0,0,-1.0,0,1,/Users/eashraf/hadoop/hadoop-common-project/hadoop-common/src/main/java/org/apache/hadoop/io/compress/bzip2/CBZip2OutputStream.java,2031
hadoop,org.apache.hadoop.io.compress.bzip2,BZip2DummyCompressor,0,0,11,11,36,11,0,0,-1.0,0,1,/Users/eashraf/hadoop/hadoop-common-project/hadoop-common/src/main/java/org/apache/hadoop/io/compress/bzip2/BZip2DummyCompressor.java,26
hadoop,org.apache.hadoop.io.compress.bzip2,CRC,2,0,7,0,37,9,0,0,0.0,2,0,/Users/eashraf/hadoop/hadoop-common-project/hadoop-common/src/main/java/org/apache/hadoop/io/compress/bzip2/CRC.java,27
hadoop,org.apache.hadoop.io.compress.bzip2,BZip2Constants,13,2,0,0,27,0,2,0,-1.0,6,0,/Users/eashraf/hadoop/hadoop-common-project/hadoop-common/src/main/java/org/apache/hadoop/io/compress/bzip2/BZip2Constants.java,27
hadoop,org.apache.hadoop.io.compress.bzip2,Bzip2Compressor,19,0,24,15,191,38,0,0,0.20833333333333334,1,2,/Users/eashraf/hadoop/hadoop-common-project/hadoop-common/src/main/java/org/apache/hadoop/io/compress/bzip2/Bzip2Compressor.java,31
hadoop,org.apache.hadoop.io.compress.bzip2,BZip2DummyDecompressor,0,0,9,9,31,9,0,0,-1.0,0,0,/Users/eashraf/hadoop/hadoop-common-project/hadoop-common/src/main/java/org/apache/hadoop/io/compress/bzip2/BZip2DummyDecompressor.java,25
hadoop,org.apache.hadoop,HadoopIllegalArgumentException,1,0,1,1,13,1,0,0,0.0,1,0,/Users/eashraf/hadoop/hadoop-common-project/hadoop-common/src/main/java/org/apache/hadoop/HadoopIllegalArgumentException.java,23
hadoop,org.apache.hadoop,CustomOutputCommitter,6,6,8,7,37,8,0,0,0.25,2,6,/Users/eashraf/hadoop/hadoop-mapreduce-project/hadoop-mapreduce-client/hadoop-mapreduce-client-app/src/main/java/org/apache/hadoop/CustomOutputCommitter.java,31
hadoop,org.apache.hadoop,RandomTextWriterJob,16,6,4,3,155,6,0,0,0.5,1,8,/Users/eashraf/hadoop/hadoop-mapreduce-project/hadoop-mapreduce-client/hadoop-mapreduce-client-jobclient/src/test/java/org/apache/hadoop/RandomTextWriterJob.java,45
hadoop,org.apache.hadoop,RandomTextWriterJob.Counters,0,0,0,0,1,0,0,0,-1.0,0,0,/Users/eashraf/hadoop/hadoop-mapreduce-project/hadoop-mapreduce-client/hadoop-mapreduce-client-jobclient/src/test/java/org/apache/hadoop/RandomTextWriterJob.java,56
hadoop,org.apache.hadoop,RandomTextWriterJob.RandomInputFormat,3,0,0,0,50,0,0,0,-1.0,0,3,/Users/eashraf/hadoop/hadoop-mapreduce-project/hadoop-mapreduce-client/hadoop-mapreduce-client-jobclient/src/test/java/org/apache/hadoop/RandomTextWriterJob.java,85
hadoop,org.apache.hadoop,RandomTextWriterJob.RandomRecordReader,3,0,0,0,33,0,0,0,-1.0,0,2,/Users/eashraf/hadoop/hadoop-mapreduce-project/hadoop-mapreduce-client/hadoop-mapreduce-client-jobclient/src/test/java/org/apache/hadoop/RandomTextWriterJob.java,103
hadoop,org.apache.hadoop,RandomTextWriterJob.RandomTextMapper,7,0,0,0,49,0,0,0,-1.0,0,0,/Users/eashraf/hadoop/hadoop-mapreduce-project/hadoop-mapreduce-client/hadoop-mapreduce-client-jobclient/src/test/java/org/apache/hadoop/RandomTextWriterJob.java,152
hadoop,org.apache.hadoop,FailMapper,0,0,1,1,6,1,0,0,-1.0,1,4,/Users/eashraf/hadoop/hadoop-mapreduce-project/hadoop-mapreduce-client/hadoop-mapreduce-client-jobclient/src/test/java/org/apache/hadoop/FailMapper.java,31
hadoop,org.apache.hadoop,FailingMapper,0,0,2,2,27,3,0,0,-1.0,1,1,/Users/eashraf/hadoop/hadoop-mapreduce-project/hadoop-mapreduce-client/hadoop-mapreduce-client-jobclient/src/test/java/org/apache/hadoop/FailingMapper.java,26
hadoop,org.apache.hadoop,TestGenericRefresh,4,0,13,13,118,14,0,0,0.23076923076923078,0,7,/Users/eashraf/hadoop/hadoop-hdfs-project/hadoop-hdfs/src/test/java/org/apache/hadoop/TestGenericRefresh.java,41
hadoop,org.apache.hadoop,TestRefreshCallQueue,7,0,4,4,70,7,0,0,0.0,0,4,/Users/eashraf/hadoop/hadoop-hdfs-project/hadoop-hdfs/src/test/java/org/apache/hadoop/TestRefreshCallQueue.java,41
hadoop,org.apache.hadoop,TestRefreshCallQueue.MockCallQueue,0,0,0,0,10,0,0,0,-1.0,0,0,/Users/eashraf/hadoop/hadoop-hdfs-project/hadoop-hdfs/src/test/java/org/apache/hadoop/TestRefreshCallQueue.java,92
hadoop,org.apache.hadoop.ha.protocolPB,ZKFCProtocolClientSideTranslatorPB,2,0,5,5,31,5,0,0,0.0,0,6,/Users/eashraf/hadoop/hadoop-common-project/hadoop-common/src/main/java/org/apache/hadoop/ha/protocolPB/ZKFCProtocolClientSideTranslatorPB.java,41
hadoop,org.apache.hadoop.ha.protocolPB,HAServiceProtocolServerSideTranslatorPB,5,0,8,7,86,16,0,1,0.375,3,5,/Users/eashraf/hadoop/hadoop-common-project/hadoop-common/src/main/java/org/apache/hadoop/ha/protocolPB/HAServiceProtocolServerSideTranslatorPB.java,46
hadoop,org.apache.hadoop.ha.protocolPB,ZKFCProtocolPB,0,0,0,0,2,0,1,0,-1.0,3,1,/Users/eashraf/hadoop/hadoop-common-project/hadoop-common/src/main/java/org/apache/hadoop/ha/protocolPB/ZKFCProtocolPB.java,28
hadoop,org.apache.hadoop.ha.protocolPB,ZKFCProtocolServerSideTranslatorPB,1,0,5,5,33,6,0,1,0.6,1,5,/Users/eashraf/hadoop/hadoop-common-project/hadoop-common/src/main/java/org/apache/hadoop/ha/protocolPB/ZKFCProtocolServerSideTranslatorPB.java,35
hadoop,org.apache.hadoop.ha.protocolPB,HAServiceProtocolClientSideTranslatorPB,4,0,10,8,89,17,0,0,0.2,0,7,/Users/eashraf/hadoop/hadoop-common-project/hadoop-common/src/main/java/org/apache/hadoop/ha/protocolPB/HAServiceProtocolClientSideTranslatorPB.java,48
hadoop,org.apache.hadoop.ha.protocolPB,HAServiceProtocolPB,0,0,0,0,2,0,1,0,-1.0,6,1,/Users/eashraf/hadoop/hadoop-common-project/hadoop-common/src/main/java/org/apache/hadoop/ha/protocolPB/HAServiceProtocolPB.java,28
hadoop,org.apache.hadoop.log.metrics,EventCounter,6,0,7,7,51,11,0,0,0.42857142857142855,1,0,/Users/eashraf/hadoop/hadoop-common-project/hadoop-common/src/main/java/org/apache/hadoop/log/metrics/EventCounter.java,27
hadoop,org.apache.hadoop.log.metrics,EventCounter.EventCounts,1,0,0,0,9,0,0,0,-1.0,0,0,/Users/eashraf/hadoop/hadoop-common-project/hadoop-common/src/main/java/org/apache/hadoop/log/metrics/EventCounter.java,39
hadoop,org.apache.hadoop.ipc.metrics,RpcMetrics,15,0,14,13,118,20,0,0,0.5714285714285714,1,8,/Users/eashraf/hadoop/hadoop-common-project/hadoop-common/src/main/java/org/apache/hadoop/ipc/metrics/RpcMetrics.java,35
hadoop,org.apache.hadoop.ipc.metrics,RetryCacheMetrics,6,0,9,8,52,10,0,0,0.4444444444444444,3,4,/Users/eashraf/hadoop/hadoop-common-project/hadoop-common/src/main/java/org/apache/hadoop/ipc/metrics/RetryCacheMetrics.java,30
hadoop,org.apache.hadoop.ipc.metrics,RpcDetailedMetrics,4,0,6,5,41,6,0,0,0.3333333333333333,1,3,/Users/eashraf/hadoop/hadoop-common-project/hadoop-common/src/main/java/org/apache/hadoop/ipc/metrics/RpcDetailedMetrics.java,29
hadoop,org.apache.hadoop.ipc.protocolPB,RefreshCallQueueProtocolPB,0,0,0,0,2,0,1,0,-1.0,3,1,/Users/eashraf/hadoop/hadoop-common-project/hadoop-common/src/main/java/org/apache/hadoop/ipc/protocolPB/RefreshCallQueueProtocolPB.java,28
hadoop,org.apache.hadoop.ipc.protocolPB,RefreshCallQueueProtocolServerSideTranslatorPB,2,0,2,2,16,2,0,1,0.0,1,1,/Users/eashraf/hadoop/hadoop-common-project/hadoop-common/src/main/java/org/apache/hadoop/ipc/protocolPB/RefreshCallQueueProtocolServerSideTranslatorPB.java,30
hadoop,org.apache.hadoop.ipc.protocolPB,GenericRefreshProtocolClientSideTranslatorPB,2,0,6,4,53,10,0,0,0.3333333333333333,0,5,/Users/eashraf/hadoop/hadoop-common-project/hadoop-common/src/main/java/org/apache/hadoop/ipc/protocolPB/GenericRefreshProtocolClientSideTranslatorPB.java,41
hadoop,org.apache.hadoop.ipc.protocolPB,RefreshCallQueueProtocolClientSideTranslatorPB,3,0,4,4,25,4,0,0,0.0,1,4,/Users/eashraf/hadoop/hadoop-common-project/hadoop-common/src/main/java/org/apache/hadoop/ipc/protocolPB/RefreshCallQueueProtocolClientSideTranslatorPB.java,35
hadoop,org.apache.hadoop.ipc.protocolPB,GenericRefreshProtocolServerSideTranslatorPB,1,0,3,2,31,5,0,1,0.0,1,1,/Users/eashraf/hadoop/hadoop-common-project/hadoop-common/src/main/java/org/apache/hadoop/ipc/protocolPB/GenericRefreshProtocolServerSideTranslatorPB.java,34
hadoop,org.apache.hadoop.ipc.protocolPB,GenericRefreshProtocolPB,0,0,0,0,2,0,1,0,-1.0,3,1,/Users/eashraf/hadoop/hadoop-common-project/hadoop-common/src/main/java/org/apache/hadoop/ipc/protocolPB/GenericRefreshProtocolPB.java,28
hadoop,org.apache.hadoop.fs.crypto,CryptoFSDataInputStream,0,0,2,2,8,2,0,0,-1.0,0,2,/Users/eashraf/hadoop/hadoop-common-project/hadoop-common/src/main/java/org/apache/hadoop/fs/crypto/CryptoFSDataInputStream.java,26
hadoop,org.apache.hadoop.fs.crypto,CryptoFSDataOutputStream,1,0,3,3,14,3,0,0,0.0,0,2,/Users/eashraf/hadoop/hadoop-common-project/hadoop-common/src/main/java/org/apache/hadoop/fs/crypto/CryptoFSDataOutputStream.java,26
hadoop,org.apache.hadoop.fs.local,LocalConfigKeys,13,13,1,1,21,1,0,0,0.0,2,1,/Users/eashraf/hadoop/hadoop-common-project/hadoop-common/src/main/java/org/apache/hadoop/fs/local/LocalConfigKeys.java,29
hadoop,org.apache.hadoop.fs.local,RawLocalFs,0,0,5,3,27,5,0,0,-1.0,0,3,/Users/eashraf/hadoop/hadoop-common-project/hadoop-common/src/main/java/org/apache/hadoop/fs/local/RawLocalFs.java,33
hadoop,org.apache.hadoop.fs.local,LocalFs,0,0,2,0,18,2,0,0,-1.0,0,1,/Users/eashraf/hadoop/hadoop-common-project/hadoop-common/src/main/java/org/apache/hadoop/fs/local/LocalFs.java,30
hadoop,org.apache.hadoop.nfs,TestNfsExports,7,0,17,17,102,19,0,0,0.0,0,3,/Users/eashraf/hadoop/hadoop-common-project/hadoop-nfs/src/test/java/org/apache/hadoop/nfs/TestNfsExports.java,24
hadoop,org.apache.hadoop.nfs,TestNfsTime,0,0,2,2,14,2,0,0,-1.0,0,2,/Users/eashraf/hadoop/hadoop-common-project/hadoop-nfs/src/test/java/org/apache/hadoop/nfs/TestNfsTime.java,26
hadoop,org.apache.hadoop.nfs,NfsTime,4,0,11,11,52,12,0,0,0.18181818181818182,6,1,/Users/eashraf/hadoop/hadoop-common-project/hadoop-nfs/src/main/java/org/apache/hadoop/nfs/NfsTime.java,22
hadoop,org.apache.hadoop.nfs,NfsExports,20,1,6,3,276,29,0,0,0.0,3,7,/Users/eashraf/hadoop/hadoop-common-project/hadoop-nfs/src/main/java/org/apache/hadoop/nfs/NfsExports.java,39
hadoop,org.apache.hadoop.nfs,NfsExports.AccessCacheEntry,4,0,0,0,36,0,0,0,-1.0,0,2,/Users/eashraf/hadoop/hadoop-common-project/hadoop-nfs/src/main/java/org/apache/hadoop/nfs/NfsExports.java,90
hadoop,org.apache.hadoop.nfs,NfsExports.Match,1,0,0,0,8,0,0,0,-1.0,0,1,/Users/eashraf/hadoop/hadoop-common-project/hadoop-nfs/src/main/java/org/apache/hadoop/nfs/NfsExports.java,216
hadoop,org.apache.hadoop.nfs,NfsExports.AnonymousMatch,0,0,0,0,14,0,0,0,-1.0,0,0,/Users/eashraf/hadoop/hadoop-common-project/hadoop-nfs/src/main/java/org/apache/hadoop/nfs/NfsExports.java,227
hadoop,org.apache.hadoop.nfs,NfsExports.CIDRMatch,1,0,0,0,25,0,0,0,-1.0,0,0,/Users/eashraf/hadoop/hadoop-common-project/hadoop-nfs/src/main/java/org/apache/hadoop/nfs/NfsExports.java,246
hadoop,org.apache.hadoop.nfs,NfsExports.ExactMatch,1,0,0,0,25,0,0,0,-1.0,0,0,/Users/eashraf/hadoop/hadoop-common-project/hadoop-nfs/src/main/java/org/apache/hadoop/nfs/NfsExports.java,281
hadoop,org.apache.hadoop.nfs,NfsExports.RegexMatch,1,0,0,0,25,0,0,0,-1.0,0,0,/Users/eashraf/hadoop/hadoop-common-project/hadoop-nfs/src/main/java/org/apache/hadoop/nfs/NfsExports.java,315
hadoop,org.apache.hadoop.nfs,AccessPrivilege,0,0,0,0,1,0,0,0,-1.0,6,0,/Users/eashraf/hadoop/hadoop-common-project/hadoop-nfs/src/main/java/org/apache/hadoop/nfs/AccessPrivilege.java,20
hadoop,org.apache.hadoop.nfs,NfsFileType,1,0,2,1,11,2,0,0,0.0,6,0,/Users/eashraf/hadoop/hadoop-common-project/hadoop-nfs/src/main/java/org/apache/hadoop/nfs/NfsFileType.java,20
hadoop,org.apache.hadoop.nfs.nfs3,TestFileHandle,0,0,1,1,11,1,0,0,-1.0,0,2,/Users/eashraf/hadoop/hadoop-common-project/hadoop-nfs/src/test/java/org/apache/hadoop/nfs/nfs3/TestFileHandle.java,26
hadoop,org.apache.hadoop.nfs.nfs3,Nfs3Status,29,29,0,0,121,0,0,0,-1.0,25,0,/Users/eashraf/hadoop/hadoop-common-project/hadoop-nfs/src/main/java/org/apache/hadoop/nfs/nfs3/Nfs3Status.java,20
hadoop,org.apache.hadoop.nfs.nfs3,Nfs3Constant,42,41,0,0,106,0,0,0,-1.0,14,0,/Users/eashraf/hadoop/hadoop-common-project/hadoop-nfs/src/main/java/org/apache/hadoop/nfs/nfs3/Nfs3Constant.java,21
hadoop,org.apache.hadoop.nfs.nfs3,Nfs3Constant.NFSPROC3,1,0,0,0,26,0,0,0,-1.0,0,0,/Users/eashraf/hadoop/hadoop-common-project/hadoop-nfs/src/main/java/org/apache/hadoop/nfs/nfs3/Nfs3Constant.java,35
hadoop,org.apache.hadoop.nfs.nfs3,Nfs3Constant.WriteStableHow,0,0,0,0,10,0,0,0,-1.0,0,0,/Users/eashraf/hadoop/hadoop-common-project/hadoop-nfs/src/main/java/org/apache/hadoop/nfs/nfs3/Nfs3Constant.java,154
hadoop,org.apache.hadoop.nfs.nfs3,Nfs3Interface,0,0,22,22,93,22,0,0,-1.0,0,2,/Users/eashraf/hadoop/hadoop-common-project/hadoop-nfs/src/main/java/org/apache/hadoop/nfs/nfs3/Nfs3Interface.java,24
hadoop,org.apache.hadoop.nfs.nfs3,Nfs3Base,4,2,4,2,44,5,0,0,0.0,0,5,/Users/eashraf/hadoop/hadoop-common-project/hadoop-nfs/src/main/java/org/apache/hadoop/nfs/nfs3/Nfs3Base.java,30
hadoop,org.apache.hadoop.nfs.nfs3,Nfs3Base.NfsShutdownHook,0,0,0,0,6,0,0,0,-1.0,0,1,/Users/eashraf/hadoop/hadoop-common-project/hadoop-nfs/src/main/java/org/apache/hadoop/nfs/nfs3/Nfs3Base.java,77
hadoop,org.apache.hadoop.nfs.nfs3,Nfs3FileAttributes,15,0,23,23,160,23,0,0,0.08695652173913043,24,3,/Users/eashraf/hadoop/hadoop-common-project/hadoop-nfs/src/main/java/org/apache/hadoop/nfs/nfs3/Nfs3FileAttributes.java,25
hadoop,org.apache.hadoop.nfs.nfs3,Nfs3FileAttributes.Specdata3,2,0,0,0,21,0,0,0,-1.0,0,0,/Users/eashraf/hadoop/hadoop-common-project/hadoop-nfs/src/main/java/org/apache/hadoop/nfs/nfs3/Nfs3FileAttributes.java,53
hadoop,org.apache.hadoop.nfs.nfs3,FileHandle,5,0,12,10,105,20,0,0,0.0,43,1,/Users/eashraf/hadoop/hadoop-common-project/hadoop-nfs/src/main/java/org/apache/hadoop/nfs/nfs3/FileHandle.java,30
hadoop,org.apache.hadoop.oncrpc,TestFrameDecoder,1,0,8,4,145,10,0,0,0.375,0,5,/Users/eashraf/hadoop/hadoop-common-project/hadoop-nfs/src/test/java/org/apache/hadoop/oncrpc/TestFrameDecoder.java,42
hadoop,org.apache.hadoop.oncrpc,TestFrameDecoder.TestRpcProgram,0,0,0,0,26,0,0,1,-1.0,0,0,/Users/eashraf/hadoop/hadoop-common-project/hadoop-nfs/src/test/java/org/apache/hadoop/oncrpc/TestFrameDecoder.java,58
hadoop,org.apache.hadoop.oncrpc,TestRpcMessage,0,0,5,4,26,5,0,0,-1.0,0,2,/Users/eashraf/hadoop/hadoop-common-project/hadoop-nfs/src/test/java/org/apache/hadoop/oncrpc/TestRpcMessage.java,23
hadoop,org.apache.hadoop.oncrpc,TestRpcCallCache,0,0,8,6,73,11,0,0,-1.0,0,2,/Users/eashraf/hadoop/hadoop-common-project/hadoop-nfs/src/test/java/org/apache/hadoop/oncrpc/TestRpcCallCache.java,37
hadoop,org.apache.hadoop.oncrpc,TestRpcAcceptedReply,0,0,3,3,25,3,0,0,-1.0,0,3,/Users/eashraf/hadoop/hadoop-common-project/hadoop-nfs/src/test/java/org/apache/hadoop/oncrpc/TestRpcAcceptedReply.java,28
hadoop,org.apache.hadoop.oncrpc,TestRpcDeniedReply,0,0,3,3,19,3,0,0,-1.0,0,2,/Users/eashraf/hadoop/hadoop-common-project/hadoop-nfs/src/test/java/org/apache/hadoop/oncrpc/TestRpcDeniedReply.java,26
hadoop,org.apache.hadoop.oncrpc,TestRpcReply,0,0,4,4,23,4,0,0,-1.0,0,3,/Users/eashraf/hadoop/hadoop-common-project/hadoop-nfs/src/test/java/org/apache/hadoop/oncrpc/TestRpcReply.java,26
hadoop,org.apache.hadoop.oncrpc,TestRpcCall,0,0,3,3,30,3,0,0,-1.0,0,4,/Users/eashraf/hadoop/hadoop-common-project/hadoop-nfs/src/test/java/org/apache/hadoop/oncrpc/TestRpcCall.java,28
hadoop,org.apache.hadoop.oncrpc,TestXDR,1,0,3,1,20,7,0,0,0.0,0,1,/Users/eashraf/hadoop/hadoop-common-project/hadoop-nfs/src/test/java/org/apache/hadoop/oncrpc/TestXDR.java,23
hadoop,org.apache.hadoop.oncrpc,RpcDeniedReply,1,0,5,5,36,5,0,2,0.4,4,2,/Users/eashraf/hadoop/hadoop-common-project/hadoop-nfs/src/main/java/org/apache/hadoop/oncrpc/RpcDeniedReply.java,22
hadoop,org.apache.hadoop.oncrpc,RpcDeniedReply.RejectState,0,0,0,0,7,0,0,0,-1.0,0,0,/Users/eashraf/hadoop/hadoop-common-project/hadoop-nfs/src/main/java/org/apache/hadoop/oncrpc/RpcDeniedReply.java,27
hadoop,org.apache.hadoop.oncrpc,RegistrationClient,1,1,1,1,61,1,0,1,0.0,1,2,/Users/eashraf/hadoop/hadoop-common-project/hadoop-nfs/src/main/java/org/apache/hadoop/oncrpc/RegistrationClient.java,29
hadoop,org.apache.hadoop.oncrpc,RegistrationClient.RegistrationClientHandler,0,0,0,0,52,0,0,1,-1.0,0,1,/Users/eashraf/hadoop/hadoop-common-project/hadoop-nfs/src/main/java/org/apache/hadoop/oncrpc/RegistrationClient.java,39
hadoop,org.apache.hadoop.oncrpc,XDR,6,0,32,26,183,38,0,0,0.1875,95,0,/Users/eashraf/hadoop/hadoop-common-project/hadoop-nfs/src/main/java/org/apache/hadoop/oncrpc/XDR.java,29
hadoop,org.apache.hadoop.oncrpc,XDR.State,0,0,0,0,1,0,0,0,-1.0,0,0,/Users/eashraf/hadoop/hadoop-common-project/hadoop-nfs/src/main/java/org/apache/hadoop/oncrpc/XDR.java,50
hadoop,org.apache.hadoop.oncrpc,RpcUtil,7,4,3,3,96,3,0,0,1.0,9,2,/Users/eashraf/hadoop/hadoop-common-project/hadoop-nfs/src/main/java/org/apache/hadoop/oncrpc/RpcUtil.java,33
hadoop,org.apache.hadoop.oncrpc,RpcUtil.RpcFrameDecoder,2,1,0,0,34,0,0,0,-1.0,0,0,/Users/eashraf/hadoop/hadoop-common-project/hadoop-nfs/src/main/java/org/apache/hadoop/oncrpc/RpcUtil.java,57
hadoop,org.apache.hadoop.oncrpc,RpcUtil.RpcMessageParserStage,1,0,0,0,23,0,0,0,-1.0,0,1,/Users/eashraf/hadoop/hadoop-common-project/hadoop-nfs/src/main/java/org/apache/hadoop/oncrpc/RpcUtil.java,105
hadoop,org.apache.hadoop.oncrpc,RpcUtil.RpcTcpResponseStage,0,0,0,0,12,0,0,0,-1.0,0,0,/Users/eashraf/hadoop/hadoop-common-project/hadoop-nfs/src/main/java/org/apache/hadoop/oncrpc/RpcUtil.java,137
hadoop,org.apache.hadoop.oncrpc,RpcUtil.RpcUdpResponseStage,0,0,0,0,9,0,0,0,-1.0,0,0,/Users/eashraf/hadoop/hadoop-common-project/hadoop-nfs/src/main/java/org/apache/hadoop/oncrpc/RpcUtil.java,154
hadoop,org.apache.hadoop.oncrpc,RpcReply,2,0,4,3,39,6,2,1,0.5,6,5,/Users/eashraf/hadoop/hadoop-common-project/hadoop-nfs/src/main/java/org/apache/hadoop/oncrpc/RpcReply.java,25
hadoop,org.apache.hadoop.oncrpc,RpcReply.ReplyState,0,0,0,0,10,0,0,0,-1.0,0,0,/Users/eashraf/hadoop/hadoop-common-project/hadoop-nfs/src/main/java/org/apache/hadoop/oncrpc/RpcReply.java,29
hadoop,org.apache.hadoop.oncrpc,SimpleUdpClient,5,0,3,3,43,5,0,0,0.0,1,2,/Users/eashraf/hadoop/hadoop-common-project/hadoop-nfs/src/main/java/org/apache/hadoop/oncrpc/SimpleUdpClient.java,26
hadoop,org.apache.hadoop.oncrpc,SimpleTcpServer,5,1,4,4,48,5,0,0,0.0,3,2,/Users/eashraf/hadoop/hadoop-common-project/hadoop-nfs/src/main/java/org/apache/hadoop/oncrpc/SimpleTcpServer.java,34
hadoop,org.apache.hadoop.oncrpc,RpcInfo,4,0,5,5,27,5,0,0,0.0,5,1,/Users/eashraf/hadoop/hadoop-common-project/hadoop-nfs/src/main/java/org/apache/hadoop/oncrpc/RpcInfo.java,26
hadoop,org.apache.hadoop.oncrpc,RpcMessage,2,0,5,3,39,7,2,0,0.4,8,1,/Users/eashraf/hadoop/hadoop-common-project/hadoop-nfs/src/main/java/org/apache/hadoop/oncrpc/RpcMessage.java,20
hadoop,org.apache.hadoop.oncrpc,RpcMessage.Type,0,0,0,0,13,0,0,0,-1.0,0,0,/Users/eashraf/hadoop/hadoop-common-project/hadoop-nfs/src/main/java/org/apache/hadoop/oncrpc/RpcMessage.java,24
hadoop,org.apache.hadoop.oncrpc,SimpleUdpServer,7,1,3,3,32,3,0,0,0.0,1,1,/Users/eashraf/hadoop/hadoop-common-project/hadoop-nfs/src/main/java/org/apache/hadoop/oncrpc/SimpleUdpServer.java,32
hadoop,org.apache.hadoop.oncrpc,SimpleTcpClient,5,0,5,4,40,6,1,0,0.0,1,2,/Users/eashraf/hadoop/hadoop-common-project/hadoop-nfs/src/main/java/org/apache/hadoop/oncrpc/SimpleTcpClient.java,31
hadoop,org.apache.hadoop.oncrpc,RpcCall,8,1,13,11,73,15,0,1,0.15384615384615385,12,4,/Users/eashraf/hadoop/hadoop-common-project/hadoop-nfs/src/main/java/org/apache/hadoop/oncrpc/RpcCall.java,25
hadoop,org.apache.hadoop.oncrpc,SimpleTcpClientHandler,2,1,4,4,27,5,1,0,0.5,0,1,/Users/eashraf/hadoop/hadoop-common-project/hadoop-nfs/src/main/java/org/apache/hadoop/oncrpc/SimpleTcpClientHandler.java,29
hadoop,org.apache.hadoop.oncrpc,RpcCallCache,6,0,7,6,109,9,0,0,0.0,2,1,/Users/eashraf/hadoop/hadoop-common-project/hadoop-nfs/src/main/java/org/apache/hadoop/oncrpc/RpcCallCache.java,28
hadoop,org.apache.hadoop.oncrpc,RpcCallCache.CacheEntry,1,0,0,0,18,0,0,0,-1.0,0,1,/Users/eashraf/hadoop/hadoop-common-project/hadoop-nfs/src/main/java/org/apache/hadoop/oncrpc/RpcCallCache.java,46
hadoop,org.apache.hadoop.oncrpc,RpcCallCache.ClientRequest,2,0,0,0,27,0,0,0,-1.0,0,0,/Users/eashraf/hadoop/hadoop-common-project/hadoop-nfs/src/main/java/org/apache/hadoop/oncrpc/RpcCallCache.java,70
hadoop,org.apache.hadoop.oncrpc,RpcProgram,10,1,14,8,152,26,1,0,0.35714285714285715,6,12,/Users/eashraf/hadoop/hadoop-common-project/hadoop-nfs/src/main/java/org/apache/hadoop/oncrpc/RpcProgram.java,38
hadoop,org.apache.hadoop.oncrpc,RpcAcceptedReply,1,0,6,5,39,6,0,2,0.5,9,2,/Users/eashraf/hadoop/hadoop-common-project/hadoop-nfs/src/main/java/org/apache/hadoop/oncrpc/RpcAcceptedReply.java,22
hadoop,org.apache.hadoop.oncrpc,RpcAcceptedReply.AcceptState,0,0,0,0,7,0,0,0,-1.0,0,0,/Users/eashraf/hadoop/hadoop-common-project/hadoop-nfs/src/main/java/org/apache/hadoop/oncrpc/RpcAcceptedReply.java,27
hadoop,org.apache.hadoop.oncrpc,RpcResponse,2,0,3,3,17,3,0,0,0.0,8,0,/Users/eashraf/hadoop/hadoop-common-project/hadoop-nfs/src/main/java/org/apache/hadoop/oncrpc/RpcResponse.java,24
hadoop,org.apache.hadoop.oncrpc.security,TestCredentialsSys,0,0,1,1,16,1,0,0,-1.0,0,2,/Users/eashraf/hadoop/hadoop-common-project/hadoop-nfs/src/test/java/org/apache/hadoop/oncrpc/security/TestCredentialsSys.java,26
hadoop,org.apache.hadoop.oncrpc.security,TestRpcAuthInfo,0,0,2,2,15,2,0,0,-1.0,0,0,/Users/eashraf/hadoop/hadoop-common-project/hadoop-nfs/src/test/java/org/apache/hadoop/oncrpc/security/TestRpcAuthInfo.java,26
hadoop,org.apache.hadoop.oncrpc.security,Verifier,1,1,3,2,42,7,2,1,1.0,31,3,/Users/eashraf/hadoop/hadoop-common-project/hadoop-nfs/src/main/java/org/apache/hadoop/oncrpc/security/Verifier.java,22
hadoop,org.apache.hadoop.oncrpc.security,RpcAuthInfo,2,0,5,4,42,5,2,0,0.6,0,1,/Users/eashraf/hadoop/hadoop-common-project/hadoop-nfs/src/main/java/org/apache/hadoop/oncrpc/security/RpcAuthInfo.java,22
hadoop,org.apache.hadoop.oncrpc.security,RpcAuthInfo.AuthFlavor,1,0,0,0,19,0,0,0,-1.0,0,0,/Users/eashraf/hadoop/hadoop-common-project/hadoop-nfs/src/main/java/org/apache/hadoop/oncrpc/security/RpcAuthInfo.java,26
hadoop,org.apache.hadoop.oncrpc.security,CredentialsGSS,0,0,3,3,12,3,0,2,-1.0,1,1,/Users/eashraf/hadoop/hadoop-common-project/hadoop-nfs/src/main/java/org/apache/hadoop/oncrpc/security/CredentialsGSS.java,22
hadoop,org.apache.hadoop.oncrpc.security,Credentials,2,1,3,2,46,9,3,1,1.0,3,4,/Users/eashraf/hadoop/hadoop-common-project/hadoop-nfs/src/main/java/org/apache/hadoop/oncrpc/security/Credentials.java,24
hadoop,org.apache.hadoop.oncrpc.security,CredentialsSys,6,0,9,9,78,13,0,2,0.0,3,1,/Users/eashraf/hadoop/hadoop-common-project/hadoop-nfs/src/main/java/org/apache/hadoop/oncrpc/security/CredentialsSys.java,26
hadoop,org.apache.hadoop.oncrpc.security,VerifierNone,0,0,3,3,15,3,0,2,-1.0,2,1,/Users/eashraf/hadoop/hadoop-common-project/hadoop-nfs/src/main/java/org/apache/hadoop/oncrpc/security/VerifierNone.java,24
hadoop,org.apache.hadoop.oncrpc.security,SysSecurityHandler,2,0,7,7,26,7,0,1,0.42857142857142855,0,5,/Users/eashraf/hadoop/hadoop-common-project/hadoop-nfs/src/main/java/org/apache/hadoop/oncrpc/security/SysSecurityHandler.java,25
hadoop,org.apache.hadoop.oncrpc.security,VerifierGSS,0,0,3,3,12,3,0,2,-1.0,1,1,/Users/eashraf/hadoop/hadoop-common-project/hadoop-nfs/src/main/java/org/apache/hadoop/oncrpc/security/VerifierGSS.java,22
hadoop,org.apache.hadoop.oncrpc.security,CredentialsNone,0,0,3,3,17,3,0,2,-1.0,1,1,/Users/eashraf/hadoop/hadoop-common-project/hadoop-nfs/src/main/java/org/apache/hadoop/oncrpc/security/CredentialsNone.java,24
hadoop,org.apache.hadoop.oncrpc.security,SecurityHandler,1,1,10,10,42,10,1,0,1.0,5,3,/Users/eashraf/hadoop/hadoop-common-project/hadoop-nfs/src/main/java/org/apache/hadoop/oncrpc/security/SecurityHandler.java,27
hadoop,org.apache.hadoop.portmap,TestPortmap,4,0,4,4,54,7,0,0,0.0,0,5,/Users/eashraf/hadoop/hadoop-common-project/hadoop-nfs/src/test/java/org/apache/hadoop/portmap/TestPortmap.java,39
hadoop,org.apache.hadoop.portmap,Portmap,10,0,7,2,58,7,0,0,0.0,1,4,/Users/eashraf/hadoop/hadoop-common-project/hadoop-nfs/src/main/java/org/apache/hadoop/portmap/Portmap.java,45
hadoop,org.apache.hadoop.portmap,PortmapResponse,0,0,4,4,28,5,0,0,-1.0,1,3,/Users/eashraf/hadoop/hadoop-common-project/hadoop-nfs/src/main/java/org/apache/hadoop/portmap/PortmapResponse.java,24
hadoop,org.apache.hadoop.portmap,PortmapRequest,0,0,2,2,15,2,0,0,-1.0,2,5,/Users/eashraf/hadoop/hadoop-common-project/hadoop-nfs/src/main/java/org/apache/hadoop/portmap/PortmapRequest.java,26
hadoop,org.apache.hadoop.portmap,PortmapMapping,6,2,6,6,36,6,0,0,0.3333333333333333,9,1,/Users/eashraf/hadoop/hadoop-common-project/hadoop-nfs/src/main/java/org/apache/hadoop/portmap/PortmapMapping.java,22
hadoop,org.apache.hadoop.portmap,RpcProgramPortmap,11,0,10,4,126,22,0,0,0.2,3,10,/Users/eashraf/hadoop/hadoop-common-project/hadoop-nfs/src/main/java/org/apache/hadoop/portmap/RpcProgramPortmap.java,43
hadoop,org.apache.hadoop.nfs.nfs3.response,LINK3Response,2,0,6,6,30,6,0,1,0.5,0,3,/Users/eashraf/hadoop/hadoop-common-project/hadoop-nfs/src/main/java/org/apache/hadoop/nfs/nfs3/response/LINK3Response.java,25
hadoop,org.apache.hadoop.nfs.nfs3.response,RMDIR3Response,1,0,5,5,26,5,0,1,0.6,2,3,/Users/eashraf/hadoop/hadoop-common-project/hadoop-nfs/src/main/java/org/apache/hadoop/nfs/nfs3/response/RMDIR3Response.java,23
hadoop,org.apache.hadoop.nfs.nfs3.response,WccAttr,3,0,7,7,44,9,0,0,0.2857142857142857,4,2,/Users/eashraf/hadoop/hadoop-common-project/hadoop-nfs/src/main/java/org/apache/hadoop/nfs/nfs3/response/WccAttr.java,23
hadoop,org.apache.hadoop.nfs.nfs3.response,SYMLINK3Response,3,0,7,7,51,9,0,1,0.42857142857142855,2,6,/Users/eashraf/hadoop/hadoop-common-project/hadoop-nfs/src/main/java/org/apache/hadoop/nfs/nfs3/response/SYMLINK3Response.java,26
hadoop,org.apache.hadoop.nfs.nfs3.response,COMMIT3Response,2,0,6,6,38,8,0,1,0.5,4,5,/Users/eashraf/hadoop/hadoop-common-project/hadoop-nfs/src/main/java/org/apache/hadoop/nfs/nfs3/response/COMMIT3Response.java,25
hadoop,org.apache.hadoop.nfs.nfs3.response,READ3Response,4,0,8,8,59,10,0,1,0.375,3,4,/Users/eashraf/hadoop/hadoop-common-project/hadoop-nfs/src/main/java/org/apache/hadoop/nfs/nfs3/response/READ3Response.java,27
hadoop,org.apache.hadoop.nfs.nfs3.response,PATHCONF3Response,7,0,4,4,59,6,0,1,0.75,2,4,/Users/eashraf/hadoop/hadoop-common-project/hadoop-nfs/src/main/java/org/apache/hadoop/nfs/nfs3/response/PATHCONF3Response.java,25
hadoop,org.apache.hadoop.nfs.nfs3.response,WccData,2,0,7,7,36,7,0,0,0.2857142857142857,14,3,/Users/eashraf/hadoop/hadoop-common-project/hadoop-nfs/src/main/java/org/apache/hadoop/nfs/nfs3/response/WccData.java,23
hadoop,org.apache.hadoop.nfs.nfs3.response,READDIR3Response,8,0,8,8,105,12,0,1,0.5,3,4,/Users/eashraf/hadoop/hadoop-common-project/hadoop-nfs/src/main/java/org/apache/hadoop/nfs/nfs3/response/READDIR3Response.java,33
hadoop,org.apache.hadoop.nfs.nfs3.response,READDIR3Response.Entry3,3,0,0,0,30,0,0,0,-1.0,0,0,/Users/eashraf/hadoop/hadoop-common-project/hadoop-nfs/src/main/java/org/apache/hadoop/nfs/nfs3/response/READDIR3Response.java,41
hadoop,org.apache.hadoop.nfs.nfs3.response,READDIR3Response.DirList3,2,0,0,0,11,0,0,0,-1.0,0,0,/Users/eashraf/hadoop/hadoop-common-project/hadoop-nfs/src/main/java/org/apache/hadoop/nfs/nfs3/response/READDIR3Response.java,79
hadoop,org.apache.hadoop.nfs.nfs3.response,MKNOD3Response,3,0,7,7,48,9,0,1,0.42857142857142855,0,6,/Users/eashraf/hadoop/hadoop-common-project/hadoop-nfs/src/main/java/org/apache/hadoop/nfs/nfs3/response/MKNOD3Response.java,26
hadoop,org.apache.hadoop.nfs.nfs3.response,NFS3Response,1,0,4,4,24,4,21,0,0.0,1,3,/Users/eashraf/hadoop/hadoop-common-project/hadoop-nfs/src/main/java/org/apache/hadoop/nfs/nfs3/response/NFS3Response.java,24
hadoop,org.apache.hadoop.nfs.nfs3.response,SETATTR3Response,1,0,5,5,26,5,0,1,0.6,2,3,/Users/eashraf/hadoop/hadoop-common-project/hadoop-nfs/src/main/java/org/apache/hadoop/nfs/nfs3/response/SETATTR3Response.java,23
hadoop,org.apache.hadoop.nfs.nfs3.response,RENAME3Response,2,0,6,6,33,6,0,1,0.5,2,3,/Users/eashraf/hadoop/hadoop-common-project/hadoop-nfs/src/main/java/org/apache/hadoop/nfs/nfs3/response/RENAME3Response.java,23
hadoop,org.apache.hadoop.nfs.nfs3.response,MKDIR3Response,3,0,7,7,51,9,0,1,0.42857142857142855,2,6,/Users/eashraf/hadoop/hadoop-common-project/hadoop-nfs/src/main/java/org/apache/hadoop/nfs/nfs3/response/MKDIR3Response.java,26
hadoop,org.apache.hadoop.nfs.nfs3.response,CREATE3Response,3,0,7,7,53,10,0,1,0.42857142857142855,3,6,/Users/eashraf/hadoop/hadoop-common-project/hadoop-nfs/src/main/java/org/apache/hadoop/nfs/nfs3/response/CREATE3Response.java,26
hadoop,org.apache.hadoop.nfs.nfs3.response,GETATTR3Response,1,0,5,5,28,6,0,1,0.6,2,4,/Users/eashraf/hadoop/hadoop-common-project/hadoop-nfs/src/main/java/org/apache/hadoop/nfs/nfs3/response/GETATTR3Response.java,25
hadoop,org.apache.hadoop.nfs.nfs3.response,FSSTAT3Response,8,0,4,4,67,7,0,1,0.75,2,4,/Users/eashraf/hadoop/hadoop-common-project/hadoop-nfs/src/main/java/org/apache/hadoop/nfs/nfs3/response/FSSTAT3Response.java,26
hadoop,org.apache.hadoop.nfs.nfs3.response,LOOKUP3Response,3,0,4,4,42,7,0,1,0.5,2,5,/Users/eashraf/hadoop/hadoop-common-project/hadoop-nfs/src/main/java/org/apache/hadoop/nfs/nfs3/response/LOOKUP3Response.java,28
hadoop,org.apache.hadoop.nfs.nfs3.response,FSINFO3Response,11,0,4,4,79,6,0,1,0.75,2,5,/Users/eashraf/hadoop/hadoop-common-project/hadoop-nfs/src/main/java/org/apache/hadoop/nfs/nfs3/response/FSINFO3Response.java,27
hadoop,org.apache.hadoop.nfs.nfs3.response,ACCESS3Response,2,0,4,4,37,6,0,1,0.75,2,4,/Users/eashraf/hadoop/hadoop-common-project/hadoop-nfs/src/main/java/org/apache/hadoop/nfs/nfs3/response/ACCESS3Response.java,25
hadoop,org.apache.hadoop.nfs.nfs3.response,WRITE3Response,4,0,7,7,52,9,0,1,0.42857142857142855,4,5,/Users/eashraf/hadoop/hadoop-common-project/hadoop-nfs/src/main/java/org/apache/hadoop/nfs/nfs3/response/WRITE3Response.java,28
hadoop,org.apache.hadoop.nfs.nfs3.response,REMOVE3Response,1,0,4,4,26,5,0,1,0.75,3,3,/Users/eashraf/hadoop/hadoop-common-project/hadoop-nfs/src/main/java/org/apache/hadoop/nfs/nfs3/response/REMOVE3Response.java,25
hadoop,org.apache.hadoop.nfs.nfs3.response,READDIRPLUS3Response,10,0,5,5,108,10,0,1,0.6,3,5,/Users/eashraf/hadoop/hadoop-common-project/hadoop-nfs/src/main/java/org/apache/hadoop/nfs/nfs3/response/READDIRPLUS3Response.java,35
hadoop,org.apache.hadoop.nfs.nfs3.response,READDIRPLUS3Response.EntryPlus3,5,0,0,0,36,0,0,0,-1.0,0,2,/Users/eashraf/hadoop/hadoop-common-project/hadoop-nfs/src/main/java/org/apache/hadoop/nfs/nfs3/response/READDIRPLUS3Response.java,43
hadoop,org.apache.hadoop.nfs.nfs3.response,READDIRPLUS3Response.DirListPlus3,2,0,0,0,14,0,0,0,-1.0,0,0,/Users/eashraf/hadoop/hadoop-common-project/hadoop-nfs/src/main/java/org/apache/hadoop/nfs/nfs3/response/READDIRPLUS3Response.java,86
hadoop,org.apache.hadoop.nfs.nfs3.response,READLINK3Response,2,0,4,4,35,6,0,1,0.75,2,4,/Users/eashraf/hadoop/hadoop-common-project/hadoop-nfs/src/main/java/org/apache/hadoop/nfs/nfs3/response/READLINK3Response.java,25
hadoop,org.apache.hadoop.nfs.nfs3.request,REMOVE3Request,1,0,4,4,23,4,0,2,0.5,2,2,/Users/eashraf/hadoop/hadoop-common-project/hadoop-nfs/src/main/java/org/apache/hadoop/nfs/nfs3/request/REMOVE3Request.java,26
hadoop,org.apache.hadoop.nfs.nfs3.request,READLINK3Request,0,0,3,3,15,3,0,2,-1.0,2,2,/Users/eashraf/hadoop/hadoop-common-project/hadoop-nfs/src/main/java/org/apache/hadoop/nfs/nfs3/request/READLINK3Request.java,25
hadoop,org.apache.hadoop.nfs.nfs3.request,FSSTAT3Request,0,0,3,3,15,3,0,2,-1.0,2,2,/Users/eashraf/hadoop/hadoop-common-project/hadoop-nfs/src/main/java/org/apache/hadoop/nfs/nfs3/request/FSSTAT3Request.java,25
hadoop,org.apache.hadoop.nfs.nfs3.request,MKDIR3Request,2,0,5,5,31,5,0,2,0.4,2,3,/Users/eashraf/hadoop/hadoop-common-project/hadoop-nfs/src/main/java/org/apache/hadoop/nfs/nfs3/request/MKDIR3Request.java,26
hadoop,org.apache.hadoop.nfs.nfs3.request,MKNOD3Request,4,0,7,7,53,10,0,2,0.2857142857142857,0,4,/Users/eashraf/hadoop/hadoop-common-project/hadoop-nfs/src/main/java/org/apache/hadoop/nfs/nfs3/request/MKNOD3Request.java,28
hadoop,org.apache.hadoop.nfs.nfs3.request,LINK3Request,2,0,5,5,30,5,0,2,0.4,0,2,/Users/eashraf/hadoop/hadoop-common-project/hadoop-nfs/src/main/java/org/apache/hadoop/nfs/nfs3/request/LINK3Request.java,26
hadoop,org.apache.hadoop.nfs.nfs3.request,READDIRPLUS3Request,4,0,7,7,43,7,0,2,0.2857142857142857,2,2,/Users/eashraf/hadoop/hadoop-common-project/hadoop-nfs/src/main/java/org/apache/hadoop/nfs/nfs3/request/READDIRPLUS3Request.java,25
hadoop,org.apache.hadoop.nfs.nfs3.request,ACCESS3Request,0,0,3,3,15,3,0,2,-1.0,2,2,/Users/eashraf/hadoop/hadoop-common-project/hadoop-nfs/src/main/java/org/apache/hadoop/nfs/nfs3/request/ACCESS3Request.java,25
hadoop,org.apache.hadoop.nfs.nfs3.request,FSINFO3Request,0,0,3,3,15,3,0,2,-1.0,2,2,/Users/eashraf/hadoop/hadoop-common-project/hadoop-nfs/src/main/java/org/apache/hadoop/nfs/nfs3/request/FSINFO3Request.java,25
hadoop,org.apache.hadoop.nfs.nfs3.request,RMDIR3Request,1,0,4,4,23,4,0,2,0.5,2,2,/Users/eashraf/hadoop/hadoop-common-project/hadoop-nfs/src/main/java/org/apache/hadoop/nfs/nfs3/request/RMDIR3Request.java,26
hadoop,org.apache.hadoop.nfs.nfs3.request,COMMIT3Request,2,0,5,5,29,5,0,2,0.4,2,2,/Users/eashraf/hadoop/hadoop-common-project/hadoop-nfs/src/main/java/org/apache/hadoop/nfs/nfs3/request/COMMIT3Request.java,25
hadoop,org.apache.hadoop.nfs.nfs3.request,NFS3Request,0,0,2,1,19,3,2,0,-1.0,0,2,/Users/eashraf/hadoop/hadoop-common-project/hadoop-nfs/src/main/java/org/apache/hadoop/nfs/nfs3/request/NFS3Request.java,25
hadoop,org.apache.hadoop.nfs.nfs3.request,CREATE3Request,4,0,7,7,52,9,0,2,0.2857142857142857,4,4,/Users/eashraf/hadoop/hadoop-common-project/hadoop-nfs/src/main/java/org/apache/hadoop/nfs/nfs3/request/CREATE3Request.java,27
hadoop,org.apache.hadoop.nfs.nfs3.request,WRITE3Request,4,0,10,10,53,10,0,2,0.2,6,2,/Users/eashraf/hadoop/hadoop-common-project/hadoop-nfs/src/main/java/org/apache/hadoop/nfs/nfs3/request/WRITE3Request.java,27
hadoop,org.apache.hadoop.nfs.nfs3.request,GETATTR3Request,0,0,3,3,15,3,0,2,-1.0,2,2,/Users/eashraf/hadoop/hadoop-common-project/hadoop-nfs/src/main/java/org/apache/hadoop/nfs/nfs3/request/GETATTR3Request.java,25
hadoop,org.apache.hadoop.nfs.nfs3.request,LOOKUP3Request,1,0,5,5,26,5,0,2,0.4,2,2,/Users/eashraf/hadoop/hadoop-common-project/hadoop-nfs/src/main/java/org/apache/hadoop/nfs/nfs3/request/LOOKUP3Request.java,28
hadoop,org.apache.hadoop.nfs.nfs3.request,SETATTR3Request,3,0,6,6,45,8,0,2,0.3333333333333333,2,4,/Users/eashraf/hadoop/hadoop-common-project/hadoop-nfs/src/main/java/org/apache/hadoop/nfs/nfs3/request/SETATTR3Request.java,26
hadoop,org.apache.hadoop.nfs.nfs3.request,PATHCONF3Request,0,0,3,3,15,3,0,2,-1.0,2,2,/Users/eashraf/hadoop/hadoop-common-project/hadoop-nfs/src/main/java/org/apache/hadoop/nfs/nfs3/request/PATHCONF3Request.java,25
hadoop,org.apache.hadoop.nfs.nfs3.request,READ3Request,2,0,5,5,29,5,0,2,0.4,3,2,/Users/eashraf/hadoop/hadoop-common-project/hadoop-nfs/src/main/java/org/apache/hadoop/nfs/nfs3/request/READ3Request.java,27
hadoop,org.apache.hadoop.nfs.nfs3.request,SetAttr3,10,3,13,13,137,27,0,0,0.0,8,2,/Users/eashraf/hadoop/hadoop-common-project/hadoop-nfs/src/main/java/org/apache/hadoop/nfs/nfs3/request/SetAttr3.java,25
hadoop,org.apache.hadoop.nfs.nfs3.request,SetAttr3.SetAttrField,0,0,0,0,1,0,0,0,-1.0,0,0,/Users/eashraf/hadoop/hadoop-common-project/hadoop-nfs/src/main/java/org/apache/hadoop/nfs/nfs3/request/SetAttr3.java,44
hadoop,org.apache.hadoop.nfs.nfs3.request,RequestWithHandle,1,0,2,1,12,2,20,1,0.0,0,1,/Users/eashraf/hadoop/hadoop-common-project/hadoop-nfs/src/main/java/org/apache/hadoop/nfs/nfs3/request/RequestWithHandle.java,22
hadoop,org.apache.hadoop.nfs.nfs3.request,RENAME3Request,4,0,7,7,42,7,0,1,0.2857142857142857,2,2,/Users/eashraf/hadoop/hadoop-common-project/hadoop-nfs/src/main/java/org/apache/hadoop/nfs/nfs3/request/RENAME3Request.java,26
hadoop,org.apache.hadoop.nfs.nfs3.request,READDIR3Request,3,0,6,6,36,6,0,2,0.3333333333333333,2,2,/Users/eashraf/hadoop/hadoop-common-project/hadoop-nfs/src/main/java/org/apache/hadoop/nfs/nfs3/request/READDIR3Request.java,25
hadoop,org.apache.hadoop.nfs.nfs3.request,SYMLINK3Request,3,0,6,6,39,6,0,2,0.3333333333333333,2,3,/Users/eashraf/hadoop/hadoop-common-project/hadoop-nfs/src/main/java/org/apache/hadoop/nfs/nfs3/request/SYMLINK3Request.java,26
hadoop,org.apache.hadoop.mount,MountEntry,2,0,5,5,34,7,0,0,0.0,0,0,/Users/eashraf/hadoop/hadoop-common-project/hadoop-nfs/src/main/java/org/apache/hadoop/mount/MountEntry.java,20
hadoop,org.apache.hadoop.mount,MountInterface,0,0,5,5,44,5,0,0,-1.0,0,1,/Users/eashraf/hadoop/hadoop-common-project/hadoop-nfs/src/main/java/org/apache/hadoop/mount/MountInterface.java,24
hadoop,org.apache.hadoop.mount,MountInterface.MNTPROC,0,0,0,0,19,0,0,0,-1.0,0,0,/Users/eashraf/hadoop/hadoop-common-project/hadoop-nfs/src/main/java/org/apache/hadoop/mount/MountInterface.java,29
hadoop,org.apache.hadoop.mount,MountdBase,5,2,5,3,57,6,0,0,0.0,0,5,/Users/eashraf/hadoop/hadoop-common-project/hadoop-nfs/src/main/java/org/apache/hadoop/mount/MountdBase.java,32
hadoop,org.apache.hadoop.mount,MountdBase.Unregister,0,0,0,0,6,0,0,0,-1.0,0,1,/Users/eashraf/hadoop/hadoop-common-project/hadoop-nfs/src/main/java/org/apache/hadoop/mount/MountdBase.java,97
hadoop,org.apache.hadoop.mount,MountResponse,1,1,4,3,58,9,0,0,1.0,1,2,/Users/eashraf/hadoop/hadoop-common-project/hadoop-nfs/src/main/java/org/apache/hadoop/mount/MountResponse.java,29
hadoop,org.apache.hadoop.minikdc,TestMiniKdc,4,0,3,3,94,5,0,1,1.0,0,1,/Users/eashraf/hadoop/hadoop-common-project/hadoop-minikdc/src/test/java/org/apache/hadoop/minikdc/TestMiniKdc.java,39
hadoop,org.apache.hadoop.minikdc,TestMiniKdc.KerberosConfiguration,3,0,0,0,43,0,0,0,-1.0,0,0,/Users/eashraf/hadoop/hadoop-common-project/hadoop-minikdc/src/test/java/org/apache/hadoop/minikdc/TestMiniKdc.java,67
hadoop,org.apache.hadoop.minikdc,MiniKdc,21,11,15,12,371,39,0,0,0.0,13,0,/Users/eashraf/hadoop/hadoop-common-project/hadoop-minikdc/src/main/java/org/apache/hadoop/minikdc/MiniKdc.java,79
hadoop,org.apache.hadoop.minikdc,KerberosSecurityTestcase,3,0,7,7,40,8,1,0,0.0,0,1,/Users/eashraf/hadoop/hadoop-common-project/hadoop-minikdc/src/main/java/org/apache/hadoop/minikdc/KerberosSecurityTestcase.java,26
hadoop,org.apache.hadoop.crypto.key.kms.server,TestKeyAuthorizationKeyProvider,1,0,11,10,173,11,0,0,0.2727272727272727,0,5,/Users/eashraf/hadoop/hadoop-common-project/hadoop-kms/src/test/java/org/apache/hadoop/crypto/key/kms/server/TestKeyAuthorizationKeyProvider.java,43
hadoop,org.apache.hadoop.crypto.key.kms.server,MiniKMS,12,0,6,4,165,14,0,0,0.0,3,2,/Users/eashraf/hadoop/hadoop-common-project/hadoop-kms/src/test/java/org/apache/hadoop/crypto/key/kms/server/MiniKMS.java,45
hadoop,org.apache.hadoop.crypto.key.kms.server,MiniKMS.Builder,5,0,0,0,39,0,0,0,-1.0,0,0,/Users/eashraf/hadoop/hadoop-common-project/hadoop-kms/src/test/java/org/apache/hadoop/crypto/key/kms/server/MiniKMS.java,90
hadoop,org.apache.hadoop.crypto.key.kms.server,TestKMSWithZK,0,0,5,4,68,7,0,0,-1.0,0,11,/Users/eashraf/hadoop/hadoop-common-project/hadoop-kms/src/test/java/org/apache/hadoop/crypto/key/kms/server/TestKMSWithZK.java,75
hadoop,org.apache.hadoop.crypto.key.kms.server,TestKMSAudit,5,0,5,4,71,5,0,0,0.0,0,2,/Users/eashraf/hadoop/hadoop-common-project/hadoop-kms/src/test/java/org/apache/hadoop/crypto/key/kms/server/TestKMSAudit.java,35
hadoop,org.apache.hadoop.crypto.key.kms.server,TestKMSAudit.FilterOut,0,0,0,0,8,0,0,0,-1.0,0,0,/Users/eashraf/hadoop/hadoop-common-project/hadoop-kms/src/test/java/org/apache/hadoop/crypto/key/kms/server/TestKMSAudit.java,44
hadoop,org.apache.hadoop.crypto.key.kms.server,TestKMSACLs,0,0,3,3,29,6,0,0,-1.0,0,5,/Users/eashraf/hadoop/hadoop-common-project/hadoop-kms/src/test/java/org/apache/hadoop/crypto/key/kms/server/TestKMSACLs.java,25
hadoop,org.apache.hadoop.crypto.key.kms.server,TestKMS,6,0,92,87,1581,140,0,0,0.07608695652173914,1,17,/Users/eashraf/hadoop/hadoop-common-project/hadoop-kms/src/test/java/org/apache/hadoop/crypto/key/kms/server/TestKMS.java,75
hadoop,org.apache.hadoop.crypto.key.kms.server,TestKMS.KMSCallable,1,0,0,0,6,0,0,0,-1.0,0,0,/Users/eashraf/hadoop/hadoop-common-project/hadoop-kms/src/test/java/org/apache/hadoop/crypto/key/kms/server/TestKMS.java,96
hadoop,org.apache.hadoop.crypto.key.kms.server,TestKMS.KerberosConfiguration,3,0,0,0,34,0,0,0,-1.0,0,0,/Users/eashraf/hadoop/hadoop-common-project/hadoop-kms/src/test/java/org/apache/hadoop/crypto/key/kms/server/TestKMS.java,168
hadoop,org.apache.hadoop.crypto.key.kms.server,KMSWebApp,23,0,14,13,159,22,0,0,0.0,5,12,/Users/eashraf/hadoop/hadoop-common-project/hadoop-kms/src/main/java/org/apache/hadoop/crypto/key/kms/server/KMSWebApp.java,46
hadoop,org.apache.hadoop.crypto.key.kms.server,KMS,2,0,28,24,262,40,0,0,0.0,2,11,/Users/eashraf/hadoop/hadoop-common-project/hadoop-kms/src/main/java/org/apache/hadoop/crypto/key/kms/server/KMS.java,54
hadoop,org.apache.hadoop.crypto.key.kms.server,KMS.KMSOp,0,0,0,0,1,0,0,0,-1.0,0,0,/Users/eashraf/hadoop/hadoop-common-project/hadoop-kms/src/main/java/org/apache/hadoop/crypto/key/kms/server/KMS.java,61
hadoop,org.apache.hadoop.crypto.key.kms.server,KMSJSONWriter,0,0,3,3,16,3,0,0,-1.0,0,0,/Users/eashraf/hadoop/hadoop-common-project/hadoop-kms/src/main/java/org/apache/hadoop/crypto/key/kms/server/KMSJSONWriter.java,39
hadoop,org.apache.hadoop.crypto.key.kms.server,KMSJMXServlet,0,0,1,0,5,1,0,0,-1.0,0,0,/Users/eashraf/hadoop/hadoop-common-project/hadoop-kms/src/main/java/org/apache/hadoop/crypto/key/kms/server/KMSJMXServlet.java,28
hadoop,org.apache.hadoop.crypto.key.kms.server,KMSConfiguration,19,19,4,3,67,10,0,0,0.5,8,2,/Users/eashraf/hadoop/hadoop-common-project/hadoop-kms/src/main/java/org/apache/hadoop/crypto/key/kms/server/KMSConfiguration.java,28
hadoop,org.apache.hadoop.crypto.key.kms.server,KMSJSONReader,0,0,2,2,9,2,0,0,-1.0,0,0,/Users/eashraf/hadoop/hadoop-common-project/hadoop-kms/src/main/java/org/apache/hadoop/crypto/key/kms/server/KMSJSONReader.java,35
hadoop,org.apache.hadoop.crypto.key.kms.server,KMSAudit,11,1,13,9,136,22,0,0,0.0,3,2,/Users/eashraf/hadoop/hadoop-common-project/hadoop-kms/src/main/java/org/apache/hadoop/crypto/key/kms/server/KMSAudit.java,43
hadoop,org.apache.hadoop.crypto.key.kms.server,KMSAudit.AuditEvent,6,0,0,0,32,0,0,0,-1.0,0,1,/Users/eashraf/hadoop/hadoop-common-project/hadoop-kms/src/main/java/org/apache/hadoop/crypto/key/kms/server/KMSAudit.java,49
hadoop,org.apache.hadoop.crypto.key.kms.server,KMSAudit.OpStatus,0,0,0,0,1,0,0,0,-1.0,0,0,/Users/eashraf/hadoop/hadoop-common-project/hadoop-kms/src/main/java/org/apache/hadoop/crypto/key/kms/server/KMSAudit.java,89
hadoop,org.apache.hadoop.crypto.key.kms.server,EagerKeyGeneratorKeyProviderCryptoExtension,11,8,3,3,76,3,0,0,1.0,1,3,/Users/eashraf/hadoop/hadoop-common-project/hadoop-kms/src/main/java/org/apache/hadoop/crypto/key/kms/server/EagerKeyGeneratorKeyProviderCryptoExtension.java,36
hadoop,org.apache.hadoop.crypto.key.kms.server,EagerKeyGeneratorKeyProviderCryptoExtension.CryptoExtension,2,0,0,0,44,0,0,0,-1.0,0,2,/Users/eashraf/hadoop/hadoop-common-project/hadoop-kms/src/main/java/org/apache/hadoop/crypto/key/kms/server/EagerKeyGeneratorKeyProviderCryptoExtension.java,64
hadoop,org.apache.hadoop.crypto.key.kms.server,EagerKeyGeneratorKeyProviderCryptoExtension.EncryptedQueueRefiller,0,0,0,0,14,0,0,0,-1.0,0,0,/Users/eashraf/hadoop/hadoop-common-project/hadoop-kms/src/main/java/org/apache/hadoop/crypto/key/kms/server/EagerKeyGeneratorKeyProviderCryptoExtension.java,67
hadoop,org.apache.hadoop.crypto.key.kms.server,KMSMDCFilter,4,0,6,6,46,7,0,0,0.5,2,2,/Users/eashraf/hadoop/hadoop-common-project/hadoop-kms/src/main/java/org/apache/hadoop/crypto/key/kms/server/KMSMDCFilter.java,33
hadoop,org.apache.hadoop.crypto.key.kms.server,KMSMDCFilter.Data,3,0,0,0,10,0,0,0,-1.0,0,1,/Users/eashraf/hadoop/hadoop-common-project/hadoop-kms/src/main/java/org/apache/hadoop/crypto/key/kms/server/KMSMDCFilter.java,40
hadoop,org.apache.hadoop.crypto.key.kms.server,KeyAuthorizationKeyProvider,6,1,24,18,247,34,0,0,0.08333333333333333,4,2,/Users/eashraf/hadoop/hadoop-common-project/hadoop-kms/src/main/java/org/apache/hadoop/crypto/key/kms/server/KeyAuthorizationKeyProvider.java,39
hadoop,org.apache.hadoop.crypto.key.kms.server,KeyAuthorizationKeyProvider.KeyOpType,0,0,0,0,1,0,0,0,-1.0,0,0,/Users/eashraf/hadoop/hadoop-common-project/hadoop-kms/src/main/java/org/apache/hadoop/crypto/key/kms/server/KeyAuthorizationKeyProvider.java,57
hadoop,org.apache.hadoop.crypto.key.kms.server,KeyAuthorizationKeyProvider.KeyACLs,0,0,0,0,19,0,0,0,-1.0,0,0,/Users/eashraf/hadoop/hadoop-common-project/hadoop-kms/src/main/java/org/apache/hadoop/crypto/key/kms/server/KeyAuthorizationKeyProvider.java,61
hadoop,org.apache.hadoop.crypto.key.kms.server,KMSServerJSONUtils,0,0,5,5,52,11,0,0,-1.0,1,2,/Users/eashraf/hadoop/hadoop-common-project/hadoop-kms/src/main/java/org/apache/hadoop/crypto/key/kms/server/KMSServerJSONUtils.java,31
hadoop,org.apache.hadoop.crypto.key.kms.server,KMSExceptionsProvider,2,0,4,1,68,15,0,0,0.0,0,4,/Users/eashraf/hadoop/hadoop-common-project/hadoop-kms/src/main/java/org/apache/hadoop/crypto/key/kms/server/KMSExceptionsProvider.java,38
hadoop,org.apache.hadoop.crypto.key.kms.server,KMSAuthenticationFilter,3,3,3,1,77,11,0,0,1.0,1,7,/Users/eashraf/hadoop/hadoop-common-project/hadoop-kms/src/main/java/org/apache/hadoop/crypto/key/kms/server/KMSAuthenticationFilter.java,42
hadoop,org.apache.hadoop.crypto.key.kms.server,KMSAuthenticationFilter.KMSResponse,2,2,0,0,25,0,0,0,-1.0,0,0,/Users/eashraf/hadoop/hadoop-common-project/hadoop-kms/src/main/java/org/apache/hadoop/crypto/key/kms/server/KMSAuthenticationFilter.java,90
hadoop,org.apache.hadoop.crypto.key.kms.server,KMSACLs,12,2,14,8,189,37,0,0,0.35714285714285715,5,5,/Users/eashraf/hadoop/hadoop-common-project/hadoop-kms/src/main/java/org/apache/hadoop/crypto/key/kms/server/KMSACLs.java,41
hadoop,org.apache.hadoop.crypto.key.kms.server,KMSACLs.Type,0,0,0,0,7,0,0,0,-1.0,0,1,/Users/eashraf/hadoop/hadoop-common-project/hadoop-kms/src/main/java/org/apache/hadoop/crypto/key/kms/server/KMSACLs.java,56
hadoop,org.apache.hadoop.maven.plugin.util,Exec,3,0,2,2,84,4,0,0,0.0,2,0,/Users/eashraf/hadoop/hadoop-maven-plugins/src/main/java/org/apache/hadoop/maven/plugin/util/Exec.java,26
hadoop,org.apache.hadoop.maven.plugin.util,Exec.OutputBufferThread,2,0,0,0,40,0,0,0,-1.0,0,0,/Users/eashraf/hadoop/hadoop-maven-plugins/src/main/java/org/apache/hadoop/maven/plugin/util/Exec.java,75
hadoop,org.apache.hadoop.maven.plugin.util,FileSetUtils,0,0,2,1,30,3,0,0,-1.0,2,0,/Users/eashraf/hadoop/hadoop-maven-plugins/src/main/java/org/apache/hadoop/maven/plugin/util/FileSetUtils.java,23
hadoop,org.apache.hadoop.maven.plugin.versioninfo,VersionInfoMojo,10,0,13,2,250,41,0,0,0.23076923076923078,0,2,/Users/eashraf/hadoop/hadoop-maven-plugins/src/main/java/org/apache/hadoop/maven/plugin/versioninfo/VersionInfoMojo.java,41
hadoop,org.apache.hadoop.maven.plugin.versioninfo,VersionInfoMojo.SCM,0,0,0,0,1,0,0,0,-1.0,0,0,/Users/eashraf/hadoop/hadoop-maven-plugins/src/main/java/org/apache/hadoop/maven/plugin/versioninfo/VersionInfoMojo.java,77
hadoop,org.apache.hadoop.maven.plugin.protoc,ProtocMojo,6,0,1,1,61,11,0,0,0.0,0,2,/Users/eashraf/hadoop/hadoop-maven-plugins/src/main/java/org/apache/hadoop/maven/plugin/protoc/ProtocMojo.java,31
hadoop,org.apache.hadoop.mapred,TestJobClientGetJob,1,0,2,1,24,2,0,0,0.0,0,9,/Users/eashraf/hadoop/hadoop-mapreduce-project/hadoop-mapreduce-client/hadoop-mapreduce-client-common/src/test/java/org/apache/hadoop/mapred/TestJobClientGetJob.java,31
hadoop,org.apache.hadoop.mapred,TestJobClient,1,0,4,4,38,4,0,0,0.75,1,8,/Users/eashraf/hadoop/hadoop-mapreduce-project/hadoop-mapreduce-client/hadoop-mapreduce-client-common/src/test/java/org/apache/hadoop/mapred/TestJobClient.java,35
hadoop,org.apache.hadoop.mapred,TestLocalModeWithNewApis,5,1,4,3,80,7,0,0,0.5,0,11,/Users/eashraf/hadoop/hadoop-mapreduce-project/hadoop-mapreduce-client/hadoop-mapreduce-client-common/src/test/java/org/apache/hadoop/mapred/TestLocalModeWithNewApis.java,48
hadoop,org.apache.hadoop.mapred,TestLocalModeWithNewApis.TokenizerMapper,2,0,0,0,11,0,0,2,-1.0,0,2,/Users/eashraf/hadoop/hadoop-mapreduce-project/hadoop-mapreduce-client/hadoop-mapreduce-client-common/src/test/java/org/apache/hadoop/mapred/TestLocalModeWithNewApis.java,124
hadoop,org.apache.hadoop.mapred,TestLocalModeWithNewApis.IntSumReducer,1,0,0,0,11,0,0,2,-1.0,0,1,/Users/eashraf/hadoop/hadoop-mapreduce-project/hadoop-mapreduce-client/hadoop-mapreduce-client-common/src/test/java/org/apache/hadoop/mapred/TestLocalModeWithNewApis.java,141
hadoop,org.apache.hadoop.mapred,TestMRWithDistributedCache,6,0,5,2,153,5,0,0,0.0,0,10,/Users/eashraf/hadoop/hadoop-mapreduce-project/hadoop-mapreduce-client/hadoop-mapreduce-client-common/src/test/java/org/apache/hadoop/mapred/TestMRWithDistributedCache.java,54
hadoop,org.apache.hadoop.mapred,TestMRWithDistributedCache.DistributedCacheChecker,0,0,0,0,28,0,0,0,-1.0,0,0,/Users/eashraf/hadoop/hadoop-mapreduce-project/hadoop-mapreduce-client/hadoop-mapreduce-client-common/src/test/java/org/apache/hadoop/mapred/TestMRWithDistributedCache.java,88
hadoop,org.apache.hadoop.mapred,TestMRWithDistributedCache.DistributedCacheCheckerMapper,0,0,0,0,5,0,0,2,-1.0,0,0,/Users/eashraf/hadoop/hadoop-mapreduce-project/hadoop-mapreduce-client/hadoop-mapreduce-client-common/src/test/java/org/apache/hadoop/mapred/TestMRWithDistributedCache.java,141
hadoop,org.apache.hadoop.mapred,TestMRWithDistributedCache.DistributedCacheCheckerReducer,0,0,0,0,5,0,0,2,-1.0,0,0,/Users/eashraf/hadoop/hadoop-mapreduce-project/hadoop-mapreduce-client/hadoop-mapreduce-client-common/src/test/java/org/apache/hadoop/mapred/TestMRWithDistributedCache.java,151
hadoop,org.apache.hadoop.mapred,TestLocalDistributedCacheManager,2,0,15,14,212,29,0,0,0.6666666666666666,0,9,/Users/eashraf/hadoop/hadoop-mapreduce-project/hadoop-mapreduce-client/hadoop-mapreduce-client-common/src/test/java/org/apache/hadoop/mapred/TestLocalDistributedCacheManager.java,51
hadoop,org.apache.hadoop.mapred,TestLocalDistributedCacheManager.MockFileSystem,0,0,0,0,5,0,0,0,-1.0,0,0,/Users/eashraf/hadoop/hadoop-mapreduce-project/hadoop-mapreduce-client/hadoop-mapreduce-client-common/src/test/java/org/apache/hadoop/mapred/TestLocalDistributedCacheManager.java,56
hadoop,org.apache.hadoop.mapred,TestLocalDistributedCacheManager.MockInputStream,0,0,0,0,23,0,0,0,-1.0,0,0,/Users/eashraf/hadoop/hadoop-mapreduce-project/hadoop-mapreduce-client/hadoop-mapreduce-client-common/src/test/java/org/apache/hadoop/mapred/TestLocalDistributedCacheManager.java,99
hadoop,org.apache.hadoop.mapred,LocalDistributedCacheManager,6,1,6,5,161,28,0,0,0.3333333333333333,3,15,/Users/eashraf/hadoop/hadoop-mapreduce-project/hadoop-mapreduce-client/hadoop-mapreduce-client-common/src/main/java/org/apache/hadoop/mapred/LocalDistributedCacheManager.java,64
hadoop,org.apache.hadoop.mapred,LocalJobRunner,43,4,40,38,659,44,0,0,0.55,1,28,/Users/eashraf/hadoop/hadoop-mapreduce-project/hadoop-mapreduce-client/hadoop-mapreduce-client-common/src/main/java/org/apache/hadoop/mapred/LocalJobRunner.java,72
hadoop,org.apache.hadoop.mapred,LocalJobRunner.Job,28,1,0,0,440,0,0,1,-1.0,0,13,/Users/eashraf/hadoop/hadoop-mapreduce-project/hadoop-mapreduce-client/hadoop-mapreduce-client-common/src/main/java/org/apache/hadoop/mapred/LocalJobRunner.java,109
hadoop,org.apache.hadoop.mapred,LocalJobRunner.RunnableWithThrowable,1,1,0,0,3,0,0,0,-1.0,0,0,/Users/eashraf/hadoop/hadoop-mapreduce-project/hadoop-mapreduce-client/hadoop-mapreduce-client-common/src/main/java/org/apache/hadoop/mapred/LocalJobRunner.java,194
hadoop,org.apache.hadoop.mapred,LocalJobRunner.MapTaskRunnable,5,0,0,0,47,0,0,0,-1.0,0,3,/Users/eashraf/hadoop/hadoop-mapreduce-project/hadoop-mapreduce-client/hadoop-mapreduce-client-common/src/main/java/org/apache/hadoop/mapred/LocalJobRunner.java,198
hadoop,org.apache.hadoop.mapred,LocalJobRunner.ReduceTaskRunnable,4,0,0,0,45,0,0,0,-1.0,0,3,/Users/eashraf/hadoop/hadoop-mapreduce-project/hadoop-mapreduce-client/hadoop-mapreduce-client-common/src/main/java/org/apache/hadoop/mapred/LocalJobRunner.java,280
hadoop,org.apache.hadoop.mapred,LocalClientProtocolProvider,0,0,3,3,15,4,0,0,-1.0,0,4,/Users/eashraf/hadoop/hadoop-mapreduce-project/hadoop-mapreduce-client/hadoop-mapreduce-client-common/src/main/java/org/apache/hadoop/mapred/LocalClientProtocolProvider.java,30
hadoop,org.apache.hadoop.mapred,LocalJobRunnerMetrics,7,0,8,6,57,8,0,0,0.0,1,7,/Users/eashraf/hadoop/hadoop-mapreduce-project/hadoop-mapreduce-client/hadoop-mapreduce-client-common/src/main/java/org/apache/hadoop/mapred/LocalJobRunnerMetrics.java,26
hadoop,org.apache.hadoop.mapred,TestMaster,0,0,2,2,33,2,0,0,-1.0,0,4,/Users/eashraf/hadoop/hadoop-mapreduce-project/hadoop-mapreduce-client/hadoop-mapreduce-client-core/src/test/java/org/apache/hadoop/mapred/TestMaster.java,30
hadoop,org.apache.hadoop.mapred,TestQueue,1,0,7,5,154,10,0,0,0.2857142857142857,0,9,/Users/eashraf/hadoop/hadoop-mapreduce-project/hadoop-mapreduce-client/hadoop-mapreduce-client-core/src/test/java/org/apache/hadoop/mapred/TestQueue.java,41
hadoop,org.apache.hadoop.mapred,TestLineRecordReader,0,0,11,10,156,24,0,0,-1.0,0,9,/Users/eashraf/hadoop/hadoop-mapreduce-project/hadoop-mapreduce-client/hadoop-mapreduce-client-core/src/test/java/org/apache/hadoop/mapred/TestLineRecordReader.java,43
hadoop,org.apache.hadoop.mapred,TestJobConf,0,0,2,2,104,2,0,0,-1.0,0,2,/Users/eashraf/hadoop/hadoop-mapreduce-project/hadoop-mapreduce-client/hadoop-mapreduce-client-core/src/test/java/org/apache/hadoop/mapred/TestJobConf.java,28
hadoop,org.apache.hadoop.mapred,TestJobAclsManager,0,0,4,4,74,4,0,0,-1.0,0,5,/Users/eashraf/hadoop/hadoop-mapreduce-project/hadoop-mapreduce-client/hadoop-mapreduce-client-core/src/test/java/org/apache/hadoop/mapred/TestJobAclsManager.java,33
hadoop,org.apache.hadoop.mapred,TestFileInputFormat,6,0,11,10,137,11,0,0,0.18181818181818182,0,12,/Users/eashraf/hadoop/hadoop-mapreduce-project/hadoop-mapreduce-client/hadoop-mapreduce-client-core/src/test/java/org/apache/hadoop/mapred/TestFileInputFormat.java,48
hadoop,org.apache.hadoop.mapred,TestFileInputFormat.MockFileSystem,1,0,0,0,25,0,0,0,-1.0,0,0,/Users/eashraf/hadoop/hadoop-mapreduce-project/hadoop-mapreduce-client/hadoop-mapreduce-client-core/src/test/java/org/apache/hadoop/mapred/TestFileInputFormat.java,212
hadoop,org.apache.hadoop.mapred,TestOldMethodsJobID,0,0,6,6,99,6,0,0,-1.0,0,7,/Users/eashraf/hadoop/hadoop-mapreduce-project/hadoop-mapreduce-client/hadoop-mapreduce-client-core/src/test/java/org/apache/hadoop/mapred/TestOldMethodsJobID.java,32
hadoop,org.apache.hadoop.mapred,TestSkipBadRecords,0,0,1,1,27,1,0,0,-1.0,0,3,/Users/eashraf/hadoop/hadoop-mapreduce-project/hadoop-mapreduce-client/hadoop-mapreduce-client-core/src/test/java/org/apache/hadoop/mapred/TestSkipBadRecords.java,25
hadoop,org.apache.hadoop.mapred,TestFileOutputCommitter,8,0,11,7,252,20,0,0,0.0,1,20,/Users/eashraf/hadoop/hadoop-mapreduce-project/hadoop-mapreduce-client/hadoop-mapreduce-client-core/src/test/java/org/apache/hadoop/mapred/TestFileOutputCommitter.java,39
hadoop,org.apache.hadoop.mapred,TestFileOutputCommitter.FakeFileSystem,0,0,0,0,11,0,0,0,-1.0,0,0,/Users/eashraf/hadoop/hadoop-mapreduce-project/hadoop-mapreduce-client/hadoop-mapreduce-client-core/src/test/java/org/apache/hadoop/mapred/TestFileOutputCommitter.java,286
hadoop,org.apache.hadoop.mapred,TestJobQueueClient,0,0,1,1,18,1,0,0,-1.0,0,2,/Users/eashraf/hadoop/hadoop-mapreduce-project/hadoop-mapreduce-client/hadoop-mapreduce-client-core/src/test/java/org/apache/hadoop/mapred/TestJobQueueClient.java,31
hadoop,org.apache.hadoop.mapred,TestJobInfo,0,0,2,2,26,2,0,0,-1.0,0,8,/Users/eashraf/hadoop/hadoop-mapreduce-project/hadoop-mapreduce-client/hadoop-mapreduce-client-core/src/test/java/org/apache/hadoop/mapred/TestJobInfo.java,37
hadoop,org.apache.hadoop.mapred,TestClock,0,0,1,1,11,1,0,0,-1.0,0,1,/Users/eashraf/hadoop/hadoop-mapreduce-project/hadoop-mapreduce-client/hadoop-mapreduce-client-core/src/test/java/org/apache/hadoop/mapred/TestClock.java,24
hadoop,org.apache.hadoop.mapred,TestCounters,7,0,24,15,223,33,0,0,0.5416666666666666,0,8,/Users/eashraf/hadoop/hadoop-mapreduce-project/hadoop-mapreduce-client/hadoop-mapreduce-client-core/src/test/java/org/apache/hadoop/mapred/TestCounters.java,44
hadoop,org.apache.hadoop.mapred,TestCounters.myCounters,0,0,0,0,1,0,0,0,-1.0,0,0,/Users/eashraf/hadoop/hadoop-mapreduce-project/hadoop-mapreduce-client/hadoop-mapreduce-client-core/src/test/java/org/apache/hadoop/mapred/TestCounters.java,48
hadoop,org.apache.hadoop.mapred,TestCounters.GroupFactoryForTest,0,0,0,0,8,0,0,0,-1.0,0,0,/Users/eashraf/hadoop/hadoop-mapreduce-project/hadoop-mapreduce-client/hadoop-mapreduce-client-core/src/test/java/org/apache/hadoop/mapred/TestCounters.java,366
hadoop,org.apache.hadoop.mapred,TestIndexCache,3,0,12,10,221,31,0,0,0.4166666666666667,0,9,/Users/eashraf/hadoop/hadoop-mapreduce-project/hadoop-mapreduce-client/hadoop-mapreduce-client-core/src/test/java/org/apache/hadoop/mapred/TestIndexCache.java,37
hadoop,org.apache.hadoop.mapred,TestTaskLogAppender,0,0,1,1,28,1,0,0,-1.0,0,1,/Users/eashraf/hadoop/hadoop-mapreduce-project/hadoop-mapreduce-client/hadoop-mapreduce-client-core/src/test/java/org/apache/hadoop/mapred/TestTaskLogAppender.java,34
hadoop,org.apache.hadoop.mapred,TestTaskLog,0,0,3,3,67,7,0,0,-1.0,0,4,/Users/eashraf/hadoop/hadoop-mapreduce-project/hadoop-mapreduce-client/hadoop-mapreduce-client-core/src/test/java/org/apache/hadoop/mapred/TestTaskLog.java,35
hadoop,org.apache.hadoop.mapred,TestJobEndNotifier,6,4,7,5,102,7,0,0,0.0,0,6,/Users/eashraf/hadoop/hadoop-mapreduce-project/hadoop-mapreduce-client/hadoop-mapreduce-client-core/src/test/java/org/apache/hadoop/mapred/TestJobEndNotifier.java,39
hadoop,org.apache.hadoop.mapred,TestJobEndNotifier.JobEndServlet,2,2,0,0,16,0,0,0,-1.0,0,0,/Users/eashraf/hadoop/hadoop-mapreduce-project/hadoop-mapreduce-client/hadoop-mapreduce-client-core/src/test/java/org/apache/hadoop/mapred/TestJobEndNotifier.java,43
hadoop,org.apache.hadoop.mapred,TestJobEndNotifier.DelayServlet,1,1,0,0,14,0,0,0,-1.0,0,0,/Users/eashraf/hadoop/hadoop-mapreduce-project/hadoop-mapreduce-client/hadoop-mapreduce-client-core/src/test/java/org/apache/hadoop/mapred/TestJobEndNotifier.java,68
hadoop,org.apache.hadoop.mapred,TestJobEndNotifier.FailServlet,1,1,0,0,7,0,0,0,-1.0,0,0,/Users/eashraf/hadoop/hadoop-mapreduce-project/hadoop-mapreduce-client/hadoop-mapreduce-client-core/src/test/java/org/apache/hadoop/mapred/TestJobEndNotifier.java,89
hadoop,org.apache.hadoop.mapred,TestClusterStatus,1,0,2,2,10,2,0,0,0.0,0,2,/Users/eashraf/hadoop/hadoop-mapreduce-project/hadoop-mapreduce-client/hadoop-mapreduce-client-core/src/test/java/org/apache/hadoop/mapred/TestClusterStatus.java,24
hadoop,org.apache.hadoop.mapred,QueueRefresher,0,0,1,0,10,1,0,0,-1.0,1,0,/Users/eashraf/hadoop/hadoop-mapreduce-project/hadoop-mapreduce-client/hadoop-mapreduce-client-core/src/main/java/org/apache/hadoop/mapred/QueueRefresher.java,23
hadoop,org.apache.hadoop.mapred,RamManager,0,0,2,0,18,2,1,0,-1.0,0,0,/Users/eashraf/hadoop/hadoop-mapreduce-project/hadoop-mapreduce-client/hadoop-mapreduce-client-core/src/main/java/org/apache/hadoop/mapred/RamManager.java,22
hadoop,org.apache.hadoop.mapred,JobInProgress,0,0,0,0,6,0,0,0,-1.0,1,0,/Users/eashraf/hadoop/hadoop-mapreduce-project/hadoop-mapreduce-client/hadoop-mapreduce-client-core/src/main/java/org/apache/hadoop/mapred/JobInProgress.java,25
hadoop,org.apache.hadoop.mapred,JobInProgress.Counter,0,0,0,0,4,0,0,0,-1.0,0,0,/Users/eashraf/hadoop/hadoop-mapreduce-project/hadoop-mapreduce-client/hadoop-mapreduce-client-core/src/main/java/org/apache/hadoop/mapred/JobInProgress.java,29
hadoop,org.apache.hadoop.mapred,TaskUmbilicalProtocol,1,1,14,0,96,14,4,0,-1.0,22,10,/Users/eashraf/hadoop/hadoop-mapreduce-project/hadoop-mapreduce-client/hadoop-mapreduce-client-core/src/main/java/org/apache/hadoop/mapred/TaskUmbilicalProtocol.java,33
hadoop,org.apache.hadoop.mapred,Merger,28,0,8,8,449,10,0,0,0.0,3,15,/Users/eashraf/hadoop/hadoop-mapreduce-project/hadoop-mapreduce-client/hadoop-mapreduce-client-core/src/main/java/org/apache/hadoop/mapred/Merger.java,49
hadoop,org.apache.hadoop.mapred,Merger.Segment,11,0,0,0,111,0,0,0,-1.0,0,6,/Users/eashraf/hadoop/hadoop-mapreduce-project/hadoop-mapreduce-client/hadoop-mapreduce-client-core/src/main/java/org/apache/hadoop/mapred/Merger.java,218
hadoop,org.apache.hadoop.mapred,Merger.MergeQueue,15,0,0,0,300,0,0,1,-1.0,0,10,/Users/eashraf/hadoop/hadoop-mapreduce-project/hadoop-mapreduce-client/hadoop-mapreduce-client-core/src/main/java/org/apache/hadoop/mapred/Merger.java,385
hadoop,org.apache.hadoop.mapred,ProgressSplitsBlock,10,0,7,5,41,7,1,0,0.0,3,3,/Users/eashraf/hadoop/hadoop-mapreduce-project/hadoop-mapreduce-client/hadoop-mapreduce-client-core/src/main/java/org/apache/hadoop/mapred/ProgressSplitsBlock.java,29
hadoop,org.apache.hadoop.mapred,FileAlreadyExistsException,1,0,2,2,12,2,0,0,1.0,1,0,/Users/eashraf/hadoop/hadoop-mapreduce-project/hadoop-mapreduce-client/hadoop-mapreduce-client-core/src/main/java/org/apache/hadoop/mapred/FileAlreadyExistsException.java,26
hadoop,org.apache.hadoop.mapred,ClusterStatus,16,1,25,19,357,34,0,0,0.2,19,4,/Users/eashraf/hadoop/hadoop-mapreduce-project/hadoop-mapreduce-client/hadoop-mapreduce-client-core/src/main/java/org/apache/hadoop/mapred/ClusterStatus.java,36
hadoop,org.apache.hadoop.mapred,ClusterStatus.BlackListInfo,3,0,0,0,71,0,0,0,-1.0,0,0,/Users/eashraf/hadoop/hadoop-mapreduce-project/hadoop-mapreduce-client/hadoop-mapreduce-client-core/src/main/java/org/apache/hadoop/mapred/ClusterStatus.java,69
hadoop,org.apache.hadoop.mapred,FileSplit,1,0,13,12,76,13,0,2,0.15384615384615385,20,3,/Users/eashraf/hadoop/hadoop-mapreduce-project/hadoop-mapreduce-client/hadoop-mapreduce-client-core/src/main/java/org/apache/hadoop/mapred/FileSplit.java,30
hadoop,org.apache.hadoop.mapred,MapTaskCompletionEventsUpdate,2,0,6,6,34,8,0,0,0.3333333333333333,5,1,/Users/eashraf/hadoop/hadoop-mapreduce-project/hadoop-mapreduce-client/hadoop-mapreduce-client-core/src/main/java/org/apache/hadoop/mapred/MapTaskCompletionEventsUpdate.java,28
hadoop,org.apache.hadoop.mapred,Mapper,0,0,1,0,20,1,35,1,-1.0,11,2,/Users/eashraf/hadoop/hadoop-mapreduce-project/hadoop-mapreduce-client/hadoop-mapreduce-client-core/src/main/java/org/apache/hadoop/mapred/Mapper.java,30
hadoop,org.apache.hadoop.mapred,SequenceFileOutputFormat,0,0,6,6,57,8,1,2,-1.0,15,14,/Users/eashraf/hadoop/hadoop-mapreduce-project/hadoop-mapreduce-client/hadoop-mapreduce-client-core/src/main/java/org/apache/hadoop/mapred/SequenceFileOutputFormat.java,37
hadoop,org.apache.hadoop.mapred,MultiFileSplit,0,0,5,3,37,10,0,0,-1.0,2,5,/Users/eashraf/hadoop/hadoop-mapreduce-project/hadoop-mapreduce-client/hadoop-mapreduce-client-core/src/main/java/org/apache/hadoop/mapred/MultiFileSplit.java,33
hadoop,org.apache.hadoop.mapred,MultiFileInputFormat,0,0,3,2,50,11,1,2,-1.0,1,7,/Users/eashraf/hadoop/hadoop-mapreduce-project/hadoop-mapreduce-client/hadoop-mapreduce-client-core/src/main/java/org/apache/hadoop/mapred/MultiFileInputFormat.java,31
hadoop,org.apache.hadoop.mapred,JobQueueClient,1,0,12,4,176,37,0,0,0.4166666666666667,2,7,/Users/eashraf/hadoop/hadoop-mapreduce-project/hadoop-mapreduce-client/hadoop-mapreduce-client-core/src/main/java/org/apache/hadoop/mapred/JobQueueClient.java,36
hadoop,org.apache.hadoop.mapred,SequenceFileRecordReader,5,0,12,9,89,19,1,1,0.0,1,5,/Users/eashraf/hadoop/hadoop-mapreduce-project/hadoop-mapreduce-client/hadoop-mapreduce-client-core/src/main/java/org/apache/hadoop/mapred/SequenceFileRecordReader.java,32
hadoop,org.apache.hadoop.mapred,BasicTypeSorterBase,12,0,9,7,77,15,1,2,0.4444444444444444,0,5,/Users/eashraf/hadoop/hadoop-mapreduce-project/hadoop-mapreduce-client/hadoop-mapreduce-client-core/src/main/java/org/apache/hadoop/mapred/BasicTypeSorterBase.java,32
hadoop,org.apache.hadoop.mapred,BasicTypeSorterBase.MRSortResultIterator,13,0,0,0,62,0,0,1,-1.0,0,2,/Users/eashraf/hadoop/hadoop-mapreduce-project/hadoop-mapreduce-client/hadoop-mapreduce-client-core/src/main/java/org/apache/hadoop/mapred/BasicTypeSorterBase.java,154
hadoop,org.apache.hadoop.mapred,BasicTypeSorterBase.InMemUncompressedBytes,3,0,0,0,19,0,0,0,-1.0,0,0,/Users/eashraf/hadoop/hadoop-mapreduce-project/hadoop-mapreduce-client/hadoop-mapreduce-client-core/src/main/java/org/apache/hadoop/mapred/BasicTypeSorterBase.java,214
hadoop,org.apache.hadoop.mapred,JobQueueInfo,0,0,13,10,91,15,0,0,-1.0,8,3,/Users/eashraf/hadoop/hadoop-mapreduce-project/hadoop-mapreduce-client/hadoop-mapreduce-client-core/src/main/java/org/apache/hadoop/mapred/JobQueueInfo.java,29
hadoop,org.apache.hadoop.mapred,SequenceFileAsBinaryOutputFormat,1,0,8,8,76,10,0,3,0.625,1,14,/Users/eashraf/hadoop/hadoop-mapreduce-project/hadoop-mapreduce-client/hadoop-mapreduce-client-core/src/main/java/org/apache/hadoop/mapred/SequenceFileAsBinaryOutputFormat.java,36
hadoop,org.apache.hadoop.mapred,SequenceFileAsBinaryOutputFormat.WritableValueBytes,0,0,0,0,11,0,0,0,-1.0,0,0,/Users/eashraf/hadoop/hadoop-mapreduce-project/hadoop-mapreduce-client/hadoop-mapreduce-client-core/src/main/java/org/apache/hadoop/mapred/SequenceFileAsBinaryOutputFormat.java,45
hadoop,org.apache.hadoop.mapred,ID,0,0,2,1,16,2,0,0,-1.0,1,0,/Users/eashraf/hadoop/hadoop-mapreduce-project/hadoop-mapreduce-client/hadoop-mapreduce-client-core/src/main/java/org/apache/hadoop/mapred/ID.java,24
hadoop,org.apache.hadoop.mapred,Master,0,0,3,3,27,5,0,0,-1.0,5,5,/Users/eashraf/hadoop/hadoop-mapreduce-project/hadoop-mapreduce-client/hadoop-mapreduce-client-core/src/main/java/org/apache/hadoop/mapred/Master.java,32
hadoop,org.apache.hadoop.mapred,Master.State,0,0,0,0,1,0,0,0,-1.0,0,0,/Users/eashraf/hadoop/hadoop-mapreduce-project/hadoop-mapreduce-client/hadoop-mapreduce-client-core/src/main/java/org/apache/hadoop/mapred/Master.java,36
hadoop,org.apache.hadoop.mapred,KeyValueLineRecordReader,4,0,9,9,55,11,0,1,0.4444444444444444,1,6,/Users/eashraf/hadoop/hadoop-mapreduce-project/hadoop-mapreduce-client/hadoop-mapreduce-client-core/src/main/java/org/apache/hadoop/mapred/KeyValueLineRecordReader.java,29
hadoop,org.apache.hadoop.mapred,SequenceFileAsTextRecordReader,3,0,7,7,41,8,0,1,0.42857142857142855,1,6,/Users/eashraf/hadoop/hadoop-mapreduce-project/hadoop-mapreduce-client/hadoop-mapreduce-client-core/src/main/java/org/apache/hadoop/mapred/SequenceFileAsTextRecordReader.java,30
hadoop,org.apache.hadoop.mapred,SequenceFileAsTextInputFormat,0,0,2,2,12,2,0,3,-1.0,1,4,/Users/eashraf/hadoop/hadoop-mapreduce-project/hadoop-mapreduce-client/hadoop-mapreduce-client-core/src/main/java/org/apache/hadoop/mapred/SequenceFileAsTextInputFormat.java,27
hadoop,org.apache.hadoop.mapred,SplitLocationInfo,2,0,4,4,17,4,0,0,0.5,3,0,/Users/eashraf/hadoop/hadoop-mapreduce-project/hadoop-mapreduce-client/hadoop-mapreduce-client-core/src/main/java/org/apache/hadoop/mapred/SplitLocationInfo.java,24
hadoop,org.apache.hadoop.mapred,JobContextImpl,2,0,4,4,26,4,0,1,0.5,5,4,/Users/eashraf/hadoop/hadoop-mapreduce-project/hadoop-mapreduce-client/hadoop-mapreduce-client-core/src/main/java/org/apache/hadoop/mapred/JobContextImpl.java,24
hadoop,org.apache.hadoop.mapred,QueueManager,10,1,22,6,346,54,0,0,0.09090909090909091,2,14,/Users/eashraf/hadoop/hadoop-mapreduce-project/hadoop-mapreduce-client/hadoop-mapreduce-client-core/src/main/java/org/apache/hadoop/mapred/QueueManager.java,46
hadoop,org.apache.hadoop.mapred,Counters,7,2,20,16,417,31,0,0,0.45,82,6,/Users/eashraf/hadoop/hadoop-mapreduce-project/hadoop-mapreduce-client/hadoop-mapreduce-client-core/src/main/java/org/apache/hadoop/mapred/Counters.java,50
hadoop,org.apache.hadoop.mapred,Counters.Counter,1,0,0,0,73,0,0,0,-1.0,0,1,/Users/eashraf/hadoop/hadoop-mapreduce-project/hadoop-mapreduce-client/hadoop-mapreduce-client-core/src/main/java/org/apache/hadoop/mapred/Counters.java,141
hadoop,org.apache.hadoop.mapred,Counters.Group,1,0,0,0,101,0,0,0,-1.0,0,1,/Users/eashraf/hadoop/hadoop-mapreduce-project/hadoop-mapreduce-client/hadoop-mapreduce-client-core/src/main/java/org/apache/hadoop/mapred/Counters.java,250
hadoop,org.apache.hadoop.mapred,Counters.GenericGroup,0,0,0,0,14,0,0,0,-1.0,0,0,/Users/eashraf/hadoop/hadoop-mapreduce-project/hadoop-mapreduce-client/hadoop-mapreduce-client-core/src/main/java/org/apache/hadoop/mapred/Counters.java,412
hadoop,org.apache.hadoop.mapred,Counters.FrameworkGroupImpl,0,0,0,0,11,0,0,0,-1.0,0,0,/Users/eashraf/hadoop/hadoop-mapreduce-project/hadoop-mapreduce-client/hadoop-mapreduce-client-core/src/main/java/org/apache/hadoop/mapred/Counters.java,436
hadoop,org.apache.hadoop.mapred,Counters.FSGroupImpl,0,0,0,0,8,0,0,0,-1.0,0,0,/Users/eashraf/hadoop/hadoop-mapreduce-project/hadoop-mapreduce-client/hadoop-mapreduce-client-core/src/main/java/org/apache/hadoop/mapred/Counters.java,455
hadoop,org.apache.hadoop.mapred,Counters.GroupFactory,0,0,0,0,19,0,0,0,-1.0,0,0,/Users/eashraf/hadoop/hadoop-mapreduce-project/hadoop-mapreduce-client/hadoop-mapreduce-client-core/src/main/java/org/apache/hadoop/mapred/Counters.java,482
hadoop,org.apache.hadoop.mapred,Counters.CountersExceededException,1,0,0,0,12,0,0,0,-1.0,0,0,/Users/eashraf/hadoop/hadoop-mapreduce-project/hadoop-mapreduce-client/hadoop-mapreduce-client-core/src/main/java/org/apache/hadoop/mapred/Counters.java,632
hadoop,org.apache.hadoop.mapred,JobTracker,0,0,0,0,9,0,0,0,-1.0,2,0,/Users/eashraf/hadoop/hadoop-mapreduce-project/hadoop-mapreduce-client/hadoop-mapreduce-client-core/src/main/java/org/apache/hadoop/mapred/JobTracker.java,21
hadoop,org.apache.hadoop.mapred,JobTracker.State,0,0,0,0,4,0,0,0,-1.0,0,0,/Users/eashraf/hadoop/hadoop-mapreduce-project/hadoop-mapreduce-client/hadoop-mapreduce-client-core/src/main/java/org/apache/hadoop/mapred/JobTracker.java,27
hadoop,org.apache.hadoop.mapred,Operation,2,2,1,0,10,1,0,0,0.0,0,2,/Users/eashraf/hadoop/hadoop-mapreduce-project/hadoop-mapreduce-client/hadoop-mapreduce-client-core/src/main/java/org/apache/hadoop/mapred/Operation.java,23
hadoop,org.apache.hadoop.mapred,InvalidJobConfException,1,0,4,4,18,4,0,0,1.0,2,0,/Users/eashraf/hadoop/hadoop-mapreduce-project/hadoop-mapreduce-client/hadoop-mapreduce-client-core/src/main/java/org/apache/hadoop/mapred/InvalidJobConfException.java,26
hadoop,org.apache.hadoop.mapred,InputSplitWithLocationInfo,0,0,1,0,8,1,1,1,-1.0,0,0,/Users/eashraf/hadoop/hadoop-mapreduce-project/hadoop-mapreduce-client/hadoop-mapreduce-client-core/src/main/java/org/apache/hadoop/mapred/InputSplitWithLocationInfo.java,26
hadoop,org.apache.hadoop.mapred,TaskStatus,16,0,49,34,371,62,2,0,0.1836734693877551,23,7,/Users/eashraf/hadoop/hadoop-mapreduce-project/hadoop-mapreduce-client/hadoop-mapreduce-client-core/src/main/java/org/apache/hadoop/mapred/TaskStatus.java,34
hadoop,org.apache.hadoop.mapred,TaskStatus.Phase,0,0,0,0,1,0,0,0,-1.0,0,0,/Users/eashraf/hadoop/hadoop-mapreduce-project/hadoop-mapreduce-client/hadoop-mapreduce-client-core/src/main/java/org/apache/hadoop/mapred/TaskStatus.java,46
hadoop,org.apache.hadoop.mapred,TaskStatus.State,0,0,0,0,1,0,0,0,-1.0,0,0,/Users/eashraf/hadoop/hadoop-mapreduce-project/hadoop-mapreduce-client/hadoop-mapreduce-client-core/src/main/java/org/apache/hadoop/mapred/TaskStatus.java,51
hadoop,org.apache.hadoop.mapred,TaskLogAppender,8,0,11,10,95,20,0,0,0.18181818181818182,1,3,/Users/eashraf/hadoop/hadoop-mapreduce-project/hadoop-mapreduce-client/hadoop-mapreduce-client-core/src/main/java/org/apache/hadoop/mapred/TaskLogAppender.java,29
hadoop,org.apache.hadoop.mapred,JobEndNotifier,6,0,3,1,114,9,0,0,0.0,1,3,/Users/eashraf/hadoop/hadoop-mapreduce-project/hadoop-mapreduce-client/hadoop-mapreduce-client-core/src/main/java/org/apache/hadoop/mapred/JobEndNotifier.java,36
hadoop,org.apache.hadoop.mapred,JobEndNotifier.JobEndStatusInfo,5,0,0,0,57,0,0,0,-1.0,0,0,/Users/eashraf/hadoop/hadoop-mapreduce-project/hadoop-mapreduce-client/hadoop-mapreduce-client-core/src/main/java/org/apache/hadoop/mapred/JobEndNotifier.java,111
hadoop,org.apache.hadoop.mapred,JobConf,36,31,132,123,1202,170,0,0,0.6893939393939394,334,23,/Users/eashraf/hadoop/hadoop-mapreduce-project/hadoop-mapreduce-client/hadoop-mapreduce-client-core/src/main/java/org/apache/hadoop/mapred/JobConf.java,58
hadoop,org.apache.hadoop.mapred,SortedRanges,8,0,9,3,276,28,0,0,0.0,8,0,/Users/eashraf/hadoop/hadoop-mapreduce-project/hadoop-mapreduce-client/hadoop-mapreduce-client-core/src/main/java/org/apache/hadoop/mapred/SortedRanges.java,32
hadoop,org.apache.hadoop.mapred,SortedRanges.Range,2,0,0,0,69,0,0,0,-1.0,0,0,/Users/eashraf/hadoop/hadoop-mapreduce-project/hadoop-mapreduce-client/hadoop-mapreduce-client-core/src/main/java/org/apache/hadoop/mapred/SortedRanges.java,219
hadoop,org.apache.hadoop.mapred,SortedRanges.SkipRangeIterator,3,0,0,0,60,0,0,0,-1.0,0,0,/Users/eashraf/hadoop/hadoop-mapreduce-project/hadoop-mapreduce-client/hadoop-mapreduce-client-core/src/main/java/org/apache/hadoop/mapred/SortedRanges.java,310
hadoop,org.apache.hadoop.mapred,FixedLengthInputFormat,2,1,5,4,39,6,0,2,0.4,1,9,/Users/eashraf/hadoop/hadoop-mapreduce-project/hadoop-mapreduce-client/hadoop-mapreduce-client-core/src/main/java/org/apache/hadoop/mapred/FixedLengthInputFormat.java,33
hadoop,org.apache.hadoop.mapred,QueueConfigurationParser,15,0,15,0,295,53,1,0,0.13333333333333333,2,7,/Users/eashraf/hadoop/hadoop-mapreduce-project/hadoop-mapreduce-client/hadoop-mapreduce-client-core/src/main/java/org/apache/hadoop/mapred/QueueConfigurationParser.java,51
hadoop,org.apache.hadoop.mapred,MapReduceBase,0,0,2,2,15,2,33,1,-1.0,0,1,/Users/eashraf/hadoop/hadoop-mapreduce-project/hadoop-mapreduce-client/hadoop-mapreduce-client-core/src/main/java/org/apache/hadoop/mapred/MapReduceBase.java,27
hadoop,org.apache.hadoop.mapred,TIPStatus,0,0,0,0,4,0,0,0,-1.0,7,0,/Users/eashraf/hadoop/hadoop-mapreduce-project/hadoop-mapreduce-client/hadoop-mapreduce-client-core/src/main/java/org/apache/hadoop/mapred/TIPStatus.java,23
hadoop,org.apache.hadoop.mapred,PeriodicStatsAccumulator,6,0,8,0,78,12,2,0,0.0,3,0,/Users/eashraf/hadoop/hadoop-mapreduce-project/hadoop-mapreduce-client/hadoop-mapreduce-client-core/src/main/java/org/apache/hadoop/mapred/PeriodicStatsAccumulator.java,24
hadoop,org.apache.hadoop.mapred,PeriodicStatsAccumulator.StatsetState,3,0,0,0,5,0,0,0,-1.0,0,0,/Users/eashraf/hadoop/hadoop-mapreduce-project/hadoop-mapreduce-client/hadoop-mapreduce-client-core/src/main/java/org/apache/hadoop/mapred/PeriodicStatsAccumulator.java,61
hadoop,org.apache.hadoop.mapred,Queue,7,0,23,4,246,47,0,0,0.08695652173913043,5,2,/Users/eashraf/hadoop/hadoop-mapreduce-project/hadoop-mapreduce-client/hadoop-mapreduce-client-core/src/main/java/org/apache/hadoop/mapred/Queue.java,34
hadoop,org.apache.hadoop.mapred,QueueAclsInfo,0,0,3,1,22,3,0,0,-1.0,5,1,/Users/eashraf/hadoop/hadoop-mapreduce-project/hadoop-mapreduce-client/hadoop-mapreduce-client-core/src/main/java/org/apache/hadoop/mapred/QueueAclsInfo.java,20
hadoop,org.apache.hadoop.mapred,MRConstants,9,9,0,0,32,0,0,0,-1.0,1,0,/Users/eashraf/hadoop/hadoop-mapreduce-project/hadoop-mapreduce-client/hadoop-mapreduce-client-core/src/main/java/org/apache/hadoop/mapred/MRConstants.java,23
hadoop,org.apache.hadoop.mapred,Utils,0,0,0,0,23,0,0,0,-1.0,12,1,/Users/eashraf/hadoop/hadoop-mapreduce-project/hadoop-mapreduce-client/hadoop-mapreduce-client-core/src/main/java/org/apache/hadoop/mapred/Utils.java,26
hadoop,org.apache.hadoop.mapred,Utils.OutputFileUtils,0,0,0,0,18,0,0,0,-1.0,0,1,/Users/eashraf/hadoop/hadoop-mapreduce-project/hadoop-mapreduce-client/hadoop-mapreduce-client-core/src/main/java/org/apache/hadoop/mapred/Utils.java,33
hadoop,org.apache.hadoop.mapred,Utils.OutputFilesFilter,0,0,0,0,8,0,0,1,-1.0,0,1,/Users/eashraf/hadoop/hadoop-mapreduce-project/hadoop-mapreduce-client/hadoop-mapreduce-client-core/src/main/java/org/apache/hadoop/mapred/Utils.java,34
hadoop,org.apache.hadoop.mapred,Utils.OutputLogFilter,0,0,0,0,8,0,0,0,-1.0,0,0,/Users/eashraf/hadoop/hadoop-mapreduce-project/hadoop-mapreduce-client/hadoop-mapreduce-client-core/src/main/java/org/apache/hadoop/mapred/Utils.java,49
hadoop,org.apache.hadoop.mapred,TaskAttemptContext,0,0,3,3,5,3,1,0,-1.0,20,2,/Users/eashraf/hadoop/hadoop-mapreduce-project/hadoop-mapreduce-client/hadoop-mapreduce-client-core/src/main/java/org/apache/hadoop/mapred/TaskAttemptContext.java,25
hadoop,org.apache.hadoop.mapred,CumulativePeriodicStats,1,0,2,0,19,3,0,1,1.0,2,0,/Users/eashraf/hadoop/hadoop-mapreduce-project/hadoop-mapreduce-client/hadoop-mapreduce-client-core/src/main/java/org/apache/hadoop/mapred/CumulativePeriodicStats.java,20
hadoop,org.apache.hadoop.mapred,SequenceFileInputFilter,6,1,3,3,141,3,0,3,1.0,1,5,/Users/eashraf/hadoop/hadoop-mapreduce-project/hadoop-mapreduce-client/hadoop-mapreduce-client-core/src/main/java/org/apache/hadoop/mapred/SequenceFileInputFilter.java,29
hadoop,org.apache.hadoop.mapred,SequenceFileInputFilter.Filter,0,0,0,0,5,0,0,0,-1.0,0,0,/Users/eashraf/hadoop/hadoop-mapreduce-project/hadoop-mapreduce-client/hadoop-mapreduce-client-core/src/main/java/org/apache/hadoop/mapred/SequenceFileInputFilter.java,70
hadoop,org.apache.hadoop.mapred,SequenceFileInputFilter.FilterBase,0,0,0,0,5,0,0,0,-1.0,0,0,/Users/eashraf/hadoop/hadoop-mapreduce-project/hadoop-mapreduce-client/hadoop-mapreduce-client-core/src/main/java/org/apache/hadoop/mapred/SequenceFileInputFilter.java,77
hadoop,org.apache.hadoop.mapred,SequenceFileInputFilter.RegexFilter,1,0,0,0,25,0,0,0,-1.0,0,0,/Users/eashraf/hadoop/hadoop-mapreduce-project/hadoop-mapreduce-client/hadoop-mapreduce-client-core/src/main/java/org/apache/hadoop/mapred/SequenceFileInputFilter.java,85
hadoop,org.apache.hadoop.mapred,SequenceFileInputFilter.PercentFilter,1,0,0,0,31,0,0,0,-1.0,0,0,/Users/eashraf/hadoop/hadoop-mapreduce-project/hadoop-mapreduce-client/hadoop-mapreduce-client-core/src/main/java/org/apache/hadoop/mapred/SequenceFileInputFilter.java,117
hadoop,org.apache.hadoop.mapred,SequenceFileInputFilter.MD5Filter,2,1,0,0,32,0,0,0,-1.0,0,0,/Users/eashraf/hadoop/hadoop-mapreduce-project/hadoop-mapreduce-client/hadoop-mapreduce-client-core/src/main/java/org/apache/hadoop/mapred/SequenceFileInputFilter.java,156
hadoop,org.apache.hadoop.mapred,SequenceFileInputFilter.FilterRecordReader,1,0,0,0,16,0,0,2,-1.0,0,0,/Users/eashraf/hadoop/hadoop-mapreduce-project/hadoop-mapreduce-client/hadoop-mapreduce-client-core/src/main/java/org/apache/hadoop/mapred/SequenceFileInputFilter.java,196
hadoop,org.apache.hadoop.mapred,RunningJob,0,0,25,25,146,25,1,0,-1.0,41,4,/Users/eashraf/hadoop/hadoop-mapreduce-project/hadoop-mapreduce-client/hadoop-mapreduce-client-core/src/main/java/org/apache/hadoop/mapred/RunningJob.java,28
hadoop,org.apache.hadoop.mapred,InvalidFileTypeException,1,0,2,2,12,2,0,0,1.0,0,0,/Users/eashraf/hadoop/hadoop-mapreduce-project/hadoop-mapreduce-client/hadoop-mapreduce-client-core/src/main/java/org/apache/hadoop/mapred/InvalidFileTypeException.java,26
hadoop,org.apache.hadoop.mapred,CleanupQueue,5,1,4,1,93,7,1,0,0.5,0,1,/Users/eashraf/hadoop/hadoop-mapreduce-project/hadoop-mapreduce-client/hadoop-mapreduce-client-core/src/main/java/org/apache/hadoop/mapred/CleanupQueue.java,30
hadoop,org.apache.hadoop.mapred,CleanupQueue.PathDeletionContext,2,0,0,0,19,0,0,0,-1.0,0,1,/Users/eashraf/hadoop/hadoop-mapreduce-project/hadoop-mapreduce-client/hadoop-mapreduce-client-core/src/main/java/org/apache/hadoop/mapred/CleanupQueue.java,53
hadoop,org.apache.hadoop.mapred,CleanupQueue.PathCleanupThread,1,0,0,0,41,0,0,0,-1.0,0,0,/Users/eashraf/hadoop/hadoop-mapreduce-project/hadoop-mapreduce-client/hadoop-mapreduce-client-core/src/main/java/org/apache/hadoop/mapred/CleanupQueue.java,103
hadoop,org.apache.hadoop.mapred,Reducer,0,0,1,0,17,1,27,1,-1.0,13,2,/Users/eashraf/hadoop/hadoop-mapreduce-project/hadoop-mapreduce-client/hadoop-mapreduce-client-core/src/main/java/org/apache/hadoop/mapred/Reducer.java,30
hadoop,org.apache.hadoop.mapred,MROutputFiles,1,0,15,15,123,16,0,1,0.4,2,7,/Users/eashraf/hadoop/hadoop-mapreduce-project/hadoop-mapreduce-client/hadoop-mapreduce-client-core/src/main/java/org/apache/hadoop/mapred/MROutputFiles.java,31
hadoop,org.apache.hadoop.mapred,QueueACL,1,0,2,1,11,2,0,0,0.0,6,0,/Users/eashraf/hadoop/hadoop-mapreduce-project/hadoop-mapreduce-client/hadoop-mapreduce-client-core/src/main/java/org/apache/hadoop/mapred/QueueACL.java,23
hadoop,org.apache.hadoop.mapred,JobConfigurable,0,0,1,0,10,1,9,0,-1.0,0,1,/Users/eashraf/hadoop/hadoop-mapreduce-project/hadoop-mapreduce-client/hadoop-mapreduce-client-core/src/main/java/org/apache/hadoop/mapred/JobConfigurable.java,24
hadoop,org.apache.hadoop.mapred,ReduceTask,36,0,22,17,385,35,0,1,0.45454545454545453,5,30,/Users/eashraf/hadoop/hadoop-mapreduce-project/hadoop-mapreduce-client/hadoop-mapreduce-client-core/src/main/java/org/apache/hadoop/mapred/ReduceTask.java,60
hadoop,org.apache.hadoop.mapred,ReduceTask.ReduceValuesIterator,0,0,0,0,16,0,0,0,-1.0,0,0,/Users/eashraf/hadoop/hadoop-mapreduce-project/hadoop-mapreduce-client/hadoop-mapreduce-client-core/src/main/java/org/apache/hadoop/mapred/ReduceTask.java,202
hadoop,org.apache.hadoop.mapred,ReduceTask.SkippingReduceValuesIterator,11,0,0,0,69,0,0,0,-1.0,0,4,/Users/eashraf/hadoop/hadoop-mapreduce-project/hadoop-mapreduce-client/hadoop-mapreduce-client-core/src/main/java/org/apache/hadoop/mapred/ReduceTask.java,229
hadoop,org.apache.hadoop.mapred,ReduceTask.OldTrackingRecordWriter,4,0,0,0,41,0,0,1,-1.0,0,2,/Users/eashraf/hadoop/hadoop-mapreduce-project/hadoop-mapreduce-client/hadoop-mapreduce-client-core/src/main/java/org/apache/hadoop/mapred/ReduceTask.java,464
hadoop,org.apache.hadoop.mapred,ReduceTask.NewTrackingRecordWriter,4,0,0,0,40,0,0,0,-1.0,0,2,/Users/eashraf/hadoop/hadoop-mapreduce-project/hadoop-mapreduce-client/hadoop-mapreduce-client-core/src/main/java/org/apache/hadoop/mapred/ReduceTask.java,517
hadoop,org.apache.hadoop.mapred,TaskReport,0,0,14,8,106,17,0,0,-1.0,11,5,/Users/eashraf/hadoop/hadoop-mapreduce-project/hadoop-mapreduce-client/hadoop-mapreduce-client-core/src/main/java/org/apache/hadoop/mapred/TaskReport.java,27
hadoop,org.apache.hadoop.mapred,StatePeriodicStats,0,0,2,0,18,3,0,1,-1.0,2,0,/Users/eashraf/hadoop/hadoop-mapreduce-project/hadoop-mapreduce-client/hadoop-mapreduce-client-core/src/main/java/org/apache/hadoop/mapred/StatePeriodicStats.java,21
hadoop,org.apache.hadoop.mapred,LineRecordReader,11,0,16,12,191,29,0,1,0.25,3,16,/Users/eashraf/hadoop/hadoop-mapreduce-project/hadoop-mapreduce-client/hadoop-mapreduce-client-core/src/main/java/org/apache/hadoop/mapred/LineRecordReader.java,44
hadoop,org.apache.hadoop.mapred,LineRecordReader.LineReader,0,0,0,0,24,0,0,0,-1.0,0,0,/Users/eashraf/hadoop/hadoop-mapreduce-project/hadoop-mapreduce-client/hadoop-mapreduce-client-core/src/main/java/org/apache/hadoop/mapred/LineRecordReader.java,64
hadoop,org.apache.hadoop.mapred,IFile,36,2,0,0,299,0,0,0,-1.0,11,9,/Users/eashraf/hadoop/hadoop-mapreduce-project/hadoop-mapreduce-client/hadoop-mapreduce-client-core/src/main/java/org/apache/hadoop/mapred/IFile.java,49
hadoop,org.apache.hadoop.mapred,IFile.Writer,17,0,0,0,138,0,0,0,-1.0,0,7,/Users/eashraf/hadoop/hadoop-mapreduce-project/hadoop-mapreduce-client/hadoop-mapreduce-client-core/src/main/java/org/apache/hadoop/mapred/IFile.java,62
hadoop,org.apache.hadoop.mapred,IFile.Reader,17,1,0,0,154,0,0,0,-1.0,0,3,/Users/eashraf/hadoop/hadoop-mapreduce-project/hadoop-mapreduce-client/hadoop-mapreduce-client-core/src/main/java/org/apache/hadoop/mapred/IFile.java,274
hadoop,org.apache.hadoop.mapred,JobProfile,6,0,14,14,123,14,0,0,0.14285714285714285,3,5,/Users/eashraf/hadoop/hadoop-mapreduce-project/hadoop-mapreduce-client/hadoop-mapreduce-client-core/src/main/java/org/apache/hadoop/mapred/JobProfile.java,33
hadoop,org.apache.hadoop.mapred,IndexRecord,3,3,2,2,12,2,0,0,1.0,7,0,/Users/eashraf/hadoop/hadoop-mapreduce-project/hadoop-mapreduce-client/hadoop-mapreduce-client-core/src/main/java/org/apache/hadoop/mapred/IndexRecord.java,23
hadoop,org.apache.hadoop.mapred,SequenceFileInputFormat,0,0,3,2,24,5,4,2,-1.0,15,9,/Users/eashraf/hadoop/hadoop-mapreduce-project/hadoop-mapreduce-client/hadoop-mapreduce-client-core/src/main/java/org/apache/hadoop/mapred/SequenceFileInputFormat.java,32
hadoop,org.apache.hadoop.mapred,JobACLsManager,3,0,5,4,61,12,0,0,0.0,9,5,/Users/eashraf/hadoop/hadoop-mapreduce-project/hadoop-mapreduce-client/hadoop-mapreduce-client-core/src/main/java/org/apache/hadoop/mapred/JobACLsManager.java,33
hadoop,org.apache.hadoop.mapred,ShuffleConsumerPlugin,21,0,3,3,117,3,0,0,-1.0,4,13,/Users/eashraf/hadoop/hadoop-mapreduce-project/hadoop-mapreduce-client/hadoop-mapreduce-client-core/src/main/java/org/apache/hadoop/mapred/ShuffleConsumerPlugin.java,32
hadoop,org.apache.hadoop.mapred,ShuffleConsumerPlugin.Context,21,0,0,0,109,0,0,0,-1.0,0,12,/Users/eashraf/hadoop/hadoop-mapreduce-project/hadoop-mapreduce-client/hadoop-mapreduce-client-core/src/main/java/org/apache/hadoop/mapred/ShuffleConsumerPlugin.java,47
hadoop,org.apache.hadoop.mapred,IFileInputStream,15,1,13,9,155,32,0,0,0.15384615384615385,5,5,/Users/eashraf/hadoop/hadoop-mapreduce-project/hadoop-mapreduce-client/hadoop-mapreduce-client-core/src/main/java/org/apache/hadoop/mapred/IFileInputStream.java,39
hadoop,org.apache.hadoop.mapred,SequenceFileAsBinaryInputFormat,6,0,2,2,87,2,0,3,1.0,1,6,/Users/eashraf/hadoop/hadoop-mapreduce-project/hadoop-mapreduce-client/hadoop-mapreduce-client-core/src/main/java/org/apache/hadoop/mapred/SequenceFileAsBinaryInputFormat.java,31
hadoop,org.apache.hadoop.mapred,SequenceFileAsBinaryInputFormat.SequenceFileAsBinaryRecordReader,6,0,0,0,76,0,0,1,-1.0,0,2,/Users/eashraf/hadoop/hadoop-mapreduce-project/hadoop-mapreduce-client/hadoop-mapreduce-client-core/src/main/java/org/apache/hadoop/mapred/SequenceFileAsBinaryInputFormat.java,50
hadoop,org.apache.hadoop.mapred,JobStatus,7,5,39,26,343,45,0,0,0.8205128205128205,34,4,/Users/eashraf/hadoop/hadoop-mapreduce-project/hadoop-mapreduce-client/hadoop-mapreduce-client-core/src/main/java/org/apache/hadoop/mapred/JobStatus.java,27
hadoop,org.apache.hadoop.mapred,JvmTask,2,0,6,6,44,9,0,0,0.3333333333333333,4,3,/Users/eashraf/hadoop/hadoop-mapreduce-project/hadoop-mapreduce-client/hadoop-mapreduce-client-core/src/main/java/org/apache/hadoop/mapred/JvmTask.java,29
hadoop,org.apache.hadoop.mapred,JobClient,8,4,70,61,928,94,1,0,0.37142857142857144,75,27,/Users/eashraf/hadoop/hadoop-mapreduce-project/hadoop-mapreduce-client/hadoop-mapreduce-client-core/src/main/java/org/apache/hadoop/mapred/JobClient.java,54
hadoop,org.apache.hadoop.mapred,JobClient.TaskStatusFilter,0,0,0,0,1,0,0,0,-1.0,0,0,/Users/eashraf/hadoop/hadoop-mapreduce-project/hadoop-mapreduce-client/hadoop-mapreduce-client-core/src/main/java/org/apache/hadoop/mapred/JobClient.java,154
hadoop,org.apache.hadoop.mapred,JobClient.NetworkedJob,1,0,0,0,230,0,0,1,-1.0,0,1,/Users/eashraf/hadoop/hadoop-mapreduce-project/hadoop-mapreduce-client/hadoop-mapreduce-client-core/src/main/java/org/apache/hadoop/mapred/JobClient.java,161
hadoop,org.apache.hadoop.mapred,TextInputFormat,1,0,3,2,25,5,0,2,0.6666666666666666,42,4,/Users/eashraf/hadoop/hadoop-mapreduce-project/hadoop-mapreduce-client/hadoop-mapreduce-client-core/src/main/java/org/apache/hadoop/mapred/TextInputFormat.java,32
hadoop,org.apache.hadoop.mapred,RawKeyValueIterator,0,0,5,0,32,5,3,0,-1.0,16,0,/Users/eashraf/hadoop/hadoop-mapreduce-project/hadoop-mapreduce-client/hadoop-mapreduce-client-core/src/main/java/org/apache/hadoop/mapred/RawKeyValueIterator.java,27
hadoop,org.apache.hadoop.mapred,TaskLog,17,0,27,14,458,52,0,0,0.25925925925925924,12,17,/Users/eashraf/hadoop/hadoop-mapreduce-project/hadoop-mapreduce-client/hadoop-mapreduce-client-core/src/main/java/org/apache/hadoop/mapred/TaskLog.java,61
hadoop,org.apache.hadoop.mapred,TaskLog.LogFileDetail,4,0,0,0,6,0,0,0,-1.0,0,0,/Users/eashraf/hadoop/hadoop-mapreduce-project/hadoop-mapreduce-client/hadoop-mapreduce-client-core/src/main/java/org/apache/hadoop/mapred/TaskLog.java,103
hadoop,org.apache.hadoop.mapred,TaskLog.LogName,1,0,0,0,26,0,0,0,-1.0,0,0,/Users/eashraf/hadoop/hadoop-mapreduce-project/hadoop-mapreduce-client/hadoop-mapreduce-client-core/src/main/java/org/apache/hadoop/mapred/TaskLog.java,356
hadoop,org.apache.hadoop.mapred,TaskLog.Reader,2,0,0,0,61,0,0,0,-1.0,0,0,/Users/eashraf/hadoop/hadoop-mapreduce-project/hadoop-mapreduce-client/hadoop-mapreduce-client-core/src/main/java/org/apache/hadoop/mapred/TaskLog.java,388
hadoop,org.apache.hadoop.mapred,TextOutputFormat,4,0,1,1,83,2,1,2,0.0,32,8,/Users/eashraf/hadoop/hadoop-mapreduce-project/hadoop-mapreduce-client/hadoop-mapreduce-client-core/src/main/java/org/apache/hadoop/mapred/TextOutputFormat.java,37
hadoop,org.apache.hadoop.mapred,TextOutputFormat.LineRecordWriter,4,0,0,0,60,0,0,1,-1.0,0,0,/Users/eashraf/hadoop/hadoop-mapreduce-project/hadoop-mapreduce-client/hadoop-mapreduce-client-core/src/main/java/org/apache/hadoop/mapred/TextOutputFormat.java,44
hadoop,org.apache.hadoop.mapred,StatisticsCollector,24,0,10,1,201,18,0,0,0.2,1,0,/Users/eashraf/hadoop/hadoop-mapreduce-project/hadoop-mapreduce-client/hadoop-mapreduce-client-core/src/main/java/org/apache/hadoop/mapred/StatisticsCollector.java,30
hadoop,org.apache.hadoop.mapred,StatisticsCollector.TimeWindow,3,0,0,0,29,0,0,0,-1.0,0,0,/Users/eashraf/hadoop/hadoop-mapreduce-project/hadoop-mapreduce-client/hadoop-mapreduce-client-core/src/main/java/org/apache/hadoop/mapred/StatisticsCollector.java,143
hadoop,org.apache.hadoop.mapred,StatisticsCollector.Stat,5,0,0,0,42,0,0,0,-1.0,0,0,/Users/eashraf/hadoop/hadoop-mapreduce-project/hadoop-mapreduce-client/hadoop-mapreduce-client-core/src/main/java/org/apache/hadoop/mapred/StatisticsCollector.java,182
hadoop,org.apache.hadoop.mapred,StatisticsCollector.TimeStat,3,0,0,0,23,0,0,0,-1.0,0,0,/Users/eashraf/hadoop/hadoop-mapreduce-project/hadoop-mapreduce-client/hadoop-mapreduce-client-core/src/main/java/org/apache/hadoop/mapred/StatisticsCollector.java,205
hadoop,org.apache.hadoop.mapred,StatisticsCollector.StatUpdater,1,0,0,0,14,0,0,0,-1.0,0,0,/Users/eashraf/hadoop/hadoop-mapreduce-project/hadoop-mapreduce-client/hadoop-mapreduce-client-core/src/main/java/org/apache/hadoop/mapred/StatisticsCollector.java,235
hadoop,org.apache.hadoop.mapred,StatisticsCollector.TimeWindowStatUpdater,4,0,0,0,32,0,0,0,-1.0,0,0,/Users/eashraf/hadoop/hadoop-mapreduce-project/hadoop-mapreduce-client/hadoop-mapreduce-client-core/src/main/java/org/apache/hadoop/mapred/StatisticsCollector.java,255
hadoop,org.apache.hadoop.mapred,MapOutputCollector,3,0,4,4,25,4,3,0,-1.0,7,2,/Users/eashraf/hadoop/hadoop-mapreduce-project/hadoop-mapreduce-client/hadoop-mapreduce-client-core/src/main/java/org/apache/hadoop/mapred/MapOutputCollector.java,28
hadoop,org.apache.hadoop.mapred,MapOutputCollector.Context,3,0,0,0,19,0,0,0,-1.0,0,2,/Users/eashraf/hadoop/hadoop-mapreduce-project/hadoop-mapreduce-client/hadoop-mapreduce-client-core/src/main/java/org/apache/hadoop/mapred/MapOutputCollector.java,40
hadoop,org.apache.hadoop.mapred,IFileOutputStream,4,0,5,5,53,7,0,0,0.0,4,1,/Users/eashraf/hadoop/hadoop-mapreduce-project/hadoop-mapreduce-client/hadoop-mapreduce-client-core/src/main/java/org/apache/hadoop/mapred/IFileOutputStream.java,28
hadoop,org.apache.hadoop.mapred,MapOutputFile,4,0,16,16,100,16,3,0,0.9375,13,3,/Users/eashraf/hadoop/hadoop-mapreduce-project/hadoop-mapreduce-client/hadoop-mapreduce-client-core/src/main/java/org/apache/hadoop/mapred/MapOutputFile.java,29
hadoop,org.apache.hadoop.mapred,FileInputFormat,11,3,26,11,501,82,8,1,0.2692307692307692,87,20,/Users/eashraf/hadoop/hadoop-mapreduce-project/hadoop-mapreduce-client/hadoop-mapreduce-client-core/src/main/java/org/apache/hadoop/mapred/FileInputFormat.java,54
hadoop,org.apache.hadoop.mapred,FileInputFormat.Counter,0,0,0,0,1,0,0,0,-1.0,0,0,/Users/eashraf/hadoop/hadoop-mapreduce-project/hadoop-mapreduce-client/hadoop-mapreduce-client-core/src/main/java/org/apache/hadoop/mapred/FileInputFormat.java,71
hadoop,org.apache.hadoop.mapred,FileInputFormat.MultiPathFilter,1,0,0,0,17,0,0,0,-1.0,0,0,/Users/eashraf/hadoop/hadoop-mapreduce-project/hadoop-mapreduce-client/hadoop-mapreduce-client-core/src/main/java/org/apache/hadoop/mapred/FileInputFormat.java,96
hadoop,org.apache.hadoop.mapred,FileInputFormat.NodeInfo,4,0,0,0,25,0,0,0,-1.0,0,1,/Users/eashraf/hadoop/hadoop-mapreduce-project/hadoop-mapreduce-client/hadoop-mapreduce-client-core/src/main/java/org/apache/hadoop/mapred/FileInputFormat.java,733
hadoop,org.apache.hadoop.mapred,Task,92,3,71,31,1189,112,3,0,0.056338028169014086,41,51,/Users/eashraf/hadoop/hadoop-mapreduce-project/hadoop-mapreduce-client/hadoop-mapreduce-client-core/src/main/java/org/apache/hadoop/mapred/Task.java,74
hadoop,org.apache.hadoop.mapred,Task.Counter,0,0,0,0,4,0,0,0,-1.0,0,0,/Users/eashraf/hadoop/hadoop-mapreduce-project/hadoop-mapreduce-client/hadoop-mapreduce-client-core/src/main/java/org/apache/hadoop/mapred/Task.java,86
hadoop,org.apache.hadoop.mapred,Task.TaskReporter,7,0,0,0,161,0,0,1,-1.0,0,5,/Users/eashraf/hadoop/hadoop-mapreduce-project/hadoop-mapreduce-client/hadoop-mapreduce-client-core/src/main/java/org/apache/hadoop/mapred/Task.java,610
hadoop,org.apache.hadoop.mapred,Task.GcTimeUpdater,2,0,0,0,35,0,0,0,-1.0,0,2,/Users/eashraf/hadoop/hadoop-mapreduce-project/hadoop-mapreduce-client/hadoop-mapreduce-client-core/src/main/java/org/apache/hadoop/mapred/Task.java,873
hadoop,org.apache.hadoop.mapred,Task.FileSystemStatisticUpdater,7,0,0,0,46,0,0,0,-1.0,0,2,/Users/eashraf/hadoop/hadoop-mapreduce-project/hadoop-mapreduce-client/hadoop-mapreduce-client-core/src/main/java/org/apache/hadoop/mapred/Task.java,916
hadoop,org.apache.hadoop.mapred,Task.CombineOutputCollector,4,0,0,0,24,0,0,1,-1.0,0,3,/Users/eashraf/hadoop/hadoop-mapreduce-project/hadoop-mapreduce-client/hadoop-mapreduce-client-core/src/main/java/org/apache/hadoop/mapred/Task.java,1312
hadoop,org.apache.hadoop.mapred,Task.ValuesIterator,13,0,0,0,104,0,0,0,-1.0,0,5,/Users/eashraf/hadoop/hadoop-mapreduce-project/hadoop-mapreduce-client/hadoop-mapreduce-client-core/src/main/java/org/apache/hadoop/mapred/Task.java,1344
hadoop,org.apache.hadoop.mapred,Task.CombineValuesIterator,1,0,0,0,14,0,0,0,-1.0,0,1,/Users/eashraf/hadoop/hadoop-mapreduce-project/hadoop-mapreduce-client/hadoop-mapreduce-client-core/src/main/java/org/apache/hadoop/mapred/Task.java,1455
hadoop,org.apache.hadoop.mapred,Task.CombinerRunner,3,0,0,0,28,0,0,0,-1.0,0,2,/Users/eashraf/hadoop/hadoop-mapreduce-project/hadoop-mapreduce-client/hadoop-mapreduce-client-core/src/main/java/org/apache/hadoop/mapred/Task.java,1514
hadoop,org.apache.hadoop.mapred,Task.OldCombinerRunner,4,0,0,0,26,0,0,0,-1.0,0,2,/Users/eashraf/hadoop/hadoop-mapreduce-project/hadoop-mapreduce-client/hadoop-mapreduce-client-core/src/main/java/org/apache/hadoop/mapred/Task.java,1569
hadoop,org.apache.hadoop.mapred,Task.NewCombinerRunner,7,0,0,0,33,0,0,0,-1.0,0,5,/Users/eashraf/hadoop/hadoop-mapreduce-project/hadoop-mapreduce-client/hadoop-mapreduce-client-core/src/main/java/org/apache/hadoop/mapred/Task.java,1612
hadoop,org.apache.hadoop.mapred,Task.OutputConverter,1,0,0,0,11,0,0,0,-1.0,0,1,/Users/eashraf/hadoop/hadoop-mapreduce-project/hadoop-mapreduce-client/hadoop-mapreduce-client-core/src/main/java/org/apache/hadoop/mapred/Task.java,1640
hadoop,org.apache.hadoop.mapred,FileOutputFormat,0,0,13,13,148,20,3,1,-1.0,96,15,/Users/eashraf/hadoop/hadoop-mapreduce-project/hadoop-mapreduce-client/hadoop-mapreduce-client-core/src/main/java/org/apache/hadoop/mapred/FileOutputFormat.java,33
hadoop,org.apache.hadoop.mapred,FileOutputFormat.Counter,0,0,0,0,1,0,0,0,-1.0,0,0,/Users/eashraf/hadoop/hadoop-mapreduce-project/hadoop-mapreduce-client/hadoop-mapreduce-client-core/src/main/java/org/apache/hadoop/mapred/FileOutputFormat.java,38
hadoop,org.apache.hadoop.mapred,JvmContext,3,1,4,2,21,4,0,0,0.0,4,2,/Users/eashraf/hadoop/hadoop-mapreduce-project/hadoop-mapreduce-client/hadoop-mapreduce-client-core/src/main/java/org/apache/hadoop/mapred/JvmContext.java,30
hadoop,org.apache.hadoop.mapred,Reporter,1,1,15,15,74,15,1,0,-1.0,120,1,/Users/eashraf/hadoop/hadoop-mapreduce-project/hadoop-mapreduce-client/hadoop-mapreduce-client-core/src/main/java/org/apache/hadoop/mapred/Reporter.java,26
hadoop,org.apache.hadoop.mapred,JobID,0,0,7,6,65,9,0,0,-1.0,57,1,/Users/eashraf/hadoop/hadoop-mapreduce-project/hadoop-mapreduce-client/hadoop-mapreduce-client-core/src/main/java/org/apache/hadoop/mapred/JobID.java,27
hadoop,org.apache.hadoop.mapred,FileOutputCommitter,5,3,20,13,117,28,5,1,0.15,12,7,/Users/eashraf/hadoop/hadoop-mapreduce-project/hadoop-mapreduce-client/hadoop-mapreduce-client-core/src/main/java/org/apache/hadoop/mapred/FileOutputCommitter.java,30
hadoop,org.apache.hadoop.mapred,InvalidInputException,2,0,3,3,36,5,0,0,0.0,0,0,/Users/eashraf/hadoop/hadoop-mapreduce-project/hadoop-mapreduce-client/hadoop-mapreduce-client-core/src/main/java/org/apache/hadoop/mapred/InvalidInputException.java,27
hadoop,org.apache.hadoop.mapred,Partitioner,0,0,1,0,14,1,2,1,-1.0,9,0,/Users/eashraf/hadoop/hadoop-mapreduce-project/hadoop-mapreduce-client/hadoop-mapreduce-client-core/src/main/java/org/apache/hadoop/mapred/Partitioner.java,24
hadoop,org.apache.hadoop.mapred,MapRunnable,0,0,1,0,14,1,1,1,-1.0,2,3,/Users/eashraf/hadoop/hadoop-mapreduce-project/hadoop-mapreduce-client/hadoop-mapreduce-client-core/src/main/java/org/apache/hadoop/mapred/MapRunnable.java,26
hadoop,org.apache.hadoop.mapred,TaskID,0,0,12,11,103,13,0,0,-1.0,21,4,/Users/eashraf/hadoop/hadoop-mapreduce-project/hadoop-mapreduce-client/hadoop-mapreduce-client-core/src/main/java/org/apache/hadoop/mapred/TaskID.java,28
hadoop,org.apache.hadoop.mapred,MapRunner,2,0,3,2,29,5,0,2,0.0,0,7,/Users/eashraf/hadoop/hadoop-mapreduce-project/hadoop-mapreduce-client/hadoop-mapreduce-client-core/src/main/java/org/apache/hadoop/mapred/MapRunner.java,27
hadoop,org.apache.hadoop.mapred,TaskAttemptID,0,0,12,11,104,13,0,0,-1.0,71,4,/Users/eashraf/hadoop/hadoop-mapreduce-project/hadoop-mapreduce-client/hadoop-mapreduce-client-core/src/main/java/org/apache/hadoop/mapred/TaskAttemptID.java,28
hadoop,org.apache.hadoop.mapred,ReduceTaskStatus,3,0,17,11,95,26,0,1,0.29411764705882354,1,3,/Users/eashraf/hadoop/hadoop-mapreduce-project/hadoop-mapreduce-client/hadoop-mapreduce-client-core/src/main/java/org/apache/hadoop/mapred/ReduceTaskStatus.java,29
hadoop,org.apache.hadoop.mapred,InputSplit,0,0,2,0,19,2,3,0,-1.0,51,0,/Users/eashraf/hadoop/hadoop-mapreduce-project/hadoop-mapreduce-client/hadoop-mapreduce-client-core/src/main/java/org/apache/hadoop/mapred/InputSplit.java,27
hadoop,org.apache.hadoop.mapred,OutputCommitter,0,0,21,21,153,22,1,0,-1.0,17,5,/Users/eashraf/hadoop/hadoop-mapreduce-project/hadoop-mapreduce-client/hadoop-mapreduce-client-core/src/main/java/org/apache/hadoop/mapred/OutputCommitter.java,26
hadoop,org.apache.hadoop.mapred,SkipBadRecords,9,3,12,12,136,15,0,0,0.5,14,5,/Users/eashraf/hadoop/hadoop-mapreduce-project/hadoop-mapreduce-client/hadoop-mapreduce-client-core/src/main/java/org/apache/hadoop/mapred/SkipBadRecords.java,26
hadoop,org.apache.hadoop.mapred,LocatedFileStatusFetcher,28,0,5,2,259,16,0,0,0.0,2,6,/Users/eashraf/hadoop/hadoop-mapreduce-project/hadoop-mapreduce-client/hadoop-mapreduce-client-core/src/main/java/org/apache/hadoop/mapred/LocatedFileStatusFetcher.java,51
hadoop,org.apache.hadoop.mapred,LocatedFileStatusFetcher.ProcessInputDirCallable,7,0,0,0,42,0,0,0,-1.0,0,3,/Users/eashraf/hadoop/hadoop-mapreduce-project/hadoop-mapreduce-client/hadoop-mapreduce-client-core/src/main/java/org/apache/hadoop/mapred/LocatedFileStatusFetcher.java,199
hadoop,org.apache.hadoop.mapred,LocatedFileStatusFetcher.Result,3,0,0,0,5,0,0,0,-1.0,0,1,/Users/eashraf/hadoop/hadoop-mapreduce-project/hadoop-mapreduce-client/hadoop-mapreduce-client-core/src/main/java/org/apache/hadoop/mapred/LocatedFileStatusFetcher.java,243
hadoop,org.apache.hadoop.mapred,LocatedFileStatusFetcher.ProcessInputDirCallback,0,0,0,0,26,0,0,0,-1.0,0,0,/Users/eashraf/hadoop/hadoop-mapreduce-project/hadoop-mapreduce-client/hadoop-mapreduce-client-core/src/main/java/org/apache/hadoop/mapred/LocatedFileStatusFetcher.java,250
hadoop,org.apache.hadoop.mapred,LocatedFileStatusFetcher.ProcessInitialInputPathCallable,6,0,0,0,40,0,0,0,-1.0,0,5,/Users/eashraf/hadoop/hadoop-mapreduce-project/hadoop-mapreduce-client/hadoop-mapreduce-client-core/src/main/java/org/apache/hadoop/mapred/LocatedFileStatusFetcher.java,287
hadoop,org.apache.hadoop.mapred,LocatedFileStatusFetcher.Result,3,0,0,0,11,0,0,0,-1.0,0,2,/Users/eashraf/hadoop/hadoop-mapreduce-project/hadoop-mapreduce-client/hadoop-mapreduce-client-core/src/main/java/org/apache/hadoop/mapred/LocatedFileStatusFetcher.java,322
hadoop,org.apache.hadoop.mapred,LocatedFileStatusFetcher.ProcessInitialInputPathCallback,0,0,0,0,26,0,0,0,-1.0,0,0,/Users/eashraf/hadoop/hadoop-mapreduce-project/hadoop-mapreduce-client/hadoop-mapreduce-client-core/src/main/java/org/apache/hadoop/mapred/LocatedFileStatusFetcher.java,336
hadoop,org.apache.hadoop.mapred,BufferSorter,0,0,6,6,35,6,1,1,-1.0,0,3,/Users/eashraf/hadoop/hadoop-mapreduce-project/hadoop-mapreduce-client/hadoop-mapreduce-client-core/src/main/java/org/apache/hadoop/mapred/BufferSorter.java,24
hadoop,org.apache.hadoop.mapred,TaskAttemptContextImpl,1,0,10,9,45,10,0,1,0.4,5,3,/Users/eashraf/hadoop/hadoop-mapreduce-project/hadoop-mapreduce-client/hadoop-mapreduce-client-core/src/main/java/org/apache/hadoop/mapred/TaskAttemptContextImpl.java,25
hadoop,org.apache.hadoop.mapred,JobContext,0,0,2,2,12,2,1,0,-1.0,64,1,/Users/eashraf/hadoop/hadoop-mapreduce-project/hadoop-mapreduce-client/hadoop-mapreduce-client-core/src/main/java/org/apache/hadoop/mapred/JobContext.java,25
hadoop,org.apache.hadoop.mapred,RecordReader,0,0,6,1,41,6,8,0,-1.0,42,0,/Users/eashraf/hadoop/hadoop-mapreduce-project/hadoop-mapreduce-client/hadoop-mapreduce-client-core/src/main/java/org/apache/hadoop/mapred/RecordReader.java,26
hadoop,org.apache.hadoop.mapred,SpillRecord,2,0,9,9,97,13,0,0,0.3333333333333333,3,9,/Users/eashraf/hadoop/hadoop-mapreduce-project/hadoop-mapreduce-client/hadoop-mapreduce-client-core/src/main/java/org/apache/hadoop/mapred/SpillRecord.java,41
hadoop,org.apache.hadoop.mapred,OutputLogFilter,1,0,1,1,9,1,1,0,0.0,0,3,/Users/eashraf/hadoop/hadoop-mapreduce-project/hadoop-mapreduce-client/hadoop-mapreduce-client-core/src/main/java/org/apache/hadoop/mapred/OutputLogFilter.java,26
hadoop,org.apache.hadoop.mapred,MapFileOutputFormat,0,0,5,5,39,6,0,2,-1.0,2,17,/Users/eashraf/hadoop/hadoop-mapreduce-project/hadoop-mapreduce-client/hadoop-mapreduce-client-core/src/main/java/org/apache/hadoop/mapred/MapFileOutputFormat.java,38
hadoop,org.apache.hadoop.mapred,RecordWriter,0,0,2,0,19,2,2,0,-1.0,25,1,/Users/eashraf/hadoop/hadoop-mapreduce-project/hadoop-mapreduce-client/hadoop-mapreduce-client-core/src/main/java/org/apache/hadoop/mapred/RecordWriter.java,27
hadoop,org.apache.hadoop.mapred,KeyValueTextInputFormat,1,0,3,2,20,4,0,2,0.6666666666666666,4,8,/Users/eashraf/hadoop/hadoop-mapreduce-project/hadoop-mapreduce-client/hadoop-mapreduce-client-core/src/main/java/org/apache/hadoop/mapred/KeyValueTextInputFormat.java,32
hadoop,org.apache.hadoop.mapred,MapTask,105,1,17,8,1399,36,1,1,0.17647058823529413,14,43,/Users/eashraf/hadoop/hadoop-mapreduce-project/hadoop-mapreduce-client/hadoop-mapreduce-client-core/src/main/java/org/apache/hadoop/mapred/MapTask.java,78
hadoop,org.apache.hadoop.mapred,MapTask.TrackedRecordReader,7,0,0,0,75,0,0,1,-1.0,0,4,/Users/eashraf/hadoop/hadoop-mapreduce-project/hadoop-mapreduce-client/hadoop-mapreduce-client-core/src/main/java/org/apache/hadoop/mapred/MapTask.java,139
hadoop,org.apache.hadoop.mapred,MapTask.SkippingRecordReader,6,0,0,0,55,0,0,0,-1.0,0,4,/Users/eashraf/hadoop/hadoop-mapreduce-project/hadoop-mapreduce-client/hadoop-mapreduce-client-core/src/main/java/org/apache/hadoop/mapred/MapTask.java,232
hadoop,org.apache.hadoop.mapred,MapTask.NewTrackingRecordReader,5,0,0,0,61,0,0,0,-1.0,0,4,/Users/eashraf/hadoop/hadoop-mapreduce-project/hadoop-mapreduce-client/hadoop-mapreduce-client-core/src/main/java/org/apache/hadoop/mapred/MapTask.java,488
hadoop,org.apache.hadoop.mapred,MapTask.OldOutputCollector,3,0,0,0,34,0,0,1,-1.0,0,2,/Users/eashraf/hadoop/hadoop-mapreduce-project/hadoop-mapreduce-client/hadoop-mapreduce-client-core/src/main/java/org/apache/hadoop/mapred/MapTask.java,576
hadoop,org.apache.hadoop.mapred,MapTask.NewDirectOutputCollector,5,0,0,0,46,0,0,0,-1.0,0,4,/Users/eashraf/hadoop/hadoop-mapreduce-project/hadoop-mapreduce-client/hadoop-mapreduce-client-core/src/main/java/org/apache/hadoop/mapred/MapTask.java,619
hadoop,org.apache.hadoop.mapred,MapTask.NewOutputCollector,3,0,0,0,32,0,0,0,-1.0,0,2,/Users/eashraf/hadoop/hadoop-mapreduce-project/hadoop-mapreduce-client/hadoop-mapreduce-client-core/src/main/java/org/apache/hadoop/mapred/MapTask.java,686
hadoop,org.apache.hadoop.mapred,MapTask.DirectMapOutputCollector,5,0,0,0,53,0,0,1,-1.0,0,5,/Users/eashraf/hadoop/hadoop-mapreduce-project/hadoop-mapreduce-client/hadoop-mapreduce-client-core/src/main/java/org/apache/hadoop/mapred/MapTask.java,801
hadoop,org.apache.hadoop.mapred,MapTask.MapOutputBuffer,65,0,0,0,779,0,0,1,-1.0,0,17,/Users/eashraf/hadoop/hadoop-mapreduce-project/hadoop-mapreduce-client/hadoop-mapreduce-client-core/src/main/java/org/apache/hadoop/mapred/MapTask.java,874
hadoop,org.apache.hadoop.mapred,MapTask.BlockingBuffer,0,0,0,0,39,0,0,0,-1.0,0,0,/Users/eashraf/hadoop/hadoop-mapreduce-project/hadoop-mapreduce-client/hadoop-mapreduce-client-core/src/main/java/org/apache/hadoop/mapred/MapTask.java,1289
hadoop,org.apache.hadoop.mapred,MapTask.Buffer,1,0,0,0,73,0,0,0,-1.0,0,0,/Users/eashraf/hadoop/hadoop-mapreduce-project/hadoop-mapreduce-client/hadoop-mapreduce-client-core/src/main/java/org/apache/hadoop/mapred/MapTask.java,1342
hadoop,org.apache.hadoop.mapred,MapTask.SpillThread,0,0,0,0,37,0,0,0,-1.0,0,0,/Users/eashraf/hadoop/hadoop-mapreduce-project/hadoop-mapreduce-client/hadoop-mapreduce-client-core/src/main/java/org/apache/hadoop/mapred/MapTask.java,1518
hadoop,org.apache.hadoop.mapred,MapTask.InMemValBytes,3,0,0,0,21,0,0,0,-1.0,0,0,/Users/eashraf/hadoop/hadoop-mapreduce-project/hadoop-mapreduce-client/hadoop-mapreduce-client-core/src/main/java/org/apache/hadoop/mapred/MapTask.java,1751
hadoop,org.apache.hadoop.mapred,MapTask.MRResultIterator,4,0,0,0,27,0,0,1,-1.0,0,1,/Users/eashraf/hadoop/hadoop-mapreduce-project/hadoop-mapreduce-client/hadoop-mapreduce-client-core/src/main/java/org/apache/hadoop/mapred/MapTask.java,1776
hadoop,org.apache.hadoop.mapred,MapTask.MapBufferTooSmallException,0,0,0,0,8,0,0,0,-1.0,0,0,/Users/eashraf/hadoop/hadoop-mapreduce-project/hadoop-mapreduce-client/hadoop-mapreduce-client-core/src/main/java/org/apache/hadoop/mapred/MapTask.java,1964
hadoop,org.apache.hadoop.mapred,OutputFormat,0,0,2,0,24,2,1,0,-1.0,8,4,/Users/eashraf/hadoop/hadoop-mapreduce-project/hadoop-mapreduce-client/hadoop-mapreduce-client-core/src/main/java/org/apache/hadoop/mapred/OutputFormat.java,28
hadoop,org.apache.hadoop.mapred,MapTaskStatus,1,0,12,8,50,14,0,1,0.5833333333333334,2,3,/Users/eashraf/hadoop/hadoop-mapreduce-project/hadoop-mapreduce-client/hadoop-mapreduce-client-core/src/main/java/org/apache/hadoop/mapred/MapTaskStatus.java,26
hadoop,org.apache.hadoop.mapred,OutputCollector,0,0,1,0,12,1,2,0,-1.0,39,0,/Users/eashraf/hadoop/hadoop-mapreduce-project/hadoop-mapreduce-client/hadoop-mapreduce-client-core/src/main/java/org/apache/hadoop/mapred/OutputCollector.java,26
hadoop,org.apache.hadoop.mapred,InputFormat,0,0,2,0,23,2,6,0,-1.0,17,4,/Users/eashraf/hadoop/hadoop-mapreduce-project/hadoop-mapreduce-client/hadoop-mapreduce-client-core/src/main/java/org/apache/hadoop/mapred/InputFormat.java,27
hadoop,org.apache.hadoop.mapred,BackupStore,33,0,14,13,420,42,0,0,0.0,1,11,/Users/eashraf/hadoop/hadoop-mapreduce-project/hadoop-mapreduce-client/hadoop-mapreduce-client-core/src/main/java/org/apache/hadoop/mapred/BackupStore.java,49
hadoop,org.apache.hadoop.mapred,BackupStore.MemoryCache,5,0,0,0,98,0,0,0,-1.0,0,2,/Users/eashraf/hadoop/hadoop-mapreduce-project/hadoop-mapreduce-client/hadoop-mapreduce-client-core/src/main/java/org/apache/hadoop/mapred/BackupStore.java,378
hadoop,org.apache.hadoop.mapred,BackupStore.FileCache,7,0,0,0,50,0,0,0,-1.0,0,7,/Users/eashraf/hadoop/hadoop-mapreduce-project/hadoop-mapreduce-client/hadoop-mapreduce-client-core/src/main/java/org/apache/hadoop/mapred/BackupStore.java,517
hadoop,org.apache.hadoop.mapred,BackupStore.BackupRamManager,2,0,0,0,36,0,0,1,-1.0,0,0,/Users/eashraf/hadoop/hadoop-mapreduce-project/hadoop-mapreduce-client/hadoop-mapreduce-client-core/src/main/java/org/apache/hadoop/mapred/BackupStore.java,583
hadoop,org.apache.hadoop.mapred,AMFeedback,2,0,6,6,27,6,0,0,0.0,3,0,/Users/eashraf/hadoop/hadoop-mapreduce-project/hadoop-mapreduce-client/hadoop-mapreduce-client-core/src/main/java/org/apache/hadoop/mapred/AMFeedback.java,26
hadoop,org.apache.hadoop.mapred,TaskCompletionEvent,1,1,13,12,114,13,0,0,0.7692307692307693,18,2,/Users/eashraf/hadoop/hadoop-mapreduce-project/hadoop-mapreduce-client/hadoop-mapreduce-client-core/src/main/java/org/apache/hadoop/mapred/TaskCompletionEvent.java,25
hadoop,org.apache.hadoop.mapred,TaskCompletionEvent.Status,0,0,0,0,16,0,0,0,-1.0,0,0,/Users/eashraf/hadoop/hadoop-mapreduce-project/hadoop-mapreduce-client/hadoop-mapreduce-client-core/src/main/java/org/apache/hadoop/mapred/TaskCompletionEvent.java,33
hadoop,org.apache.hadoop.mapred,IndexCache,7,0,7,3,138,19,0,0,0.0,3,6,/Users/eashraf/hadoop/hadoop-mapreduce-project/hadoop-mapreduce-client/hadoop-mapreduce-client-core/src/main/java/org/apache/hadoop/mapred/IndexCache.java,30
hadoop,org.apache.hadoop.mapred,IndexCache.IndexInformation,1,0,0,0,6,0,0,0,-1.0,0,2,/Users/eashraf/hadoop/hadoop-mapreduce-project/hadoop-mapreduce-client/hadoop-mapreduce-client-core/src/main/java/org/apache/hadoop/mapred/IndexCache.java,188
hadoop,org.apache.hadoop.mapred,Clock,0,0,1,0,8,1,1,0,-1.0,17,0,/Users/eashraf/hadoop/hadoop-mapreduce-project/hadoop-mapreduce-client/hadoop-mapreduce-client-core/src/main/java/org/apache/hadoop/mapred/Clock.java,21
hadoop,org.apache.hadoop.mapred,DeprecatedQueueConfigurationParser,2,0,6,0,84,15,0,1,0.0,2,5,/Users/eashraf/hadoop/hadoop-mapreduce-project/hadoop-mapreduce-client/hadoop-mapreduce-client-core/src/main/java/org/apache/hadoop/mapred/DeprecatedQueueConfigurationParser.java,34
hadoop,org.apache.hadoop.mapred,FixedLengthRecordReader,2,0,7,7,37,8,0,1,0.2857142857142857,1,5,/Users/eashraf/hadoop/hadoop-mapreduce-project/hadoop-mapreduce-client/hadoop-mapreduce-client-core/src/main/java/org/apache/hadoop/mapred/FixedLengthRecordReader.java,29
hadoop,org.apache.hadoop.mapred,MergeSorter,2,0,3,3,42,5,0,3,1.0,0,3,/Users/eashraf/hadoop/hadoop-mapreduce-project/hadoop-mapreduce-client/hadoop-mapreduce-client-core/src/main/java/org/apache/hadoop/mapred/MergeSorter.java,25
hadoop,org.apache.hadoop.mapred,JVMId,6,0,14,13,122,26,1,0,0.0,5,1,/Users/eashraf/hadoop/hadoop-mapreduce-project/hadoop-mapreduce-client/hadoop-mapreduce-client-core/src/main/java/org/apache/hadoop/mapred/JVMId.java,26
hadoop,org.apache.hadoop.mapred,JobInfo,3,0,7,7,45,7,0,0,0.2857142857142857,4,4,/Users/eashraf/hadoop/hadoop-mapreduce-project/hadoop-mapreduce-client/hadoop-mapreduce-client-core/src/main/java/org/apache/hadoop/mapred/JobInfo.java,30
hadoop,org.apache.hadoop.mapred,JobPriority,0,0,0,0,4,0,0,0,-1.0,12,0,/Users/eashraf/hadoop/hadoop-mapreduce-project/hadoop-mapreduce-client/hadoop-mapreduce-client-core/src/main/java/org/apache/hadoop/mapred/JobPriority.java,23
hadoop,org.apache.hadoop.mapred,AuditLogger,9,0,7,0,88,10,0,0,0.0,1,1,/Users/eashraf/hadoop/hadoop-mapreduce-project/hadoop-mapreduce-client/hadoop-mapreduce-client-core/src/main/java/org/apache/hadoop/mapred/AuditLogger.java,26
hadoop,org.apache.hadoop.mapred,AuditLogger.Keys,0,0,0,0,1,0,0,0,-1.0,0,0,/Users/eashraf/hadoop/hadoop-mapreduce-project/hadoop-mapreduce-client/hadoop-mapreduce-client-core/src/main/java/org/apache/hadoop/mapred/AuditLogger.java,34
hadoop,org.apache.hadoop.mapred,AuditLogger.Constants,8,0,0,0,10,0,0,0,-1.0,0,0,/Users/eashraf/hadoop/hadoop-mapreduce-project/hadoop-mapreduce-client/hadoop-mapreduce-client-core/src/main/java/org/apache/hadoop/mapred/AuditLogger.java,37
hadoop,org.apache.hadoop.mapred,TestLocalContainerLauncher,3,0,8,6,104,14,0,0,0.25,0,27,/Users/eashraf/hadoop/hadoop-mapreduce-project/hadoop-mapreduce-client/hadoop-mapreduce-client-app/src/test/java/org/apache/hadoop/mapred/TestLocalContainerLauncher.java,65
hadoop,org.apache.hadoop.mapred,TestTaskAttemptListenerImpl,0,0,10,6,248,10,0,0,-1.0,0,42,/Users/eashraf/hadoop/hadoop-mapreduce-project/hadoop-mapreduce-client/hadoop-mapreduce-client-app/src/test/java/org/apache/hadoop/mapred/TestTaskAttemptListenerImpl.java,60
hadoop,org.apache.hadoop.mapred,TestTaskAttemptListenerImpl.MockTaskAttemptListenerImpl,0,0,0,0,15,0,0,2,-1.0,0,0,/Users/eashraf/hadoop/hadoop-mapreduce-project/hadoop-mapreduce-client/hadoop-mapreduce-client-app/src/test/java/org/apache/hadoop/mapred/TestTaskAttemptListenerImpl.java,61
hadoop,org.apache.hadoop.mapred,MapTaskAttemptImpl,1,0,2,2,13,2,0,0,0.0,0,13,/Users/eashraf/hadoop/hadoop-mapreduce-project/hadoop-mapreduce-client/hadoop-mapreduce-client-app/src/main/java/org/apache/hadoop/mapred/MapTaskAttemptImpl.java,35
hadoop,org.apache.hadoop.mapred,MapReduceChildJVM,0,0,5,2,73,13,0,0,-1.0,1,11,/Users/eashraf/hadoop/hadoop-mapreduce-project/hadoop-mapreduce-client/hadoop-mapreduce-client-app/src/main/java/org/apache/hadoop/mapred/MapReduceChildJVM.java,37
hadoop,org.apache.hadoop.mapred,WrappedProgressSplitsBlock,4,0,6,6,36,10,0,1,1.0,1,1,/Users/eashraf/hadoop/hadoop-mapreduce-project/hadoop-mapreduce-client/hadoop-mapreduce-client-app/src/main/java/org/apache/hadoop/mapred/WrappedProgressSplitsBlock.java,22
hadoop,org.apache.hadoop.mapred,LocalContainerLauncher,13,0,5,4,298,12,0,0,0.6,1,16,/Users/eashraf/hadoop/hadoop-mapreduce-project/hadoop-mapreduce-client/hadoop-mapreduce-client-app/src/main/java/org/apache/hadoop/mapred/LocalContainerLauncher.java,68
hadoop,org.apache.hadoop.mapred,LocalContainerLauncher.EventHandler,3,0,0,0,180,0,0,0,-1.0,0,5,/Users/eashraf/hadoop/hadoop-mapreduce-project/hadoop-mapreduce-client/hadoop-mapreduce-client-app/src/main/java/org/apache/hadoop/mapred/LocalContainerLauncher.java,181
hadoop,org.apache.hadoop.mapred,LocalContainerLauncher.RenamedMapOutputFile,1,0,0,0,45,0,0,1,-1.0,0,1,/Users/eashraf/hadoop/hadoop-mapreduce-project/hadoop-mapreduce-client/hadoop-mapreduce-client-app/src/main/java/org/apache/hadoop/mapred/LocalContainerLauncher.java,519
hadoop,org.apache.hadoop.mapred,WrappedPeriodicStatsAccumulator,1,0,2,2,9,2,0,0,0.0,1,1,/Users/eashraf/hadoop/hadoop-mapreduce-project/hadoop-mapreduce-client/hadoop-mapreduce-client-app/src/main/java/org/apache/hadoop/mapred/WrappedPeriodicStatsAccumulator.java,22
hadoop,org.apache.hadoop.mapred,YarnOutputFiles,5,0,17,16,143,18,0,1,0.23529411764705882,1,7,/Users/eashraf/hadoop/hadoop-mapreduce-project/hadoop-mapreduce-client/hadoop-mapreduce-client-app/src/main/java/org/apache/hadoop/mapred/YarnOutputFiles.java,33
hadoop,org.apache.hadoop.mapred,YarnChild,3,0,7,4,196,21,0,0,0.5714285714285714,0,35,/Users/eashraf/hadoop/hadoop-mapreduce-project/hadoop-mapreduce-client/hadoop-mapreduce-client-app/src/main/java/org/apache/hadoop/mapred/YarnChild.java,62
hadoop,org.apache.hadoop.mapred,WrappedJvmID,0,0,1,1,8,1,0,1,-1.0,7,1,/Users/eashraf/hadoop/hadoop-mapreduce-project/hadoop-mapreduce-client/hadoop-mapreduce-client-app/src/main/java/org/apache/hadoop/mapred/WrappedJvmID.java,21
hadoop,org.apache.hadoop.mapred,TaskAttemptListenerImpl,12,0,28,21,226,41,1,1,0.17857142857142858,2,32,/Users/eashraf/hadoop/hadoop-mapreduce-project/hadoop-mapreduce-client/hadoop-mapreduce-client-app/src/main/java/org/apache/hadoop/mapred/TaskAttemptListenerImpl.java,61
hadoop,org.apache.hadoop.mapred,ReduceTaskAttemptImpl,1,0,2,2,13,2,0,0,0.0,0,13,/Users/eashraf/hadoop/hadoop-mapreduce-project/hadoop-mapreduce-client/hadoop-mapreduce-client-app/src/main/java/org/apache/hadoop/mapred/ReduceTaskAttemptImpl.java,34
hadoop,org.apache.hadoop.mapred,TestFadvisedFileRegion,2,0,2,1,90,5,0,0,0.0,0,4,/Users/eashraf/hadoop/hadoop-mapreduce-project/hadoop-mapreduce-client/hadoop-mapreduce-client-shuffle/src/test/java/org/apache/hadoop/mapred/TestFadvisedFileRegion.java,36
hadoop,org.apache.hadoop.mapred,TestShuffleHandler,2,0,35,9,488,68,0,0,0.8,0,25,/Users/eashraf/hadoop/hadoop-mapreduce-project/hadoop-mapreduce-client/hadoop-mapreduce-client-shuffle/src/test/java/org/apache/hadoop/mapred/TestShuffleHandler.java,90
hadoop,org.apache.hadoop.mapred,ShuffleHandler,61,25,25,7,674,39,0,0,0.2,7,29,/Users/eashraf/hadoop/hadoop-mapreduce-project/hadoop-mapreduce-client/hadoop-mapreduce-client-shuffle/src/main/java/org/apache/hadoop/mapred/ShuffleHandler.java,136
hadoop,org.apache.hadoop.mapred,ShuffleHandler.ShuffleMetrics,4,0,0,0,15,0,0,0,-1.0,0,3,/Users/eashraf/hadoop/hadoop-mapreduce-project/hadoop-mapreduce-client/hadoop-mapreduce-client-shuffle/src/main/java/org/apache/hadoop/mapred/ShuffleHandler.java,226
hadoop,org.apache.hadoop.mapred,ShuffleHandler.LevelDBLogger,1,0,0,0,6,0,0,0,-1.0,0,0,/Users/eashraf/hadoop/hadoop-mapreduce-project/hadoop-mapreduce-client/hadoop-mapreduce-client-shuffle/src/main/java/org/apache/hadoop/mapred/ShuffleHandler.java,616
hadoop,org.apache.hadoop.mapred,ShuffleHandler.HttpPipelineFactory,2,0,0,0,29,0,0,0,-1.0,0,2,/Users/eashraf/hadoop/hadoop-mapreduce-project/hadoop-mapreduce-client/hadoop-mapreduce-client-shuffle/src/main/java/org/apache/hadoop/mapred/ShuffleHandler.java,625
hadoop,org.apache.hadoop.mapred,ShuffleHandler.Shuffle,6,0,0,0,291,0,0,0,-1.0,0,9,/Users/eashraf/hadoop/hadoop-mapreduce-project/hadoop-mapreduce-client/hadoop-mapreduce-client-shuffle/src/main/java/org/apache/hadoop/mapred/ShuffleHandler.java,665
hadoop,org.apache.hadoop.mapred,ShuffleHandler.MapOutputInfo,2,0,0,0,8,0,0,0,-1.0,0,2,/Users/eashraf/hadoop/hadoop-mapreduce-project/hadoop-mapreduce-client/hadoop-mapreduce-client-shuffle/src/main/java/org/apache/hadoop/mapred/ShuffleHandler.java,912
hadoop,org.apache.hadoop.mapred,FadvisedFileRegion,12,0,5,4,90,14,0,0,0.0,1,2,/Users/eashraf/hadoop/hadoop-mapreduce-project/hadoop-mapreduce-client/hadoop-mapreduce-client-shuffle/src/main/java/org/apache/hadoop/mapred/FadvisedFileRegion.java,37
hadoop,org.apache.hadoop.mapred,FadvisedChunkedFile,7,0,3,3,37,6,0,0,0.0,0,2,/Users/eashraf/hadoop/hadoop-mapreduce-project/hadoop-mapreduce-client/hadoop-mapreduce-client-shuffle/src/main/java/org/apache/hadoop/mapred/FadvisedChunkedFile.java,32
hadoop,org.apache.hadoop.mapred,TestCombineFileInputFormat,4,0,3,2,41,3,0,0,0.6666666666666666,0,8,/Users/eashraf/hadoop/hadoop-mapreduce-project/hadoop-mapreduce-client/hadoop-mapreduce-client-jobclient/src/test/java/org/apache/hadoop/mapred/TestCombineFileInputFormat.java,36
hadoop,org.apache.hadoop.mapred,TestReduceFetch,0,0,2,2,41,2,0,1,-1.0,0,4,/Users/eashraf/hadoop/hadoop-mapreduce-project/hadoop-mapreduce-client/hadoop-mapreduce-client-jobclient/src/test/java/org/apache/hadoop/mapred/TestReduceFetch.java,23
hadoop,org.apache.hadoop.mapred,TestMRCJCJobConf,3,0,3,2,31,3,0,0,0.0,0,4,/Users/eashraf/hadoop/hadoop-mapreduce-project/hadoop-mapreduce-client/hadoop-mapreduce-client-jobclient/src/test/java/org/apache/hadoop/mapred/TestMRCJCJobConf.java,34
hadoop,org.apache.hadoop.mapred,TestMiniMRClasspath,0,0,5,2,145,15,0,0,-1.0,1,16,/Users/eashraf/hadoop/hadoop-mapreduce-project/hadoop-mapreduce-client/hadoop-mapreduce-client-jobclient/src/test/java/org/apache/hadoop/mapred/TestMiniMRClasspath.java,40
hadoop,org.apache.hadoop.mapred,BigMapOutput,6,5,5,2,102,16,0,0,0.4,1,14,/Users/eashraf/hadoop/hadoop-mapreduce-project/hadoop-mapreduce-client/hadoop-mapreduce-client-jobclient/src/test/java/org/apache/hadoop/mapred/BigMapOutput.java,41
hadoop,org.apache.hadoop.mapred,TestTextOutputFormat,4,0,4,4,161,8,0,0,0.0,0,16,/Users/eashraf/hadoop/hadoop-mapreduce-project/hadoop-mapreduce-client/hadoop-mapreduce-client-jobclient/src/test/java/org/apache/hadoop/mapred/TestTextOutputFormat.java,38
hadoop,org.apache.hadoop.mapred,TestSequenceFileAsBinaryOutputFormat,3,0,3,3,116,8,0,0,1.0,0,10,/Users/eashraf/hadoop/hadoop-mapreduce-project/hadoop-mapreduce-client/hadoop-mapreduce-client-jobclient/src/test/java/org/apache/hadoop/mapred/TestSequenceFileAsBinaryOutputFormat.java,31
hadoop,org.apache.hadoop.mapred,TestMiniMRChildTask,13,0,9,6,325,20,0,0,0.2222222222222222,0,12,/Users/eashraf/hadoop/hadoop-mapreduce-project/hadoop-mapreduce-client/hadoop-mapreduce-client-jobclient/src/test/java/org/apache/hadoop/mapred/TestMiniMRChildTask.java,54
hadoop,org.apache.hadoop.mapred,TestMiniMRChildTask.MapClass,1,0,0,0,24,0,0,2,-1.0,0,1,/Users/eashraf/hadoop/hadoop-mapreduce-project/hadoop-mapreduce-client/hadoop-mapreduce-client-jobclient/src/test/java/org/apache/hadoop/mapred/TestMiniMRChildTask.java,86
hadoop,org.apache.hadoop.mapred,TestMiniMRChildTask.ExecutionEnvCheckMapClass,0,0,0,0,16,0,0,2,-1.0,0,1,/Users/eashraf/hadoop/hadoop-mapreduce-project/hadoop-mapreduce-client/hadoop-mapreduce-client-jobclient/src/test/java/org/apache/hadoop/mapred/TestMiniMRChildTask.java,115
hadoop,org.apache.hadoop.mapred,TestMiniMRChildTask.EnvCheckMapper,0,0,0,0,36,0,0,2,-1.0,0,3,/Users/eashraf/hadoop/hadoop-mapreduce-project/hadoop-mapreduce-client/hadoop-mapreduce-client-jobclient/src/test/java/org/apache/hadoop/mapred/TestMiniMRChildTask.java,218
hadoop,org.apache.hadoop.mapred,TestMiniMRChildTask.EnvCheckReducer,0,0,0,0,34,0,0,2,-1.0,0,2,/Users/eashraf/hadoop/hadoop-mapreduce-project/hadoop-mapreduce-client/hadoop-mapreduce-client-jobclient/src/test/java/org/apache/hadoop/mapred/TestMiniMRChildTask.java,284
hadoop,org.apache.hadoop.mapred,TestResourceMgrDelegate,0,0,5,2,70,5,0,0,-1.0,0,15,/Users/eashraf/hadoop/hadoop-mapreduce-project/hadoop-mapreduce-client/hadoop-mapreduce-client-jobclient/src/test/java/org/apache/hadoop/mapred/TestResourceMgrDelegate.java,48
hadoop,org.apache.hadoop.mapred,TestConcatenatedCompressedInput,21,0,14,6,407,37,0,0,0.0,0,13,/Users/eashraf/hadoop/hadoop-mapreduce-project/hadoop-mapreduce-client/hadoop-mapreduce-client-jobclient/src/test/java/org/apache/hadoop/mapred/TestConcatenatedCompressedInput.java,45
hadoop,org.apache.hadoop.mapred,TestSequenceFileInputFilter,9,0,6,4,105,14,0,0,0.0,0,7,/Users/eashraf/hadoop/hadoop-mapreduce-project/hadoop-mapreduce-client/hadoop-mapreduce-client-jobclient/src/test/java/org/apache/hadoop/mapred/TestSequenceFileInputFilter.java,31
hadoop,org.apache.hadoop.mapred,TestFileOutputFormat,0,0,2,2,95,6,0,1,-1.0,0,14,/Users/eashraf/hadoop/hadoop-mapreduce-project/hadoop-mapreduce-client/hadoop-mapreduce-client-jobclient/src/test/java/org/apache/hadoop/mapred/TestFileOutputFormat.java,33
hadoop,org.apache.hadoop.mapred,TestFileOutputFormat.TestMap,0,0,0,0,18,0,0,2,-1.0,0,0,/Users/eashraf/hadoop/hadoop-mapreduce-project/hadoop-mapreduce-client/hadoop-mapreduce-client-jobclient/src/test/java/org/apache/hadoop/mapred/TestFileOutputFormat.java,108
hadoop,org.apache.hadoop.mapred,TestFileOutputFormat.TestReduce,0,0,0,0,21,0,0,2,-1.0,0,0,/Users/eashraf/hadoop/hadoop-mapreduce-project/hadoop-mapreduce-client/hadoop-mapreduce-client-jobclient/src/test/java/org/apache/hadoop/mapred/TestFileOutputFormat.java,134
hadoop,org.apache.hadoop.mapred,TestInputPath,0,0,1,1,74,1,0,0,-1.0,0,4,/Users/eashraf/hadoop/hadoop-mapreduce-project/hadoop-mapreduce-client/hadoop-mapreduce-client-jobclient/src/test/java/org/apache/hadoop/mapred/TestInputPath.java,27
hadoop,org.apache.hadoop.mapred,TestLineRecordReaderJobs,3,0,5,5,76,5,0,0,0.0,0,10,/Users/eashraf/hadoop/hadoop-mapreduce-project/hadoop-mapreduce-client/hadoop-mapreduce-client-jobclient/src/test/java/org/apache/hadoop/mapred/TestLineRecordReaderJobs.java,33
hadoop,org.apache.hadoop.mapred,TestTextInputFormat,8,0,17,12,363,42,0,0,0.11764705882352941,1,16,/Users/eashraf/hadoop/hadoop-mapreduce-project/hadoop-mapreduce-client/hadoop-mapreduce-client-jobclient/src/test/java/org/apache/hadoop/mapred/TestTextInputFormat.java,48
hadoop,org.apache.hadoop.mapred,TestUtils,3,0,2,2,29,8,0,0,0.0,0,4,/Users/eashraf/hadoop/hadoop-mapreduce-project/hadoop-mapreduce-client/hadoop-mapreduce-client-jobclient/src/test/java/org/apache/hadoop/mapred/TestUtils.java,26
hadoop,org.apache.hadoop.mapred,TestTaskStatus,1,0,10,7,108,11,0,0,0.8,0,4,/Users/eashraf/hadoop/hadoop-mapreduce-project/hadoop-mapreduce-client/hadoop-mapreduce-client-jobclient/src/test/java/org/apache/hadoop/mapred/TestTaskStatus.java,25
hadoop,org.apache.hadoop.mapred,TestClusterMRNotification,0,0,1,1,8,1,0,2,-1.0,0,1,/Users/eashraf/hadoop/hadoop-mapreduce-project/hadoop-mapreduce-client/hadoop-mapreduce-client-jobclient/src/test/java/org/apache/hadoop/mapred/TestClusterMRNotification.java,23
hadoop,org.apache.hadoop.mapred,TestMapProgress,7,1,2,1,152,4,0,0,0.0,0,19,/Users/eashraf/hadoop/hadoop-mapreduce-project/hadoop-mapreduce-client/hadoop-mapreduce-client-jobclient/src/test/java/org/apache/hadoop/mapred/TestMapProgress.java,44
hadoop,org.apache.hadoop.mapred,TestMapProgress.FakeUmbilical,0,0,0,0,64,0,0,1,-1.0,0,3,/Users/eashraf/hadoop/hadoop-mapreduce-project/hadoop-mapreduce-client/hadoop-mapreduce-client-jobclient/src/test/java/org/apache/hadoop/mapred/TestMapProgress.java,67
hadoop,org.apache.hadoop.mapred,TestMapProgress.TestTaskReporter,1,0,0,0,21,0,0,1,-1.0,0,1,/Users/eashraf/hadoop/hadoop-mapreduce-project/hadoop-mapreduce-client/hadoop-mapreduce-client-jobclient/src/test/java/org/apache/hadoop/mapred/TestMapProgress.java,169
hadoop,org.apache.hadoop.mapred,TestMapProgress.TestMapTask,0,0,0,0,15,0,0,2,-1.0,0,0,/Users/eashraf/hadoop/hadoop-mapreduce-project/hadoop-mapreduce-client/hadoop-mapreduce-client-jobclient/src/test/java/org/apache/hadoop/mapred/TestMapProgress.java,197
hadoop,org.apache.hadoop.mapred,TestJavaSerialization,4,0,3,2,84,3,0,0,0.0,0,12,/Users/eashraf/hadoop/hadoop-mapreduce-project/hadoop-mapreduce-client/hadoop-mapreduce-client-jobclient/src/test/java/org/apache/hadoop/mapred/TestJavaSerialization.java,40
hadoop,org.apache.hadoop.mapred,TestJavaSerialization.WordCountMapper,0,0,0,0,10,0,0,2,-1.0,0,0,/Users/eashraf/hadoop/hadoop-mapreduce-project/hadoop-mapreduce-client/hadoop-mapreduce-client-jobclient/src/test/java/org/apache/hadoop/mapred/TestJavaSerialization.java,50
hadoop,org.apache.hadoop.mapred,TestJavaSerialization.SumReducer,0,0,0,0,9,0,0,2,-1.0,0,0,/Users/eashraf/hadoop/hadoop-mapreduce-project/hadoop-mapreduce-client/hadoop-mapreduce-client-jobclient/src/test/java/org/apache/hadoop/mapred/TestJavaSerialization.java,67
hadoop,org.apache.hadoop.mapred,TestMRCJCJobClient,0,0,5,2,41,5,0,0,-1.0,0,12,/Users/eashraf/hadoop/hadoop-mapreduce-project/hadoop-mapreduce-client/hadoop-mapreduce-client-jobclient/src/test/java/org/apache/hadoop/mapred/TestMRCJCJobClient.java,33
hadoop,org.apache.hadoop.mapred,MiniMRYarnClusterAdapter,2,0,5,5,34,6,0,1,0.0,0,4,/Users/eashraf/hadoop/hadoop-mapreduce-project/hadoop-mapreduce-client/hadoop-mapreduce-client-jobclient/src/test/java/org/apache/hadoop/mapred/MiniMRYarnClusterAdapter.java,29
hadoop,org.apache.hadoop.mapred,MiniMRClientClusterFactory,0,0,2,2,32,3,0,0,-1.0,11,7,/Users/eashraf/hadoop/hadoop-mapreduce-project/hadoop-mapreduce-client/hadoop-mapreduce-client-jobclient/src/test/java/org/apache/hadoop/mapred/MiniMRClientClusterFactory.java,31
hadoop,org.apache.hadoop.mapred,ClusterMapReduceTestCase,3,0,10,0,113,15,3,0,0.4,0,3,/Users/eashraf/hadoop/hadoop-mapreduce-project/hadoop-mapreduce-client/hadoop-mapreduce-client-jobclient/src/test/java/org/apache/hadoop/mapred/ClusterMapReduceTestCase.java,29
hadoop,org.apache.hadoop.mapred,ClusterMapReduceTestCase.ConfigurableMiniMRCluster,1,0,0,0,18,0,0,1,-1.0,0,0,/Users/eashraf/hadoop/hadoop-mapreduce-project/hadoop-mapreduce-client/hadoop-mapreduce-client-jobclient/src/test/java/org/apache/hadoop/mapred/ClusterMapReduceTestCase.java,91
hadoop,org.apache.hadoop.mapred,TestReduceTask,3,0,3,3,63,8,0,0,0.0,0,12,/Users/eashraf/hadoop/hadoop-mapreduce-project/hadoop-mapreduce-client/hadoop-mapreduce-client-jobclient/src/test/java/org/apache/hadoop/mapred/TestReduceTask.java,34
hadoop,org.apache.hadoop.mapred,TestReduceTask.NullProgress,0,0,0,0,4,0,0,0,-1.0,0,0,/Users/eashraf/hadoop/hadoop-mapreduce-project/hadoop-mapreduce-client/hadoop-mapreduce-client-jobclient/src/test/java/org/apache/hadoop/mapred/TestReduceTask.java,39
hadoop,org.apache.hadoop.mapred,TestReduceTask.Pair,2,0,0,0,8,0,0,0,-1.0,0,0,/Users/eashraf/hadoop/hadoop-mapreduce-project/hadoop-mapreduce-client/hadoop-mapreduce-client-jobclient/src/test/java/org/apache/hadoop/mapred/TestReduceTask.java,43
hadoop,org.apache.hadoop.mapred,TestFieldSelection,1,0,3,3,55,3,0,0,0.0,0,9,/Users/eashraf/hadoop/hadoop-mapreduce-project/hadoop-mapreduce-client/hadoop-mapreduce-client-jobclient/src/test/java/org/apache/hadoop/mapred/TestFieldSelection.java,30
hadoop,org.apache.hadoop.mapred,TestTaskPerformanceSplits,0,0,1,1,39,2,0,0,-1.0,0,3,/Users/eashraf/hadoop/hadoop-mapreduce-project/hadoop-mapreduce-client/hadoop-mapreduce-client-jobclient/src/test/java/org/apache/hadoop/mapred/TestTaskPerformanceSplits.java,24
hadoop,org.apache.hadoop.mapred,TestJobCounters,14,0,22,14,444,38,0,0,0.0,0,26,/Users/eashraf/hadoop/hadoop-mapreduce-project/hadoop-mapreduce-client/hadoop-mapreduce-client-jobclient/src/test/java/org/apache/hadoop/mapred/TestJobCounters.java,51
hadoop,org.apache.hadoop.mapred,TestJobCounters.MemoryLoader,3,0,0,0,25,0,0,0,-1.0,0,0,/Users/eashraf/hadoop/hadoop-mapreduce-project/hadoop-mapreduce-client/hadoop-mapreduce-client-jobclient/src/test/java/org/apache/hadoop/mapred/TestJobCounters.java,478
hadoop,org.apache.hadoop.mapred,TestJobCounters.MemoryLoaderMapper,2,0,0,0,15,0,0,2,-1.0,0,0,/Users/eashraf/hadoop/hadoop-mapreduce-project/hadoop-mapreduce-client/hadoop-mapreduce-client-jobclient/src/test/java/org/apache/hadoop/mapred/TestJobCounters.java,512
hadoop,org.apache.hadoop.mapred,TestJobCounters.MemoryLoaderReducer,2,0,0,0,15,0,0,2,-1.0,0,0,/Users/eashraf/hadoop/hadoop-mapreduce-project/hadoop-mapreduce-client/hadoop-mapreduce-client-jobclient/src/test/java/org/apache/hadoop/mapred/TestJobCounters.java,543
hadoop,org.apache.hadoop.mapred,TestJobCounters.NewMapTokenizer,2,0,0,0,11,0,0,0,-1.0,0,2,/Users/eashraf/hadoop/hadoop-mapreduce-project/hadoop-mapreduce-client/hadoop-mapreduce-client-jobclient/src/test/java/org/apache/hadoop/mapred/TestJobCounters.java,722
hadoop,org.apache.hadoop.mapred,TestJobCounters.NewSummer,1,0,0,0,11,0,0,0,-1.0,0,1,/Users/eashraf/hadoop/hadoop-mapreduce-project/hadoop-mapreduce-client/hadoop-mapreduce-client-jobclient/src/test/java/org/apache/hadoop/mapred/TestJobCounters.java,737
hadoop,org.apache.hadoop.mapred,TestSequenceFileAsTextInputFormat,3,0,2,2,58,7,0,0,0.0,0,8,/Users/eashraf/hadoop/hadoop-mapreduce-project/hadoop-mapreduce-client/hadoop-mapreduce-client-jobclient/src/test/java/org/apache/hadoop/mapred/TestSequenceFileAsTextInputFormat.java,31
hadoop,org.apache.hadoop.mapred,TestMiniMRBringup,0,0,1,1,16,2,0,0,-1.0,0,1,/Users/eashraf/hadoop/hadoop-mapreduce-project/hadoop-mapreduce-client/hadoop-mapreduce-client-jobclient/src/test/java/org/apache/hadoop/mapred/TestMiniMRBringup.java,24
hadoop,org.apache.hadoop.mapred,TestCombineTextInputFormat,7,0,7,2,159,19,0,0,0.0,0,14,/Users/eashraf/hadoop/hadoop-mapreduce-project/hadoop-mapreduce-client/hadoop-mapreduce-client-jobclient/src/test/java/org/apache/hadoop/mapred/TestCombineTextInputFormat.java,47
hadoop,org.apache.hadoop.mapred,TestCombineTextInputFormat.Range,2,0,0,0,11,0,0,0,-1.0,0,0,/Users/eashraf/hadoop/hadoop-mapreduce-project/hadoop-mapreduce-client/hadoop-mapreduce-client-jobclient/src/test/java/org/apache/hadoop/mapred/TestCombineTextInputFormat.java,131
hadoop,org.apache.hadoop.mapred,TestFixedLengthInputFormat,7,0,14,9,305,37,0,0,0.0,0,14,/Users/eashraf/hadoop/hadoop-mapreduce-project/hadoop-mapreduce-client/hadoop-mapreduce-client-jobclient/src/test/java/org/apache/hadoop/mapred/TestFixedLengthInputFormat.java,43
hadoop,org.apache.hadoop.mapred,TestMRTimelineEventHandling,0,0,2,2,98,5,0,0,-1.0,0,12,/Users/eashraf/hadoop/hadoop-mapreduce-project/hadoop-mapreduce-client/hadoop-mapreduce-client-jobclient/src/test/java/org/apache/hadoop/mapred/TestMRTimelineEventHandling.java,35
hadoop,org.apache.hadoop.mapred,TestCombineOutputCollector,3,0,13,13,66,15,0,0,0.6923076923076923,0,5,/Users/eashraf/hadoop/hadoop-mapreduce-project/hadoop-mapreduce-client/hadoop-mapreduce-client-jobclient/src/test/java/org/apache/hadoop/mapred/TestCombineOutputCollector.java,37
hadoop,org.apache.hadoop.mapred,TestCollect,6,0,3,3,96,4,0,0,0.0,0,4,/Users/eashraf/hadoop/hadoop-mapreduce-project/hadoop-mapreduce-client/hadoop-mapreduce-client-jobclient/src/test/java/org/apache/hadoop/mapred/TestCollect.java,29
hadoop,org.apache.hadoop.mapred,TestCollect.Map,1,0,0,0,39,0,0,2,-1.0,0,0,/Users/eashraf/hadoop/hadoop-mapreduce-project/hadoop-mapreduce-client/hadoop-mapreduce-client-jobclient/src/test/java/org/apache/hadoop/mapred/TestCollect.java,38
hadoop,org.apache.hadoop.mapred,TestCollect.CollectFeeder,1,0,0,0,15,0,0,0,-1.0,0,0,/Users/eashraf/hadoop/hadoop-mapreduce-project/hadoop-mapreduce-client/hadoop-mapreduce-client-jobclient/src/test/java/org/apache/hadoop/mapred/TestCollect.java,54
hadoop,org.apache.hadoop.mapred,TestCollect.Reduce,2,0,0,0,16,0,0,2,-1.0,0,0,/Users/eashraf/hadoop/hadoop-mapreduce-project/hadoop-mapreduce-client/hadoop-mapreduce-client-jobclient/src/test/java/org/apache/hadoop/mapred/TestCollect.java,92
hadoop,org.apache.hadoop.mapred,ReliabilityTest,20,0,12,3,364,23,0,0,0.25,1,11,/Users/eashraf/hadoop/hadoop-mapreduce-project/hadoop-mapreduce-client/hadoop-mapreduce-client-jobclient/src/test/java/org/apache/hadoop/mapred/ReliabilityTest.java,45
hadoop,org.apache.hadoop.mapred,ReliabilityTest.KillTrackerThread,11,0,0,0,123,0,0,0,-1.0,0,2,/Users/eashraf/hadoop/hadoop-mapreduce-project/hadoop-mapreduce-client/hadoop-mapreduce-client-jobclient/src/test/java/org/apache/hadoop/mapred/ReliabilityTest.java,250
hadoop,org.apache.hadoop.mapred,ReliabilityTest.KillTaskThread,7,0,0,0,105,0,0,0,-1.0,0,3,/Users/eashraf/hadoop/hadoop-mapreduce-project/hadoop-mapreduce-client/hadoop-mapreduce-client-jobclient/src/test/java/org/apache/hadoop/mapred/ReliabilityTest.java,393
hadoop,org.apache.hadoop.mapred,TestSpecialCharactersInOutputPath,2,0,2,2,78,5,0,0,0.0,0,15,/Users/eashraf/hadoop/hadoop-mapreduce-project/hadoop-mapreduce-client/hadoop-mapreduce-client-jobclient/src/test/java/org/apache/hadoop/mapred/TestSpecialCharactersInOutputPath.java,41
hadoop,org.apache.hadoop.mapred,TestSpecialCharactersInOutputPath.SpecialTextOutputFormat,0,0,0,0,8,0,0,3,-1.0,0,0,/Users/eashraf/hadoop/hadoop-mapreduce-project/hadoop-mapreduce-client/hadoop-mapreduce-client-jobclient/src/test/java/org/apache/hadoop/mapred/TestSpecialCharactersInOutputPath.java,124
hadoop,org.apache.hadoop.mapred,UtilsForTests,20,0,32,17,608,69,0,0,0.53125,15,24,/Users/eashraf/hadoop/hadoop-mapreduce-project/hadoop-mapreduce-client/hadoop-mapreduce-client-jobclient/src/test/java/org/apache/hadoop/mapred/UtilsForTests.java,60
hadoop,org.apache.hadoop.mapred,UtilsForTests.WaitingMapper,4,0,0,0,57,0,0,2,-1.0,0,3,/Users/eashraf/hadoop/hadoop-mapreduce-project/hadoop-mapreduce-client/hadoop-mapreduce-client-jobclient/src/test/java/org/apache/hadoop/mapred/UtilsForTests.java,312
hadoop,org.apache.hadoop.mapred,UtilsForTests.HalfWaitingMapper,0,0,0,0,8,0,0,0,-1.0,0,0,/Users/eashraf/hadoop/hadoop-mapreduce-project/hadoop-mapreduce-client/hadoop-mapreduce-client-jobclient/src/test/java/org/apache/hadoop/mapred/UtilsForTests.java,384
hadoop,org.apache.hadoop.mapred,UtilsForTests.WaitingReducer,2,0,0,0,38,0,0,2,-1.0,0,2,/Users/eashraf/hadoop/hadoop-mapreduce-project/hadoop-mapreduce-client/hadoop-mapreduce-client-jobclient/src/test/java/org/apache/hadoop/mapred/UtilsForTests.java,394
hadoop,org.apache.hadoop.mapred,UtilsForTests.RandomInputFormat,1,0,0,0,44,0,0,1,-1.0,0,1,/Users/eashraf/hadoop/hadoop-mapreduce-project/hadoop-mapreduce-client/hadoop-mapreduce-client-jobclient/src/test/java/org/apache/hadoop/mapred/UtilsForTests.java,508
hadoop,org.apache.hadoop.mapred,UtilsForTests.RandomRecordReader,1,0,0,0,28,0,0,1,-1.0,0,1,/Users/eashraf/hadoop/hadoop-mapreduce-project/hadoop-mapreduce-client/hadoop-mapreduce-client-jobclient/src/test/java/org/apache/hadoop/mapred/UtilsForTests.java,525
hadoop,org.apache.hadoop.mapred,UtilsForTests.InlineCleanupQueue,1,0,0,0,23,0,0,1,-1.0,0,0,/Users/eashraf/hadoop/hadoop-mapreduce-project/hadoop-mapreduce-client/hadoop-mapreduce-client-jobclient/src/test/java/org/apache/hadoop/mapred/UtilsForTests.java,697
hadoop,org.apache.hadoop.mapred,UtilsForTests.FakeClock,1,0,0,0,9,0,0,1,-1.0,0,0,/Users/eashraf/hadoop/hadoop-mapreduce-project/hadoop-mapreduce-client/hadoop-mapreduce-client-jobclient/src/test/java/org/apache/hadoop/mapred/UtilsForTests.java,727
hadoop,org.apache.hadoop.mapred,UtilsForTests.FailMapper,0,0,0,0,6,0,0,2,-1.0,0,0,/Users/eashraf/hadoop/hadoop-mapreduce-project/hadoop-mapreduce-client/hadoop-mapreduce-client-jobclient/src/test/java/org/apache/hadoop/mapred/UtilsForTests.java,740
hadoop,org.apache.hadoop.mapred,UtilsForTests.KillMapper,0,0,0,0,9,0,0,2,-1.0,0,0,/Users/eashraf/hadoop/hadoop-mapreduce-project/hadoop-mapreduce-client/hadoop-mapreduce-client-jobclient/src/test/java/org/apache/hadoop/mapred/UtilsForTests.java,754
hadoop,org.apache.hadoop.mapred,TestReporter,12,0,5,5,131,7,0,0,0.0,0,12,/Users/eashraf/hadoop/hadoop-mapreduce-project/hadoop-mapreduce-client/hadoop-mapreduce-client-jobclient/src/test/java/org/apache/hadoop/mapred/TestReporter.java,40
hadoop,org.apache.hadoop.mapred,TestReporter.ProgressTesterMapper,3,0,0,0,25,0,0,2,-1.0,0,1,/Users/eashraf/hadoop/hadoop-mapreduce-project/hadoop-mapreduce-client/hadoop-mapreduce-client-jobclient/src/test/java/org/apache/hadoop/mapred/TestReporter.java,67
hadoop,org.apache.hadoop.mapred,TestReporter.StatusLimitMapper,0,0,0,0,13,0,0,0,-1.0,0,1,/Users/eashraf/hadoop/hadoop-mapreduce-project/hadoop-mapreduce-client/hadoop-mapreduce-client-jobclient/src/test/java/org/apache/hadoop/mapred/TestReporter.java,108
hadoop,org.apache.hadoop.mapred,TestReporter.ProgressTestingReducer,4,0,0,0,22,0,0,2,-1.0,0,1,/Users/eashraf/hadoop/hadoop-mapreduce-project/hadoop-mapreduce-client/hadoop-mapreduce-client-jobclient/src/test/java/org/apache/hadoop/mapred/TestReporter.java,153
hadoop,org.apache.hadoop.mapred,TestLazyOutput,6,0,3,2,111,11,0,0,0.0,0,17,/Users/eashraf/hadoop/hadoop-mapreduce-project/hadoop-mapreduce-client/hadoop-mapreduce-client-jobclient/src/test/java/org/apache/hadoop/mapred/TestLazyOutput.java,40
hadoop,org.apache.hadoop.mapred,TestLazyOutput.TestMapper,1,0,0,0,11,0,0,2,-1.0,0,1,/Users/eashraf/hadoop/hadoop-mapreduce-project/hadoop-mapreduce-client/hadoop-mapreduce-client-jobclient/src/test/java/org/apache/hadoop/mapred/TestLazyOutput.java,54
hadoop,org.apache.hadoop.mapred,TestLazyOutput.TestReducer,1,0,0,0,17,0,0,2,-1.0,0,1,/Users/eashraf/hadoop/hadoop-mapreduce-project/hadoop-mapreduce-client/hadoop-mapreduce-client-jobclient/src/test/java/org/apache/hadoop/mapred/TestLazyOutput.java,72
hadoop,org.apache.hadoop.mapred,TestMerge,23,0,4,1,273,13,0,0,0.0,0,23,/Users/eashraf/hadoop/hadoop-mapreduce-project/hadoop-mapreduce-client/hadoop-mapreduce-client-jobclient/src/test/java/org/apache/hadoop/mapred/TestMerge.java,50
hadoop,org.apache.hadoop.mapred,TestMerge.MyMapper,2,0,0,0,20,0,0,2,-1.0,0,1,/Users/eashraf/hadoop/hadoop-mapreduce-project/hadoop-mapreduce-client/hadoop-mapreduce-client-jobclient/src/test/java/org/apache/hadoop/mapred/TestMerge.java,191
hadoop,org.apache.hadoop.mapred,TestMerge.MyPartitioner,0,0,0,0,20,0,0,2,-1.0,0,0,/Users/eashraf/hadoop/hadoop-mapreduce-project/hadoop-mapreduce-client/hadoop-mapreduce-client-jobclient/src/test/java/org/apache/hadoop/mapred/TestMerge.java,220
hadoop,org.apache.hadoop.mapred,TestMerge.MapOutputCopier,9,0,0,0,73,0,0,1,-1.0,0,3,/Users/eashraf/hadoop/hadoop-mapreduce-project/hadoop-mapreduce-client/hadoop-mapreduce-client-jobclient/src/test/java/org/apache/hadoop/mapred/TestMerge.java,248
hadoop,org.apache.hadoop.mapred,TestMerge.KeyValueWriter,6,0,0,0,48,0,0,0,-1.0,0,3,/Users/eashraf/hadoop/hadoop-mapreduce-project/hadoop-mapreduce-client/hadoop-mapreduce-client-jobclient/src/test/java/org/apache/hadoop/mapred/TestMerge.java,342
hadoop,org.apache.hadoop.mapred,TestJobSysDirWithDFS,5,2,3,2,78,6,0,0,0.0,0,15,/Users/eashraf/hadoop/hadoop-mapreduce-project/hadoop-mapreduce-client/hadoop-mapreduce-client-jobclient/src/test/java/org/apache/hadoop/mapred/TestJobSysDirWithDFS.java,36
hadoop,org.apache.hadoop.mapred,TestJobSysDirWithDFS.TestResult,2,2,0,0,8,0,0,0,-1.0,0,1,/Users/eashraf/hadoop/hadoop-mapreduce-project/hadoop-mapreduce-client/hadoop-mapreduce-client-jobclient/src/test/java/org/apache/hadoop/mapred/TestJobSysDirWithDFS.java,46
hadoop,org.apache.hadoop.mapred,TestMultiFileInputFormat,9,0,4,3,90,12,0,0,0.0,0,7,/Users/eashraf/hadoop/hadoop-mapreduce-project/hadoop-mapreduce-client/hadoop-mapreduce-client-jobclient/src/test/java/org/apache/hadoop/mapred/TestMultiFileInputFormat.java,34
hadoop,org.apache.hadoop.mapred,TestMultiFileInputFormat.DummyMultiFileInputFormat,0,0,0,0,8,0,0,3,-1.0,0,0,/Users/eashraf/hadoop/hadoop-mapreduce-project/hadoop-mapreduce-client/hadoop-mapreduce-client-jobclient/src/test/java/org/apache/hadoop/mapred/TestMultiFileInputFormat.java,49
hadoop,org.apache.hadoop.mapred,MiniMRCluster,2,0,39,34,153,40,1,0,0.8974358974358975,24,9,/Users/eashraf/hadoop/hadoop-mapreduce-project/hadoop-mapreduce-client/hadoop-mapreduce-client-jobclient/src/test/java/org/apache/hadoop/mapred/MiniMRCluster.java,31
hadoop,org.apache.hadoop.mapred,MiniMRCluster.JobTrackerRunner,0,0,0,0,2,0,0,0,-1.0,0,0,/Users/eashraf/hadoop/hadoop-mapreduce-project/hadoop-mapreduce-client/hadoop-mapreduce-client-jobclient/src/test/java/org/apache/hadoop/mapred/MiniMRCluster.java,60
hadoop,org.apache.hadoop.mapred,MiniMRCluster.TaskTrackerRunner,0,0,0,0,2,0,0,0,-1.0,0,0,/Users/eashraf/hadoop/hadoop-mapreduce-project/hadoop-mapreduce-client/hadoop-mapreduce-client-jobclient/src/test/java/org/apache/hadoop/mapred/MiniMRCluster.java,64
hadoop,org.apache.hadoop.mapred,TestWritableJobConf,1,0,5,3,56,9,0,0,0.4,0,8,/Users/eashraf/hadoop/hadoop-mapreduce-project/hadoop-mapreduce-client/hadoop-mapreduce-client-jobclient/src/test/java/org/apache/hadoop/mapred/TestWritableJobConf.java,35
hadoop,org.apache.hadoop.mapred,TestSequenceFileAsBinaryInputFormat,2,0,1,1,58,4,0,0,0.0,0,6,/Users/eashraf/hadoop/hadoop-mapreduce-project/hadoop-mapreduce-client/hadoop-mapreduce-client-jobclient/src/test/java/org/apache/hadoop/mapred/TestSequenceFileAsBinaryInputFormat.java,30
hadoop,org.apache.hadoop.mapred,TestCombineSequenceFileInputFormat,6,0,3,1,92,8,0,0,0.0,0,13,/Users/eashraf/hadoop/hadoop-mapreduce-project/hadoop-mapreduce-client/hadoop-mapreduce-client-jobclient/src/test/java/org/apache/hadoop/mapred/TestCombineSequenceFileInputFormat.java,40
hadoop,org.apache.hadoop.mapred,TestCombineSequenceFileInputFormat.Range,2,0,0,0,11,0,0,0,-1.0,0,0,/Users/eashraf/hadoop/hadoop-mapreduce-project/hadoop-mapreduce-client/hadoop-mapreduce-client-jobclient/src/test/java/org/apache/hadoop/mapred/TestCombineSequenceFileInputFormat.java,117
hadoop,org.apache.hadoop.mapred,TestStatisticsCollector,0,0,1,1,63,1,0,0,-1.0,0,1,/Users/eashraf/hadoop/hadoop-mapreduce-project/hadoop-mapreduce-client/hadoop-mapreduce-client-jobclient/src/test/java/org/apache/hadoop/mapred/TestStatisticsCollector.java,27
hadoop,org.apache.hadoop.mapred,TestMRIntermediateDataEncryption,5,0,8,5,164,17,0,0,0.0,0,18,/Users/eashraf/hadoop/hadoop-mapreduce-project/hadoop-mapreduce-client/hadoop-mapreduce-client-jobclient/src/test/java/org/apache/hadoop/mapred/TestMRIntermediateDataEncryption.java,38
hadoop,org.apache.hadoop.mapred,TestMRIntermediateDataEncryption.MyMapper,2,0,0,0,20,0,0,2,-1.0,0,1,/Users/eashraf/hadoop/hadoop-mapreduce-project/hadoop-mapreduce-client/hadoop-mapreduce-client-jobclient/src/test/java/org/apache/hadoop/mapred/TestMRIntermediateDataEncryption.java,193
hadoop,org.apache.hadoop.mapred,TestMRIntermediateDataEncryption.MyPartitioner,1,0,0,0,22,0,0,2,-1.0,0,1,/Users/eashraf/hadoop/hadoop-mapreduce-project/hadoop-mapreduce-client/hadoop-mapreduce-client-jobclient/src/test/java/org/apache/hadoop/mapred/TestMRIntermediateDataEncryption.java,222
hadoop,org.apache.hadoop.mapred,TestMiniMRClientCluster,8,0,7,5,120,12,0,0,0.0,0,14,/Users/eashraf/hadoop/hadoop-mapreduce-project/hadoop-mapreduce-client/hadoop-mapreduce-client-jobclient/src/test/java/org/apache/hadoop/mapred/TestMiniMRClientCluster.java,41
hadoop,org.apache.hadoop.mapred,TestMiniMRClientCluster.InternalClass,0,0,0,0,2,0,0,0,-1.0,0,0,/Users/eashraf/hadoop/hadoop-mapreduce-project/hadoop-mapreduce-client/hadoop-mapreduce-client-jobclient/src/test/java/org/apache/hadoop/mapred/TestMiniMRClientCluster.java,54
hadoop,org.apache.hadoop.mapred,TestMiniMRClientCluster.MyMapper,2,0,0,0,13,0,0,0,-1.0,0,2,/Users/eashraf/hadoop/hadoop-mapreduce-project/hadoop-mapreduce-client/hadoop-mapreduce-client-jobclient/src/test/java/org/apache/hadoop/mapred/TestMiniMRClientCluster.java,199
hadoop,org.apache.hadoop.mapred,TestMiniMRClientCluster.MyReducer,1,0,0,0,13,0,0,0,-1.0,0,1,/Users/eashraf/hadoop/hadoop-mapreduce-project/hadoop-mapreduce-client/hadoop-mapreduce-client-jobclient/src/test/java/org/apache/hadoop/mapred/TestMiniMRClientCluster.java,216
hadoop,org.apache.hadoop.mapred,TestMiniMRWithDFSWithDistinctUsers,7,0,9,6,84,11,0,0,0.3333333333333333,0,13,/Users/eashraf/hadoop/hadoop-mapreduce-project/hadoop-mapreduce-client/hadoop-mapreduce-client-jobclient/src/test/java/org/apache/hadoop/mapred/TestMiniMRWithDFSWithDistinctUsers.java,36
hadoop,org.apache.hadoop.mapred,TestJobName,0,0,2,2,46,2,0,1,-1.0,0,11,/Users/eashraf/hadoop/hadoop-mapreduce-project/hadoop-mapreduce-client/hadoop-mapreduce-client-jobclient/src/test/java/org/apache/hadoop/mapred/TestJobName.java,32
hadoop,org.apache.hadoop.mapred,TestClientRedirect,16,0,3,1,319,5,0,0,0.6666666666666666,0,20,/Users/eashraf/hadoop/hadoop-mapreduce-project/hadoop-mapreduce-client/hadoop-mapreduce-client-jobclient/src/test/java/org/apache/hadoop/mapred/TestClientRedirect.java,130
hadoop,org.apache.hadoop.mapred,TestClientRedirect.RMService,3,0,0,0,115,0,0,0,-1.0,0,3,/Users/eashraf/hadoop/hadoop-mapreduce-project/hadoop-mapreduce-client/hadoop-mapreduce-client-jobclient/src/test/java/org/apache/hadoop/mapred/TestClientRedirect.java,248
hadoop,org.apache.hadoop.mapred,TestClientRedirect.HistoryService,0,0,0,0,13,0,0,0,-1.0,0,0,/Users/eashraf/hadoop/hadoop-mapreduce-project/hadoop-mapreduce-client/hadoop-mapreduce-client-jobclient/src/test/java/org/apache/hadoop/mapred/TestClientRedirect.java,449
hadoop,org.apache.hadoop.mapred,TestClientRedirect.AMService,4,0,0,0,98,0,0,0,-1.0,0,2,/Users/eashraf/hadoop/hadoop-mapreduce-project/hadoop-mapreduce-client/hadoop-mapreduce-client-jobclient/src/test/java/org/apache/hadoop/mapred/TestClientRedirect.java,466
hadoop,org.apache.hadoop.mapred,TestTaskCommit,2,0,11,10,170,12,0,1,0.18181818181818182,0,20,/Users/eashraf/hadoop/hadoop-mapreduce-project/hadoop-mapreduce-client/hadoop-mapreduce-client-jobclient/src/test/java/org/apache/hadoop/mapred/TestTaskCommit.java,35
hadoop,org.apache.hadoop.mapred,TestTaskCommit.CommitterWithCommitFail,0,0,0,0,13,0,0,2,-1.0,0,0,/Users/eashraf/hadoop/hadoop-mapreduce-project/hadoop-mapreduce-client/hadoop-mapreduce-client-jobclient/src/test/java/org/apache/hadoop/mapred/TestTaskCommit.java,39
hadoop,org.apache.hadoop.mapred,TestTaskCommit.CommitterWithoutCleanup,0,0,0,0,7,0,0,2,-1.0,0,0,/Users/eashraf/hadoop/hadoop-mapreduce-project/hadoop-mapreduce-client/hadoop-mapreduce-client-jobclient/src/test/java/org/apache/hadoop/mapred/TestTaskCommit.java,53
hadoop,org.apache.hadoop.mapred,TestTaskCommit.CommitterThatAlwaysRequiresCommit,0,0,0,0,8,0,0,2,-1.0,0,0,/Users/eashraf/hadoop/hadoop-mapreduce-project/hadoop-mapreduce-client/hadoop-mapreduce-client-jobclient/src/test/java/org/apache/hadoop/mapred/TestTaskCommit.java,68
hadoop,org.apache.hadoop.mapred,TestTaskCommit.MyUmbilical,1,0,0,0,47,0,0,1,-1.0,0,0,/Users/eashraf/hadoop/hadoop-mapreduce-project/hadoop-mapreduce-client/hadoop-mapreduce-client-jobclient/src/test/java/org/apache/hadoop/mapred/TestTaskCommit.java,100
hadoop,org.apache.hadoop.mapred,TestMiniMRDFSCaching,0,0,2,2,36,5,0,0,-1.0,0,4,/Users/eashraf/hadoop/hadoop-mapreduce-project/hadoop-mapreduce-client/hadoop-mapreduce-client-jobclient/src/test/java/org/apache/hadoop/mapred/TestMiniMRDFSCaching.java,28
hadoop,org.apache.hadoop.mapred,TestQueueConfigurationParser,0,0,1,1,26,1,0,0,-1.0,0,2,/Users/eashraf/hadoop/hadoop-mapreduce-project/hadoop-mapreduce-client/hadoop-mapreduce-client-jobclient/src/test/java/org/apache/hadoop/mapred/TestQueueConfigurationParser.java,38
hadoop,org.apache.hadoop.mapred,TestLocalMRNotification,0,0,1,1,8,1,0,2,-1.0,0,1,/Users/eashraf/hadoop/hadoop-mapreduce-project/hadoop-mapreduce-client/hadoop-mapreduce-client-jobclient/src/test/java/org/apache/hadoop/mapred/TestLocalMRNotification.java,24
hadoop,org.apache.hadoop.mapred,TestAuditLogger,5,0,6,3,94,8,0,0,0.3333333333333333,0,5,/Users/eashraf/hadoop/hadoop-mapreduce-project/hadoop-mapreduce-client/hadoop-mapreduce-client-jobclient/src/test/java/org/apache/hadoop/mapred/TestAuditLogger.java,34
hadoop,org.apache.hadoop.mapred,TestAuditLogger.MyTestRPCServer,0,0,0,0,9,0,0,0,-1.0,0,0,/Users/eashraf/hadoop/hadoop-mapreduce-project/hadoop-mapreduce-client/hadoop-mapreduce-client-jobclient/src/test/java/org/apache/hadoop/mapred/TestAuditLogger.java,123
hadoop,org.apache.hadoop.mapred,TestKeyValueTextInputFormat,6,0,8,5,186,20,0,0,0.25,0,11,/Users/eashraf/hadoop/hadoop-mapreduce-project/hadoop-mapreduce-client/hadoop-mapreduce-client-jobclient/src/test/java/org/apache/hadoop/mapred/TestKeyValueTextInputFormat.java,32
hadoop,org.apache.hadoop.mapred,MRBench,4,0,6,3,207,32,0,0,0.3333333333333333,1,10,/Users/eashraf/hadoop/hadoop-mapreduce-project/hadoop-mapreduce-client/hadoop-mapreduce-client-jobclient/src/test/java/org/apache/hadoop/mapred/MRBench.java,38
hadoop,org.apache.hadoop.mapred,MRBench.Order,0,0,0,0,1,0,0,0,-1.0,0,0,/Users/eashraf/hadoop/hadoop-mapreduce-project/hadoop-mapreduce-client/hadoop-mapreduce-client-jobclient/src/test/java/org/apache/hadoop/mapred/MRBench.java,49
hadoop,org.apache.hadoop.mapred,MRBench.Map,0,0,0,0,12,0,0,2,-1.0,0,0,/Users/eashraf/hadoop/hadoop-mapreduce-project/hadoop-mapreduce-client/hadoop-mapreduce-client-jobclient/src/test/java/org/apache/hadoop/mapred/MRBench.java,51
hadoop,org.apache.hadoop.mapred,MRBench.Reduce,0,0,0,0,10,0,0,2,-1.0,0,0,/Users/eashraf/hadoop/hadoop-mapreduce-project/hadoop-mapreduce-client/hadoop-mapreduce-client-jobclient/src/test/java/org/apache/hadoop/mapred/MRBench.java,70
hadoop,org.apache.hadoop.mapred,GenericMRLoadGenerator,14,0,5,3,319,30,0,0,0.4,1,17,/Users/eashraf/hadoop/hadoop-mapreduce-project/hadoop-mapreduce-client/hadoop-mapreduce-client-jobclient/src/test/java/org/apache/hadoop/mapred/GenericMRLoadGenerator.java,48
hadoop,org.apache.hadoop.mapred,GenericMRLoadGenerator.RandomInputFormat,1,0,0,0,38,0,0,1,-1.0,0,0,/Users/eashraf/hadoop/hadoop-mapreduce-project/hadoop-mapreduce-client/hadoop-mapreduce-client-jobclient/src/test/java/org/apache/hadoop/mapred/GenericMRLoadGenerator.java,201
hadoop,org.apache.hadoop.mapred,GenericMRLoadGenerator.Counters,0,0,0,0,1,0,0,0,-1.0,0,0,/Users/eashraf/hadoop/hadoop-mapreduce-project/hadoop-mapreduce-client/hadoop-mapreduce-client-jobclient/src/test/java/org/apache/hadoop/mapred/GenericMRLoadGenerator.java,235
hadoop,org.apache.hadoop.mapred,GenericMRLoadGenerator.RandomMapOutput,7,0,0,0,45,0,0,2,-1.0,0,2,/Users/eashraf/hadoop/hadoop-mapreduce-project/hadoop-mapreduce-client/hadoop-mapreduce-client-jobclient/src/test/java/org/apache/hadoop/mapred/GenericMRLoadGenerator.java,237
hadoop,org.apache.hadoop.mapred,GenericMRLoadGenerator.SampleMapReduceBase,3,0,0,0,15,0,0,2,-1.0,0,0,/Users/eashraf/hadoop/hadoop-mapreduce-project/hadoop-mapreduce-client/hadoop-mapreduce-client-jobclient/src/test/java/org/apache/hadoop/mapred/GenericMRLoadGenerator.java,322
hadoop,org.apache.hadoop.mapred,GenericMRLoadGenerator.SampleMapper,0,0,0,0,8,0,0,2,-1.0,0,1,/Users/eashraf/hadoop/hadoop-mapreduce-project/hadoop-mapreduce-client/hadoop-mapreduce-client-jobclient/src/test/java/org/apache/hadoop/mapred/GenericMRLoadGenerator.java,344
hadoop,org.apache.hadoop.mapred,GenericMRLoadGenerator.SampleReducer,0,0,0,0,10,0,0,2,-1.0,0,1,/Users/eashraf/hadoop/hadoop-mapreduce-project/hadoop-mapreduce-client/hadoop-mapreduce-client-jobclient/src/test/java/org/apache/hadoop/mapred/GenericMRLoadGenerator.java,362
hadoop,org.apache.hadoop.mapred,GenericMRLoadGenerator.IndirectInputFormat,2,0,0,0,48,0,0,1,-1.0,0,2,/Users/eashraf/hadoop/hadoop-mapreduce-project/hadoop-mapreduce-client/hadoop-mapreduce-client-jobclient/src/test/java/org/apache/hadoop/mapred/GenericMRLoadGenerator.java,383
hadoop,org.apache.hadoop.mapred,GenericMRLoadGenerator.IndirectSplit,2,0,0,0,27,0,0,1,-1.0,0,1,/Users/eashraf/hadoop/hadoop-mapreduce-project/hadoop-mapreduce-client/hadoop-mapreduce-client-jobclient/src/test/java/org/apache/hadoop/mapred/GenericMRLoadGenerator.java,389
hadoop,org.apache.hadoop.mapred,TestMRCJCFileOutputCommitter,7,0,5,3,137,5,0,0,0.0,0,13,/Users/eashraf/hadoop/hadoop-mapreduce-project/hadoop-mapreduce-client/hadoop-mapreduce-client-jobclient/src/test/java/org/apache/hadoop/mapred/TestMRCJCFileOutputCommitter.java,32
hadoop,org.apache.hadoop.mapred,TestMRCJCFileOutputCommitter.FakeFileSystem,0,0,0,0,11,0,0,0,-1.0,0,0,/Users/eashraf/hadoop/hadoop-mapreduce-project/hadoop-mapreduce-client/hadoop-mapreduce-client-jobclient/src/test/java/org/apache/hadoop/mapred/TestMRCJCFileOutputCommitter.java,149
hadoop,org.apache.hadoop.mapred,TestSortedRanges,1,0,2,2,51,3,0,0,0.0,0,1,/Users/eashraf/hadoop/hadoop-mapreduce-project/hadoop-mapreduce-client/hadoop-mapreduce-client-jobclient/src/test/java/org/apache/hadoop/mapred/TestSortedRanges.java,28
hadoop,org.apache.hadoop.mapred,TestYARNRunner,13,0,17,15,291,26,0,0,0.17647058823529413,0,56,/Users/eashraf/hadoop/hadoop-mapreduce-project/hadoop-mapreduce-client/hadoop-mapreduce-client-jobclient/src/test/java/org/apache/hadoop/mapred/TestYARNRunner.java,110
hadoop,org.apache.hadoop.mapred,TestComparators,10,0,7,7,324,17,0,0,0.2857142857142857,0,15,/Users/eashraf/hadoop/hadoop-mapreduce-project/hadoop-mapreduce-client/hadoop-mapreduce-client-jobclient/src/test/java/org/apache/hadoop/mapred/TestComparators.java,45
hadoop,org.apache.hadoop.mapred,TestComparators.RandomGenMapper,0,0,0,0,17,0,0,2,-1.0,0,0,/Users/eashraf/hadoop/hadoop-mapreduce-project/hadoop-mapreduce-client/hadoop-mapreduce-client-jobclient/src/test/java/org/apache/hadoop/mapred/TestComparators.java,66
hadoop,org.apache.hadoop.mapred,TestComparators.IdentityMapper,0,0,0,0,12,0,0,2,-1.0,0,0,/Users/eashraf/hadoop/hadoop-mapreduce-project/hadoop-mapreduce-client/hadoop-mapreduce-client-jobclient/src/test/java/org/apache/hadoop/mapred/TestComparators.java,95
hadoop,org.apache.hadoop.mapred,TestComparators.AscendingKeysReducer,1,0,0,0,18,0,0,2,-1.0,0,0,/Users/eashraf/hadoop/hadoop-mapreduce-project/hadoop-mapreduce-client/hadoop-mapreduce-client-jobclient/src/test/java/org/apache/hadoop/mapred/TestComparators.java,115
hadoop,org.apache.hadoop.mapred,TestComparators.DescendingKeysReducer,1,0,0,0,18,0,0,2,-1.0,0,0,/Users/eashraf/hadoop/hadoop-mapreduce-project/hadoop-mapreduce-client/hadoop-mapreduce-client-jobclient/src/test/java/org/apache/hadoop/mapred/TestComparators.java,140
hadoop,org.apache.hadoop.mapred,TestComparators.AscendingGroupReducer,1,0,0,0,29,0,0,2,-1.0,0,0,/Users/eashraf/hadoop/hadoop-mapreduce-project/hadoop-mapreduce-client/hadoop-mapreduce-client-jobclient/src/test/java/org/apache/hadoop/mapred/TestComparators.java,164
hadoop,org.apache.hadoop.mapred,TestComparators.DescendingGroupReducer,1,0,0,0,29,0,0,2,-1.0,0,0,/Users/eashraf/hadoop/hadoop-mapreduce-project/hadoop-mapreduce-client/hadoop-mapreduce-client-jobclient/src/test/java/org/apache/hadoop/mapred/TestComparators.java,209
hadoop,org.apache.hadoop.mapred,TestComparators.DecreasingIntComparator,0,0,0,0,11,0,0,0,-1.0,0,0,/Users/eashraf/hadoop/hadoop-mapreduce-project/hadoop-mapreduce-client/hadoop-mapreduce-client-jobclient/src/test/java/org/apache/hadoop/mapred/TestComparators.java,253
hadoop,org.apache.hadoop.mapred,TestComparators.CompositeIntGroupFn,0,0,0,0,23,0,0,0,-1.0,0,0,/Users/eashraf/hadoop/hadoop-mapreduce-project/hadoop-mapreduce-client/hadoop-mapreduce-client-jobclient/src/test/java/org/apache/hadoop/mapred/TestComparators.java,266
hadoop,org.apache.hadoop.mapred,TestComparators.CompositeIntReverseGroupFn,0,0,0,0,14,0,0,0,-1.0,0,0,/Users/eashraf/hadoop/hadoop-mapreduce-project/hadoop-mapreduce-client/hadoop-mapreduce-client-jobclient/src/test/java/org/apache/hadoop/mapred/TestComparators.java,298
hadoop,org.apache.hadoop.mapred,TestComparators.MyWritable,2,0,0,0,23,0,0,0,-1.0,0,0,/Users/eashraf/hadoop/hadoop-mapreduce-project/hadoop-mapreduce-client/hadoop-mapreduce-client-jobclient/src/test/java/org/apache/hadoop/mapred/TestComparators.java,465
hadoop,org.apache.hadoop.mapred,TestComparators.MyCmp,0,0,0,0,10,0,0,0,-1.0,0,0,/Users/eashraf/hadoop/hadoop-mapreduce-project/hadoop-mapreduce-client/hadoop-mapreduce-client-jobclient/src/test/java/org/apache/hadoop/mapred/TestComparators.java,488
hadoop,org.apache.hadoop.mapred,TestJobCleanup,10,0,10,5,182,19,0,0,0.0,1,21,/Users/eashraf/hadoop/hadoop-mapreduce-project/hadoop-mapreduce-client/hadoop-mapreduce-client-jobclient/src/test/java/org/apache/hadoop/mapred/TestJobCleanup.java,41
hadoop,org.apache.hadoop.mapred,TestJobCleanup.CommitterWithCustomDeprecatedCleanup,0,0,0,0,18,0,0,2,-1.0,0,0,/Users/eashraf/hadoop/hadoop-mapreduce-project/hadoop-mapreduce-client/hadoop-mapreduce-client-jobclient/src/test/java/org/apache/hadoop/mapred/TestJobCleanup.java,95
hadoop,org.apache.hadoop.mapred,TestJobCleanup.CommitterWithCustomAbort,0,0,0,0,13,0,0,2,-1.0,0,2,/Users/eashraf/hadoop/hadoop-mapreduce-project/hadoop-mapreduce-client/hadoop-mapreduce-client-jobclient/src/test/java/org/apache/hadoop/mapred/TestJobCleanup.java,121
hadoop,org.apache.hadoop.mapred,HadoopTestCase,11,4,7,3,119,16,3,0,0.0,17,5,/Users/eashraf/hadoop/hadoop-mapreduce-project/hadoop-mapreduce-client/hadoop-mapreduce-client-jobclient/src/test/java/org/apache/hadoop/mapred/HadoopTestCase.java,30
hadoop,org.apache.hadoop.mapred,NotificationTestCase,7,2,9,1,145,17,2,1,0.2222222222222222,0,14,/Users/eashraf/hadoop/hadoop-mapreduce-project/hadoop-mapreduce-client/hadoop-mapreduce-client-jobclient/src/test/java/org/apache/hadoop/mapred/NotificationTestCase.java,37
hadoop,org.apache.hadoop.mapred,NotificationTestCase.NotificationServlet,3,2,0,0,30,0,0,0,-1.0,0,0,/Users/eashraf/hadoop/hadoop-mapreduce-project/hadoop-mapreduce-client/hadoop-mapreduce-client-jobclient/src/test/java/org/apache/hadoop/mapred/NotificationTestCase.java,92
hadoop,org.apache.hadoop.mapred,TestNetworkedJob,4,0,6,5,257,12,0,0,0.5,0,27,/Users/eashraf/hadoop/hadoop-mapreduce-project/hadoop-mapreduce-client/hadoop-mapreduce-client-jobclient/src/test/java/org/apache/hadoop/mapred/TestNetworkedJob.java,55
hadoop,org.apache.hadoop.mapred,TestBadRecords,4,0,6,2,172,16,0,1,0.0,0,18,/Users/eashraf/hadoop/hadoop-mapreduce-project/hadoop-mapreduce-client/hadoop-mapreduce-client-jobclient/src/test/java/org/apache/hadoop/mapred/TestBadRecords.java,43
hadoop,org.apache.hadoop.mapred,TestBadRecords.BadMapper,0,0,0,0,24,0,0,2,-1.0,0,0,/Users/eashraf/hadoop/hadoop-mapreduce-project/hadoop-mapreduce-client/hadoop-mapreduce-client-jobclient/src/test/java/org/apache/hadoop/mapred/TestBadRecords.java,218
hadoop,org.apache.hadoop.mapred,TestBadRecords.BadReducer,0,0,0,0,22,0,0,2,-1.0,0,0,/Users/eashraf/hadoop/hadoop-mapreduce-project/hadoop-mapreduce-client/hadoop-mapreduce-client-jobclient/src/test/java/org/apache/hadoop/mapred/TestBadRecords.java,246
hadoop,org.apache.hadoop.mapred,TestUserDefinedCounters,4,0,3,2,61,5,0,0,0.0,0,14,/Users/eashraf/hadoop/hadoop-mapreduce-project/hadoop-mapreduce-client/hadoop-mapreduce-client-jobclient/src/test/java/org/apache/hadoop/mapred/TestUserDefinedCounters.java,39
hadoop,org.apache.hadoop.mapred,TestUserDefinedCounters.EnumCounter,0,0,0,0,1,0,0,0,-1.0,0,0,/Users/eashraf/hadoop/hadoop-mapreduce-project/hadoop-mapreduce-client/hadoop-mapreduce-client-jobclient/src/test/java/org/apache/hadoop/mapred/TestUserDefinedCounters.java,50
hadoop,org.apache.hadoop.mapred,TestUserDefinedCounters.CountingMapper,0,0,0,0,7,0,0,0,-1.0,0,0,/Users/eashraf/hadoop/hadoop-mapreduce-project/hadoop-mapreduce-client/hadoop-mapreduce-client-jobclient/src/test/java/org/apache/hadoop/mapred/TestUserDefinedCounters.java,52
hadoop,org.apache.hadoop.mapred,TestGetSplitHosts,0,0,1,1,46,4,0,0,-1.0,0,3,/Users/eashraf/hadoop/hadoop-mapreduce-project/hadoop-mapreduce-client/hadoop-mapreduce-client-jobclient/src/test/java/org/apache/hadoop/mapred/TestGetSplitHosts.java,25
hadoop,org.apache.hadoop.mapred,TestOldCombinerGrouping,1,0,1,1,111,4,0,0,0.0,0,8,/Users/eashraf/hadoop/hadoop-mapreduce-project/hadoop-mapreduce-client/hadoop-mapreduce-client-jobclient/src/test/java/org/apache/hadoop/mapred/TestOldCombinerGrouping.java,39
hadoop,org.apache.hadoop.mapred,TestOldCombinerGrouping.Map,0,0,0,0,12,0,0,2,-1.0,0,0,/Users/eashraf/hadoop/hadoop-mapreduce-project/hadoop-mapreduce-client/hadoop-mapreduce-client-jobclient/src/test/java/org/apache/hadoop/mapred/TestOldCombinerGrouping.java,43
hadoop,org.apache.hadoop.mapred,TestOldCombinerGrouping.Reduce,0,0,0,0,19,0,0,2,-1.0,0,0,/Users/eashraf/hadoop/hadoop-mapreduce-project/hadoop-mapreduce-client/hadoop-mapreduce-client-jobclient/src/test/java/org/apache/hadoop/mapred/TestOldCombinerGrouping.java,64
hadoop,org.apache.hadoop.mapred,TestOldCombinerGrouping.Combiner,0,0,0,0,2,0,0,0,-1.0,0,0,/Users/eashraf/hadoop/hadoop-mapreduce-project/hadoop-mapreduce-client/hadoop-mapreduce-client-jobclient/src/test/java/org/apache/hadoop/mapred/TestOldCombinerGrouping.java,92
hadoop,org.apache.hadoop.mapred,TestOldCombinerGrouping.GroupComparator,0,0,0,0,16,0,0,0,-1.0,0,0,/Users/eashraf/hadoop/hadoop-mapreduce-project/hadoop-mapreduce-client/hadoop-mapreduce-client-jobclient/src/test/java/org/apache/hadoop/mapred/TestOldCombinerGrouping.java,95
hadoop,org.apache.hadoop.mapred,TestMultipleTextOutputFormat,4,0,5,2,91,11,0,0,0.0,0,6,/Users/eashraf/hadoop/hadoop-mapreduce-project/hadoop-mapreduce-client/hadoop-mapreduce-client-jobclient/src/test/java/org/apache/hadoop/mapred/TestMultipleTextOutputFormat.java,29
hadoop,org.apache.hadoop.mapred,TestMultipleTextOutputFormat.KeyBasedMultipleTextOutputFormat,0,0,0,0,5,0,0,0,-1.0,0,0,/Users/eashraf/hadoop/hadoop-mapreduce-project/hadoop-mapreduce-client/hadoop-mapreduce-client-jobclient/src/test/java/org/apache/hadoop/mapred/TestMultipleTextOutputFormat.java,58
hadoop,org.apache.hadoop.mapred,TestMultiFileSplit,0,0,2,2,51,2,0,0,-1.0,0,4,/Users/eashraf/hadoop/hadoop-mapreduce-project/hadoop-mapreduce-client/hadoop-mapreduce-client-jobclient/src/test/java/org/apache/hadoop/mapred/TestMultiFileSplit.java,34
hadoop,org.apache.hadoop.mapred,MiniMRClientCluster,0,0,4,4,9,4,1,0,-1.0,11,0,/Users/eashraf/hadoop/hadoop-mapreduce-project/hadoop-mapreduce-client/hadoop-mapreduce-client-jobclient/src/test/java/org/apache/hadoop/mapred/MiniMRClientCluster.java,30
hadoop,org.apache.hadoop.mapred,TestClientServiceDelegate,3,0,25,14,294,28,0,0,0.12,0,27,/Users/eashraf/hadoop/hadoop-mapreduce-project/hadoop-mapreduce-client/hadoop-mapreduce-client-jobclient/src/test/java/org/apache/hadoop/mapred/TestClientServiceDelegate.java,66
hadoop,org.apache.hadoop.mapred,TestMRCJCFileInputFormat,12,0,10,7,193,20,0,0,0.0,0,13,/Users/eashraf/hadoop/hadoop-mapreduce-project/hadoop-mapreduce-client/hadoop-mapreduce-client-jobclient/src/test/java/org/apache/hadoop/mapred/TestMRCJCFileInputFormat.java,40
hadoop,org.apache.hadoop.mapred,TestMRCJCFileInputFormat.DummyFileInputFormat,0,0,0,0,5,0,0,2,-1.0,0,0,/Users/eashraf/hadoop/hadoop-mapreduce-project/hadoop-mapreduce-client/hadoop-mapreduce-client-jobclient/src/test/java/org/apache/hadoop/mapred/TestMRCJCFileInputFormat.java,152
hadoop,org.apache.hadoop.mapred,TestMRCJCFileInputFormat.FileInputFormatForTest,2,0,0,0,40,0,0,2,-1.0,0,0,/Users/eashraf/hadoop/hadoop-mapreduce-project/hadoop-mapreduce-client/hadoop-mapreduce-client-jobclient/src/test/java/org/apache/hadoop/mapred/TestMRCJCFileInputFormat.java,236
hadoop,org.apache.hadoop.mapred,TestMapOutputType,3,0,5,5,96,13,0,0,0.0,0,15,/Users/eashraf/hadoop/hadoop-mapreduce-project/hadoop-mapreduce-client/hadoop-mapreduce-client-jobclient/src/test/java/org/apache/hadoop/mapred/TestMapOutputType.java,41
hadoop,org.apache.hadoop.mapred,TestMapOutputType.TextGen,0,0,0,0,12,0,0,2,-1.0,0,0,/Users/eashraf/hadoop/hadoop-mapreduce-project/hadoop-mapreduce-client/hadoop-mapreduce-client-jobclient/src/test/java/org/apache/hadoop/mapred/TestMapOutputType.java,52
hadoop,org.apache.hadoop.mapred,TestMapOutputType.TextReduce,0,0,0,0,12,0,0,2,-1.0,0,0,/Users/eashraf/hadoop/hadoop-mapreduce-project/hadoop-mapreduce-client/hadoop-mapreduce-client-jobclient/src/test/java/org/apache/hadoop/mapred/TestMapOutputType.java,73
hadoop,org.apache.hadoop.mapred,TestFileInputFormatPathFilter,2,0,9,6,87,14,0,0,0.0,0,4,/Users/eashraf/hadoop/hadoop-mapreduce-project/hadoop-mapreduce-client/hadoop-mapreduce-client-jobclient/src/test/java/org/apache/hadoop/mapred/TestFileInputFormatPathFilter.java,33
hadoop,org.apache.hadoop.mapred,TestFileInputFormatPathFilter.DummyFileInputFormat,0,0,0,0,5,0,0,2,-1.0,0,0,/Users/eashraf/hadoop/hadoop-mapreduce-project/hadoop-mapreduce-client/hadoop-mapreduce-client-jobclient/src/test/java/org/apache/hadoop/mapred/TestFileInputFormatPathFilter.java,35
hadoop,org.apache.hadoop.mapred,TestFileInputFormatPathFilter.TestPathFilter,0,0,0,0,6,0,0,0,-1.0,0,0,/Users/eashraf/hadoop/hadoop-mapreduce-project/hadoop-mapreduce-client/hadoop-mapreduce-client-jobclient/src/test/java/org/apache/hadoop/mapred/TestFileInputFormatPathFilter.java,90
hadoop,org.apache.hadoop.mapred,TestCommandLineJobSubmission,3,0,2,1,93,5,0,0,0.0,0,6,/Users/eashraf/hadoop/hadoop-mapreduce-project/hadoop-mapreduce-client/hadoop-mapreduce-client-jobclient/src/test/java/org/apache/hadoop/mapred/TestCommandLineJobSubmission.java,33
hadoop,org.apache.hadoop.mapred,SortValidator,19,3,6,3,389,14,0,0,0.8333333333333334,1,9,/Users/eashraf/hadoop/hadoop-mapreduce-project/hadoop-mapreduce-client/hadoop-mapreduce-client-jobclient/src/test/java/org/apache/hadoop/mapred/SortValidator.java,40
hadoop,org.apache.hadoop.mapred,SortValidator.RecordStatsChecker,12,0,0,0,225,0,0,0,-1.0,0,4,/Users/eashraf/hadoop/hadoop-mapreduce-project/hadoop-mapreduce-client/hadoop-mapreduce-client-jobclient/src/test/java/org/apache/hadoop/mapred/SortValidator.java,91
hadoop,org.apache.hadoop.mapred,SortValidator.Raw,0,0,0,0,21,0,0,0,-1.0,0,0,/Users/eashraf/hadoop/hadoop-mapreduce-project/hadoop-mapreduce-client/hadoop-mapreduce-client-jobclient/src/test/java/org/apache/hadoop/mapred/SortValidator.java,103
hadoop,org.apache.hadoop.mapred,SortValidator.RawBytesWritable,0,0,0,0,11,0,0,0,-1.0,0,0,/Users/eashraf/hadoop/hadoop-mapreduce-project/hadoop-mapreduce-client/hadoop-mapreduce-client-jobclient/src/test/java/org/apache/hadoop/mapred/SortValidator.java,127
hadoop,org.apache.hadoop.mapred,SortValidator.RawText,0,0,0,0,11,0,0,0,-1.0,0,0,/Users/eashraf/hadoop/hadoop-mapreduce-project/hadoop-mapreduce-client/hadoop-mapreduce-client-jobclient/src/test/java/org/apache/hadoop/mapred/SortValidator.java,139
hadoop,org.apache.hadoop.mapred,SortValidator.RecordStatsWritable,3,0,0,0,31,0,0,0,-1.0,0,0,/Users/eashraf/hadoop/hadoop-mapreduce-project/hadoop-mapreduce-client/hadoop-mapreduce-client-jobclient/src/test/java/org/apache/hadoop/mapred/SortValidator.java,161
hadoop,org.apache.hadoop.mapred,SortValidator.Map,9,0,0,0,59,0,0,2,-1.0,0,4,/Users/eashraf/hadoop/hadoop-mapreduce-project/hadoop-mapreduce-client/hadoop-mapreduce-client-jobclient/src/test/java/org/apache/hadoop/mapred/SortValidator.java,191
hadoop,org.apache.hadoop.mapred,SortValidator.Reduce,0,0,0,0,14,0,0,2,-1.0,0,0,/Users/eashraf/hadoop/hadoop-mapreduce-project/hadoop-mapreduce-client/hadoop-mapreduce-client-jobclient/src/test/java/org/apache/hadoop/mapred/SortValidator.java,290
hadoop,org.apache.hadoop.mapred,SortValidator.NonSplitableSequenceFileInputFormat,0,0,0,0,5,0,0,3,-1.0,0,0,/Users/eashraf/hadoop/hadoop-mapreduce-project/hadoop-mapreduce-client/hadoop-mapreduce-client-jobclient/src/test/java/org/apache/hadoop/mapred/SortValidator.java,312
hadoop,org.apache.hadoop.mapred,SortValidator.RecordChecker,1,0,0,0,76,0,0,0,-1.0,0,1,/Users/eashraf/hadoop/hadoop-mapreduce-project/hadoop-mapreduce-client/hadoop-mapreduce-client-jobclient/src/test/java/org/apache/hadoop/mapred/SortValidator.java,411
hadoop,org.apache.hadoop.mapred,SortValidator.Map,1,0,0,0,10,0,0,2,-1.0,0,1,/Users/eashraf/hadoop/hadoop-mapreduce-project/hadoop-mapreduce-client/hadoop-mapreduce-client-jobclient/src/test/java/org/apache/hadoop/mapred/SortValidator.java,419
hadoop,org.apache.hadoop.mapred,SortValidator.Reduce,0,0,0,0,21,0,0,2,-1.0,0,0,/Users/eashraf/hadoop/hadoop-mapreduce-project/hadoop-mapreduce-client/hadoop-mapreduce-client-jobclient/src/test/java/org/apache/hadoop/mapred/SortValidator.java,442
hadoop,org.apache.hadoop.mapred,MRCaching,7,2,3,1,209,10,0,0,0.6666666666666666,1,10,/Users/eashraf/hadoop/hadoop-mapreduce-project/hadoop-mapreduce-client/hadoop-mapreduce-client-jobclient/src/test/java/org/apache/hadoop/mapred/MRCaching.java,44
hadoop,org.apache.hadoop.mapred,MRCaching.MapClass,3,0,0,0,54,0,0,2,-1.0,0,3,/Users/eashraf/hadoop/hadoop-mapreduce-project/hadoop-mapreduce-client/hadoop-mapreduce-client-jobclient/src/test/java/org/apache/hadoop/mapred/MRCaching.java,48
hadoop,org.apache.hadoop.mapred,MRCaching.MapClass2,1,0,0,0,41,0,0,0,-1.0,0,1,/Users/eashraf/hadoop/hadoop-mapreduce-project/hadoop-mapreduce-client/hadoop-mapreduce-client-jobclient/src/test/java/org/apache/hadoop/mapred/MRCaching.java,117
hadoop,org.apache.hadoop.mapred,MRCaching.ReduceClass,0,0,0,0,12,0,0,2,-1.0,0,0,/Users/eashraf/hadoop/hadoop-mapreduce-project/hadoop-mapreduce-client/hadoop-mapreduce-client-jobclient/src/test/java/org/apache/hadoop/mapred/MRCaching.java,166
hadoop,org.apache.hadoop.mapred,MRCaching.TestResult,2,2,0,0,8,0,0,0,-1.0,0,1,/Users/eashraf/hadoop/hadoop-mapreduce-project/hadoop-mapreduce-client/hadoop-mapreduce-client-jobclient/src/test/java/org/apache/hadoop/mapred/MRCaching.java,183
hadoop,org.apache.hadoop.mapred,TestReduceFetchFromPartialMem,21,0,7,3,233,12,1,0,0.2857142857142857,0,14,/Users/eashraf/hadoop/hadoop-mapreduce-project/hadoop-mapreduce-client/hadoop-mapreduce-client-jobclient/src/test/java/org/apache/hadoop/mapred/TestReduceFetchFromPartialMem.java,42
hadoop,org.apache.hadoop.mapred,TestReduceFetchFromPartialMem.MapMB,6,0,0,0,38,0,0,2,-1.0,0,2,/Users/eashraf/hadoop/hadoop-mapreduce-project/hadoop-mapreduce-client/hadoop-mapreduce-client-jobclient/src/test/java/org/apache/hadoop/mapred/TestReduceFetchFromPartialMem.java,100
hadoop,org.apache.hadoop.mapred,TestReduceFetchFromPartialMem.MBValidate,8,0,0,0,65,0,0,2,-1.0,0,1,/Users/eashraf/hadoop/hadoop-mapreduce-project/hadoop-mapreduce-client/hadoop-mapreduce-client-jobclient/src/test/java/org/apache/hadoop/mapred/TestReduceFetchFromPartialMem.java,159
hadoop,org.apache.hadoop.mapred,TestReduceFetchFromPartialMem.FakeSplit,0,0,0,0,12,0,0,1,-1.0,0,0,/Users/eashraf/hadoop/hadoop-mapreduce-project/hadoop-mapreduce-client/hadoop-mapreduce-client-jobclient/src/test/java/org/apache/hadoop/mapred/TestReduceFetchFromPartialMem.java,245
hadoop,org.apache.hadoop.mapred,TestReduceFetchFromPartialMem.FakeIF,1,0,0,0,36,0,0,1,-1.0,0,0,/Users/eashraf/hadoop/hadoop-mapreduce-project/hadoop-mapreduce-client/hadoop-mapreduce-client-jobclient/src/test/java/org/apache/hadoop/mapred/TestReduceFetchFromPartialMem.java,252
hadoop,org.apache.hadoop.mapred,TestMultipleLevelCaching,3,0,5,1,112,12,0,0,0.0,0,18,/Users/eashraf/hadoop/hadoop-mapreduce-project/hadoop-mapreduce-client/hadoop-mapreduce-client-jobclient/src/test/java/org/apache/hadoop/mapred/TestMultipleLevelCaching.java,36
hadoop,org.apache.hadoop.mapred,ThreadedMapBenchmark,13,0,3,3,166,9,0,0,0.6666666666666666,1,15,/Users/eashraf/hadoop/hadoop-mapreduce-project/hadoop-mapreduce-client/hadoop-mapreduce-client-jobclient/src/test/java/org/apache/hadoop/mapred/ThreadedMapBenchmark.java,40
hadoop,org.apache.hadoop.mapred,ThreadedMapBenchmark.Counters,0,0,0,0,1,0,0,0,-1.0,0,0,/Users/eashraf/hadoop/hadoop-mapreduce-project/hadoop-mapreduce-client/hadoop-mapreduce-client-jobclient/src/test/java/org/apache/hadoop/mapred/ThreadedMapBenchmark.java,66
hadoop,org.apache.hadoop.mapred,ThreadedMapBenchmark.Map,8,0,0,0,44,0,0,2,-1.0,0,2,/Users/eashraf/hadoop/hadoop-mapreduce-project/hadoop-mapreduce-client/hadoop-mapreduce-client-jobclient/src/test/java/org/apache/hadoop/mapred/ThreadedMapBenchmark.java,68
hadoop,org.apache.hadoop.mapred,TestMapRed,7,0,15,10,484,48,0,0,0.26666666666666666,1,24,/Users/eashraf/hadoop/hadoop-mapreduce-project/hadoop-mapreduce-client/hadoop-mapreduce-client-jobclient/src/test/java/org/apache/hadoop/mapred/TestMapRed.java,57
hadoop,org.apache.hadoop.mapred,TestMapRed.RandomGenMapper,0,0,0,0,13,0,0,2,-1.0,0,0,/Users/eashraf/hadoop/hadoop-mapreduce-project/hadoop-mapreduce-client/hadoop-mapreduce-client-jobclient/src/test/java/org/apache/hadoop/mapred/TestMapRed.java,119
hadoop,org.apache.hadoop.mapred,TestMapRed.RandomGenReducer,0,0,0,0,13,0,0,2,-1.0,0,0,/Users/eashraf/hadoop/hadoop-mapreduce-project/hadoop-mapreduce-client/hadoop-mapreduce-client-jobclient/src/test/java/org/apache/hadoop/mapred/TestMapRed.java,138
hadoop,org.apache.hadoop.mapred,TestMapRed.RandomCheckMapper,0,0,0,0,12,0,0,2,-1.0,0,0,/Users/eashraf/hadoop/hadoop-mapreduce-project/hadoop-mapreduce-client/hadoop-mapreduce-client-jobclient/src/test/java/org/apache/hadoop/mapred/TestMapRed.java,157
hadoop,org.apache.hadoop.mapred,TestMapRed.RandomCheckReducer,0,0,0,0,17,0,0,2,-1.0,0,0,/Users/eashraf/hadoop/hadoop-mapreduce-project/hadoop-mapreduce-client/hadoop-mapreduce-client-jobclient/src/test/java/org/apache/hadoop/mapred/TestMapRed.java,187
hadoop,org.apache.hadoop.mapred,TestMapRed.MergeMapper,0,0,0,0,14,0,0,2,-1.0,0,0,/Users/eashraf/hadoop/hadoop-mapreduce-project/hadoop-mapreduce-client/hadoop-mapreduce-client-jobclient/src/test/java/org/apache/hadoop/mapred/TestMapRed.java,209
hadoop,org.apache.hadoop.mapred,TestMapRed.MergeReducer,0,0,0,0,14,0,0,2,-1.0,0,0,/Users/eashraf/hadoop/hadoop-mapreduce-project/hadoop-mapreduce-client/hadoop-mapreduce-client-jobclient/src/test/java/org/apache/hadoop/mapred/TestMapRed.java,234
hadoop,org.apache.hadoop.mapred,TestMapRed.MyMap,0,0,0,0,10,0,0,2,-1.0,0,0,/Users/eashraf/hadoop/hadoop-mapreduce-project/hadoop-mapreduce-client/hadoop-mapreduce-client-jobclient/src/test/java/org/apache/hadoop/mapred/TestMapRed.java,275
hadoop,org.apache.hadoop.mapred,TestMapRed.MyReduce,3,0,0,0,22,0,0,0,-1.0,0,1,/Users/eashraf/hadoop/hadoop-mapreduce-project/hadoop-mapreduce-client/hadoop-mapreduce-client-jobclient/src/test/java/org/apache/hadoop/mapred/TestMapRed.java,292
hadoop,org.apache.hadoop.mapred,TestMapRed.NullMapper,0,0,0,0,9,0,0,2,-1.0,0,0,/Users/eashraf/hadoop/hadoop-mapreduce-project/hadoop-mapreduce-client/hadoop-mapreduce-client-jobclient/src/test/java/org/apache/hadoop/mapred/TestMapRed.java,324
hadoop,org.apache.hadoop.mapred,JobClientUnitTest,0,0,6,6,100,6,0,0,-1.0,0,8,/Users/eashraf/hadoop/hadoop-mapreduce-project/hadoop-mapreduce-client/hadoop-mapreduce-client-jobclient/src/test/java/org/apache/hadoop/mapred/JobClientUnitTest.java,43
hadoop,org.apache.hadoop.mapred,JobClientUnitTest.TestJobClient,0,0,0,0,8,0,0,1,-1.0,0,0,/Users/eashraf/hadoop/hadoop-mapreduce-project/hadoop-mapreduce-client/hadoop-mapreduce-client-jobclient/src/test/java/org/apache/hadoop/mapred/JobClientUnitTest.java,46
hadoop,org.apache.hadoop.mapred,EmptyInputFormat,0,0,8,8,30,8,0,1,-1.0,1,4,/Users/eashraf/hadoop/hadoop-mapreduce-project/hadoop-mapreduce-client/hadoop-mapreduce-client-jobclient/src/test/java/org/apache/hadoop/mapred/EmptyInputFormat.java,24
hadoop,org.apache.hadoop.mapred,WordCount,2,0,3,2,84,7,0,0,0.6666666666666666,3,7,/Users/eashraf/hadoop/hadoop-mapreduce-project/hadoop-mapreduce-client/hadoop-mapreduce-client-jobclient/src/test/java/org/apache/hadoop/mapred/WordCount.java,45
hadoop,org.apache.hadoop.mapred,WordCount.MapClass,2,0,0,0,15,0,0,2,-1.0,0,2,/Users/eashraf/hadoop/hadoop-mapreduce-project/hadoop-mapreduce-client/hadoop-mapreduce-client-jobclient/src/test/java/org/apache/hadoop/mapred/WordCount.java,56
hadoop,org.apache.hadoop.mapred,WordCount.Reduce,0,0,0,0,12,0,0,2,-1.0,0,0,/Users/eashraf/hadoop/hadoop-mapreduce-project/hadoop-mapreduce-client/hadoop-mapreduce-client-jobclient/src/test/java/org/apache/hadoop/mapred/WordCount.java,79
hadoop,org.apache.hadoop.mapred,TestIFile,0,0,2,2,29,2,0,0,-1.0,0,7,/Users/eashraf/hadoop/hadoop-mapreduce-project/hadoop-mapreduce-client/hadoop-mapreduce-client-jobclient/src/test/java/org/apache/hadoop/mapred/TestIFile.java,32
hadoop,org.apache.hadoop.mapred,TestSequenceFileInputFormat,3,0,2,2,57,7,0,0,0.0,1,7,/Users/eashraf/hadoop/hadoop-mapreduce-project/hadoop-mapreduce-client/hadoop-mapreduce-client-jobclient/src/test/java/org/apache/hadoop/mapred/TestSequenceFileInputFormat.java,31
hadoop,org.apache.hadoop.mapred,TestClusterMapReduceTestCase,0,0,5,5,70,8,0,1,-1.0,0,11,/Users/eashraf/hadoop/hadoop-mapreduce-project/hadoop-mapreduce-client/hadoop-mapreduce-client-jobclient/src/test/java/org/apache/hadoop/mapred/TestClusterMapReduceTestCase.java,32
hadoop,org.apache.hadoop.mapred,TestIFileStreams,0,0,3,3,74,10,0,0,-1.0,0,4,/Users/eashraf/hadoop/hadoop-mapreduce-project/hadoop-mapreduce-client/hadoop-mapreduce-client-jobclient/src/test/java/org/apache/hadoop/mapred/TestIFileStreams.java,27
hadoop,org.apache.hadoop.mapred,YarnClientProtocolProvider,0,0,3,3,13,4,0,0,-1.0,0,3,/Users/eashraf/hadoop/hadoop-mapreduce-project/hadoop-mapreduce-client/hadoop-mapreduce-client-jobclient/src/main/java/org/apache/hadoop/mapred/YarnClientProtocolProvider.java,29
hadoop,org.apache.hadoop.mapred,ClientServiceDelegate,15,0,16,11,327,45,0,0,0.0,3,41,/Users/eashraf/hadoop/hadoop-mapreduce-project/hadoop-mapreduce-client/hadoop-mapreduce-client-jobclient/src/main/java/org/apache/hadoop/mapred/ClientServiceDelegate.java,83
hadoop,org.apache.hadoop.mapred,ClientCache,5,0,5,3,50,9,0,0,0.0,2,10,/Users/eashraf/hadoop/hadoop-mapreduce-project/hadoop-mapreduce-client/hadoop-mapreduce-client-jobclient/src/main/java/org/apache/hadoop/mapred/ClientCache.java,39
hadoop,org.apache.hadoop.mapred,NotRunningJob,3,0,17,15,92,17,0,0,0.35294117647058826,1,36,/Users/eashraf/hadoop/hadoop-mapreduce-project/hadoop-mapreduce-client/hadoop-mapreduce-client-jobclient/src/main/java/org/apache/hadoop/mapred/NotRunningJob.java,73
hadoop,org.apache.hadoop.mapred,ResourceMgrDelegate,6,0,52,49,241,53,0,0,0.11538461538461539,7,25,/Users/eashraf/hadoop/hadoop-mapreduce-project/hadoop-mapreduce-client/hadoop-mapreduce-client-jobclient/src/main/java/org/apache/hadoop/mapred/ResourceMgrDelegate.java,76
hadoop,org.apache.hadoop.mapred,YARNRunner,6,0,44,37,344,62,0,0,0.13636363636363635,2,46,/Users/eashraf/hadoop/hadoop-mapreduce-project/hadoop-mapreduce-client/hadoop-mapreduce-client-jobclient/src/main/java/org/apache/hadoop/mapred/YARNRunner.java,92
hadoop,org.apache.hadoop.mapreduce.v2,TestRPCFactories,0,0,3,1,98,3,0,0,-1.0,0,6,/Users/eashraf/hadoop/hadoop-mapreduce-project/hadoop-mapreduce-client/hadoop-mapreduce-client-common/src/test/java/org/apache/hadoop/mapreduce/v2/TestRPCFactories.java,64
hadoop,org.apache.hadoop.mapreduce.v2,TestRPCFactories.MRClientProtocolTestImpl,0,0,0,0,47,0,0,0,-1.0,0,0,/Users/eashraf/hadoop/hadoop-mapreduce-project/hadoop-mapreduce-client/hadoop-mapreduce-client-common/src/test/java/org/apache/hadoop/mapreduce/v2/TestRPCFactories.java,127
hadoop,org.apache.hadoop.mapreduce.v2,TestRecordFactory,0,0,1,1,21,1,0,0,-1.0,0,6,/Users/eashraf/hadoop/hadoop-mapreduce-project/hadoop-mapreduce-client/hadoop-mapreduce-client-common/src/test/java/org/apache/hadoop/mapreduce/v2/TestRecordFactory.java,32
hadoop,org.apache.hadoop.mapreduce.v2,LogParams,4,0,9,9,36,9,0,0,0.0,1,0,/Users/eashraf/hadoop/hadoop-mapreduce-project/hadoop-mapreduce-client/hadoop-mapreduce-client-core/src/main/java/org/apache/hadoop/mapreduce/v2/LogParams.java,21
hadoop,org.apache.hadoop.mapreduce.v2,TestMRAppWithCombiner,4,0,5,3,83,11,0,0,0.0,0,18,/Users/eashraf/hadoop/hadoop-mapreduce-project/hadoop-mapreduce-client/hadoop-mapreduce-client-jobclient/src/test/java/org/apache/hadoop/mapreduce/v2/TestMRAppWithCombiner.java,51
hadoop,org.apache.hadoop.mapreduce.v2,TestMRAppWithCombiner.MyCombinerToCheckReporter,0,0,0,0,7,0,0,0,-1.0,0,1,/Users/eashraf/hadoop/hadoop-mapreduce-project/hadoop-mapreduce-client/hadoop-mapreduce-client-jobclient/src/test/java/org/apache/hadoop/mapreduce/v2/TestMRAppWithCombiner.java,151
hadoop,org.apache.hadoop.mapreduce.v2,TestSpeculativeExecutionWithMRApp,2,0,7,4,140,26,0,0,0.42857142857142855,0,15,/Users/eashraf/hadoop/hadoop-mapreduce-project/hadoop-mapreduce-client/hadoop-mapreduce-client-jobclient/src/test/java/org/apache/hadoop/mapreduce/v2/TestSpeculativeExecutionWithMRApp.java,51
hadoop,org.apache.hadoop.mapreduce.v2,TestMROldApiJobs,4,0,7,6,113,15,0,0,0.0,0,19,/Users/eashraf/hadoop/hadoop-mapreduce-project/hadoop-mapreduce-client/hadoop-mapreduce-client-jobclient/src/test/java/org/apache/hadoop/mapreduce/v2/TestMROldApiJobs.java,50
hadoop,org.apache.hadoop.mapreduce.v2,TestNonExistentJob,2,0,4,1,53,8,0,0,0.0,0,8,/Users/eashraf/hadoop/hadoop-mapreduce-project/hadoop-mapreduce-client/hadoop-mapreduce-client-jobclient/src/test/java/org/apache/hadoop/mapreduce/v2/TestNonExistentJob.java,35
hadoop,org.apache.hadoop.mapreduce.v2,TestMRJobs,15,0,28,17,615,65,1,0,0.0,3,48,/Users/eashraf/hadoop/hadoop-mapreduce-project/hadoop-mapreduce-client/hadoop-mapreduce-client-jobclient/src/test/java/org/apache/hadoop/mapreduce/v2/TestMRJobs.java,108
hadoop,org.apache.hadoop.mapreduce.v2,TestMRJobs.CustomOutputFormat,0,0,0,0,15,0,0,0,-1.0,0,0,/Users/eashraf/hadoop/hadoop-mapreduce-project/hadoop-mapreduce-client/hadoop-mapreduce-client-jobclient/src/test/java/org/apache/hadoop/mapreduce/v2/TestMRJobs.java,357
hadoop,org.apache.hadoop.mapreduce.v2,TestMRJobs.CustomSpeculator,0,0,0,0,16,0,0,0,-1.0,0,0,/Users/eashraf/hadoop/hadoop-mapreduce-project/hadoop-mapreduce-client/hadoop-mapreduce-client-jobclient/src/test/java/org/apache/hadoop/mapreduce/v2/TestMRJobs.java,379
hadoop,org.apache.hadoop.mapreduce.v2,TestMRJobs.DistributedCacheChecker,0,0,0,0,79,0,0,0,-1.0,0,1,/Users/eashraf/hadoop/hadoop-mapreduce-project/hadoop-mapreduce-client/hadoop-mapreduce-client-jobclient/src/test/java/org/apache/hadoop/mapreduce/v2/TestMRJobs.java,740
hadoop,org.apache.hadoop.mapreduce.v2,TestMRJobs.ConfVerificationMapper,0,0,0,0,16,0,0,0,-1.0,0,1,/Users/eashraf/hadoop/hadoop-mapreduce-project/hadoop-mapreduce-client/hadoop-mapreduce-client-jobclient/src/test/java/org/apache/hadoop/mapreduce/v2/TestMRJobs.java,994
hadoop,org.apache.hadoop.mapreduce.v2,TestMRJobsWithProfiler,8,0,5,4,140,24,0,0,0.0,0,12,/Users/eashraf/hadoop/hadoop-mapreduce-project/hadoop-mapreduce-client/hadoop-mapreduce-client-jobclient/src/test/java/org/apache/hadoop/mapreduce/v2/TestMRJobsWithProfiler.java,46
hadoop,org.apache.hadoop.mapreduce.v2,TestMRAMWithNonNormalizedCapabilities,6,0,3,3,60,8,0,0,0.0,0,8,/Users/eashraf/hadoop/hadoop-mapreduce-project/hadoop-mapreduce-client/hadoop-mapreduce-client-jobclient/src/test/java/org/apache/hadoop/mapreduce/v2/TestMRAMWithNonNormalizedCapabilities.java,41
hadoop,org.apache.hadoop.mapreduce.v2,TestSpeculativeExecution,8,0,5,3,148,9,0,0,0.0,0,16,/Users/eashraf/hadoop/hadoop-mapreduce-project/hadoop-mapreduce-client/hadoop-mapreduce-client-jobclient/src/test/java/org/apache/hadoop/mapreduce/v2/TestSpeculativeExecution.java,52
hadoop,org.apache.hadoop.mapreduce.v2,TestSpeculativeExecution.TestSpecEstimator,1,0,0,0,12,0,0,0,-1.0,0,0,/Users/eashraf/hadoop/hadoop-mapreduce-project/hadoop-mapreduce-client/hadoop-mapreduce-client-jobclient/src/test/java/org/apache/hadoop/mapreduce/v2/TestSpeculativeExecution.java,57
hadoop,org.apache.hadoop.mapreduce.v2,TestSpeculativeExecution.SpeculativeMapper,0,0,0,0,17,0,0,0,-1.0,0,2,/Users/eashraf/hadoop/hadoop-mapreduce-project/hadoop-mapreduce-client/hadoop-mapreduce-client-jobclient/src/test/java/org/apache/hadoop/mapreduce/v2/TestSpeculativeExecution.java,134
hadoop,org.apache.hadoop.mapreduce.v2,TestSpeculativeExecution.SpeculativeReducer,0,0,0,0,17,0,0,0,-1.0,0,2,/Users/eashraf/hadoop/hadoop-mapreduce-project/hadoop-mapreduce-client/hadoop-mapreduce-client-jobclient/src/test/java/org/apache/hadoop/mapreduce/v2/TestSpeculativeExecution.java,164
hadoop,org.apache.hadoop.mapreduce.v2,TestRMNMInfo,7,0,4,4,92,10,0,0,0.5,0,9,/Users/eashraf/hadoop/hadoop-mapreduce-project/hadoop-mapreduce-client/hadoop-mapreduce-client-jobclient/src/test/java/org/apache/hadoop/mapreduce/v2/TestRMNMInfo.java,47
hadoop,org.apache.hadoop.mapreduce.v2,MiniMRYarnCluster,4,1,6,6,134,13,0,0,1.0,15,16,/Users/eashraf/hadoop/hadoop-mapreduce-project/hadoop-mapreduce-client/hadoop-mapreduce-client-jobclient/src/test/java/org/apache/hadoop/mapreduce/v2/MiniMRYarnCluster.java,56
hadoop,org.apache.hadoop.mapreduce.v2,MiniMRYarnCluster.JobHistoryServerWrapper,0,0,0,0,46,0,0,0,-1.0,0,3,/Users/eashraf/hadoop/hadoop-mapreduce-project/hadoop-mapreduce-client/hadoop-mapreduce-client-jobclient/src/test/java/org/apache/hadoop/mapreduce/v2/MiniMRYarnCluster.java,189
hadoop,org.apache.hadoop.mapreduce.v2,TestMiniMRProxyUser,2,0,9,5,106,13,0,0,0.0,0,10,/Users/eashraf/hadoop/hadoop-mapreduce-project/hadoop-mapreduce-client/hadoop-mapreduce-client-jobclient/src/test/java/org/apache/hadoop/mapreduce/v2/TestMiniMRProxyUser.java,41
hadoop,org.apache.hadoop.mapreduce.v2,TestUberAM,1,0,9,6,75,13,0,1,1.0,0,11,/Users/eashraf/hadoop/hadoop-mapreduce-project/hadoop-mapreduce-client/hadoop-mapreduce-client-jobclient/src/test/java/org/apache/hadoop/mapreduce/v2/TestUberAM.java,39
hadoop,org.apache.hadoop.mapreduce.v2,TestMRJobsWithHistoryService,7,0,5,3,94,13,0,0,0.0,0,21,/Users/eashraf/hadoop/hadoop-mapreduce-project/hadoop-mapreduce-client/hadoop-mapreduce-client-jobclient/src/test/java/org/apache/hadoop/mapreduce/v2/TestMRJobsWithHistoryService.java,56
hadoop,org.apache.hadoop.mapreduce.v2.util,TestMRApps,3,0,27,26,322,33,0,0,0.8888888888888888,0,21,/Users/eashraf/hadoop/hadoop-mapreduce-project/hadoop-mapreduce-client/hadoop-mapreduce-client-common/src/test/java/org/apache/hadoop/mapreduce/v2/util/TestMRApps.java,66
hadoop,org.apache.hadoop.mapreduce.v2.util,TestMRApps.MockFileSystem,0,0,0,0,7,0,0,0,-1.0,0,0,/Users/eashraf/hadoop/hadoop-mapreduce-project/hadoop-mapreduce-client/hadoop-mapreduce-client-common/src/test/java/org/apache/hadoop/mapreduce/v2/util/TestMRApps.java,462
hadoop,org.apache.hadoop.mapreduce.v2.util,MRBuilderUtils,0,0,6,6,54,6,0,0,-1.0,25,11,/Users/eashraf/hadoop/hadoop-mapreduce-project/hadoop-mapreduce-client/hadoop-mapreduce-client-common/src/main/java/org/apache/hadoop/mapreduce/v2/util/MRBuilderUtils.java,35
hadoop,org.apache.hadoop.mapreduce.v2.util,MRWebAppUtil,4,0,16,12,89,20,0,0,0.125,11,8,/Users/eashraf/hadoop/hadoop-mapreduce-project/hadoop-mapreduce-client/hadoop-mapreduce-client-common/src/main/java/org/apache/hadoop/mapreduce/v2/util/MRWebAppUtil.java,41
hadoop,org.apache.hadoop.mapreduce.v2.util,MRApps,4,1,36,28,416,86,0,0,0.5555555555555556,53,28,/Users/eashraf/hadoop/hadoop-mapreduce-project/hadoop-mapreduce-client/hadoop-mapreduce-client-common/src/main/java/org/apache/hadoop/mapreduce/v2/util/MRApps.java,76
hadoop,org.apache.hadoop.mapreduce.v2.util,MRApps.TaskAttemptStateUI,1,0,0,0,8,0,0,0,-1.0,0,1,/Users/eashraf/hadoop/hadoop-mapreduce-project/hadoop-mapreduce-client/hadoop-mapreduce-client-common/src/main/java/org/apache/hadoop/mapreduce/v2/util/MRApps.java,116
hadoop,org.apache.hadoop.mapreduce.v2.util,MRApps.TaskStateUI,1,0,0,0,8,0,0,0,-1.0,0,1,/Users/eashraf/hadoop/hadoop-mapreduce-project/hadoop-mapreduce-client/hadoop-mapreduce-client-common/src/main/java/org/apache/hadoop/mapreduce/v2/util/MRApps.java,138
hadoop,org.apache.hadoop.mapreduce.v2.util,MRProtoUtils,5,0,12,12,43,12,0,0,0.5833333333333334,6,6,/Users/eashraf/hadoop/hadoop-mapreduce-project/hadoop-mapreduce-client/hadoop-mapreduce-client-common/src/main/java/org/apache/hadoop/mapreduce/v2/util/MRProtoUtils.java,34
hadoop,org.apache.hadoop.mapreduce.v2.jobhistory,TestJobHistoryUtils,1,0,4,1,79,4,0,0,0.5,0,4,/Users/eashraf/hadoop/hadoop-mapreduce-project/hadoop-mapreduce-client/hadoop-mapreduce-client-common/src/test/java/org/apache/hadoop/mapreduce/v2/jobhistory/TestJobHistoryUtils.java,34
hadoop,org.apache.hadoop.mapreduce.v2.jobhistory,TestFileNameIndexUtils,19,0,9,9,138,9,0,0,0.0,0,6,/Users/eashraf/hadoop/hadoop-mapreduce-project/hadoop-mapreduce-client/hadoop-mapreduce-client-common/src/test/java/org/apache/hadoop/mapreduce/v2/jobhistory/TestFileNameIndexUtils.java,30
hadoop,org.apache.hadoop.mapreduce.v2.jobhistory,FileNameIndexUtils,14,0,11,4,184,17,0,0,0.0,4,5,/Users/eashraf/hadoop/hadoop-mapreduce-project/hadoop-mapreduce-client/hadoop-mapreduce-client-common/src/main/java/org/apache/hadoop/mapreduce/v2/jobhistory/FileNameIndexUtils.java,33
hadoop,org.apache.hadoop.mapreduce.v2.jobhistory,JobIndexInfo,10,0,24,24,95,24,0,0,0.08333333333333333,10,2,/Users/eashraf/hadoop/hadoop-mapreduce-project/hadoop-mapreduce-client/hadoop-mapreduce-client-common/src/main/java/org/apache/hadoop/mapreduce/v2/jobhistory/JobIndexInfo.java,24
hadoop,org.apache.hadoop.mapreduce.v2.jobhistory,JobHistoryUtils,19,15,32,27,424,60,0,0,0.4375,14,17,/Users/eashraf/hadoop/hadoop-mapreduce-project/hadoop-mapreduce-client/hadoop-mapreduce-client-common/src/main/java/org/apache/hadoop/mapreduce/v2/jobhistory/JobHistoryUtils.java,52
hadoop,org.apache.hadoop.mapreduce.v2.jobhistory,JHAdminConfig,53,53,0,0,148,0,0,0,-1.0,32,1,/Users/eashraf/hadoop/hadoop-mapreduce-project/hadoop-mapreduce-client/hadoop-mapreduce-client-common/src/main/java/org/apache/hadoop/mapreduce/v2/jobhistory/JHAdminConfig.java,26
hadoop,org.apache.hadoop.mapreduce.v2.api.records,TestIds,0,0,6,3,81,6,0,0,-1.0,0,6,/Users/eashraf/hadoop/hadoop-mapreduce-project/hadoop-mapreduce-client/hadoop-mapreduce-client-common/src/test/java/org/apache/hadoop/mapreduce/v2/api/records/TestIds.java,30
hadoop,org.apache.hadoop.mapreduce.v2.api.records,Phase,0,0,0,0,1,0,0,0,-1.0,13,0,/Users/eashraf/hadoop/hadoop-mapreduce-project/hadoop-mapreduce-client/hadoop-mapreduce-client-common/src/main/java/org/apache/hadoop/mapreduce/v2/api/records/Phase.java,21
hadoop,org.apache.hadoop.mapreduce.v2.api.records,TaskAttemptCompletionEvent,0,0,10,10,12,10,0,0,-1.0,10,2,/Users/eashraf/hadoop/hadoop-mapreduce-project/hadoop-mapreduce-client/hadoop-mapreduce-client-common/src/main/java/org/apache/hadoop/mapreduce/v2/api/records/TaskAttemptCompletionEvent.java,21
hadoop,org.apache.hadoop.mapreduce.v2.api.records,AMInfo,0,0,12,12,14,12,0,0,-1.0,12,2,/Users/eashraf/hadoop/hadoop-mapreduce-project/hadoop-mapreduce-client/hadoop-mapreduce-client-common/src/main/java/org/apache/hadoop/mapreduce/v2/api/records/AMInfo.java,24
hadoop,org.apache.hadoop.mapreduce.v2.api.records,Counters,0,0,8,8,10,8,0,0,-1.0,6,2,/Users/eashraf/hadoop/hadoop-mapreduce-project/hadoop-mapreduce-client/hadoop-mapreduce-client-common/src/main/java/org/apache/hadoop/mapreduce/v2/api/records/Counters.java,23
hadoop,org.apache.hadoop.mapreduce.v2.api.records,CounterGroup,0,0,10,10,12,10,0,0,-1.0,3,1,/Users/eashraf/hadoop/hadoop-mapreduce-project/hadoop-mapreduce-client/hadoop-mapreduce-client-common/src/main/java/org/apache/hadoop/mapreduce/v2/api/records/CounterGroup.java,23
hadoop,org.apache.hadoop.mapreduce.v2.api.records,TaskAttemptCompletionEventStatus,0,0,0,0,1,0,0,0,-1.0,17,0,/Users/eashraf/hadoop/hadoop-mapreduce-project/hadoop-mapreduce-client/hadoop-mapreduce-client-common/src/main/java/org/apache/hadoop/mapreduce/v2/api/records/TaskAttemptCompletionEventStatus.java,21
hadoop,org.apache.hadoop.mapreduce.v2.api.records,JobReport,0,0,32,32,34,32,0,0,-1.0,27,2,/Users/eashraf/hadoop/hadoop-mapreduce-project/hadoop-mapreduce-client/hadoop-mapreduce-client-common/src/main/java/org/apache/hadoop/mapreduce/v2/api/records/JobReport.java,23
hadoop,org.apache.hadoop.mapreduce.v2.api.records,TaskState,0,0,0,0,1,0,0,0,-1.0,38,0,/Users/eashraf/hadoop/hadoop-mapreduce-project/hadoop-mapreduce-client/hadoop-mapreduce-client-common/src/main/java/org/apache/hadoop/mapreduce/v2/api/records/TaskState.java,21
hadoop,org.apache.hadoop.mapreduce.v2.api.records,TaskType,0,0,0,0,1,0,0,0,-1.0,28,0,/Users/eashraf/hadoop/hadoop-mapreduce-project/hadoop-mapreduce-client/hadoop-mapreduce-client-common/src/main/java/org/apache/hadoop/mapreduce/v2/api/records/TaskType.java,21
hadoop,org.apache.hadoop.mapreduce.v2.api.records,TaskReport,0,0,30,30,32,30,0,0,-1.0,9,4,/Users/eashraf/hadoop/hadoop-mapreduce-project/hadoop-mapreduce-client/hadoop-mapreduce-client-common/src/main/java/org/apache/hadoop/mapreduce/v2/api/records/TaskReport.java,23
hadoop,org.apache.hadoop.mapreduce.v2.api.records,Counter,0,0,6,6,8,6,0,0,-1.0,4,0,/Users/eashraf/hadoop/hadoop-mapreduce-project/hadoop-mapreduce-client/hadoop-mapreduce-client-common/src/main/java/org/apache/hadoop/mapreduce/v2/api/records/Counter.java,21
hadoop,org.apache.hadoop.mapreduce.v2.api.records,Avataar,0,0,0,0,1,0,0,0,-1.0,8,0,/Users/eashraf/hadoop/hadoop-mapreduce-project/hadoop-mapreduce-client/hadoop-mapreduce-client-common/src/main/java/org/apache/hadoop/mapreduce/v2/api/records/Avataar.java,21
hadoop,org.apache.hadoop.mapreduce.v2.api.records,Locality,0,0,0,0,1,0,0,0,-1.0,2,0,/Users/eashraf/hadoop/hadoop-mapreduce-project/hadoop-mapreduce-client/hadoop-mapreduce-client-common/src/main/java/org/apache/hadoop/mapreduce/v2/api/records/Locality.java,21
hadoop,org.apache.hadoop.mapreduce.v2.api.records,JobId,3,0,9,9,61,15,0,0,0.4444444444444444,116,1,/Users/eashraf/hadoop/hadoop-mapreduce-project/hadoop-mapreduce-client/hadoop-mapreduce-client-common/src/main/java/org/apache/hadoop/mapreduce/v2/api/records/JobId.java,24
hadoop,org.apache.hadoop.mapreduce.v2.api.records,TaskId,2,0,11,11,72,19,0,0,0.45454545454545453,72,2,/Users/eashraf/hadoop/hadoop-mapreduce-project/hadoop-mapreduce-client/hadoop-mapreduce-client-common/src/main/java/org/apache/hadoop/mapreduce/v2/api/records/TaskId.java,23
hadoop,org.apache.hadoop.mapreduce.v2.api.records,TaskAttemptId,1,0,8,8,53,14,0,0,0.375,84,3,/Users/eashraf/hadoop/hadoop-mapreduce-project/hadoop-mapreduce-client/hadoop-mapreduce-client-common/src/main/java/org/apache/hadoop/mapreduce/v2/api/records/TaskAttemptId.java,21
hadoop,org.apache.hadoop.mapreduce.v2.api.records,TaskAttemptState,0,0,0,0,1,0,0,0,-1.0,36,0,/Users/eashraf/hadoop/hadoop-mapreduce-project/hadoop-mapreduce-client/hadoop-mapreduce-client-common/src/main/java/org/apache/hadoop/mapreduce/v2/api/records/TaskAttemptState.java,21
hadoop,org.apache.hadoop.mapreduce.v2.api.records,JobState,0,0,0,0,1,0,0,0,-1.0,50,0,/Users/eashraf/hadoop/hadoop-mapreduce-project/hadoop-mapreduce-client/hadoop-mapreduce-client-common/src/main/java/org/apache/hadoop/mapreduce/v2/api/records/JobState.java,21
hadoop,org.apache.hadoop.mapreduce.v2.api.records,TaskAttemptReport,0,0,30,30,46,30,0,0,-1.0,12,5,/Users/eashraf/hadoop/hadoop-mapreduce-project/hadoop-mapreduce-client/hadoop-mapreduce-client-common/src/main/java/org/apache/hadoop/mapreduce/v2/api/records/TaskAttemptReport.java,23
hadoop,org.apache.hadoop.mapreduce,TestTypeConverter,0,0,6,6,125,11,0,0,-1.0,0,19,/Users/eashraf/hadoop/hadoop-mapreduce-project/hadoop-mapreduce-client/hadoop-mapreduce-client-common/src/test/java/org/apache/hadoop/mapreduce/TestTypeConverter.java,46
hadoop,org.apache.hadoop.mapreduce,TypeConverter,2,0,34,32,312,103,0,0,0.4117647058823529,48,43,/Users/eashraf/hadoop/hadoop-mapreduce-project/hadoop-mapreduce-client/hadoop-mapreduce-client-common/src/main/java/org/apache/hadoop/mapreduce/TypeConverter.java,58
hadoop,org.apache.hadoop.mapreduce,TestShufflePlugin,0,0,3,3,91,3,0,0,-1.0,0,17,/Users/eashraf/hadoop/hadoop-mapreduce-project/hadoop-mapreduce-client/hadoop-mapreduce-client-core/src/test/java/org/apache/hadoop/mapreduce/TestShufflePlugin.java,42
hadoop,org.apache.hadoop.mapreduce,TestShufflePlugin.TestShuffleConsumerPlugin,0,0,0,0,29,0,0,0,-1.0,0,0,/Users/eashraf/hadoop/hadoop-mapreduce-project/hadoop-mapreduce-client/hadoop-mapreduce-client-core/src/test/java/org/apache/hadoop/mapreduce/TestShufflePlugin.java,51
hadoop,org.apache.hadoop.mapreduce,TestJob,0,0,2,2,29,2,0,0,-1.0,0,12,/Users/eashraf/hadoop/hadoop-mapreduce-project/hadoop-mapreduce-client/hadoop-mapreduce-client-core/src/test/java/org/apache/hadoop/mapreduce/TestJob.java,36
hadoop,org.apache.hadoop.mapreduce,TestContextFactory,3,0,4,4,22,4,0,0,0.5,0,9,/Users/eashraf/hadoop/hadoop-mapreduce-project/hadoop-mapreduce-client/hadoop-mapreduce-client-core/src/test/java/org/apache/hadoop/mapreduce/TestContextFactory.java,28
hadoop,org.apache.hadoop.mapreduce,TestJobMonitorAndPrint,3,0,3,3,61,6,0,0,0.6666666666666666,0,8,/Users/eashraf/hadoop/hadoop-mapreduce-project/hadoop-mapreduce-client/hadoop-mapreduce-client-core/src/test/java/org/apache/hadoop/mapreduce/TestJobMonitorAndPrint.java,51
hadoop,org.apache.hadoop.mapreduce,JobSubmitter,7,0,21,1,487,72,0,0,0.09523809523809523,1,31,/Users/eashraf/hadoop/hadoop-mapreduce-project/hadoop-mapreduce-client/hadoop-mapreduce-client-core/src/main/java/org/apache/hadoop/mapreduce/JobSubmitter.java,73
hadoop,org.apache.hadoop.mapreduce,JobSubmitter.SplitComparator,0,0,0,0,23,0,0,0,-1.0,0,0,/Users/eashraf/hadoop/hadoop-mapreduce-project/hadoop-mapreduce-client/hadoop-mapreduce-client-core/src/main/java/org/apache/hadoop/mapreduce/JobSubmitter.java,655
hadoop,org.apache.hadoop.mapreduce,JobCounter,0,0,0,0,1,0,0,0,-1.0,18,0,/Users/eashraf/hadoop/hadoop-mapreduce-project/hadoop-mapreduce-client/hadoop-mapreduce-client-core/src/main/java/org/apache/hadoop/mapreduce/JobCounter.java,25
hadoop,org.apache.hadoop.mapreduce,CryptoUtils,1,0,8,6,108,16,0,0,0.0,6,8,/Users/eashraf/hadoop/hadoop-mapreduce-project/hadoop-mapreduce-client/hadoop-mapreduce-client-core/src/main/java/org/apache/hadoop/mapreduce/CryptoUtils.java,42
hadoop,org.apache.hadoop.mapreduce,Mapper,0,0,4,1,46,5,25,0,-1.0,19,0,/Users/eashraf/hadoop/hadoop-mapreduce-project/hadoop-mapreduce-client/hadoop-mapreduce-client-core/src/main/java/org/apache/hadoop/mapreduce/Mapper.java,30
hadoop,org.apache.hadoop.mapreduce,Mapper.Context,0,0,0,0,5,0,0,5,-1.0,0,0,/Users/eashraf/hadoop/hadoop-mapreduce-project/hadoop-mapreduce-client/hadoop-mapreduce-client-core/src/main/java/org/apache/hadoop/mapreduce/Mapper.java,103
hadoop,org.apache.hadoop.mapreduce,TaskTrackerInfo,4,0,9,9,60,9,0,0,0.2222222222222222,3,1,/Users/eashraf/hadoop/hadoop-mapreduce-project/hadoop-mapreduce-client/hadoop-mapreduce-client-core/src/main/java/org/apache/hadoop/mapreduce/TaskTrackerInfo.java,29
hadoop,org.apache.hadoop.mapreduce,TaskInputOutputContext,0,0,5,5,37,5,2,3,-1.0,9,1,/Users/eashraf/hadoop/hadoop-mapreduce-project/hadoop-mapreduce-client/hadoop-mapreduce-client-core/src/main/java/org/apache/hadoop/mapreduce/TaskInputOutputContext.java,26
hadoop,org.apache.hadoop.mapreduce,ID,2,0,9,8,51,12,0,0,0.2222222222222222,5,0,/Users/eashraf/hadoop/hadoop-mapreduce-project/hadoop-mapreduce-client/hadoop-mapreduce-client-core/src/main/java/org/apache/hadoop/mapreduce/ID.java,29
hadoop,org.apache.hadoop.mapreduce,ContextFactory,10,0,2,2,167,9,0,0,1.0,1,7,/Users/eashraf/hadoop/hadoop-mapreduce-project/hadoop-mapreduce-client/hadoop-mapreduce-client-core/src/main/java/org/apache/hadoop/mapreduce/ContextFactory.java,28
hadoop,org.apache.hadoop.mapreduce,Counters,1,0,2,2,73,2,0,0,0.0,45,1,/Users/eashraf/hadoop/hadoop-mapreduce-project/hadoop-mapreduce-client/hadoop-mapreduce-client-core/src/main/java/org/apache/hadoop/mapreduce/Counters.java,31
hadoop,org.apache.hadoop.mapreduce,Counters.FrameworkGroupImpl,0,0,0,0,11,0,0,1,-1.0,0,0,/Users/eashraf/hadoop/hadoop-mapreduce-project/hadoop-mapreduce-client/hadoop-mapreduce-client-core/src/main/java/org/apache/hadoop/mapreduce/Counters.java,44
hadoop,org.apache.hadoop.mapreduce,Counters.GenericGroup,0,0,0,0,14,0,0,1,-1.0,0,0,/Users/eashraf/hadoop/hadoop-mapreduce-project/hadoop-mapreduce-client/hadoop-mapreduce-client-core/src/main/java/org/apache/hadoop/mapreduce/Counters.java,64
hadoop,org.apache.hadoop.mapreduce,Counters.FileSystemGroup,0,0,0,0,8,0,0,1,-1.0,0,0,/Users/eashraf/hadoop/hadoop-mapreduce-project/hadoop-mapreduce-client/hadoop-mapreduce-client-core/src/main/java/org/apache/hadoop/mapreduce/Counters.java,88
hadoop,org.apache.hadoop.mapreduce,Counters.GroupFactory,0,0,0,0,19,0,0,0,-1.0,0,0,/Users/eashraf/hadoop/hadoop-mapreduce-project/hadoop-mapreduce-client/hadoop-mapreduce-client-core/src/main/java/org/apache/hadoop/mapreduce/Counters.java,102
hadoop,org.apache.hadoop.mapreduce,MarkableIteratorInterface,0,0,3,0,20,3,2,0,-1.0,1,0,/Users/eashraf/hadoop/hadoop-mapreduce-project/hadoop-mapreduce-client/hadoop-mapreduce-client-core/src/main/java/org/apache/hadoop/mapreduce/MarkableIteratorInterface.java,27
hadoop,org.apache.hadoop.mapreduce,FileSystemCounter,0,0,0,0,1,0,0,0,-1.0,8,0,/Users/eashraf/hadoop/hadoop-mapreduce-project/hadoop-mapreduce-client/hadoop-mapreduce-client-core/src/main/java/org/apache/hadoop/mapreduce/FileSystemCounter.java,23
hadoop,org.apache.hadoop.mapreduce,CounterGroup,0,0,0,0,5,0,3,0,-1.0,12,0,/Users/eashraf/hadoop/hadoop-mapreduce-project/hadoop-mapreduce-client/hadoop-mapreduce-client-core/src/main/java/org/apache/hadoop/mapreduce/CounterGroup.java,25
hadoop,org.apache.hadoop.mapreduce,Job,14,5,108,96,1103,149,0,2,0.046296296296296294,189,24,/Users/eashraf/hadoop/hadoop-mapreduce-project/hadoop-mapreduce-client/hadoop-mapreduce-client-core/src/main/java/org/apache/hadoop/mapreduce/Job.java,43
hadoop,org.apache.hadoop.mapreduce,Job.JobState,0,0,0,0,1,0,0,0,-1.0,0,0,/Users/eashraf/hadoop/hadoop-mapreduce-project/hadoop-mapreduce-client/hadoop-mapreduce-client-core/src/main/java/org/apache/hadoop/mapreduce/Job.java,81
hadoop,org.apache.hadoop.mapreduce,Job.TaskStatusFilter,0,0,0,0,1,0,0,0,-1.0,0,0,/Users/eashraf/hadoop/hadoop-mapreduce-project/hadoop-mapreduce-client/hadoop-mapreduce-client-core/src/main/java/org/apache/hadoop/mapreduce/Job.java,102
hadoop,org.apache.hadoop.mapreduce,QueueAclsInfo,2,0,7,6,46,7,0,0,0.2857142857142857,3,3,/Users/eashraf/hadoop/hadoop-mapreduce-project/hadoop-mapreduce-client/hadoop-mapreduce-client-core/src/main/java/org/apache/hadoop/mapreduce/QueueAclsInfo.java,31
hadoop,org.apache.hadoop.mapreduce,TaskType,0,0,0,0,4,0,0,0,-1.0,140,0,/Users/eashraf/hadoop/hadoop-mapreduce-project/hadoop-mapreduce-client/hadoop-mapreduce-client-core/src/main/java/org/apache/hadoop/mapreduce/TaskType.java,24
hadoop,org.apache.hadoop.mapreduce,Cluster,10,0,29,25,305,40,0,0,0.0,14,16,/Users/eashraf/hadoop/hadoop-mapreduce-project/hadoop-mapreduce-client/hadoop-mapreduce-client-core/src/main/java/org/apache/hadoop/mapreduce/Cluster.java,47
hadoop,org.apache.hadoop.mapreduce,Cluster.JobTrackerStatus,0,0,0,0,1,0,0,0,-1.0,0,0,/Users/eashraf/hadoop/hadoop-mapreduce-project/hadoop-mapreduce-client/hadoop-mapreduce-client-core/src/main/java/org/apache/hadoop/mapreduce/Cluster.java,54
hadoop,org.apache.hadoop.mapreduce,QueueState,2,0,4,3,30,5,0,0,0.5,8,0,/Users/eashraf/hadoop/hadoop-mapreduce-project/hadoop-mapreduce-client/hadoop-mapreduce-client-core/src/main/java/org/apache/hadoop/mapreduce/QueueState.java,26
hadoop,org.apache.hadoop.mapreduce,TaskAttemptContext,0,0,6,6,35,6,1,2,-1.0,69,2,/Users/eashraf/hadoop/hadoop-mapreduce-project/hadoop-mapreduce-client/hadoop-mapreduce-client-core/src/main/java/org/apache/hadoop/mapreduce/TaskAttemptContext.java,25
hadoop,org.apache.hadoop.mapreduce,Reducer,0,0,4,1,48,7,16,0,-1.0,9,1,/Users/eashraf/hadoop/hadoop-mapreduce-project/hadoop-mapreduce-client/hadoop-mapreduce-client-core/src/main/java/org/apache/hadoop/mapreduce/Reducer.java,30
hadoop,org.apache.hadoop.mapreduce,Reducer.Context,0,0,0,0,5,0,0,5,-1.0,0,0,/Users/eashraf/hadoop/hadoop-mapreduce-project/hadoop-mapreduce-client/hadoop-mapreduce-client-core/src/main/java/org/apache/hadoop/mapreduce/Reducer.java,126
hadoop,org.apache.hadoop.mapreduce,TaskReport,10,0,21,17,186,29,0,0,0.0,7,7,/Users/eashraf/hadoop/hadoop-mapreduce-project/hadoop-mapreduce-client/hadoop-mapreduce-client-core/src/main/java/org/apache/hadoop/mapreduce/TaskReport.java,36
hadoop,org.apache.hadoop.mapreduce,JobACL,1,0,2,1,21,2,0,0,0.0,23,1,/Users/eashraf/hadoop/hadoop-mapreduce-project/hadoop-mapreduce-client/hadoop-mapreduce-client-core/src/main/java/org/apache/hadoop/mapreduce/JobACL.java,22
hadoop,org.apache.hadoop.mapreduce,Counter,0,0,7,0,36,7,0,0,-1.0,39,0,/Users/eashraf/hadoop/hadoop-mapreduce-project/hadoop-mapreduce-client/hadoop-mapreduce-client-core/src/main/java/org/apache/hadoop/mapreduce/Counter.java,26
hadoop,org.apache.hadoop.mapreduce,JobStatus,26,0,57,41,510,61,0,0,0.08771929824561403,38,7,/Users/eashraf/hadoop/hadoop-mapreduce-project/hadoop-mapreduce-client/hadoop-mapreduce-client-core/src/main/java/org/apache/hadoop/mapreduce/JobStatus.java,37
hadoop,org.apache.hadoop.mapreduce,JobStatus.State,1,0,0,0,11,0,0,0,-1.0,0,0,/Users/eashraf/hadoop/hadoop-mapreduce-project/hadoop-mapreduce-client/hadoop-mapreduce-client-core/src/main/java/org/apache/hadoop/mapreduce/JobStatus.java,52
hadoop,org.apache.hadoop.mapreduce,MarkableIterator,1,0,7,7,34,8,0,1,0.2857142857142857,1,1,/Users/eashraf/hadoop/hadoop-mapreduce-project/hadoop-mapreduce-client/hadoop-mapreduce-client-core/src/main/java/org/apache/hadoop/mapreduce/MarkableIterator.java,27
hadoop,org.apache.hadoop.mapreduce,MRJobConfig,325,325,0,0,447,0,1,0,-1.0,202,1,/Users/eashraf/hadoop/hadoop-mapreduce-project/hadoop-mapreduce-client/hadoop-mapreduce-client-core/src/main/java/org/apache/hadoop/mapreduce/MRJobConfig.java,27
hadoop,org.apache.hadoop.mapreduce,MRConfig,37,37,0,0,51,0,0,0,-1.0,73,0,/Users/eashraf/hadoop/hadoop-mapreduce-project/hadoop-mapreduce-client/hadoop-mapreduce-client-core/src/main/java/org/apache/hadoop/mapreduce/MRConfig.java,24
hadoop,org.apache.hadoop.mapreduce,JobSubmissionFiles,3,2,9,9,83,12,0,0,1.0,10,7,/Users/eashraf/hadoop/hadoop-mapreduce-project/hadoop-mapreduce-client/hadoop-mapreduce-client-core/src/main/java/org/apache/hadoop/mapreduce/JobSubmissionFiles.java,34
hadoop,org.apache.hadoop.mapreduce,ClusterMetrics,13,0,18,18,160,18,0,0,0.1111111111111111,3,0,/Users/eashraf/hadoop/hadoop-mapreduce-project/hadoop-mapreduce-client/hadoop-mapreduce-client-core/src/main/java/org/apache/hadoop/mapreduce/ClusterMetrics.java,28
hadoop,org.apache.hadoop.mapreduce,JobID,4,2,11,11,91,16,0,0,0.0,51,2,/Users/eashraf/hadoop/hadoop-mapreduce-project/hadoop-mapreduce-client/hadoop-mapreduce-client-core/src/main/java/org/apache/hadoop/mapreduce/JobID.java,30
hadoop,org.apache.hadoop.mapreduce,QueueInfo,6,0,17,11,153,23,0,0,0.0,6,5,/Users/eashraf/hadoop/hadoop-mapreduce-project/hadoop-mapreduce-client/hadoop-mapreduce-client-core/src/main/java/org/apache/hadoop/mapreduce/QueueInfo.java,34
hadoop,org.apache.hadoop.mapreduce,Partitioner,0,0,1,1,14,1,1,0,-1.0,4,0,/Users/eashraf/hadoop/hadoop-mapreduce-project/hadoop-mapreduce-client/hadoop-mapreduce-client-core/src/main/java/org/apache/hadoop/mapreduce/Partitioner.java,25
hadoop,org.apache.hadoop.mapreduce,TaskID,7,0,19,18,203,28,0,0,0.15789473684210525,26,4,/Users/eashraf/hadoop/hadoop-mapreduce-project/hadoop-mapreduce-client/hadoop-mapreduce-client-core/src/main/java/org/apache/hadoop/mapreduce/TaskID.java,34
hadoop,org.apache.hadoop.mapreduce,TaskID.CharTaskTypeMaps,3,0,0,0,32,0,0,0,-1.0,0,1,/Users/eashraf/hadoop/hadoop-mapreduce-project/hadoop-mapreduce-client/hadoop-mapreduce-client-core/src/main/java/org/apache/hadoop/mapreduce/TaskID.java,256
hadoop,org.apache.hadoop.mapreduce,TaskAttemptID,2,0,16,15,136,24,0,0,0.0,44,4,/Users/eashraf/hadoop/hadoop-mapreduce-project/hadoop-mapreduce-client/hadoop-mapreduce-client-core/src/main/java/org/apache/hadoop/mapreduce/TaskAttemptID.java,28
hadoop,org.apache.hadoop.mapreduce,ReduceContext,0,0,2,2,28,2,1,4,-1.0,7,0,/Users/eashraf/hadoop/hadoop-mapreduce-project/hadoop-mapreduce-client/hadoop-mapreduce-client-core/src/main/java/org/apache/hadoop/mapreduce/ReduceContext.java,27
hadoop,org.apache.hadoop.mapreduce,ReduceContext.ValueIterator,0,0,0,0,10,0,0,1,-1.0,0,0,/Users/eashraf/hadoop/hadoop-mapreduce-project/hadoop-mapreduce-client/hadoop-mapreduce-client-core/src/main/java/org/apache/hadoop/mapreduce/ReduceContext.java,50
hadoop,org.apache.hadoop.mapreduce,InputSplit,0,0,3,3,29,3,5,0,-1.0,45,0,/Users/eashraf/hadoop/hadoop-mapreduce-project/hadoop-mapreduce-client/hadoop-mapreduce-client-core/src/main/java/org/apache/hadoop/mapreduce/InputSplit.java,31
hadoop,org.apache.hadoop.mapreduce,OutputCommitter,0,0,11,11,90,11,0,0,-1.0,11,3,/Users/eashraf/hadoop/hadoop-mapreduce-project/hadoop-mapreduce-client/hadoop-mapreduce-client-core/src/main/java/org/apache/hadoop/mapreduce/OutputCommitter.java,25
hadoop,org.apache.hadoop.mapreduce,MapContext,0,0,1,1,13,1,1,4,-1.0,17,1,/Users/eashraf/hadoop/hadoop-mapreduce-project/hadoop-mapreduce-client/hadoop-mapreduce-client-core/src/main/java/org/apache/hadoop/mapreduce/MapContext.java,24
hadoop,org.apache.hadoop.mapreduce,JobContext,0,0,37,37,198,37,2,1,-1.0,42,1,/Users/eashraf/hadoop/hadoop-mapreduce-project/hadoop-mapreduce-client/hadoop-mapreduce-client-core/src/main/java/org/apache/hadoop/mapreduce/JobContext.java,33
hadoop,org.apache.hadoop.mapreduce,RecordReader,0,0,6,6,47,6,4,0,-1.0,24,2,/Users/eashraf/hadoop/hadoop-mapreduce-project/hadoop-mapreduce-client/hadoop-mapreduce-client-core/src/main/java/org/apache/hadoop/mapreduce/RecordReader.java,27
hadoop,org.apache.hadoop.mapreduce,RecordWriter,0,0,2,2,19,2,0,0,-1.0,18,1,/Users/eashraf/hadoop/hadoop-mapreduce-project/hadoop-mapreduce-client/hadoop-mapreduce-client-core/src/main/java/org/apache/hadoop/mapreduce/RecordWriter.java,27
hadoop,org.apache.hadoop.mapreduce,OutputFormat,0,0,3,3,27,3,1,0,-1.0,6,4,/Users/eashraf/hadoop/hadoop-mapreduce-project/hadoop-mapreduce-client/hadoop-mapreduce-client-core/src/main/java/org/apache/hadoop/mapreduce/OutputFormat.java,27
hadoop,org.apache.hadoop.mapreduce,InputFormat,0,0,2,2,23,2,9,0,-1.0,17,4,/Users/eashraf/hadoop/hadoop-mapreduce-project/hadoop-mapreduce-client/hadoop-mapreduce-client-core/src/main/java/org/apache/hadoop/mapreduce/InputFormat.java,29
hadoop,org.apache.hadoop.mapreduce,TaskCompletionEvent,8,1,19,14,162,21,0,0,0.0,5,2,/Users/eashraf/hadoop/hadoop-mapreduce-project/hadoop-mapreduce-client/hadoop-mapreduce-client-core/src/main/java/org/apache/hadoop/mapreduce/TaskCompletionEvent.java,30
hadoop,org.apache.hadoop.mapreduce,TaskCompletionEvent.Status,0,0,0,0,16,0,0,0,-1.0,0,0,/Users/eashraf/hadoop/hadoop-mapreduce-project/hadoop-mapreduce-client/hadoop-mapreduce-client-core/src/main/java/org/apache/hadoop/mapreduce/TaskCompletionEvent.java,37
hadoop,org.apache.hadoop.mapreduce,StatusReporter,0,0,5,5,11,5,0,0,-1.0,8,1,/Users/eashraf/hadoop/hadoop-mapreduce-project/hadoop-mapreduce-client/hadoop-mapreduce-client-core/src/main/java/org/apache/hadoop/mapreduce/StatusReporter.java,22
hadoop,org.apache.hadoop.mapreduce,TaskCounter,0,0,0,0,1,0,0,0,-1.0,30,0,/Users/eashraf/hadoop/hadoop-mapreduce-project/hadoop-mapreduce-client/hadoop-mapreduce-client-core/src/main/java/org/apache/hadoop/mapreduce/TaskCounter.java,25
hadoop,org.apache.hadoop.mapreduce,JobPriority,0,0,0,0,4,0,0,0,-1.0,10,0,/Users/eashraf/hadoop/hadoop-mapreduce-project/hadoop-mapreduce-client/hadoop-mapreduce-client-core/src/main/java/org/apache/hadoop/mapreduce/JobPriority.java,23
hadoop,org.apache.hadoop.mapreduce,TestMROutputFormat,0,0,1,1,18,1,0,0,-1.0,0,3,/Users/eashraf/hadoop/hadoop-mapreduce-project/hadoop-mapreduce-client/hadoop-mapreduce-client-jobclient/src/test/java/org/apache/hadoop/mapreduce/TestMROutputFormat.java,36
hadoop,org.apache.hadoop.mapreduce,TestMROutputFormat.TestMapper,0,0,0,0,5,0,0,1,-1.0,0,0,/Users/eashraf/hadoop/hadoop-mapreduce-project/hadoop-mapreduce-client/hadoop-mapreduce-client-jobclient/src/test/java/org/apache/hadoop/mapreduce/TestMROutputFormat.java,51
hadoop,org.apache.hadoop.mapreduce,TestMROutputFormat.TestInputFormat,1,0,0,0,33,0,0,1,-1.0,0,0,/Users/eashraf/hadoop/hadoop-mapreduce-project/hadoop-mapreduce-client/hadoop-mapreduce-client-jobclient/src/test/java/org/apache/hadoop/mapreduce/TestMROutputFormat.java,60
hadoop,org.apache.hadoop.mapreduce,TestMROutputFormat.TestInputSplit,0,0,0,0,13,0,0,1,-1.0,0,0,/Users/eashraf/hadoop/hadoop-mapreduce-project/hadoop-mapreduce-client/hadoop-mapreduce-client-jobclient/src/test/java/org/apache/hadoop/mapreduce/TestMROutputFormat.java,116
hadoop,org.apache.hadoop.mapreduce,TestMROutputFormat.TestOutputFormat,2,1,0,0,39,0,0,1,-1.0,0,1,/Users/eashraf/hadoop/hadoop-mapreduce-project/hadoop-mapreduce-client/hadoop-mapreduce-client-jobclient/src/test/java/org/apache/hadoop/mapreduce/TestMROutputFormat.java,138
hadoop,org.apache.hadoop.mapreduce,TestMapReduceLazyOutput,4,0,3,2,99,11,0,0,0.0,0,14,/Users/eashraf/hadoop/hadoop-mapreduce-project/hadoop-mapreduce-client/hadoop-mapreduce-client-jobclient/src/test/java/org/apache/hadoop/mapreduce/TestMapReduceLazyOutput.java,46
hadoop,org.apache.hadoop.mapreduce,TestMapReduceLazyOutput.TestMapper,0,0,0,0,8,0,0,1,-1.0,0,0,/Users/eashraf/hadoop/hadoop-mapreduce-project/hadoop-mapreduce-client/hadoop-mapreduce-client-jobclient/src/test/java/org/apache/hadoop/mapreduce/TestMapReduceLazyOutput.java,59
hadoop,org.apache.hadoop.mapreduce,TestMapReduceLazyOutput.TestReducer,0,0,0,0,10,0,0,1,-1.0,0,0,/Users/eashraf/hadoop/hadoop-mapreduce-project/hadoop-mapreduce-client/hadoop-mapreduce-client-jobclient/src/test/java/org/apache/hadoop/mapreduce/TestMapReduceLazyOutput.java,73
hadoop,org.apache.hadoop.mapreduce,TestMapperReducerCleanup,8,0,8,3,202,15,0,0,0.0,0,9,/Users/eashraf/hadoop/hadoop-mapreduce-project/hadoop-mapreduce-client/hadoop-mapreduce-client-jobclient/src/test/java/org/apache/hadoop/mapreduce/TestMapperReducerCleanup.java,44
hadoop,org.apache.hadoop.mapreduce,TestMapperReducerCleanup.FailingMapper,0,0,0,0,12,0,0,1,-1.0,0,0,/Users/eashraf/hadoop/hadoop-mapreduce-project/hadoop-mapreduce-client/hadoop-mapreduce-client-jobclient/src/test/java/org/apache/hadoop/mapreduce/TestMapperReducerCleanup.java,58
hadoop,org.apache.hadoop.mapreduce,TestMapperReducerCleanup.TrackingTokenizerMapper,2,0,0,0,15,0,0,1,-1.0,0,3,/Users/eashraf/hadoop/hadoop-mapreduce-project/hadoop-mapreduce-client/hadoop-mapreduce-client-jobclient/src/test/java/org/apache/hadoop/mapreduce/TestMapperReducerCleanup.java,74
hadoop,org.apache.hadoop.mapreduce,TestMapperReducerCleanup.FailingReducer,0,0,0,0,9,0,0,1,-1.0,0,0,/Users/eashraf/hadoop/hadoop-mapreduce-project/hadoop-mapreduce-client/hadoop-mapreduce-client-jobclient/src/test/java/org/apache/hadoop/mapreduce/TestMapperReducerCleanup.java,99
hadoop,org.apache.hadoop.mapreduce,TestMapperReducerCleanup.TrackingIntSumReducer,0,0,0,0,6,0,0,0,-1.0,0,0,/Users/eashraf/hadoop/hadoop-mapreduce-project/hadoop-mapreduce-client/hadoop-mapreduce-client-jobclient/src/test/java/org/apache/hadoop/mapreduce/TestMapperReducerCleanup.java,114
hadoop,org.apache.hadoop.mapreduce,TestMapperReducerCleanup.TrackingTextInputFormat,0,0,0,0,11,0,0,0,-1.0,0,0,/Users/eashraf/hadoop/hadoop-mapreduce-project/hadoop-mapreduce-client/hadoop-mapreduce-client-jobclient/src/test/java/org/apache/hadoop/mapreduce/TestMapperReducerCleanup.java,125
hadoop,org.apache.hadoop.mapreduce,TestMapperReducerCleanup.TrackingRecordReader,0,0,0,0,6,0,0,0,-1.0,0,0,/Users/eashraf/hadoop/hadoop-mapreduce-project/hadoop-mapreduce-client/hadoop-mapreduce-client-jobclient/src/test/java/org/apache/hadoop/mapreduce/TestMapperReducerCleanup.java,127
hadoop,org.apache.hadoop.mapreduce,TestMapperReducerCleanup.TrackingTextOutputFormat,0,0,0,0,18,0,0,0,-1.0,0,0,/Users/eashraf/hadoop/hadoop-mapreduce-project/hadoop-mapreduce-client/hadoop-mapreduce-client-jobclient/src/test/java/org/apache/hadoop/mapreduce/TestMapperReducerCleanup.java,142
hadoop,org.apache.hadoop.mapreduce,TestMapperReducerCleanup.TrackingRecordWriter,0,0,0,0,9,0,0,0,-1.0,0,0,/Users/eashraf/hadoop/hadoop-mapreduce-project/hadoop-mapreduce-client/hadoop-mapreduce-client-jobclient/src/test/java/org/apache/hadoop/mapreduce/TestMapperReducerCleanup.java,145
hadoop,org.apache.hadoop.mapreduce,TestLocalRunner,10,1,18,9,386,34,0,0,0.1111111111111111,0,12,/Users/eashraf/hadoop/hadoop-mapreduce-project/hadoop-mapreduce-client/hadoop-mapreduce-client-jobclient/src/test/java/org/apache/hadoop/mapreduce/TestLocalRunner.java,46
hadoop,org.apache.hadoop.mapreduce,TestLocalRunner.StressMapper,2,1,0,0,25,0,0,1,-1.0,0,0,/Users/eashraf/hadoop/hadoop-mapreduce-project/hadoop-mapreduce-client/hadoop-mapreduce-client-jobclient/src/test/java/org/apache/hadoop/mapreduce/TestLocalRunner.java,60
hadoop,org.apache.hadoop.mapreduce,TestLocalRunner.CountingReducer,0,0,0,0,9,0,0,1,-1.0,0,0,/Users/eashraf/hadoop/hadoop-mapreduce-project/hadoop-mapreduce-client/hadoop-mapreduce-client-jobclient/src/test/java/org/apache/hadoop/mapreduce/TestLocalRunner.java,102
hadoop,org.apache.hadoop.mapreduce,TestLocalRunner.GCMapper,0,0,0,0,15,0,0,1,-1.0,0,0,/Users/eashraf/hadoop/hadoop-mapreduce-project/hadoop-mapreduce-client/hadoop-mapreduce-client-jobclient/src/test/java/org/apache/hadoop/mapreduce/TestLocalRunner.java,116
hadoop,org.apache.hadoop.mapreduce,TestLocalRunner.EmptyInputFormat,0,0,0,0,11,0,0,1,-1.0,0,0,/Users/eashraf/hadoop/hadoop-mapreduce-project/hadoop-mapreduce-client/hadoop-mapreduce-client-jobclient/src/test/java/org/apache/hadoop/mapreduce/TestLocalRunner.java,376
hadoop,org.apache.hadoop.mapreduce,TestLocalRunner.EmptyRecordReader,0,0,0,0,18,0,0,1,-1.0,0,0,/Users/eashraf/hadoop/hadoop-mapreduce-project/hadoop-mapreduce-client/hadoop-mapreduce-client-jobclient/src/test/java/org/apache/hadoop/mapreduce/TestLocalRunner.java,388
hadoop,org.apache.hadoop.mapreduce,TestLocalRunner.SequenceMapper,0,0,0,0,11,0,0,1,-1.0,0,0,/Users/eashraf/hadoop/hadoop-mapreduce-project/hadoop-mapreduce-client/hadoop-mapreduce-client-jobclient/src/test/java/org/apache/hadoop/mapreduce/TestLocalRunner.java,460
hadoop,org.apache.hadoop.mapreduce,TestTaskContext,11,0,6,6,131,6,0,0,0.3333333333333333,0,10,/Users/eashraf/hadoop/hadoop-mapreduce-project/hadoop-mapreduce-client/hadoop-mapreduce-client-jobclient/src/test/java/org/apache/hadoop/mapreduce/TestTaskContext.java,37
hadoop,org.apache.hadoop.mapreduce,TestTaskContext.MyMapper,0,0,0,0,6,0,0,1,-1.0,0,0,/Users/eashraf/hadoop/hadoop-mapreduce-project/hadoop-mapreduce-client/hadoop-mapreduce-client-jobclient/src/test/java/org/apache/hadoop/mapreduce/TestTaskContext.java,67
hadoop,org.apache.hadoop.mapreduce,TestTaskContext.ProgressCheckerMapper,2,0,0,0,22,0,0,1,-1.0,0,1,/Users/eashraf/hadoop/hadoop-mapreduce-project/hadoop-mapreduce-client/hadoop-mapreduce-client-jobclient/src/test/java/org/apache/hadoop/mapreduce/TestTaskContext.java,139
hadoop,org.apache.hadoop.mapreduce,TestTaskContext.ProgressCheckerReducer,3,0,0,0,18,0,0,1,-1.0,0,1,/Users/eashraf/hadoop/hadoop-mapreduce-project/hadoop-mapreduce-client/hadoop-mapreduce-client-jobclient/src/test/java/org/apache/hadoop/mapreduce/TestTaskContext.java,207
hadoop,org.apache.hadoop.mapreduce,TestValueIterReset,7,0,7,2,397,54,0,0,0.0,0,12,/Users/eashraf/hadoop/hadoop-mapreduce-project/hadoop-mapreduce-client/hadoop-mapreduce-client-jobclient/src/test/java/org/apache/hadoop/mapreduce/TestValueIterReset.java,47
hadoop,org.apache.hadoop.mapreduce,TestValueIterReset.TestMapper,0,0,0,0,13,0,0,1,-1.0,0,0,/Users/eashraf/hadoop/hadoop-mapreduce-project/hadoop-mapreduce-client/hadoop-mapreduce-client-jobclient/src/test/java/org/apache/hadoop/mapreduce/TestValueIterReset.java,71
hadoop,org.apache.hadoop.mapreduce,TestValueIterReset.TestReducer,0,0,0,0,18,0,0,1,-1.0,0,0,/Users/eashraf/hadoop/hadoop-mapreduce-project/hadoop-mapreduce-client/hadoop-mapreduce-client-jobclient/src/test/java/org/apache/hadoop/mapreduce/TestValueIterReset.java,90
hadoop,org.apache.hadoop.mapreduce,TestChild,7,0,3,2,88,4,0,0,0.6666666666666666,0,7,/Users/eashraf/hadoop/hadoop-mapreduce-project/hadoop-mapreduce-client/hadoop-mapreduce-client-jobclient/src/test/java/org/apache/hadoop/mapreduce/TestChild.java,34
hadoop,org.apache.hadoop.mapreduce,TestChild.MyMapper,0,0,0,0,18,0,0,1,-1.0,0,1,/Users/eashraf/hadoop/hadoop-mapreduce-project/hadoop-mapreduce-client/hadoop-mapreduce-client-jobclient/src/test/java/org/apache/hadoop/mapreduce/TestChild.java,50
hadoop,org.apache.hadoop.mapreduce,TestChild.MyReducer,0,0,0,0,18,0,0,1,-1.0,0,1,/Users/eashraf/hadoop/hadoop-mapreduce-project/hadoop-mapreduce-client/hadoop-mapreduce-client-jobclient/src/test/java/org/apache/hadoop/mapreduce/TestChild.java,81
hadoop,org.apache.hadoop.mapreduce,TestChild.OutputFilter,0,0,0,0,5,0,0,0,-1.0,0,0,/Users/eashraf/hadoop/hadoop-mapreduce-project/hadoop-mapreduce-client/hadoop-mapreduce-client-jobclient/src/test/java/org/apache/hadoop/mapreduce/TestChild.java,158
hadoop,org.apache.hadoop.mapreduce,MiniHadoopClusterManager,15,0,9,4,187,28,0,0,0.0,1,9,/Users/eashraf/hadoop/hadoop-mapreduce-project/hadoop-mapreduce-client/hadoop-mapreduce-client-jobclient/src/test/java/org/apache/hadoop/mapreduce/MiniHadoopClusterManager.java,50
hadoop,org.apache.hadoop.mapreduce,TestYarnClientProtocolProvider,1,0,3,2,69,6,0,0,1.0,0,12,/Users/eashraf/hadoop/hadoop-mapreduce-project/hadoop-mapreduce-client/hadoop-mapreduce-client-jobclient/src/test/java/org/apache/hadoop/mapreduce/TestYarnClientProtocolProvider.java,46
hadoop,org.apache.hadoop.mapreduce,TestMRJobClient,1,0,22,5,385,38,0,0,0.09090909090909091,1,15,/Users/eashraf/hadoop/hadoop-mapreduce-project/hadoop-mapreduce-client/hadoop-mapreduce-client-jobclient/src/test/java/org/apache/hadoop/mapreduce/TestMRJobClient.java,46
hadoop,org.apache.hadoop.mapreduce,TestMRJobClient.BadOutputFormat,0,0,0,0,5,0,0,0,-1.0,0,0,/Users/eashraf/hadoop/hadoop-mapreduce-project/hadoop-mapreduce-client/hadoop-mapreduce-client-jobclient/src/test/java/org/apache/hadoop/mapreduce/TestMRJobClient.java,93
hadoop,org.apache.hadoop.mapreduce,TestMapCollection,27,9,13,11,424,13,0,0,0.0,0,6,/Users/eashraf/hadoop/hadoop-mapreduce-project/hadoop-mapreduce-client/hadoop-mapreduce-client-jobclient/src/test/java/org/apache/hadoop/mapreduce/TestMapCollection.java,46
hadoop,org.apache.hadoop.mapreduce,TestMapCollection.FillWritable,5,0,0,0,68,0,0,0,-1.0,0,0,/Users/eashraf/hadoop/hadoop-mapreduce-project/hadoop-mapreduce-client/hadoop-mapreduce-client-jobclient/src/test/java/org/apache/hadoop/mapreduce/TestMapCollection.java,51
hadoop,org.apache.hadoop.mapreduce,TestMapCollection.KeyWritable,1,0,0,0,9,0,0,0,-1.0,0,0,/Users/eashraf/hadoop/hadoop-mapreduce-project/hadoop-mapreduce-client/hadoop-mapreduce-client-jobclient/src/test/java/org/apache/hadoop/mapreduce/TestMapCollection.java,123
hadoop,org.apache.hadoop.mapreduce,TestMapCollection.ValWritable,0,0,0,0,8,0,0,0,-1.0,0,0,/Users/eashraf/hadoop/hadoop-mapreduce-project/hadoop-mapreduce-client/hadoop-mapreduce-client-jobclient/src/test/java/org/apache/hadoop/mapreduce/TestMapCollection.java,136
hadoop,org.apache.hadoop.mapreduce,TestMapCollection.VariableComparator,1,0,0,0,33,0,0,0,-1.0,0,0,/Users/eashraf/hadoop/hadoop-mapreduce-project/hadoop-mapreduce-client/hadoop-mapreduce-client-jobclient/src/test/java/org/apache/hadoop/mapreduce/TestMapCollection.java,146
hadoop,org.apache.hadoop.mapreduce,TestMapCollection.SpillReducer,2,0,0,0,16,0,0,1,-1.0,0,0,/Users/eashraf/hadoop/hadoop-mapreduce-project/hadoop-mapreduce-client/hadoop-mapreduce-client-jobclient/src/test/java/org/apache/hadoop/mapreduce/TestMapCollection.java,181
hadoop,org.apache.hadoop.mapreduce,TestMapCollection.FakeSplit,0,0,0,0,12,0,0,1,-1.0,0,0,/Users/eashraf/hadoop/hadoop-mapreduce-project/hadoop-mapreduce-client/hadoop-mapreduce-client-jobclient/src/test/java/org/apache/hadoop/mapreduce/TestMapCollection.java,207
hadoop,org.apache.hadoop.mapreduce,TestMapCollection.RecordFactory,0,0,0,0,7,0,0,0,-1.0,0,0,/Users/eashraf/hadoop/hadoop-mapreduce-project/hadoop-mapreduce-client/hadoop-mapreduce-client-jobclient/src/test/java/org/apache/hadoop/mapreduce/TestMapCollection.java,218
hadoop,org.apache.hadoop.mapreduce,TestMapCollection.FixedRecordFactory,2,0,0,0,22,0,0,0,-1.0,0,0,/Users/eashraf/hadoop/hadoop-mapreduce-project/hadoop-mapreduce-client/hadoop-mapreduce-client-jobclient/src/test/java/org/apache/hadoop/mapreduce/TestMapCollection.java,224
hadoop,org.apache.hadoop.mapreduce,TestMapCollection.FakeIF,5,0,0,0,48,0,0,1,-1.0,0,0,/Users/eashraf/hadoop/hadoop-mapreduce-project/hadoop-mapreduce-client/hadoop-mapreduce-client-jobclient/src/test/java/org/apache/hadoop/mapreduce/TestMapCollection.java,242
hadoop,org.apache.hadoop.mapreduce,TestMapCollection.StepFactory,5,5,0,0,27,0,0,0,-1.0,0,0,/Users/eashraf/hadoop/hadoop-mapreduce-project/hadoop-mapreduce-client/hadoop-mapreduce-client-jobclient/src/test/java/org/apache/hadoop/mapreduce/TestMapCollection.java,379
hadoop,org.apache.hadoop.mapreduce,TestMapCollection.RandomFactory,5,4,0,0,50,0,0,0,-1.0,0,0,/Users/eashraf/hadoop/hadoop-mapreduce-project/hadoop-mapreduce-client/hadoop-mapreduce-client-jobclient/src/test/java/org/apache/hadoop/mapreduce/TestMapCollection.java,445
hadoop,org.apache.hadoop.mapreduce,TestLargeSort,1,0,3,3,26,5,0,0,0.0,0,6,/Users/eashraf/hadoop/hadoop-mapreduce-project/hadoop-mapreduce-client/hadoop-mapreduce-client-jobclient/src/test/java/org/apache/hadoop/mapreduce/TestLargeSort.java,34
hadoop,org.apache.hadoop.mapreduce,GenericMRLoadGenerator,23,4,5,3,336,29,0,0,0.4,4,18,/Users/eashraf/hadoop/hadoop-mapreduce-project/hadoop-mapreduce-client/hadoop-mapreduce-client-jobclient/src/test/java/org/apache/hadoop/mapreduce/GenericMRLoadGenerator.java,53
hadoop,org.apache.hadoop.mapreduce,GenericMRLoadGenerator.RandomInputFormat,3,0,0,0,40,0,0,1,-1.0,0,2,/Users/eashraf/hadoop/hadoop-mapreduce-project/hadoop-mapreduce-client/hadoop-mapreduce-client-jobclient/src/test/java/org/apache/hadoop/mapreduce/GenericMRLoadGenerator.java,206
hadoop,org.apache.hadoop.mapreduce,GenericMRLoadGenerator.Counters,0,0,0,0,1,0,0,0,-1.0,0,0,/Users/eashraf/hadoop/hadoop-mapreduce-project/hadoop-mapreduce-client/hadoop-mapreduce-client-jobclient/src/test/java/org/apache/hadoop/mapreduce/GenericMRLoadGenerator.java,244
hadoop,org.apache.hadoop.mapreduce,GenericMRLoadGenerator.RandomMapOutput,7,0,0,0,46,0,0,1,-1.0,0,2,/Users/eashraf/hadoop/hadoop-mapreduce-project/hadoop-mapreduce-client/hadoop-mapreduce-client-jobclient/src/test/java/org/apache/hadoop/mapreduce/GenericMRLoadGenerator.java,246
hadoop,org.apache.hadoop.mapreduce,GenericMRLoadGenerator.SampleMapBase,3,0,0,0,15,0,0,1,-1.0,0,0,/Users/eashraf/hadoop/hadoop-mapreduce-project/hadoop-mapreduce-client/hadoop-mapreduce-client-jobclient/src/test/java/org/apache/hadoop/mapreduce/GenericMRLoadGenerator.java,331
hadoop,org.apache.hadoop.mapreduce,GenericMRLoadGenerator.SampleReduceBase,3,0,0,0,15,0,0,1,-1.0,0,0,/Users/eashraf/hadoop/hadoop-mapreduce-project/hadoop-mapreduce-client/hadoop-mapreduce-client-jobclient/src/test/java/org/apache/hadoop/mapreduce/GenericMRLoadGenerator.java,353
hadoop,org.apache.hadoop.mapreduce,GenericMRLoadGenerator.SampleMapper,0,0,0,0,5,0,0,0,-1.0,0,0,/Users/eashraf/hadoop/hadoop-mapreduce-project/hadoop-mapreduce-client/hadoop-mapreduce-client-jobclient/src/test/java/org/apache/hadoop/mapreduce/GenericMRLoadGenerator.java,374
hadoop,org.apache.hadoop.mapreduce,GenericMRLoadGenerator.SampleReducer,0,0,0,0,7,0,0,0,-1.0,0,0,/Users/eashraf/hadoop/hadoop-mapreduce-project/hadoop-mapreduce-client/hadoop-mapreduce-client-jobclient/src/test/java/org/apache/hadoop/mapreduce/GenericMRLoadGenerator.java,385
hadoop,org.apache.hadoop.mapreduce,GenericMRLoadGenerator.IndirectInputFormat,2,0,0,0,50,0,0,1,-1.0,0,1,/Users/eashraf/hadoop/hadoop-mapreduce-project/hadoop-mapreduce-client/hadoop-mapreduce-client-jobclient/src/test/java/org/apache/hadoop/mapreduce/GenericMRLoadGenerator.java,400
hadoop,org.apache.hadoop.mapreduce,GenericMRLoadGenerator.IndirectSplit,2,0,0,0,27,0,0,1,-1.0,0,1,/Users/eashraf/hadoop/hadoop-mapreduce-project/hadoop-mapreduce-client/hadoop-mapreduce-client-jobclient/src/test/java/org/apache/hadoop/mapreduce/GenericMRLoadGenerator.java,406
hadoop,org.apache.hadoop.mapreduce,MapReduceTestUtil,8,1,18,18,335,28,0,0,0.5555555555555556,27,18,/Users/eashraf/hadoop/hadoop-mapreduce-project/hadoop-mapreduce-client/hadoop-mapreduce-client-jobclient/src/test/java/org/apache/hadoop/mapreduce/MapReduceTestUtil.java,59
hadoop,org.apache.hadoop.mapreduce,MapReduceTestUtil.DataCopyMapper,0,0,0,0,8,0,0,1,-1.0,0,0,/Users/eashraf/hadoop/hadoop-mapreduce-project/hadoop-mapreduce-client/hadoop-mapreduce-client-jobclient/src/test/java/org/apache/hadoop/mapreduce/MapReduceTestUtil.java,208
hadoop,org.apache.hadoop.mapreduce,MapReduceTestUtil.DataCopyReducer,0,0,0,0,9,0,0,1,-1.0,0,0,/Users/eashraf/hadoop/hadoop-mapreduce-project/hadoop-mapreduce-client/hadoop-mapreduce-client-jobclient/src/test/java/org/apache/hadoop/mapreduce/MapReduceTestUtil.java,219
hadoop,org.apache.hadoop.mapreduce,MapReduceTestUtil.FailMapper,0,0,0,0,5,0,0,1,-1.0,0,0,/Users/eashraf/hadoop/hadoop-mapreduce-project/hadoop-mapreduce-client/hadoop-mapreduce-client-jobclient/src/test/java/org/apache/hadoop/mapreduce/MapReduceTestUtil.java,231
hadoop,org.apache.hadoop.mapreduce,MapReduceTestUtil.KillMapper,0,0,0,0,9,0,0,1,-1.0,0,0,/Users/eashraf/hadoop/hadoop-mapreduce-project/hadoop-mapreduce-client/hadoop-mapreduce-client-jobclient/src/test/java/org/apache/hadoop/mapreduce/MapReduceTestUtil.java,242
hadoop,org.apache.hadoop.mapreduce,MapReduceTestUtil.IncomparableKey,0,0,0,0,9,0,0,0,-1.0,0,0,/Users/eashraf/hadoop/hadoop-mapreduce-project/hadoop-mapreduce-client/hadoop-mapreduce-client-jobclient/src/test/java/org/apache/hadoop/mapreduce/MapReduceTestUtil.java,255
hadoop,org.apache.hadoop.mapreduce,MapReduceTestUtil.FakeSplit,0,0,0,0,12,0,0,1,-1.0,0,0,/Users/eashraf/hadoop/hadoop-mapreduce-project/hadoop-mapreduce-client/hadoop-mapreduce-client-jobclient/src/test/java/org/apache/hadoop/mapreduce/MapReduceTestUtil.java,263
hadoop,org.apache.hadoop.mapreduce,MapReduceTestUtil.Fake_IF,3,0,0,0,47,0,0,1,-1.0,0,1,/Users/eashraf/hadoop/hadoop-mapreduce-project/hadoop-mapreduce-client/hadoop-mapreduce-client-jobclient/src/test/java/org/apache/hadoop/mapreduce/MapReduceTestUtil.java,270
hadoop,org.apache.hadoop.mapreduce,MapReduceTestUtil.Fake_RR,2,0,0,0,23,0,0,1,-1.0,0,0,/Users/eashraf/hadoop/hadoop-mapreduce-project/hadoop-mapreduce-client/hadoop-mapreduce-client-jobclient/src/test/java/org/apache/hadoop/mapreduce/MapReduceTestUtil.java,324
hadoop,org.apache.hadoop.mapreduce,TestCounters,6,0,11,6,131,18,0,0,0.45454545454545453,0,10,/Users/eashraf/hadoop/hadoop-mapreduce-project/hadoop-mapreduce-client/hadoop-mapreduce-client-jobclient/src/test/java/org/apache/hadoop/mapreduce/TestCounters.java,34
hadoop,org.apache.hadoop.mapreduce,FailJob,2,2,3,3,74,9,0,0,0.6666666666666666,1,10,/Users/eashraf/hadoop/hadoop-mapreduce-project/hadoop-mapreduce-client/hadoop-mapreduce-client-jobclient/src/test/java/org/apache/hadoop/mapreduce/FailJob.java,42
hadoop,org.apache.hadoop.mapreduce,FailJob.FailMapper,0,0,0,0,8,0,0,1,-1.0,0,0,/Users/eashraf/hadoop/hadoop-mapreduce-project/hadoop-mapreduce-client/hadoop-mapreduce-client-jobclient/src/test/java/org/apache/hadoop/mapreduce/FailJob.java,50
hadoop,org.apache.hadoop.mapreduce,FailJob.FailReducer,0,0,0,0,8,0,0,1,-1.0,0,0,/Users/eashraf/hadoop/hadoop-mapreduce-project/hadoop-mapreduce-client/hadoop-mapreduce-client-jobclient/src/test/java/org/apache/hadoop/mapreduce/FailJob.java,61
hadoop,org.apache.hadoop.mapreduce,TestNoJobSetupCleanup,3,0,3,2,51,3,0,0,0.6666666666666666,0,8,/Users/eashraf/hadoop/hadoop-mapreduce-project/hadoop-mapreduce-client/hadoop-mapreduce-client-jobclient/src/test/java/org/apache/hadoop/mapreduce/TestNoJobSetupCleanup.java,33
hadoop,org.apache.hadoop.mapreduce,TestNoJobSetupCleanup.MyOutputFormat,0,0,0,0,7,0,0,0,-1.0,0,1,/Users/eashraf/hadoop/hadoop-mapreduce-project/hadoop-mapreduce-client/hadoop-mapreduce-client-jobclient/src/test/java/org/apache/hadoop/mapreduce/TestNoJobSetupCleanup.java,92
hadoop,org.apache.hadoop.mapreduce,TestNoJobSetupCleanup.OutputFilter,0,0,0,0,5,0,0,0,-1.0,0,0,/Users/eashraf/hadoop/hadoop-mapreduce-project/hadoop-mapreduce-client/hadoop-mapreduce-client-jobclient/src/test/java/org/apache/hadoop/mapreduce/TestNoJobSetupCleanup.java,103
hadoop,org.apache.hadoop.mapreduce,TestClientProtocolProviderImpls,0,0,4,4,39,4,0,0,-1.0,0,4,/Users/eashraf/hadoop/hadoop-mapreduce-project/hadoop-mapreduce-client/hadoop-mapreduce-client-jobclient/src/test/java/org/apache/hadoop/mapreduce/TestClientProtocolProviderImpls.java,32
hadoop,org.apache.hadoop.mapreduce,TestNewCombinerGrouping,1,0,1,1,102,4,0,0,0.0,0,7,/Users/eashraf/hadoop/hadoop-mapreduce-project/hadoop-mapreduce-client/hadoop-mapreduce-client-jobclient/src/test/java/org/apache/hadoop/mapreduce/TestNewCombinerGrouping.java,41
hadoop,org.apache.hadoop.mapreduce,TestNewCombinerGrouping.Map,0,0,0,0,8,0,0,1,-1.0,0,0,/Users/eashraf/hadoop/hadoop-mapreduce-project/hadoop-mapreduce-client/hadoop-mapreduce-client-jobclient/src/test/java/org/apache/hadoop/mapreduce/TestNewCombinerGrouping.java,45
hadoop,org.apache.hadoop.mapreduce,TestNewCombinerGrouping.Reduce,0,0,0,0,14,0,0,1,-1.0,0,0,/Users/eashraf/hadoop/hadoop-mapreduce-project/hadoop-mapreduce-client/hadoop-mapreduce-client-jobclient/src/test/java/org/apache/hadoop/mapreduce/TestNewCombinerGrouping.java,59
hadoop,org.apache.hadoop.mapreduce,TestNewCombinerGrouping.Combiner,0,0,0,0,2,0,0,0,-1.0,0,0,/Users/eashraf/hadoop/hadoop-mapreduce-project/hadoop-mapreduce-client/hadoop-mapreduce-client-jobclient/src/test/java/org/apache/hadoop/mapreduce/TestNewCombinerGrouping.java,78
hadoop,org.apache.hadoop.mapreduce,TestNewCombinerGrouping.GroupComparator,0,0,0,0,16,0,0,0,-1.0,0,0,/Users/eashraf/hadoop/hadoop-mapreduce-project/hadoop-mapreduce-client/hadoop-mapreduce-client-jobclient/src/test/java/org/apache/hadoop/mapreduce/TestNewCombinerGrouping.java,81
hadoop,org.apache.hadoop.mapreduce,LargeSorter,19,3,3,2,163,4,0,0,0.6666666666666666,2,11,/Users/eashraf/hadoop/hadoop-mapreduce-project/hadoop-mapreduce-client/hadoop-mapreduce-client-jobclient/src/test/java/org/apache/hadoop/mapreduce/LargeSorter.java,41
hadoop,org.apache.hadoop.mapreduce,LargeSorter.Counters,0,0,0,0,4,0,0,0,-1.0,0,0,/Users/eashraf/hadoop/hadoop-mapreduce-project/hadoop-mapreduce-client/hadoop-mapreduce-client-jobclient/src/test/java/org/apache/hadoop/mapreduce/LargeSorter.java,67
hadoop,org.apache.hadoop.mapreduce,LargeSorter.RandomInputFormat,3,0,0,0,53,0,0,1,-1.0,0,3,/Users/eashraf/hadoop/hadoop-mapreduce-project/hadoop-mapreduce-client/hadoop-mapreduce-client-jobclient/src/test/java/org/apache/hadoop/mapreduce/LargeSorter.java,72
hadoop,org.apache.hadoop.mapreduce,LargeSorter.RandomRecordReader,3,0,0,0,33,0,0,1,-1.0,0,2,/Users/eashraf/hadoop/hadoop-mapreduce-project/hadoop-mapreduce-client/hadoop-mapreduce-client-jobclient/src/test/java/org/apache/hadoop/mapreduce/LargeSorter.java,94
hadoop,org.apache.hadoop.mapreduce,LargeSorter.RandomMapper,8,0,0,0,45,0,0,1,-1.0,0,3,/Users/eashraf/hadoop/hadoop-mapreduce-project/hadoop-mapreduce-client/hadoop-mapreduce-client-jobclient/src/test/java/org/apache/hadoop/mapreduce/LargeSorter.java,143
hadoop,org.apache.hadoop.mapreduce,LargeSorter.Discarder,0,0,0,0,4,0,0,1,-1.0,0,0,/Users/eashraf/hadoop/hadoop-mapreduce-project/hadoop-mapreduce-client/hadoop-mapreduce-client-jobclient/src/test/java/org/apache/hadoop/mapreduce/LargeSorter.java,203
hadoop,org.apache.hadoop.mapreduce,SleepJob,14,4,4,3,201,17,0,0,0.5,5,8,/Users/eashraf/hadoop/hadoop-mapreduce-project/hadoop-mapreduce-client/hadoop-mapreduce-client-jobclient/src/test/java/org/apache/hadoop/mapreduce/SleepJob.java,37
hadoop,org.apache.hadoop.mapreduce,SleepJob.SleepJobPartitioner,0,0,0,0,5,0,0,1,-1.0,0,0,/Users/eashraf/hadoop/hadoop-mapreduce-project/hadoop-mapreduce-client/hadoop-mapreduce-client-jobclient/src/test/java/org/apache/hadoop/mapreduce/SleepJob.java,52
hadoop,org.apache.hadoop.mapreduce,SleepJob.EmptySplit,0,0,0,0,12,0,0,1,-1.0,0,0,/Users/eashraf/hadoop/hadoop-mapreduce-project/hadoop-mapreduce-client/hadoop-mapreduce-client-jobclient/src/test/java/org/apache/hadoop/mapreduce/SleepJob.java,59
hadoop,org.apache.hadoop.mapreduce,SleepJob.SleepInputFormat,4,0,0,0,53,0,0,1,-1.0,0,2,/Users/eashraf/hadoop/hadoop-mapreduce-project/hadoop-mapreduce-client/hadoop-mapreduce-client-jobclient/src/test/java/org/apache/hadoop/mapreduce/SleepJob.java,66
hadoop,org.apache.hadoop.mapreduce,SleepJob.SleepMapper,3,0,0,0,24,0,0,1,-1.0,0,0,/Users/eashraf/hadoop/hadoop-mapreduce-project/hadoop-mapreduce-client/hadoop-mapreduce-client-jobclient/src/test/java/org/apache/hadoop/mapreduce/SleepJob.java,124
hadoop,org.apache.hadoop.mapreduce,SleepJob.SleepReducer,3,0,0,0,20,0,0,1,-1.0,0,0,/Users/eashraf/hadoop/hadoop-mapreduce-project/hadoop-mapreduce-client/hadoop-mapreduce-client-jobclient/src/test/java/org/apache/hadoop/mapreduce/SleepJob.java,161
hadoop,org.apache.hadoop.mapreduce,RandomTextWriter,14,7,3,2,136,8,0,0,0.6666666666666666,4,10,/Users/eashraf/hadoop/hadoop-mapreduce-project/hadoop-mapreduce-client/hadoop-mapreduce-client-jobclient/src/test/java/org/apache/hadoop/mapreduce/RandomTextWriter.java,39
hadoop,org.apache.hadoop.mapreduce,RandomTextWriter.Counters,0,0,0,0,4,0,0,0,-1.0,0,0,/Users/eashraf/hadoop/hadoop-mapreduce-project/hadoop-mapreduce-client/hadoop-mapreduce-client-jobclient/src/test/java/org/apache/hadoop/mapreduce/RandomTextWriter.java,97
hadoop,org.apache.hadoop.mapreduce,RandomTextWriter.RandomTextMapper,6,0,0,0,48,0,0,1,-1.0,0,1,/Users/eashraf/hadoop/hadoop-mapreduce-project/hadoop-mapreduce-client/hadoop-mapreduce-client-jobclient/src/test/java/org/apache/hadoop/mapreduce/RandomTextWriter.java,102
hadoop,org.apache.hadoop.mapreduce,RandomWriter,18,7,2,2,168,5,0,0,1.0,1,13,/Users/eashraf/hadoop/hadoop-mapreduce-project/hadoop-mapreduce-client/hadoop-mapreduce-client-jobclient/src/test/java/org/apache/hadoop/mapreduce/RandomWriter.java,44
hadoop,org.apache.hadoop.mapreduce,RandomWriter.Counters,0,0,0,0,4,0,0,0,-1.0,0,0,/Users/eashraf/hadoop/hadoop-mapreduce-project/hadoop-mapreduce-client/hadoop-mapreduce-client-jobclient/src/test/java/org/apache/hadoop/mapreduce/RandomWriter.java,89
hadoop,org.apache.hadoop.mapreduce,RandomWriter.RandomInputFormat,3,0,0,0,53,0,0,1,-1.0,0,3,/Users/eashraf/hadoop/hadoop-mapreduce-project/hadoop-mapreduce-client/hadoop-mapreduce-client-jobclient/src/test/java/org/apache/hadoop/mapreduce/RandomWriter.java,94
hadoop,org.apache.hadoop.mapreduce,RandomWriter.RandomRecordReader,3,0,0,0,33,0,0,1,-1.0,0,2,/Users/eashraf/hadoop/hadoop-mapreduce-project/hadoop-mapreduce-client/hadoop-mapreduce-client-jobclient/src/test/java/org/apache/hadoop/mapreduce/RandomWriter.java,116
hadoop,org.apache.hadoop.mapreduce,RandomWriter.RandomMapper,8,0,0,0,48,0,0,1,-1.0,0,2,/Users/eashraf/hadoop/hadoop-mapreduce-project/hadoop-mapreduce-client/hadoop-mapreduce-client-jobclient/src/test/java/org/apache/hadoop/mapreduce/RandomWriter.java,165
hadoop,org.apache.hadoop.mapreduce,TestMapReduce,5,0,8,3,280,28,0,0,0.0,0,12,/Users/eashraf/hadoop/hadoop-mapreduce-project/hadoop-mapreduce-client/hadoop-mapreduce-client-jobclient/src/test/java/org/apache/hadoop/mapreduce/TestMapReduce.java,49
hadoop,org.apache.hadoop.mapreduce,TestMapReduce.RandomGenMapper,0,0,0,0,12,0,0,1,-1.0,0,0,/Users/eashraf/hadoop/hadoop-mapreduce-project/hadoop-mapreduce-client/hadoop-mapreduce-client-jobclient/src/test/java/org/apache/hadoop/mapreduce/TestMapReduce.java,96
hadoop,org.apache.hadoop.mapreduce,TestMapReduce.RandomGenReducer,0,0,0,0,9,0,0,1,-1.0,0,0,/Users/eashraf/hadoop/hadoop-mapreduce-project/hadoop-mapreduce-client/hadoop-mapreduce-client-jobclient/src/test/java/org/apache/hadoop/mapreduce/TestMapReduce.java,134
hadoop,org.apache.hadoop.mapreduce,TestMapReduce.RandomCheckMapper,0,0,0,0,8,0,0,1,-1.0,0,0,/Users/eashraf/hadoop/hadoop-mapreduce-project/hadoop-mapreduce-client/hadoop-mapreduce-client-jobclient/src/test/java/org/apache/hadoop/mapreduce/TestMapReduce.java,147
hadoop,org.apache.hadoop.mapreduce,TestMapReduce.RandomCheckReducer,0,0,0,0,12,0,0,1,-1.0,0,0,/Users/eashraf/hadoop/hadoop-mapreduce-project/hadoop-mapreduce-client/hadoop-mapreduce-client-jobclient/src/test/java/org/apache/hadoop/mapreduce/TestMapReduce.java,173
hadoop,org.apache.hadoop.mapreduce,TestMapReduce.MergeMapper,0,0,0,0,10,0,0,1,-1.0,0,0,/Users/eashraf/hadoop/hadoop-mapreduce-project/hadoop-mapreduce-client/hadoop-mapreduce-client-jobclient/src/test/java/org/apache/hadoop/mapreduce/TestMapReduce.java,188
hadoop,org.apache.hadoop.mapreduce,TestMapReduce.MergeReducer,0,0,0,0,10,0,0,1,-1.0,0,0,/Users/eashraf/hadoop/hadoop-mapreduce-project/hadoop-mapreduce-client/hadoop-mapreduce-client-jobclient/src/test/java/org/apache/hadoop/mapreduce/TestMapReduce.java,207
hadoop,org.apache.hadoop.yarn.proto,HSClientProtocol,0,0,0,0,12,0,0,0,-1.0,0,0,/Users/eashraf/hadoop/hadoop-mapreduce-project/hadoop-mapreduce-client/hadoop-mapreduce-client-common/src/main/java/org/apache/hadoop/yarn/proto/HSClientProtocol.java,24
hadoop,org.apache.hadoop.yarn.proto,HSClientProtocol.HSClientProtocolService,0,0,0,0,7,0,0,0,-1.0,0,0,/Users/eashraf/hadoop/hadoop-mapreduce-project/hadoop-mapreduce-client/hadoop-mapreduce-client-common/src/main/java/org/apache/hadoop/yarn/proto/HSClientProtocol.java,29
hadoop,org.apache.hadoop.yarn.proto,HSClientProtocol.BlockingInterface,0,0,0,0,2,0,0,0,-1.0,0,0,/Users/eashraf/hadoop/hadoop-mapreduce-project/hadoop-mapreduce-client/hadoop-mapreduce-client-common/src/main/java/org/apache/hadoop/yarn/proto/HSClientProtocol.java,30
hadoop,org.apache.hadoop.mapreduce.v2.security,MRDelegationTokenRenewer,1,0,7,5,49,8,0,0,0.5714285714285714,0,14,/Users/eashraf/hadoop/hadoop-mapreduce-project/hadoop-mapreduce-client/hadoop-mapreduce-client-common/src/main/java/org/apache/hadoop/mapreduce/v2/security/MRDelegationTokenRenewer.java,42
hadoop,org.apache.hadoop.mapreduce.v2.security.client,ClientHSSecurityInfo,0,0,7,7,33,9,0,0,-1.0,0,2,/Users/eashraf/hadoop/hadoop-mapreduce-project/hadoop-mapreduce-client/hadoop-mapreduce-client-common/src/main/java/org/apache/hadoop/mapreduce/v2/security/client/ClientHSSecurityInfo.java,32
hadoop,org.apache.hadoop.mapreduce.v2.security.client,ClientHSTokenSelector,1,0,1,1,18,5,0,0,0.0,0,2,/Users/eashraf/hadoop/hadoop-mapreduce-project/hadoop-mapreduce-client/hadoop-mapreduce-client-common/src/main/java/org/apache/hadoop/mapreduce/v2/security/client/ClientHSTokenSelector.java,31
hadoop,org.apache.hadoop.mapreduce.v2.api,HSClientProtocol,0,0,0,0,2,0,0,1,-1.0,6,0,/Users/eashraf/hadoop/hadoop-mapreduce-project/hadoop-mapreduce-client/hadoop-mapreduce-client-common/src/main/java/org/apache/hadoop/mapreduce/v2/api/HSClientProtocol.java,22
hadoop,org.apache.hadoop.mapreduce.v2.api,MRClientProtocolPB,0,0,0,0,2,0,0,0,-1.0,1,0,/Users/eashraf/hadoop/hadoop-mapreduce-project/hadoop-mapreduce-client/hadoop-mapreduce-client-common/src/main/java/org/apache/hadoop/mapreduce/v2/api/MRClientProtocolPB.java,23
hadoop,org.apache.hadoop.mapreduce.v2.api,HSAdminProtocol,0,0,0,0,2,0,0,1,-1.0,0,1,/Users/eashraf/hadoop/hadoop-mapreduce-project/hadoop-mapreduce-client/hadoop-mapreduce-client-common/src/main/java/org/apache/hadoop/mapreduce/v2/api/HSAdminProtocol.java,28
hadoop,org.apache.hadoop.mapreduce.v2.api,MRDelegationTokenIdentifier,1,1,3,3,25,3,0,0,1.0,12,1,/Users/eashraf/hadoop/hadoop-mapreduce-project/hadoop-mapreduce-client/hadoop-mapreduce-client-common/src/main/java/org/apache/hadoop/mapreduce/v2/api/MRDelegationTokenIdentifier.java,29
hadoop,org.apache.hadoop.mapreduce.v2.api,MRDelegationTokenIdentifier.Renewer,0,0,0,0,5,0,0,0,-1.0,0,0,/Users/eashraf/hadoop/hadoop-mapreduce-project/hadoop-mapreduce-client/hadoop-mapreduce-client-common/src/main/java/org/apache/hadoop/mapreduce/v2/api/MRDelegationTokenIdentifier.java,60
hadoop,org.apache.hadoop.mapreduce.v2.api,HSAdminRefreshProtocol,0,0,4,4,22,4,1,0,-1.0,2,1,/Users/eashraf/hadoop/hadoop-mapreduce-project/hadoop-mapreduce-client/hadoop-mapreduce-client-common/src/main/java/org/apache/hadoop/mapreduce/v2/api/HSAdminRefreshProtocol.java,28
hadoop,org.apache.hadoop.mapreduce.v2.api,HSClientProtocolPB,0,0,0,0,2,0,0,0,-1.0,1,0,/Users/eashraf/hadoop/hadoop-mapreduce-project/hadoop-mapreduce-client/hadoop-mapreduce-client-common/src/main/java/org/apache/hadoop/mapreduce/v2/api/HSClientProtocolPB.java,23
hadoop,org.apache.hadoop.mapreduce.v2.api,MRClientProtocol,0,0,15,15,33,15,1,0,-1.0,12,14,/Users/eashraf/hadoop/hadoop-mapreduce-project/hadoop-mapreduce-client/hadoop-mapreduce-client-common/src/main/java/org/apache/hadoop/mapreduce/v2/api/MRClientProtocol.java,53
hadoop,org.apache.hadoop.mapreduce.v2.api,HSAdminRefreshProtocolPB,0,0,0,0,2,0,0,0,-1.0,2,1,/Users/eashraf/hadoop/hadoop-mapreduce-project/hadoop-mapreduce-client/hadoop-mapreduce-client-common/src/main/java/org/apache/hadoop/mapreduce/v2/api/HSAdminRefreshProtocolPB.java,27
hadoop,org.apache.hadoop.mapreduce.v2.api.impl.pb.service,MRClientProtocolPBServiceImpl,1,0,15,15,146,15,1,0,0.0,0,29,/Users/eashraf/hadoop/hadoop-mapreduce-project/hadoop-mapreduce-client/hadoop-mapreduce-client-common/src/main/java/org/apache/hadoop/mapreduce/v2/api/impl/pb/service/MRClientProtocolPBServiceImpl.java,109
hadoop,org.apache.hadoop.mapreduce.v2.api.impl.pb.service,HSClientProtocolPBServiceImpl,0,0,1,1,5,1,0,1,-1.0,0,1,/Users/eashraf/hadoop/hadoop-mapreduce-project/hadoop-mapreduce-client/hadoop-mapreduce-client-common/src/main/java/org/apache/hadoop/mapreduce/v2/api/impl/pb/service/HSClientProtocolPBServiceImpl.java,24
hadoop,org.apache.hadoop.mapreduce.v2.api.impl.pb.client,MRClientProtocolPBClientImpl,1,0,19,18,154,22,1,0,0.10526315789473684,0,18,/Users/eashraf/hadoop/hadoop-mapreduce-project/hadoop-mapreduce-client/hadoop-mapreduce-client-common/src/main/java/org/apache/hadoop/mapreduce/v2/api/impl/pb/client/MRClientProtocolPBClientImpl.java,104
hadoop,org.apache.hadoop.mapreduce.v2.api.impl.pb.client,HSClientProtocolPBClientImpl,0,0,1,1,7,1,0,1,-1.0,0,4,/Users/eashraf/hadoop/hadoop-mapreduce-project/hadoop-mapreduce-client/hadoop-mapreduce-client-common/src/main/java/org/apache/hadoop/mapreduce/v2/api/impl/pb/client/HSClientProtocolPBClientImpl.java,30
hadoop,org.apache.hadoop.mapreduce.v2.api.records.impl.pb,TaskReportPBImpl,10,0,52,37,280,78,0,0,0.17307692307692307,0,8,/Users/eashraf/hadoop/hadoop-mapreduce-project/hadoop-mapreduce-client/hadoop-mapreduce-client-common/src/main/java/org/apache/hadoop/mapreduce/v2/api/records/impl/pb/TaskReportPBImpl.java,42
hadoop,org.apache.hadoop.mapreduce.v2.api.records.impl.pb,TaskAttemptIdPBImpl,4,0,12,7,66,18,0,0,0.0,3,2,/Users/eashraf/hadoop/hadoop-mapreduce-project/hadoop-mapreduce-client/hadoop-mapreduce-client-common/src/main/java/org/apache/hadoop/mapreduce/v2/api/records/impl/pb/TaskAttemptIdPBImpl.java,27
hadoop,org.apache.hadoop.mapreduce.v2.api.records.impl.pb,TaskAttemptReportPBImpl,6,0,46,33,255,70,0,0,0.1956521739130435,0,8,/Users/eashraf/hadoop/hadoop-mapreduce-project/hadoop-mapreduce-client/hadoop-mapreduce-client-common/src/main/java/org/apache/hadoop/mapreduce/v2/api/records/impl/pb/TaskAttemptReportPBImpl.java,41
hadoop,org.apache.hadoop.mapreduce.v2.api.records.impl.pb,CountersPBImpl,5,0,22,15,125,31,0,0,0.09090909090909091,2,4,/Users/eashraf/hadoop/hadoop-mapreduce-project/hadoop-mapreduce-client/hadoop-mapreduce-client-common/src/main/java/org/apache/hadoop/mapreduce/v2/api/records/impl/pb/CountersPBImpl.java,38
hadoop,org.apache.hadoop.mapreduce.v2.api.records.impl.pb,JobIdPBImpl,4,0,12,7,68,18,0,0,0.0,2,1,/Users/eashraf/hadoop/hadoop-mapreduce-project/hadoop-mapreduce-client/hadoop-mapreduce-client-common/src/main/java/org/apache/hadoop/mapreduce/v2/api/records/impl/pb/JobIdPBImpl.java,28
hadoop,org.apache.hadoop.mapreduce.v2.api.records.impl.pb,AMInfoPBImpl,5,0,22,15,127,34,0,0,0.13636363636363635,1,2,/Users/eashraf/hadoop/hadoop-mapreduce-project/hadoop-mapreduce-client/hadoop-mapreduce-client-common/src/main/java/org/apache/hadoop/mapreduce/v2/api/records/impl/pb/AMInfoPBImpl.java,32
hadoop,org.apache.hadoop.mapreduce.v2.api.records.impl.pb,JobReportPBImpl,5,0,46,35,227,60,0,0,0.10869565217391304,0,6,/Users/eashraf/hadoop/hadoop-mapreduce-project/hadoop-mapreduce-client/hadoop-mapreduce-client-common/src/main/java/org/apache/hadoop/mapreduce/v2/api/records/impl/pb/JobReportPBImpl.java,39
hadoop,org.apache.hadoop.mapreduce.v2.api.records.impl.pb,TaskAttemptCompletionEventPBImpl,4,0,20,13,110,30,0,0,0.15,0,4,/Users/eashraf/hadoop/hadoop-mapreduce-project/hadoop-mapreduce-client/hadoop-mapreduce-client-common/src/main/java/org/apache/hadoop/mapreduce/v2/api/records/impl/pb/TaskAttemptCompletionEventPBImpl.java,34
hadoop,org.apache.hadoop.mapreduce.v2.api.records.impl.pb,CounterGroupPBImpl,5,0,24,17,133,35,0,0,0.08333333333333333,2,2,/Users/eashraf/hadoop/hadoop-mapreduce-project/hadoop-mapreduce-client/hadoop-mapreduce-client-common/src/main/java/org/apache/hadoop/mapreduce/v2/api/records/impl/pb/CounterGroupPBImpl.java,37
hadoop,org.apache.hadoop.mapreduce.v2.api.records.impl.pb,TaskIdPBImpl,4,0,16,9,87,24,0,0,0.1875,2,4,/Users/eashraf/hadoop/hadoop-mapreduce-project/hadoop-mapreduce-client/hadoop-mapreduce-client-common/src/main/java/org/apache/hadoop/mapreduce/v2/api/records/impl/pb/TaskIdPBImpl.java,30
hadoop,org.apache.hadoop.mapreduce.v2.api.records.impl.pb,CounterPBImpl,3,0,10,9,61,15,0,0,0.0,2,0,/Users/eashraf/hadoop/hadoop-mapreduce-project/hadoop-mapreduce-client/hadoop-mapreduce-client-common/src/main/java/org/apache/hadoop/mapreduce/v2/api/records/impl/pb/CounterPBImpl.java,29
hadoop,org.apache.hadoop.mapreduce.v2.api.protocolrecords,GetTaskAttemptReportRequest,0,0,2,2,4,2,0,0,-1.0,7,1,/Users/eashraf/hadoop/hadoop-mapreduce-project/hadoop-mapreduce-client/hadoop-mapreduce-client-common/src/main/java/org/apache/hadoop/mapreduce/v2/api/protocolrecords/GetTaskAttemptReportRequest.java,23
hadoop,org.apache.hadoop.mapreduce.v2.api.protocolrecords,RenewDelegationTokenResponse,0,0,2,0,7,2,0,0,-1.0,1,0,/Users/eashraf/hadoop/hadoop-mapreduce-project/hadoop-mapreduce-client/hadoop-mapreduce-client-common/src/main/java/org/apache/hadoop/mapreduce/v2/api/protocolrecords/RenewDelegationTokenResponse.java,24
hadoop,org.apache.hadoop.mapreduce.v2.api.protocolrecords,GetJobReportResponse,0,0,2,2,4,2,0,0,-1.0,3,1,/Users/eashraf/hadoop/hadoop-mapreduce-project/hadoop-mapreduce-client/hadoop-mapreduce-client-common/src/main/java/org/apache/hadoop/mapreduce/v2/api/protocolrecords/GetJobReportResponse.java,23
hadoop,org.apache.hadoop.mapreduce.v2.api.protocolrecords,RenewDelegationTokenRequest,0,0,2,0,7,2,0,0,-1.0,5,1,/Users/eashraf/hadoop/hadoop-mapreduce-project/hadoop-mapreduce-client/hadoop-mapreduce-client-common/src/main/java/org/apache/hadoop/mapreduce/v2/api/protocolrecords/RenewDelegationTokenRequest.java,25
hadoop,org.apache.hadoop.mapreduce.v2.api.protocolrecords,GetCountersRequest,0,0,2,2,4,2,0,0,-1.0,8,1,/Users/eashraf/hadoop/hadoop-mapreduce-project/hadoop-mapreduce-client/hadoop-mapreduce-client-common/src/main/java/org/apache/hadoop/mapreduce/v2/api/protocolrecords/GetCountersRequest.java,23
hadoop,org.apache.hadoop.mapreduce.v2.api.protocolrecords,GetTaskAttemptCompletionEventsRequest,0,0,6,6,8,6,0,0,-1.0,7,1,/Users/eashraf/hadoop/hadoop-mapreduce-project/hadoop-mapreduce-client/hadoop-mapreduce-client-common/src/main/java/org/apache/hadoop/mapreduce/v2/api/protocolrecords/GetTaskAttemptCompletionEventsRequest.java,23
hadoop,org.apache.hadoop.mapreduce.v2.api.protocolrecords,GetCountersResponse,0,0,2,2,4,2,0,0,-1.0,3,1,/Users/eashraf/hadoop/hadoop-mapreduce-project/hadoop-mapreduce-client/hadoop-mapreduce-client-common/src/main/java/org/apache/hadoop/mapreduce/v2/api/protocolrecords/GetCountersResponse.java,23
hadoop,org.apache.hadoop.mapreduce.v2.api.protocolrecords,GetDiagnosticsResponse,0,0,7,7,9,7,0,0,-1.0,3,0,/Users/eashraf/hadoop/hadoop-mapreduce-project/hadoop-mapreduce-client/hadoop-mapreduce-client-common/src/main/java/org/apache/hadoop/mapreduce/v2/api/protocolrecords/GetDiagnosticsResponse.java,23
hadoop,org.apache.hadoop.mapreduce.v2.api.protocolrecords,KillTaskResponse,0,0,0,0,2,0,0,0,-1.0,2,0,/Users/eashraf/hadoop/hadoop-mapreduce-project/hadoop-mapreduce-client/hadoop-mapreduce-client-common/src/main/java/org/apache/hadoop/mapreduce/v2/api/protocolrecords/KillTaskResponse.java,21
hadoop,org.apache.hadoop.mapreduce.v2.api.protocolrecords,GetDelegationTokenRequest,0,0,2,0,4,2,0,0,-1.0,7,0,/Users/eashraf/hadoop/hadoop-mapreduce-project/hadoop-mapreduce-client/hadoop-mapreduce-client-common/src/main/java/org/apache/hadoop/mapreduce/v2/api/protocolrecords/GetDelegationTokenRequest.java,24
hadoop,org.apache.hadoop.mapreduce.v2.api.protocolrecords,KillJobResponse,0,0,0,0,2,0,0,0,-1.0,2,0,/Users/eashraf/hadoop/hadoop-mapreduce-project/hadoop-mapreduce-client/hadoop-mapreduce-client-common/src/main/java/org/apache/hadoop/mapreduce/v2/api/protocolrecords/KillJobResponse.java,21
hadoop,org.apache.hadoop.mapreduce.v2.api.protocolrecords,CancelDelegationTokenRequest,0,0,2,0,7,2,0,0,-1.0,5,1,/Users/eashraf/hadoop/hadoop-mapreduce-project/hadoop-mapreduce-client/hadoop-mapreduce-client-common/src/main/java/org/apache/hadoop/mapreduce/v2/api/protocolrecords/CancelDelegationTokenRequest.java,25
hadoop,org.apache.hadoop.mapreduce.v2.api.protocolrecords,GetTaskReportRequest,0,0,2,2,4,2,0,0,-1.0,6,1,/Users/eashraf/hadoop/hadoop-mapreduce-project/hadoop-mapreduce-client/hadoop-mapreduce-client-common/src/main/java/org/apache/hadoop/mapreduce/v2/api/protocolrecords/GetTaskReportRequest.java,23
hadoop,org.apache.hadoop.mapreduce.v2.api.protocolrecords,GetTaskReportsResponse,0,0,7,7,9,7,0,0,-1.0,2,1,/Users/eashraf/hadoop/hadoop-mapreduce-project/hadoop-mapreduce-client/hadoop-mapreduce-client-common/src/main/java/org/apache/hadoop/mapreduce/v2/api/protocolrecords/GetTaskReportsResponse.java,25
hadoop,org.apache.hadoop.mapreduce.v2.api.protocolrecords,KillTaskAttemptRequest,0,0,2,2,4,2,0,0,-1.0,6,1,/Users/eashraf/hadoop/hadoop-mapreduce-project/hadoop-mapreduce-client/hadoop-mapreduce-client-common/src/main/java/org/apache/hadoop/mapreduce/v2/api/protocolrecords/KillTaskAttemptRequest.java,23
hadoop,org.apache.hadoop.mapreduce.v2.api.protocolrecords,GetJobReportRequest,0,0,2,2,4,2,0,0,-1.0,8,1,/Users/eashraf/hadoop/hadoop-mapreduce-project/hadoop-mapreduce-client/hadoop-mapreduce-client-common/src/main/java/org/apache/hadoop/mapreduce/v2/api/protocolrecords/GetJobReportRequest.java,23
hadoop,org.apache.hadoop.mapreduce.v2.api.protocolrecords,KillTaskRequest,0,0,2,2,4,2,0,0,-1.0,5,1,/Users/eashraf/hadoop/hadoop-mapreduce-project/hadoop-mapreduce-client/hadoop-mapreduce-client-common/src/main/java/org/apache/hadoop/mapreduce/v2/api/protocolrecords/KillTaskRequest.java,23
hadoop,org.apache.hadoop.mapreduce.v2.api.protocolrecords,GetDiagnosticsRequest,0,0,2,2,4,2,0,0,-1.0,7,1,/Users/eashraf/hadoop/hadoop-mapreduce-project/hadoop-mapreduce-client/hadoop-mapreduce-client-common/src/main/java/org/apache/hadoop/mapreduce/v2/api/protocolrecords/GetDiagnosticsRequest.java,23
hadoop,org.apache.hadoop.mapreduce.v2.api.protocolrecords,FailTaskAttemptRequest,0,0,2,2,4,2,0,0,-1.0,6,1,/Users/eashraf/hadoop/hadoop-mapreduce-project/hadoop-mapreduce-client/hadoop-mapreduce-client-common/src/main/java/org/apache/hadoop/mapreduce/v2/api/protocolrecords/FailTaskAttemptRequest.java,23
hadoop,org.apache.hadoop.mapreduce.v2.api.protocolrecords,GetTaskAttemptReportResponse,0,0,2,2,4,2,0,0,-1.0,2,1,/Users/eashraf/hadoop/hadoop-mapreduce-project/hadoop-mapreduce-client/hadoop-mapreduce-client-common/src/main/java/org/apache/hadoop/mapreduce/v2/api/protocolrecords/GetTaskAttemptReportResponse.java,23
hadoop,org.apache.hadoop.mapreduce.v2.api.protocolrecords,KillTaskAttemptResponse,0,0,0,0,2,0,0,0,-1.0,2,0,/Users/eashraf/hadoop/hadoop-mapreduce-project/hadoop-mapreduce-client/hadoop-mapreduce-client-common/src/main/java/org/apache/hadoop/mapreduce/v2/api/protocolrecords/KillTaskAttemptResponse.java,21
hadoop,org.apache.hadoop.mapreduce.v2.api.protocolrecords,FailTaskAttemptResponse,0,0,0,0,2,0,0,0,-1.0,2,0,/Users/eashraf/hadoop/hadoop-mapreduce-project/hadoop-mapreduce-client/hadoop-mapreduce-client-common/src/main/java/org/apache/hadoop/mapreduce/v2/api/protocolrecords/FailTaskAttemptResponse.java,21
hadoop,org.apache.hadoop.mapreduce.v2.api.protocolrecords,KillJobRequest,0,0,2,2,4,2,0,0,-1.0,6,1,/Users/eashraf/hadoop/hadoop-mapreduce-project/hadoop-mapreduce-client/hadoop-mapreduce-client-common/src/main/java/org/apache/hadoop/mapreduce/v2/api/protocolrecords/KillJobRequest.java,23
hadoop,org.apache.hadoop.mapreduce.v2.api.protocolrecords,CancelDelegationTokenResponse,0,0,0,0,5,0,0,0,-1.0,1,0,/Users/eashraf/hadoop/hadoop-mapreduce-project/hadoop-mapreduce-client/hadoop-mapreduce-client-common/src/main/java/org/apache/hadoop/mapreduce/v2/api/protocolrecords/CancelDelegationTokenResponse.java,24
hadoop,org.apache.hadoop.mapreduce.v2.api.protocolrecords,GetTaskReportsRequest,0,0,4,4,6,4,0,0,-1.0,7,2,/Users/eashraf/hadoop/hadoop-mapreduce-project/hadoop-mapreduce-client/hadoop-mapreduce-client-common/src/main/java/org/apache/hadoop/mapreduce/v2/api/protocolrecords/GetTaskReportsRequest.java,24
hadoop,org.apache.hadoop.mapreduce.v2.api.protocolrecords,GetDelegationTokenResponse,0,0,2,0,4,2,0,0,-1.0,2,1,/Users/eashraf/hadoop/hadoop-mapreduce-project/hadoop-mapreduce-client/hadoop-mapreduce-client-common/src/main/java/org/apache/hadoop/mapreduce/v2/api/protocolrecords/GetDelegationTokenResponse.java,22
hadoop,org.apache.hadoop.mapreduce.v2.api.protocolrecords,GetTaskReportResponse,0,0,2,2,4,2,0,0,-1.0,3,1,/Users/eashraf/hadoop/hadoop-mapreduce-project/hadoop-mapreduce-client/hadoop-mapreduce-client-common/src/main/java/org/apache/hadoop/mapreduce/v2/api/protocolrecords/GetTaskReportResponse.java,23
hadoop,org.apache.hadoop.mapreduce.v2.api.protocolrecords,GetTaskAttemptCompletionEventsResponse,0,0,7,7,9,7,0,0,-1.0,3,1,/Users/eashraf/hadoop/hadoop-mapreduce-project/hadoop-mapreduce-client/hadoop-mapreduce-client-common/src/main/java/org/apache/hadoop/mapreduce/v2/api/protocolrecords/GetTaskAttemptCompletionEventsResponse.java,25
hadoop,org.apache.hadoop.mapreduce.v2.api.protocolrecords.impl.pb,GetCountersResponsePBImpl,4,0,10,5,58,16,0,0,0.0,0,1,/Users/eashraf/hadoop/hadoop-mapreduce-project/hadoop-mapreduce-client/hadoop-mapreduce-client-common/src/main/java/org/apache/hadoop/mapreduce/v2/api/protocolrecords/impl/pb/GetCountersResponsePBImpl.java,32
hadoop,org.apache.hadoop.mapreduce.v2.api.protocolrecords.impl.pb,GetTaskAttemptReportResponsePBImpl,4,0,10,5,58,16,0,0,0.0,0,1,/Users/eashraf/hadoop/hadoop-mapreduce-project/hadoop-mapreduce-client/hadoop-mapreduce-client-common/src/main/java/org/apache/hadoop/mapreduce/v2/api/protocolrecords/impl/pb/GetTaskAttemptReportResponsePBImpl.java,32
hadoop,org.apache.hadoop.mapreduce.v2.api.protocolrecords.impl.pb,GetTaskReportResponsePBImpl,4,0,10,5,58,16,0,0,0.0,0,1,/Users/eashraf/hadoop/hadoop-mapreduce-project/hadoop-mapreduce-client/hadoop-mapreduce-client-common/src/main/java/org/apache/hadoop/mapreduce/v2/api/protocolrecords/impl/pb/GetTaskReportResponsePBImpl.java,32
hadoop,org.apache.hadoop.mapreduce.v2.api.protocolrecords.impl.pb,GetCountersRequestPBImpl,4,0,10,5,58,16,0,0,0.0,1,1,/Users/eashraf/hadoop/hadoop-mapreduce-project/hadoop-mapreduce-client/hadoop-mapreduce-client-common/src/main/java/org/apache/hadoop/mapreduce/v2/api/protocolrecords/impl/pb/GetCountersRequestPBImpl.java,32
hadoop,org.apache.hadoop.mapreduce.v2.api.protocolrecords.impl.pb,KillTaskAttemptRequestPBImpl,4,0,10,5,58,16,0,0,0.0,0,1,/Users/eashraf/hadoop/hadoop-mapreduce-project/hadoop-mapreduce-client/hadoop-mapreduce-client-common/src/main/java/org/apache/hadoop/mapreduce/v2/api/protocolrecords/impl/pb/KillTaskAttemptRequestPBImpl.java,32
hadoop,org.apache.hadoop.mapreduce.v2.api.protocolrecords.impl.pb,FailTaskAttemptRequestPBImpl,4,0,10,5,58,16,0,0,0.0,0,1,/Users/eashraf/hadoop/hadoop-mapreduce-project/hadoop-mapreduce-client/hadoop-mapreduce-client-common/src/main/java/org/apache/hadoop/mapreduce/v2/api/protocolrecords/impl/pb/FailTaskAttemptRequestPBImpl.java,32
hadoop,org.apache.hadoop.mapreduce.v2.api.protocolrecords.impl.pb,CancelDelegationTokenResponsePBImpl,1,0,3,3,11,3,0,0,0.6666666666666666,0,0,/Users/eashraf/hadoop/hadoop-mapreduce-project/hadoop-mapreduce-client/hadoop-mapreduce-client-common/src/main/java/org/apache/hadoop/mapreduce/v2/api/protocolrecords/impl/pb/CancelDelegationTokenResponsePBImpl.java,24
hadoop,org.apache.hadoop.mapreduce.v2.api.protocolrecords.impl.pb,GetTaskAttemptCompletionEventsRequestPBImpl,4,0,14,9,74,20,0,0,0.0,0,1,/Users/eashraf/hadoop/hadoop-mapreduce-project/hadoop-mapreduce-client/hadoop-mapreduce-client-common/src/main/java/org/apache/hadoop/mapreduce/v2/api/protocolrecords/impl/pb/GetTaskAttemptCompletionEventsRequestPBImpl.java,32
hadoop,org.apache.hadoop.mapreduce.v2.api.protocolrecords.impl.pb,GetTaskReportsResponsePBImpl,5,0,21,14,106,28,0,0,0.09523809523809523,0,1,/Users/eashraf/hadoop/hadoop-mapreduce-project/hadoop-mapreduce-client/hadoop-mapreduce-client-common/src/main/java/org/apache/hadoop/mapreduce/v2/api/protocolrecords/impl/pb/GetTaskReportsResponsePBImpl.java,36
hadoop,org.apache.hadoop.mapreduce.v2.api.protocolrecords.impl.pb,GetDiagnosticsRequestPBImpl,4,0,10,5,58,16,0,0,0.0,0,1,/Users/eashraf/hadoop/hadoop-mapreduce-project/hadoop-mapreduce-client/hadoop-mapreduce-client-common/src/main/java/org/apache/hadoop/mapreduce/v2/api/protocolrecords/impl/pb/GetDiagnosticsRequestPBImpl.java,32
hadoop,org.apache.hadoop.mapreduce.v2.api.protocolrecords.impl.pb,KillTaskRequestPBImpl,4,0,10,5,58,16,0,0,0.0,0,1,/Users/eashraf/hadoop/hadoop-mapreduce-project/hadoop-mapreduce-client/hadoop-mapreduce-client-common/src/main/java/org/apache/hadoop/mapreduce/v2/api/protocolrecords/impl/pb/KillTaskRequestPBImpl.java,32
hadoop,org.apache.hadoop.mapreduce.v2.api.protocolrecords.impl.pb,GetTaskReportRequestPBImpl,4,0,10,5,58,16,0,0,0.0,0,1,/Users/eashraf/hadoop/hadoop-mapreduce-project/hadoop-mapreduce-client/hadoop-mapreduce-client-common/src/main/java/org/apache/hadoop/mapreduce/v2/api/protocolrecords/impl/pb/GetTaskReportRequestPBImpl.java,32
hadoop,org.apache.hadoop.mapreduce.v2.api.protocolrecords.impl.pb,GetJobReportRequestPBImpl,4,0,10,5,58,16,0,0,0.0,1,1,/Users/eashraf/hadoop/hadoop-mapreduce-project/hadoop-mapreduce-client/hadoop-mapreduce-client-common/src/main/java/org/apache/hadoop/mapreduce/v2/api/protocolrecords/impl/pb/GetJobReportRequestPBImpl.java,32
hadoop,org.apache.hadoop.mapreduce.v2.api.protocolrecords.impl.pb,GetTaskAttemptReportRequestPBImpl,4,0,10,5,58,16,0,0,0.0,0,1,/Users/eashraf/hadoop/hadoop-mapreduce-project/hadoop-mapreduce-client/hadoop-mapreduce-client-common/src/main/java/org/apache/hadoop/mapreduce/v2/api/protocolrecords/impl/pb/GetTaskAttemptReportRequestPBImpl.java,32
hadoop,org.apache.hadoop.mapreduce.v2.api.protocolrecords.impl.pb,KillTaskAttemptResponsePBImpl,3,0,4,3,23,5,0,0,0.0,0,0,/Users/eashraf/hadoop/hadoop-mapreduce-project/hadoop-mapreduce-client/hadoop-mapreduce-client-common/src/main/java/org/apache/hadoop/mapreduce/v2/api/protocolrecords/impl/pb/KillTaskAttemptResponsePBImpl.java,28
hadoop,org.apache.hadoop.mapreduce.v2.api.protocolrecords.impl.pb,GetTaskReportsRequestPBImpl,4,0,14,7,79,22,0,0,0.21428571428571427,0,3,/Users/eashraf/hadoop/hadoop-mapreduce-project/hadoop-mapreduce-client/hadoop-mapreduce-client-common/src/main/java/org/apache/hadoop/mapreduce/v2/api/protocolrecords/impl/pb/GetTaskReportsRequestPBImpl.java,35
hadoop,org.apache.hadoop.mapreduce.v2.api.protocolrecords.impl.pb,GetJobReportResponsePBImpl,4,0,10,5,58,16,0,0,0.0,0,1,/Users/eashraf/hadoop/hadoop-mapreduce-project/hadoop-mapreduce-client/hadoop-mapreduce-client-common/src/main/java/org/apache/hadoop/mapreduce/v2/api/protocolrecords/impl/pb/GetJobReportResponsePBImpl.java,32
hadoop,org.apache.hadoop.mapreduce.v2.api.protocolrecords.impl.pb,KillJobRequestPBImpl,4,0,10,5,58,16,0,0,0.0,0,1,/Users/eashraf/hadoop/hadoop-mapreduce-project/hadoop-mapreduce-client/hadoop-mapreduce-client-common/src/main/java/org/apache/hadoop/mapreduce/v2/api/protocolrecords/impl/pb/KillJobRequestPBImpl.java,32
hadoop,org.apache.hadoop.mapreduce.v2.api.protocolrecords.impl.pb,KillJobResponsePBImpl,3,0,4,3,23,5,0,0,0.0,0,0,/Users/eashraf/hadoop/hadoop-mapreduce-project/hadoop-mapreduce-client/hadoop-mapreduce-client-common/src/main/java/org/apache/hadoop/mapreduce/v2/api/protocolrecords/impl/pb/KillJobResponsePBImpl.java,28
hadoop,org.apache.hadoop.mapreduce.v2.api.protocolrecords.impl.pb,GetDelegationTokenRequestPBImpl,4,0,8,5,49,13,0,0,0.0,0,0,/Users/eashraf/hadoop/hadoop-mapreduce-project/hadoop-mapreduce-client/hadoop-mapreduce-client-common/src/main/java/org/apache/hadoop/mapreduce/v2/api/protocolrecords/impl/pb/GetDelegationTokenRequestPBImpl.java,26
hadoop,org.apache.hadoop.mapreduce.v2.api.protocolrecords.impl.pb,GetDelegationTokenResponsePBImpl,4,0,10,5,58,16,0,0,0.0,0,1,/Users/eashraf/hadoop/hadoop-mapreduce-project/hadoop-mapreduce-client/hadoop-mapreduce-client-common/src/main/java/org/apache/hadoop/mapreduce/v2/api/protocolrecords/impl/pb/GetDelegationTokenResponsePBImpl.java,28
hadoop,org.apache.hadoop.mapreduce.v2.api.protocolrecords.impl.pb,RenewDelegationTokenResponsePBImpl,3,0,6,5,31,7,0,0,0.0,0,0,/Users/eashraf/hadoop/hadoop-mapreduce-project/hadoop-mapreduce-client/hadoop-mapreduce-client-common/src/main/java/org/apache/hadoop/mapreduce/v2/api/protocolrecords/impl/pb/RenewDelegationTokenResponsePBImpl.java,26
hadoop,org.apache.hadoop.mapreduce.v2.api.protocolrecords.impl.pb,FailTaskAttemptResponsePBImpl,3,0,4,3,23,5,0,0,0.0,0,0,/Users/eashraf/hadoop/hadoop-mapreduce-project/hadoop-mapreduce-client/hadoop-mapreduce-client-common/src/main/java/org/apache/hadoop/mapreduce/v2/api/protocolrecords/impl/pb/FailTaskAttemptResponsePBImpl.java,28
hadoop,org.apache.hadoop.mapreduce.v2.api.protocolrecords.impl.pb,CancelDelegationTokenRequestPBImpl,4,0,10,5,55,15,0,0,0.0,1,1,/Users/eashraf/hadoop/hadoop-mapreduce-project/hadoop-mapreduce-client/hadoop-mapreduce-client-common/src/main/java/org/apache/hadoop/mapreduce/v2/api/protocolrecords/impl/pb/CancelDelegationTokenRequestPBImpl.java,28
hadoop,org.apache.hadoop.mapreduce.v2.api.protocolrecords.impl.pb,GetDiagnosticsResponsePBImpl,4,0,15,10,82,22,0,0,0.0,0,0,/Users/eashraf/hadoop/hadoop-mapreduce-project/hadoop-mapreduce-client/hadoop-mapreduce-client-common/src/main/java/org/apache/hadoop/mapreduce/v2/api/protocolrecords/impl/pb/GetDiagnosticsResponsePBImpl.java,32
hadoop,org.apache.hadoop.mapreduce.v2.api.protocolrecords.impl.pb,GetTaskAttemptCompletionEventsResponsePBImpl,5,0,21,14,106,28,0,0,0.09523809523809523,0,1,/Users/eashraf/hadoop/hadoop-mapreduce-project/hadoop-mapreduce-client/hadoop-mapreduce-client-common/src/main/java/org/apache/hadoop/mapreduce/v2/api/protocolrecords/impl/pb/GetTaskAttemptCompletionEventsResponsePBImpl.java,36
hadoop,org.apache.hadoop.mapreduce.v2.api.protocolrecords.impl.pb,KillTaskResponsePBImpl,3,0,4,3,23,5,0,0,0.0,0,0,/Users/eashraf/hadoop/hadoop-mapreduce-project/hadoop-mapreduce-client/hadoop-mapreduce-client-common/src/main/java/org/apache/hadoop/mapreduce/v2/api/protocolrecords/impl/pb/KillTaskResponsePBImpl.java,28
hadoop,org.apache.hadoop.mapreduce.v2.api.protocolrecords.impl.pb,RenewDelegationTokenRequestPBImpl,4,0,10,5,55,15,0,0,0.0,1,1,/Users/eashraf/hadoop/hadoop-mapreduce-project/hadoop-mapreduce-client/hadoop-mapreduce-client-common/src/main/java/org/apache/hadoop/mapreduce/v2/api/protocolrecords/impl/pb/RenewDelegationTokenRequestPBImpl.java,28
hadoop,org.apache.hadoop.mapreduce.v2.hs.webapp,TestMapReduceTrackingUriPlugin,0,0,1,1,14,1,0,0,-1.0,0,4,/Users/eashraf/hadoop/hadoop-mapreduce-project/hadoop-mapreduce-client/hadoop-mapreduce-client-hs-plugins/src/test/java/org/apache/hadoop/mapreduce/v2/hs/webapp/TestMapReduceTrackingUriPlugin.java,31
hadoop,org.apache.hadoop.mapreduce.v2.hs.webapp,MapReduceTrackingUriPlugin,0,0,2,2,23,3,0,0,-1.0,1,3,/Users/eashraf/hadoop/hadoop-mapreduce-project/hadoop-mapreduce-client/hadoop-mapreduce-client-hs-plugins/src/main/java/org/apache/hadoop/mapreduce/v2/hs/webapp/MapReduceTrackingUriPlugin.java,32
hadoop,org.apache.hadoop.mapreduce.v2.hs.webapp,TestHsWebServicesAttempts,4,0,27,25,396,72,0,0,0.1111111111111111,0,15,/Users/eashraf/hadoop/hadoop-mapreduce-project/hadoop-mapreduce-client/hadoop-mapreduce-client-hs/src/test/java/org/apache/hadoop/mapreduce/v2/hs/webapp/TestHsWebServicesAttempts.java,73
hadoop,org.apache.hadoop.mapreduce.v2.hs.webapp,TestHsWebServicesAttempts.GuiceServletConfig,0,0,0,0,5,0,0,0,-1.0,0,0,/Users/eashraf/hadoop/hadoop-mapreduce-project/hadoop-mapreduce-client/hadoop-mapreduce-client-hs/src/test/java/org/apache/hadoop/mapreduce/v2/hs/webapp/TestHsWebServicesAttempts.java,108
hadoop,org.apache.hadoop.mapreduce.v2.hs.webapp,TestHsWebServicesAcls,12,0,11,10,248,11,0,0,0.0,0,14,/Users/eashraf/hadoop/hadoop-mapreduce-project/hadoop-mapreduce-client/hadoop-mapreduce-client-hs/src/test/java/org/apache/hadoop/mapreduce/v2/hs/webapp/TestHsWebServicesAcls.java,65
hadoop,org.apache.hadoop.mapreduce.v2.hs.webapp,TestHsWebServicesAcls.NullGroupsProvider,0,0,0,0,9,0,0,0,-1.0,0,0,/Users/eashraf/hadoop/hadoop-mapreduce-project/hadoop-mapreduce-client/hadoop-mapreduce-client-hs/src/test/java/org/apache/hadoop/mapreduce/v2/hs/webapp/TestHsWebServicesAcls.java,264
hadoop,org.apache.hadoop.mapreduce.v2.hs.webapp,TestHsWebServicesAcls.MockJobForAcls,4,0,0,0,88,0,0,0,-1.0,0,4,/Users/eashraf/hadoop/hadoop-mapreduce-project/hadoop-mapreduce-client/hadoop-mapreduce-client-hs/src/test/java/org/apache/hadoop/mapreduce/v2/hs/webapp/TestHsWebServicesAcls.java,280
hadoop,org.apache.hadoop.mapreduce.v2.hs.webapp,TestHsWebServicesJobConf,5,0,10,9,144,18,0,0,0.2,0,15,/Users/eashraf/hadoop/hadoop-mapreduce-project/hadoop-mapreduce-client/hadoop-mapreduce-client-hs/src/test/java/org/apache/hadoop/mapreduce/v2/hs/webapp/TestHsWebServicesJobConf.java,73
hadoop,org.apache.hadoop.mapreduce.v2.hs.webapp,TestHsWebServicesJobConf.GuiceServletConfig,0,0,0,0,5,0,0,0,-1.0,0,0,/Users/eashraf/hadoop/hadoop-mapreduce-project/hadoop-mapreduce-client/hadoop-mapreduce-client-hs/src/test/java/org/apache/hadoop/mapreduce/v2/hs/webapp/TestHsWebServicesJobConf.java,132
hadoop,org.apache.hadoop.mapreduce.v2.hs.webapp,TestHsWebServicesTasks,4,0,30,29,518,71,0,0,0.1,0,15,/Users/eashraf/hadoop/hadoop-mapreduce-project/hadoop-mapreduce-client/hadoop-mapreduce-client-hs/src/test/java/org/apache/hadoop/mapreduce/v2/hs/webapp/TestHsWebServicesTasks.java,70
hadoop,org.apache.hadoop.mapreduce.v2.hs.webapp,TestHsWebServicesTasks.GuiceServletConfig,0,0,0,0,5,0,0,0,-1.0,0,0,/Users/eashraf/hadoop/hadoop-mapreduce-project/hadoop-mapreduce-client/hadoop-mapreduce-client-hs/src/test/java/org/apache/hadoop/mapreduce/v2/hs/webapp/TestHsWebServicesTasks.java,104
hadoop,org.apache.hadoop.mapreduce.v2.hs.webapp,TestHSWebApp,1,0,16,15,125,16,0,0,0.1875,0,20,/Users/eashraf/hadoop/hadoop-mapreduce-project/hadoop-mapreduce-client/hadoop-mapreduce-client-hs/src/test/java/org/apache/hadoop/mapreduce/v2/hs/webapp/TestHSWebApp.java,56
hadoop,org.apache.hadoop.mapreduce.v2.hs.webapp,TestHsWebServices,4,0,17,16,160,18,0,0,0.35294117647058826,0,12,/Users/eashraf/hadoop/hadoop-mapreduce-project/hadoop-mapreduce-client/hadoop-mapreduce-client-hs/src/test/java/org/apache/hadoop/mapreduce/v2/hs/webapp/TestHsWebServices.java,61
hadoop,org.apache.hadoop.mapreduce.v2.hs.webapp,TestHsWebServices.GuiceServletConfig,0,0,0,0,5,0,0,0,-1.0,0,0,/Users/eashraf/hadoop/hadoop-mapreduce-project/hadoop-mapreduce-client/hadoop-mapreduce-client-hs/src/test/java/org/apache/hadoop/mapreduce/v2/hs/webapp/TestHsWebServices.java,94
hadoop,org.apache.hadoop.mapreduce.v2.hs.webapp,TestBlocks,6,0,6,4,298,6,0,0,0.3333333333333333,0,38,/Users/eashraf/hadoop/hadoop-mapreduce-project/hadoop-mapreduce-client/hadoop-mapreduce-client-hs/src/test/java/org/apache/hadoop/mapreduce/v2/hs/webapp/TestBlocks.java,74
hadoop,org.apache.hadoop.mapreduce.v2.hs.webapp,TestBlocks.HsControllerForTest,3,0,0,0,35,0,0,1,-1.0,0,0,/Users/eashraf/hadoop/hadoop-mapreduce-project/hadoop-mapreduce-client/hadoop-mapreduce-client-hs/src/test/java/org/apache/hadoop/mapreduce/v2/hs/webapp/TestBlocks.java,287
hadoop,org.apache.hadoop.mapreduce.v2.hs.webapp,TestBlocks.HsJobsBlockForTest,0,0,0,0,12,0,0,1,-1.0,0,0,/Users/eashraf/hadoop/hadoop-mapreduce-project/hadoop-mapreduce-client/hadoop-mapreduce-client-hs/src/test/java/org/apache/hadoop/mapreduce/v2/hs/webapp/TestBlocks.java,384
hadoop,org.apache.hadoop.mapreduce.v2.hs.webapp,TestBlocks.AttemptsBlockForTest,1,0,0,0,20,0,0,0,-1.0,0,0,/Users/eashraf/hadoop/hadoop-mapreduce-project/hadoop-mapreduce-client/hadoop-mapreduce-client-hs/src/test/java/org/apache/hadoop/mapreduce/v2/hs/webapp/TestBlocks.java,400
hadoop,org.apache.hadoop.mapreduce.v2.hs.webapp,TestBlocks.HsTasksBlockForTest,1,0,0,0,20,0,0,1,-1.0,0,0,/Users/eashraf/hadoop/hadoop-mapreduce-project/hadoop-mapreduce-client/hadoop-mapreduce-client-hs/src/test/java/org/apache/hadoop/mapreduce/v2/hs/webapp/TestBlocks.java,427
hadoop,org.apache.hadoop.mapreduce.v2.hs.webapp,TestBlocks.HtmlBlockForTest,0,0,0,0,4,0,0,0,-1.0,0,0,/Users/eashraf/hadoop/hadoop-mapreduce-project/hadoop-mapreduce-client/hadoop-mapreduce-client-hs/src/test/java/org/apache/hadoop/mapreduce/v2/hs/webapp/TestBlocks.java,453
hadoop,org.apache.hadoop.mapreduce.v2.hs.webapp,TestHsWebServicesJobs,4,0,34,31,500,58,0,0,0.17647058823529413,0,14,/Users/eashraf/hadoop/hadoop-mapreduce-project/hadoop-mapreduce-client/hadoop-mapreduce-client-hs/src/test/java/org/apache/hadoop/mapreduce/v2/hs/webapp/TestHsWebServicesJobs.java,71
hadoop,org.apache.hadoop.mapreduce.v2.hs.webapp,TestHsWebServicesJobs.GuiceServletConfig,0,0,0,0,5,0,0,0,-1.0,0,0,/Users/eashraf/hadoop/hadoop-mapreduce-project/hadoop-mapreduce-client/hadoop-mapreduce-client-hs/src/test/java/org/apache/hadoop/mapreduce/v2/hs/webapp/TestHsWebServicesJobs.java,105
hadoop,org.apache.hadoop.mapreduce.v2.hs.webapp,TestHsWebServicesJobsQuery,4,0,28,27,381,32,0,0,0.8214285714285714,0,15,/Users/eashraf/hadoop/hadoop-mapreduce-project/hadoop-mapreduce-client/hadoop-mapreduce-client-hs/src/test/java/org/apache/hadoop/mapreduce/v2/hs/webapp/TestHsWebServicesJobsQuery.java,61
hadoop,org.apache.hadoop.mapreduce.v2.hs.webapp,TestHsWebServicesJobsQuery.GuiceServletConfig,0,0,0,0,5,0,0,0,-1.0,0,0,/Users/eashraf/hadoop/hadoop-mapreduce-project/hadoop-mapreduce-client/hadoop-mapreduce-client-hs/src/test/java/org/apache/hadoop/mapreduce/v2/hs/webapp/TestHsWebServicesJobsQuery.java,93
hadoop,org.apache.hadoop.mapreduce.v2.hs.webapp,VerifyJobsUtils,0,0,4,4,52,7,0,0,-1.0,2,4,/Users/eashraf/hadoop/hadoop-mapreduce-project/hadoop-mapreduce-client/hadoop-mapreduce-client-hs/src/test/java/org/apache/hadoop/mapreduce/v2/hs/webapp/VerifyJobsUtils.java,33
hadoop,org.apache.hadoop.mapreduce.v2.hs.webapp,HsView,0,0,6,0,38,6,8,0,-1.0,0,0,/Users/eashraf/hadoop/hadoop-mapreduce-project/hadoop-mapreduce-client/hadoop-mapreduce-client-hs/src/main/java/org/apache/hadoop/mapreduce/v2/hs/webapp/HsView.java,33
hadoop,org.apache.hadoop.mapreduce.v2.hs.webapp,JAXBContextResolver,3,0,2,2,12,2,0,0,0.0,7,0,/Users/eashraf/hadoop/hadoop-mapreduce-project/hadoop-mapreduce-client/hadoop-mapreduce-client-hs/src/main/java/org/apache/hadoop/mapreduce/v2/hs/webapp/JAXBContextResolver.java,54
hadoop,org.apache.hadoop.mapreduce.v2.hs.webapp,HsJobPage,0,0,2,0,18,2,0,1,-1.0,2,0,/Users/eashraf/hadoop/hadoop-mapreduce-project/hadoop-mapreduce-client/hadoop-mapreduce-client-hs/src/main/java/org/apache/hadoop/mapreduce/v2/hs/webapp/HsJobPage.java,28
hadoop,org.apache.hadoop.mapreduce.v2.hs.webapp,HsConfPage,0,0,4,0,34,4,0,1,-1.0,2,0,/Users/eashraf/hadoop/hadoop-mapreduce-project/hadoop-mapreduce-client/hadoop-mapreduce-client-hs/src/main/java/org/apache/hadoop/mapreduce/v2/hs/webapp/HsConfPage.java,33
hadoop,org.apache.hadoop.mapreduce.v2.hs.webapp,HsTasksPage,0,0,4,0,37,5,0,1,-1.0,2,2,/Users/eashraf/hadoop/hadoop-mapreduce-project/hadoop-mapreduce-client/hadoop-mapreduce-client-hs/src/main/java/org/apache/hadoop/mapreduce/v2/hs/webapp/HsTasksPage.java,35
hadoop,org.apache.hadoop.mapreduce.v2.hs.webapp,HsAboutPage,0,0,2,0,18,2,0,1,-1.0,2,2,/Users/eashraf/hadoop/hadoop-mapreduce-project/hadoop-mapreduce-client/hadoop-mapreduce-client-hs/src/main/java/org/apache/hadoop/mapreduce/v2/hs/webapp/HsAboutPage.java,30
hadoop,org.apache.hadoop.mapreduce.v2.hs.webapp,HsNavBlock,1,0,2,0,21,4,0,0,0.0,0,2,/Users/eashraf/hadoop/hadoop-mapreduce-project/hadoop-mapreduce-client/hadoop-mapreduce-client-hs/src/main/java/org/apache/hadoop/mapreduce/v2/hs/webapp/HsNavBlock.java,29
hadoop,org.apache.hadoop.mapreduce.v2.hs.webapp,HsJobBlock,1,0,2,0,56,10,0,0,0.0,0,11,/Users/eashraf/hadoop/hadoop-mapreduce-project/hadoop-mapreduce-client/hadoop-mapreduce-client-hs/src/main/java/org/apache/hadoop/mapreduce/v2/hs/webapp/HsJobBlock.java,51
hadoop,org.apache.hadoop.mapreduce.v2.hs.webapp,HsController,0,0,21,13,83,21,1,0,-1.0,2,4,/Users/eashraf/hadoop/hadoop-mapreduce-project/hadoop-mapreduce-client/hadoop-mapreduce-client-hs/src/main/java/org/apache/hadoop/mapreduce/v2/hs/webapp/HsController.java,31
hadoop,org.apache.hadoop.mapreduce.v2.hs.webapp,HsWebServices,4,0,18,14,226,43,0,0,0.0,8,18,/Users/eashraf/hadoop/hadoop-mapreduce-project/hadoop-mapreduce-client/hadoop-mapreduce-client-hs/src/main/java/org/apache/hadoop/mapreduce/v2/hs/webapp/HsWebServices.java,71
hadoop,org.apache.hadoop.mapreduce.v2.hs.webapp,HsAttemptsPage,0,0,1,0,38,1,0,2,-1.0,2,1,/Users/eashraf/hadoop/hadoop-mapreduce-project/hadoop-mapreduce-client/hadoop-mapreduce-client-hs/src/main/java/org/apache/hadoop/mapreduce/v2/hs/webapp/HsAttemptsPage.java,42
hadoop,org.apache.hadoop.mapreduce.v2.hs.webapp,HsAttemptsPage.FewAttemptsBlock,0,0,0,0,26,0,0,2,-1.0,0,1,/Users/eashraf/hadoop/hadoop-mapreduce-project/hadoop-mapreduce-client/hadoop-mapreduce-client-hs/src/main/java/org/apache/hadoop/mapreduce/v2/hs/webapp/HsAttemptsPage.java,46
hadoop,org.apache.hadoop.mapreduce.v2.hs.webapp,HsWebApp,1,0,2,2,27,2,0,0,0.0,7,6,/Users/eashraf/hadoop/hadoop-mapreduce-project/hadoop-mapreduce-client/hadoop-mapreduce-client-hs/src/main/java/org/apache/hadoop/mapreduce/v2/hs/webapp/HsWebApp.java,34
hadoop,org.apache.hadoop.mapreduce.v2.hs.webapp,HsCountersPage,0,0,3,0,26,4,0,1,-1.0,2,0,/Users/eashraf/hadoop/hadoop-mapreduce-project/hadoop-mapreduce-client/hadoop-mapreduce-client-hs/src/main/java/org/apache/hadoop/mapreduce/v2/hs/webapp/HsCountersPage.java,27
hadoop,org.apache.hadoop.mapreduce.v2.hs.webapp,HsSingleCounterPage,0,0,3,0,30,4,0,1,-1.0,2,0,/Users/eashraf/hadoop/hadoop-mapreduce-project/hadoop-mapreduce-client/hadoop-mapreduce-client-hs/src/main/java/org/apache/hadoop/mapreduce/v2/hs/webapp/HsSingleCounterPage.java,27
hadoop,org.apache.hadoop.mapreduce.v2.hs.webapp,HsTasksBlock,1,0,2,0,105,16,1,0,0.0,0,7,/Users/eashraf/hadoop/hadoop-mapreduce-project/hadoop-mapreduce-client/hadoop-mapreduce-client-hs/src/main/java/org/apache/hadoop/mapreduce/v2/hs/webapp/HsTasksBlock.java,43
hadoop,org.apache.hadoop.mapreduce.v2.hs.webapp,HsTaskPage,1,0,4,0,141,5,2,1,0.5,4,4,/Users/eashraf/hadoop/hadoop-mapreduce-project/hadoop-mapreduce-client/hadoop-mapreduce-client-hs/src/main/java/org/apache/hadoop/mapreduce/v2/hs/webapp/HsTaskPage.java,54
hadoop,org.apache.hadoop.mapreduce.v2.hs.webapp,HsTaskPage.AttemptsBlock,1,0,0,0,102,0,0,0,-1.0,0,2,/Users/eashraf/hadoop/hadoop-mapreduce-project/hadoop-mapreduce-client/hadoop-mapreduce-client-hs/src/main/java/org/apache/hadoop/mapreduce/v2/hs/webapp/HsTaskPage.java,59
hadoop,org.apache.hadoop.mapreduce.v2.hs.webapp,HsJobsBlock,2,0,2,0,25,4,1,0,0.0,1,2,/Users/eashraf/hadoop/hadoop-mapreduce-project/hadoop-mapreduce-client/hadoop-mapreduce-client-hs/src/main/java/org/apache/hadoop/mapreduce/v2/hs/webapp/HsJobsBlock.java,36
hadoop,org.apache.hadoop.mapreduce.v2.hs.webapp,HsLogsPage,0,0,2,0,19,4,0,1,-1.0,2,0,/Users/eashraf/hadoop/hadoop-mapreduce-project/hadoop-mapreduce-client/hadoop-mapreduce-client-hs/src/main/java/org/apache/hadoop/mapreduce/v2/hs/webapp/HsLogsPage.java,26
hadoop,org.apache.hadoop.mapred.lib,TestCombineFileRecordReader,1,0,1,1,36,2,0,0,0.0,0,8,/Users/eashraf/hadoop/hadoop-mapreduce-project/hadoop-mapreduce-client/hadoop-mapreduce-client-core/src/test/java/org/apache/hadoop/mapred/lib/TestCombineFileRecordReader.java,42
hadoop,org.apache.hadoop.mapred.lib,TestCombineFileRecordReader.TextRecordReaderWrapper,0,0,0,0,5,0,0,1,-1.0,0,0,/Users/eashraf/hadoop/hadoop-mapreduce-project/hadoop-mapreduce-client/hadoop-mapreduce-client-core/src/test/java/org/apache/hadoop/mapred/lib/TestCombineFileRecordReader.java,47
hadoop,org.apache.hadoop.mapred.lib,ChainMapper,1,0,5,5,50,6,0,0,0.4,1,5,/Users/eashraf/hadoop/hadoop-mapreduce-project/hadoop-mapreduce-client/hadoop-mapreduce-client-core/src/main/java/org/apache/hadoop/mapred/lib/ChainMapper.java,29
hadoop,org.apache.hadoop.mapred.lib,MultipleInputs,0,0,4,2,78,7,0,0,-1.0,3,6,/Users/eashraf/hadoop/hadoop-mapreduce-project/hadoop-mapreduce-client/hadoop-mapreduce-client-core/src/main/java/org/apache/hadoop/mapred/lib/MultipleInputs.java,32
hadoop,org.apache.hadoop.mapred.lib,NullOutputFormat,0,0,4,4,16,4,0,0,-1.0,3,4,/Users/eashraf/hadoop/hadoop-mapreduce-project/hadoop-mapreduce-client/hadoop-mapreduce-client-core/src/main/java/org/apache/hadoop/mapred/lib/NullOutputFormat.java,30
hadoop,org.apache.hadoop.mapred.lib,BinaryPartitioner,0,0,1,1,9,1,0,0,-1.0,0,1,/Users/eashraf/hadoop/hadoop-mapreduce-project/hadoop-mapreduce-client/hadoop-mapreduce-client-core/src/main/java/org/apache/hadoop/mapred/lib/BinaryPartitioner.java,27
hadoop,org.apache.hadoop.mapred.lib,MultipleOutputs,17,1,20,15,295,37,0,0,0.0,5,1,/Users/eashraf/hadoop/hadoop-mapreduce-project/hadoop-mapreduce-client/hadoop-mapreduce-client-core/src/main/java/org/apache/hadoop/mapred/lib/MultipleOutputs.java,29
hadoop,org.apache.hadoop.mapred.lib,MultipleOutputs.RecordWriterWithCounter,3,0,0,0,17,0,0,0,-1.0,0,0,/Users/eashraf/hadoop/hadoop-mapreduce-project/hadoop-mapreduce-client/hadoop-mapreduce-client-core/src/main/java/org/apache/hadoop/mapred/lib/MultipleOutputs.java,440
hadoop,org.apache.hadoop.mapred.lib,MultipleOutputs.InternalFileOutputFormat,1,1,0,0,13,0,0,0,-1.0,0,0,/Users/eashraf/hadoop/hadoop-mapreduce-project/hadoop-mapreduce-client/hadoop-mapreduce-client-core/src/main/java/org/apache/hadoop/mapred/lib/MultipleOutputs.java,536
hadoop,org.apache.hadoop.mapred.lib,DelegatingMapper,2,0,3,3,23,5,0,0,0.0,1,6,/Users/eashraf/hadoop/hadoop-mapreduce-project/hadoop-mapreduce-client/hadoop-mapreduce-client-core/src/main/java/org/apache/hadoop/mapred/lib/DelegatingMapper.java,32
hadoop,org.apache.hadoop.mapred.lib,NLineInputFormat,1,0,4,3,36,6,0,0,0.75,1,5,/Users/eashraf/hadoop/hadoop-mapreduce-project/hadoop-mapreduce-client/hadoop-mapreduce-client-core/src/main/java/org/apache/hadoop/mapred/lib/NLineInputFormat.java,39
hadoop,org.apache.hadoop.mapred.lib,InputSampler,1,0,2,2,173,2,0,0,1.0,0,3,/Users/eashraf/hadoop/hadoop-mapreduce-project/hadoop-mapreduce-client/hadoop-mapreduce-client-core/src/main/java/org/apache/hadoop/mapred/lib/InputSampler.java,36
hadoop,org.apache.hadoop.mapred.lib,InputSampler.Sampler,0,0,0,0,9,0,0,0,-1.0,0,0,/Users/eashraf/hadoop/hadoop-mapreduce-project/hadoop-mapreduce-client/hadoop-mapreduce-client-core/src/main/java/org/apache/hadoop/mapred/lib/InputSampler.java,51
hadoop,org.apache.hadoop.mapred.lib,InputSampler.SplitSampler,0,0,0,0,46,0,0,0,-1.0,0,1,/Users/eashraf/hadoop/hadoop-mapreduce-project/hadoop-mapreduce-client/hadoop-mapreduce-client-core/src/main/java/org/apache/hadoop/mapred/lib/InputSampler.java,63
hadoop,org.apache.hadoop.mapred.lib,InputSampler.RandomSampler,0,0,0,0,62,0,0,0,-1.0,0,1,/Users/eashraf/hadoop/hadoop-mapreduce-project/hadoop-mapreduce-client/hadoop-mapreduce-client-core/src/main/java/org/apache/hadoop/mapred/lib/InputSampler.java,121
hadoop,org.apache.hadoop.mapred.lib,InputSampler.IntervalSampler,0,0,0,0,47,0,0,0,-1.0,0,1,/Users/eashraf/hadoop/hadoop-mapreduce-project/hadoop-mapreduce-client/hadoop-mapreduce-client-core/src/main/java/org/apache/hadoop/mapred/lib/InputSampler.java,208
hadoop,org.apache.hadoop.mapred.lib,CombineFileRecordReader,8,0,8,7,92,14,0,0,0.0,1,1,/Users/eashraf/hadoop/hadoop-mapreduce-project/hadoop-mapreduce-client/hadoop-mapreduce-client-core/src/main/java/org/apache/hadoop/mapred/lib/CombineFileRecordReader.java,29
hadoop,org.apache.hadoop.mapred.lib,InverseMapper,0,0,1,1,11,1,0,0,-1.0,1,2,/Users/eashraf/hadoop/hadoop-mapreduce-project/hadoop-mapreduce-client/hadoop-mapreduce-client-core/src/main/java/org/apache/hadoop/mapred/lib/InverseMapper.java,30
hadoop,org.apache.hadoop.mapred.lib,CombineTextInputFormat,0,0,1,1,20,1,0,1,-1.0,1,3,/Users/eashraf/hadoop/hadoop-mapreduce-project/hadoop-mapreduce-client/hadoop-mapreduce-client-core/src/main/java/org/apache/hadoop/mapred/lib/CombineTextInputFormat.java,34
hadoop,org.apache.hadoop.mapred.lib,CombineTextInputFormat.TextRecordReaderWrapper,0,0,0,0,11,0,0,1,-1.0,0,0,/Users/eashraf/hadoop/hadoop-mapreduce-project/hadoop-mapreduce-client/hadoop-mapreduce-client-core/src/main/java/org/apache/hadoop/mapred/lib/CombineTextInputFormat.java,51
hadoop,org.apache.hadoop.mapred.lib,LongSumReducer,0,0,1,1,12,2,0,0,-1.0,2,2,/Users/eashraf/hadoop/hadoop-mapreduce-project/hadoop-mapreduce-client/hadoop-mapreduce-client-core/src/main/java/org/apache/hadoop/mapred/lib/LongSumReducer.java,33
hadoop,org.apache.hadoop.mapred.lib,DelegatingInputFormat,0,0,2,2,50,10,0,0,-1.0,2,8,/Users/eashraf/hadoop/hadoop-mapreduce-project/hadoop-mapreduce-client/hadoop-mapreduce-client-core/src/main/java/org/apache/hadoop/mapred/lib/DelegatingInputFormat.java,41
hadoop,org.apache.hadoop.mapred.lib,TokenCountMapper,0,0,1,1,12,2,0,0,-1.0,0,3,/Users/eashraf/hadoop/hadoop-mapreduce-project/hadoop-mapreduce-client/hadoop-mapreduce-client-core/src/main/java/org/apache/hadoop/mapred/lib/TokenCountMapper.java,34
hadoop,org.apache.hadoop.mapred.lib,CombineFileInputFormat,0,0,9,4,74,11,2,0,-1.0,1,12,/Users/eashraf/hadoop/hadoop-mapreduce-project/hadoop-mapreduce-client/hadoop-mapreduce-client-core/src/main/java/org/apache/hadoop/mapred/lib/CombineFileInputFormat.java,42
hadoop,org.apache.hadoop.mapred.lib,MultipleTextOutputFormat,1,0,1,0,12,2,0,1,0.0,0,4,/Users/eashraf/hadoop/hadoop-mapreduce-project/hadoop-mapreduce-client/hadoop-mapreduce-client-core/src/main/java/org/apache/hadoop/mapred/lib/MultipleTextOutputFormat.java,31
hadoop,org.apache.hadoop.mapred.lib,IdentityReducer,0,0,1,1,13,2,0,0,-1.0,14,2,/Users/eashraf/hadoop/hadoop-mapreduce-project/hadoop-mapreduce-client/hadoop-mapreduce-client-core/src/main/java/org/apache/hadoop/mapred/lib/IdentityReducer.java,32
hadoop,org.apache.hadoop.mapred.lib,Chain,15,0,11,8,217,19,0,0,0.2727272727272727,3,3,/Users/eashraf/hadoop/hadoop-mapreduce-project/hadoop-mapreduce-client/hadoop-mapreduce-client-core/src/main/java/org/apache/hadoop/mapred/lib/Chain.java,35
hadoop,org.apache.hadoop.mapred.lib,Chain.ChainOutputCollector,5,0,0,0,54,0,0,0,-1.0,0,1,/Users/eashraf/hadoop/hadoop-mapreduce-project/hadoop-mapreduce-client/hadoop-mapreduce-client-core/src/main/java/org/apache/hadoop/mapred/lib/Chain.java,300
hadoop,org.apache.hadoop.mapred.lib,TaggedInputSplit,5,0,13,12,84,13,0,0,0.15384615384615385,3,5,/Users/eashraf/hadoop/hadoop-mapreduce-project/hadoop-mapreduce-client/hadoop-mapreduce-client-core/src/main/java/org/apache/hadoop/mapred/lib/TaggedInputSplit.java,34
hadoop,org.apache.hadoop.mapred.lib,KeyFieldBasedComparator,0,0,1,1,8,1,0,0,-1.0,2,1,/Users/eashraf/hadoop/hadoop-mapreduce-project/hadoop-mapreduce-client/hadoop-mapreduce-client-core/src/main/java/org/apache/hadoop/mapred/lib/KeyFieldBasedComparator.java,27
hadoop,org.apache.hadoop.mapred.lib,MultipleSequenceFileOutputFormat,1,0,1,0,12,2,0,1,0.0,0,4,/Users/eashraf/hadoop/hadoop-mapreduce-project/hadoop-mapreduce-client/hadoop-mapreduce-client-core/src/main/java/org/apache/hadoop/mapred/lib/MultipleSequenceFileOutputFormat.java,31
hadoop,org.apache.hadoop.mapred.lib,IdentityMapper,0,0,1,1,11,1,0,0,-1.0,13,2,/Users/eashraf/hadoop/hadoop-mapreduce-project/hadoop-mapreduce-client/hadoop-mapreduce-client-core/src/main/java/org/apache/hadoop/mapred/lib/IdentityMapper.java,30
hadoop,org.apache.hadoop.mapred.lib,LazyOutputFormat,4,0,4,3,62,7,0,1,0.0,3,5,/Users/eashraf/hadoop/hadoop-mapreduce-project/hadoop-mapreduce-client/hadoop-mapreduce-client-core/src/main/java/org/apache/hadoop/mapred/lib/LazyOutputFormat.java,33
hadoop,org.apache.hadoop.mapred.lib,LazyOutputFormat.LazyRecordWriter,4,0,0,0,30,0,0,0,-1.0,0,3,/Users/eashraf/hadoop/hadoop-mapreduce-project/hadoop-mapreduce-client/hadoop-mapreduce-client-core/src/main/java/org/apache/hadoop/mapred/lib/LazyOutputFormat.java,79
hadoop,org.apache.hadoop.mapred.lib,TotalOrderPartitioner,0,0,4,4,25,4,0,0,-1.0,0,3,/Users/eashraf/hadoop/hadoop-mapreduce-project/hadoop-mapreduce-client/hadoop-mapreduce-client-core/src/main/java/org/apache/hadoop/mapred/lib/TotalOrderPartitioner.java,28
hadoop,org.apache.hadoop.mapred.lib,CombineSequenceFileInputFormat,0,0,1,1,20,1,0,1,-1.0,0,3,/Users/eashraf/hadoop/hadoop-mapreduce-project/hadoop-mapreduce-client/hadoop-mapreduce-client-core/src/main/java/org/apache/hadoop/mapred/lib/CombineSequenceFileInputFormat.java,32
hadoop,org.apache.hadoop.mapred.lib,CombineSequenceFileInputFormat.SequenceFileRecordReaderWrapper,0,0,0,0,11,0,0,1,-1.0,0,0,/Users/eashraf/hadoop/hadoop-mapreduce-project/hadoop-mapreduce-client/hadoop-mapreduce-client-core/src/main/java/org/apache/hadoop/mapred/lib/CombineSequenceFileInputFormat.java,49
hadoop,org.apache.hadoop.mapred.lib,CombineFileRecordReaderWrapper,1,0,7,6,30,7,3,0,0.0,0,6,/Users/eashraf/hadoop/hadoop-mapreduce-project/hadoop-mapreduce-client/hadoop-mapreduce-client-core/src/main/java/org/apache/hadoop/mapred/lib/CombineFileRecordReaderWrapper.java,32
hadoop,org.apache.hadoop.mapred.lib,FieldSelectionMapReduce,11,1,6,4,72,11,0,0,0.3333333333333333,0,4,/Users/eashraf/hadoop/hadoop-mapreduce-project/hadoop-mapreduce-client/hadoop-mapreduce-client-core/src/main/java/org/apache/hadoop/mapred/lib/FieldSelectionMapReduce.java,39
hadoop,org.apache.hadoop.mapred.lib,HashPartitioner,0,0,2,2,13,2,0,0,-1.0,1,1,/Users/eashraf/hadoop/hadoop-mapreduce-project/hadoop-mapreduce-client/hadoop-mapreduce-client-core/src/main/java/org/apache/hadoop/mapred/lib/HashPartitioner.java,26
hadoop,org.apache.hadoop.mapred.lib,FilterOutputFormat,2,0,5,4,52,6,1,0,0.0,0,5,/Users/eashraf/hadoop/hadoop-mapreduce-project/hadoop-mapreduce-client/hadoop-mapreduce-client-core/src/main/java/org/apache/hadoop/mapred/lib/FilterOutputFormat.java,32
hadoop,org.apache.hadoop.mapred.lib,FilterOutputFormat.FilterRecordWriter,1,0,0,0,24,0,0,0,-1.0,0,1,/Users/eashraf/hadoop/hadoop-mapreduce-project/hadoop-mapreduce-client/hadoop-mapreduce-client-core/src/main/java/org/apache/hadoop/mapred/lib/FilterOutputFormat.java,70
hadoop,org.apache.hadoop.mapred.lib,KeyFieldBasedPartitioner,0,0,1,1,8,1,0,0,-1.0,2,1,/Users/eashraf/hadoop/hadoop-mapreduce-project/hadoop-mapreduce-client/hadoop-mapreduce-client-core/src/main/java/org/apache/hadoop/mapred/lib/KeyFieldBasedPartitioner.java,26
hadoop,org.apache.hadoop.mapred.lib,CombineFileSplit,1,0,5,5,22,5,0,0,0.6,5,2,/Users/eashraf/hadoop/hadoop-mapreduce-project/hadoop-mapreduce-client/hadoop-mapreduce-client-core/src/main/java/org/apache/hadoop/mapred/lib/CombineFileSplit.java,29
hadoop,org.apache.hadoop.mapred.lib,ChainReducer,1,0,6,6,66,7,0,0,0.5,1,1,/Users/eashraf/hadoop/hadoop-mapreduce-project/hadoop-mapreduce-client/hadoop-mapreduce-client-core/src/main/java/org/apache/hadoop/mapred/lib/ChainReducer.java,27
hadoop,org.apache.hadoop.mapred.lib,MultipleOutputFormat,1,0,9,3,116,18,2,0,0.0,0,7,/Users/eashraf/hadoop/hadoop-mapreduce-project/hadoop-mapreduce-client/hadoop-mapreduce-client-core/src/main/java/org/apache/hadoop/mapred/lib/MultipleOutputFormat.java,37
hadoop,org.apache.hadoop.mapred.lib,MultithreadedMapRunner,12,0,3,2,133,10,0,0,0.0,1,8,/Users/eashraf/hadoop/hadoop-mapreduce-project/hadoop-mapreduce-client/hadoop-mapreduce-client-core/src/main/java/org/apache/hadoop/mapred/lib/MultithreadedMapRunner.java,38
hadoop,org.apache.hadoop.mapred.lib,MultithreadedMapRunner.BlockingArrayQueue,1,0,0,0,21,0,0,0,-1.0,0,0,/Users/eashraf/hadoop/hadoop-mapreduce-project/hadoop-mapreduce-client/hadoop-mapreduce-client-core/src/main/java/org/apache/hadoop/mapred/lib/MultithreadedMapRunner.java,93
hadoop,org.apache.hadoop.mapred.lib,MultithreadedMapRunner.MapperInvokeRunable,4,0,0,0,47,0,0,0,-1.0,0,3,/Users/eashraf/hadoop/hadoop-mapreduce-project/hadoop-mapreduce-client/hadoop-mapreduce-client-core/src/main/java/org/apache/hadoop/mapred/lib/MultithreadedMapRunner.java,200
hadoop,org.apache.hadoop.mapred.lib,RegexMapper,2,0,2,2,18,3,0,0,0.0,2,5,/Users/eashraf/hadoop/hadoop-mapreduce-project/hadoop-mapreduce-client/hadoop-mapreduce-client-core/src/main/java/org/apache/hadoop/mapred/lib/RegexMapper.java,36
hadoop,org.apache.hadoop.mapred.lib,TestKeyFieldBasedComparator,7,0,5,5,101,15,0,0,0.0,0,17,/Users/eashraf/hadoop/hadoop-mapreduce-project/hadoop-mapreduce-client/hadoop-mapreduce-client-jobclient/src/test/java/org/apache/hadoop/mapred/lib/TestKeyFieldBasedComparator.java,48
hadoop,org.apache.hadoop.mapred.lib,TestChain,0,0,2,2,18,2,0,0,-1.0,0,2,/Users/eashraf/hadoop/hadoop-mapreduce-project/hadoop-mapreduce-client/hadoop-mapreduce-client-jobclient/src/test/java/org/apache/hadoop/mapred/lib/TestChain.java,26
hadoop,org.apache.hadoop.mapred.lib,TestChain.MyReducer,0,0,0,0,2,0,0,0,-1.0,0,0,/Users/eashraf/hadoop/hadoop-mapreduce-project/hadoop-mapreduce-client/hadoop-mapreduce-client-jobclient/src/test/java/org/apache/hadoop/mapred/lib/TestChain.java,53
hadoop,org.apache.hadoop.mapred.lib,TestLineInputFormat,5,0,3,2,70,7,0,0,0.0,0,1,/Users/eashraf/hadoop/hadoop-mapreduce-project/hadoop-mapreduce-client/hadoop-mapreduce-client-jobclient/src/test/java/org/apache/hadoop/mapred/lib/TestLineInputFormat.java,29
hadoop,org.apache.hadoop.mapred.lib,TestKeyFieldBasedPartitioner,0,0,2,2,23,2,0,0,-1.0,0,3,/Users/eashraf/hadoop/hadoop-mapreduce-project/hadoop-mapreduce-client/hadoop-mapreduce-client-jobclient/src/test/java/org/apache/hadoop/mapred/lib/TestKeyFieldBasedPartitioner.java,26
hadoop,org.apache.hadoop.mapred.lib,TestMultipleOutputs,7,0,8,5,251,21,0,0,0.25,0,8,/Users/eashraf/hadoop/hadoop-mapreduce-project/hadoop-mapreduce-client/hadoop-mapreduce-client-jobclient/src/test/java/org/apache/hadoop/mapred/lib/TestMultipleOutputs.java,35
hadoop,org.apache.hadoop.mapred.lib,TestMultipleOutputs.MOMap,1,0,0,0,19,0,0,0,-1.0,0,1,/Users/eashraf/hadoop/hadoop-mapreduce-project/hadoop-mapreduce-client/hadoop-mapreduce-client-jobclient/src/test/java/org/apache/hadoop/mapred/lib/TestMultipleOutputs.java,286
hadoop,org.apache.hadoop.mapred.lib,TestMultipleOutputs.MOReduce,1,0,0,0,22,0,0,0,-1.0,0,1,/Users/eashraf/hadoop/hadoop-mapreduce-project/hadoop-mapreduce-client/hadoop-mapreduce-client-jobclient/src/test/java/org/apache/hadoop/mapred/lib/TestMultipleOutputs.java,316
hadoop,org.apache.hadoop.mapred.lib,TestMultipleOutputs.MOJavaSerDeMap,1,0,0,0,17,0,0,0,-1.0,0,1,/Users/eashraf/hadoop/hadoop-mapreduce-project/hadoop-mapreduce-client/hadoop-mapreduce-client-jobclient/src/test/java/org/apache/hadoop/mapred/lib/TestMultipleOutputs.java,349
hadoop,org.apache.hadoop.mapred.lib,TestMultipleOutputs.MOJavaSerDeReduce,1,0,0,0,20,0,0,0,-1.0,0,1,/Users/eashraf/hadoop/hadoop-mapreduce-project/hadoop-mapreduce-client/hadoop-mapreduce-client-jobclient/src/test/java/org/apache/hadoop/mapred/lib/TestMultipleOutputs.java,375
hadoop,org.apache.hadoop.mapred.lib,TestMultithreadedMapRunner,2,0,5,4,102,11,0,0,0.4,0,6,/Users/eashraf/hadoop/hadoop-mapreduce-project/hadoop-mapreduce-client/hadoop-mapreduce-client-jobclient/src/test/java/org/apache/hadoop/mapred/lib/TestMultithreadedMapRunner.java,32
hadoop,org.apache.hadoop.mapred.lib,TestMultithreadedMapRunner.IDMap,2,0,0,0,25,0,0,0,-1.0,0,0,/Users/eashraf/hadoop/hadoop-mapreduce-project/hadoop-mapreduce-client/hadoop-mapreduce-client-jobclient/src/test/java/org/apache/hadoop/mapred/lib/TestMultithreadedMapRunner.java,119
hadoop,org.apache.hadoop.mapred.lib,TestMultithreadedMapRunner.IDReduce,0,0,0,0,11,0,0,0,-1.0,0,0,/Users/eashraf/hadoop/hadoop-mapreduce-project/hadoop-mapreduce-client/hadoop-mapreduce-client-jobclient/src/test/java/org/apache/hadoop/mapred/lib/TestMultithreadedMapRunner.java,152
hadoop,org.apache.hadoop.mapred.lib,TestMultipleInputs,0,0,2,2,34,2,0,0,-1.0,0,4,/Users/eashraf/hadoop/hadoop-mapreduce-project/hadoop-mapreduce-client/hadoop-mapreduce-client-jobclient/src/test/java/org/apache/hadoop/mapred/lib/TestMultipleInputs.java,34
hadoop,org.apache.hadoop.mapred.lib,TestMultipleInputs.MapClass,0,0,0,0,8,0,0,0,-1.0,0,0,/Users/eashraf/hadoop/hadoop-mapreduce-project/hadoop-mapreduce-client/hadoop-mapreduce-client-jobclient/src/test/java/org/apache/hadoop/mapred/lib/TestMultipleInputs.java,69
hadoop,org.apache.hadoop.mapred.lib,TestMultipleInputs.MapClass2,0,0,0,0,2,0,0,0,-1.0,0,0,/Users/eashraf/hadoop/hadoop-mapreduce-project/hadoop-mapreduce-client/hadoop-mapreduce-client-jobclient/src/test/java/org/apache/hadoop/mapred/lib/TestMultipleInputs.java,83
hadoop,org.apache.hadoop.mapred.lib,TestDelegatingInputFormat,0,0,2,1,65,8,0,0,-1.0,0,10,/Users/eashraf/hadoop/hadoop-mapreduce-project/hadoop-mapreduce-client/hadoop-mapreduce-client-jobclient/src/test/java/org/apache/hadoop/mapred/lib/TestDelegatingInputFormat.java,36
hadoop,org.apache.hadoop.mapred.lib,TestDelegatingInputFormat.MapClass,0,0,0,0,8,0,0,0,-1.0,0,0,/Users/eashraf/hadoop/hadoop-mapreduce-project/hadoop-mapreduce-client/hadoop-mapreduce-client-jobclient/src/test/java/org/apache/hadoop/mapred/lib/TestDelegatingInputFormat.java,115
hadoop,org.apache.hadoop.mapred.lib,TestDelegatingInputFormat.MapClass2,0,0,0,0,2,0,0,0,-1.0,0,0,/Users/eashraf/hadoop/hadoop-mapreduce-project/hadoop-mapreduce-client/hadoop-mapreduce-client-jobclient/src/test/java/org/apache/hadoop/mapred/lib/TestDelegatingInputFormat.java,129
hadoop,org.apache.hadoop.mapred.lib,TestChainMapReduce,8,0,6,2,202,11,0,0,0.3333333333333333,0,6,/Users/eashraf/hadoop/hadoop-mapreduce-project/hadoop-mapreduce-client/hadoop-mapreduce-client-jobclient/src/test/java/org/apache/hadoop/mapred/lib/TestChainMapReduce.java,30
hadoop,org.apache.hadoop.mapred.lib,TestChainMapReduce.AMap,0,0,0,0,5,0,0,0,-1.0,0,0,/Users/eashraf/hadoop/hadoop-mapreduce-project/hadoop-mapreduce-client/hadoop-mapreduce-client-jobclient/src/test/java/org/apache/hadoop/mapred/lib/TestChainMapReduce.java,160
hadoop,org.apache.hadoop.mapred.lib,TestChainMapReduce.BMap,0,0,0,0,5,0,0,0,-1.0,0,0,/Users/eashraf/hadoop/hadoop-mapreduce-project/hadoop-mapreduce-client/hadoop-mapreduce-client-jobclient/src/test/java/org/apache/hadoop/mapred/lib/TestChainMapReduce.java,166
hadoop,org.apache.hadoop.mapred.lib,TestChainMapReduce.CReduce,0,0,0,0,5,0,0,0,-1.0,0,0,/Users/eashraf/hadoop/hadoop-mapreduce-project/hadoop-mapreduce-client/hadoop-mapreduce-client-jobclient/src/test/java/org/apache/hadoop/mapred/lib/TestChainMapReduce.java,172
hadoop,org.apache.hadoop.mapred.lib,TestChainMapReduce.DMap,0,0,0,0,5,0,0,0,-1.0,0,0,/Users/eashraf/hadoop/hadoop-mapreduce-project/hadoop-mapreduce-client/hadoop-mapreduce-client-jobclient/src/test/java/org/apache/hadoop/mapred/lib/TestChainMapReduce.java,178
hadoop,org.apache.hadoop.mapred.lib,TestChainMapReduce.EMap,0,0,0,0,5,0,0,0,-1.0,0,0,/Users/eashraf/hadoop/hadoop-mapreduce-project/hadoop-mapreduce-client/hadoop-mapreduce-client-jobclient/src/test/java/org/apache/hadoop/mapred/lib/TestChainMapReduce.java,184
hadoop,org.apache.hadoop.mapred.lib,TestChainMapReduce.IDMap,4,0,0,0,41,0,0,0,-1.0,0,0,/Users/eashraf/hadoop/hadoop-mapreduce-project/hadoop-mapreduce-client/hadoop-mapreduce-client-jobclient/src/test/java/org/apache/hadoop/mapred/lib/TestChainMapReduce.java,190
hadoop,org.apache.hadoop.mapred.lib,TestChainMapReduce.IDReduce,4,0,0,0,43,0,0,0,-1.0,0,0,/Users/eashraf/hadoop/hadoop-mapreduce-project/hadoop-mapreduce-client/hadoop-mapreduce-client-jobclient/src/test/java/org/apache/hadoop/mapred/lib/TestChainMapReduce.java,236
hadoop,org.apache.hadoop.mapred.lib.db,TestDBInputFormat,0,0,4,3,75,4,0,0,-1.0,0,11,/Users/eashraf/hadoop/hadoop-mapreduce-project/hadoop-mapreduce-client/hadoop-mapreduce-client-core/src/test/java/org/apache/hadoop/mapred/lib/db/TestDBInputFormat.java,39
hadoop,org.apache.hadoop.mapred.lib.db,DBOutputFormat,0,0,5,4,67,7,0,0,-1.0,1,7,/Users/eashraf/hadoop/hadoop-mapreduce-project/hadoop-mapreduce-client/hadoop-mapreduce-client-core/src/main/java/org/apache/hadoop/mapred/lib/db/DBOutputFormat.java,38
hadoop,org.apache.hadoop.mapred.lib.db,DBOutputFormat.DBRecordWriter,0,0,0,0,14,0,0,0,-1.0,0,0,/Users/eashraf/hadoop/hadoop-mapreduce-project/hadoop-mapreduce-client/hadoop-mapreduce-client-core/src/main/java/org/apache/hadoop/mapred/lib/db/DBOutputFormat.java,44
hadoop,org.apache.hadoop.mapred.lib.db,DBInputFormat,1,0,5,5,152,6,0,0,1.0,1,6,/Users/eashraf/hadoop/hadoop-mapreduce-project/hadoop-mapreduce-client/hadoop-mapreduce-client-core/src/main/java/org/apache/hadoop/mapred/lib/db/DBInputFormat.java,38
hadoop,org.apache.hadoop.mapred.lib.db,DBInputFormat.DBRecordReader,0,0,0,0,41,0,0,0,-1.0,0,0,/Users/eashraf/hadoop/hadoop-mapreduce-project/hadoop-mapreduce-client/hadoop-mapreduce-client-core/src/main/java/org/apache/hadoop/mapred/lib/db/DBInputFormat.java,44
hadoop,org.apache.hadoop.mapred.lib.db,DBInputFormat.DBRecordReaderWrapper,1,0,0,0,27,0,0,0,-1.0,0,1,/Users/eashraf/hadoop/hadoop-mapreduce-project/hadoop-mapreduce-client/hadoop-mapreduce-client-core/src/main/java/org/apache/hadoop/mapred/lib/db/DBInputFormat.java,93
hadoop,org.apache.hadoop.mapred.lib.db,DBInputFormat.NullDBWritable,0,0,0,0,5,0,0,1,-1.0,0,0,/Users/eashraf/hadoop/hadoop-mapreduce-project/hadoop-mapreduce-client/hadoop-mapreduce-client-core/src/main/java/org/apache/hadoop/mapred/lib/db/DBInputFormat.java,132
hadoop,org.apache.hadoop.mapred.lib.db,DBInputFormat.DBInputSplit,0,0,0,0,18,0,0,0,-1.0,0,0,/Users/eashraf/hadoop/hadoop-mapreduce-project/hadoop-mapreduce-client/hadoop-mapreduce-client-core/src/main/java/org/apache/hadoop/mapred/lib/db/DBInputFormat.java,139
hadoop,org.apache.hadoop.mapred.lib.db,DBWritable,0,0,0,0,2,0,1,0,-1.0,1,0,/Users/eashraf/hadoop/hadoop-mapreduce-project/hadoop-mapreduce-client/hadoop-mapreduce-client-core/src/main/java/org/apache/hadoop/mapred/lib/db/DBWritable.java,23
hadoop,org.apache.hadoop.mapred.lib.db,DBConfiguration,14,14,3,2,84,5,0,0,0.6666666666666666,4,2,/Users/eashraf/hadoop/hadoop-mapreduce-project/hadoop-mapreduce-client/hadoop-mapreduce-client-core/src/main/java/org/apache/hadoop/mapred/lib/db/DBConfiguration.java,25
hadoop,org.apache.hadoop.mapred.lib.db,TestConstructQuery,5,0,2,2,27,2,0,0,0.0,0,3,/Users/eashraf/hadoop/hadoop-mapreduce-project/hadoop-mapreduce-client/hadoop-mapreduce-client-jobclient/src/test/java/org/apache/hadoop/mapred/lib/db/TestConstructQuery.java,27
hadoop,org.apache.hadoop.mapreduce.split,TestJobSplitWriter,1,0,2,2,37,2,0,0,0.0,0,10,/Users/eashraf/hadoop/hadoop-mapreduce-project/hadoop-mapreduce-client/hadoop-mapreduce-client-core/src/test/java/org/apache/hadoop/mapreduce/split/TestJobSplitWriter.java,34
hadoop,org.apache.hadoop.mapreduce.split,JobSplit,11,1,0,0,149,0,0,0,-1.0,3,0,/Users/eashraf/hadoop/hadoop-mapreduce-project/hadoop-mapreduce-client/hadoop-mapreduce-client-core/src/main/java/org/apache/hadoop/mapreduce/split/JobSplit.java,32
hadoop,org.apache.hadoop.mapreduce.split,JobSplit.SplitMetaInfo,3,0,0,0,67,0,0,0,-1.0,0,0,/Users/eashraf/hadoop/hadoop-mapreduce-project/hadoop-mapreduce-client/hadoop-mapreduce-client-core/src/main/java/org/apache/hadoop/mapreduce/split/JobSplit.java,61
hadoop,org.apache.hadoop.mapreduce.split,JobSplit.TaskSplitMetaInfo,3,0,0,0,38,0,0,0,-1.0,0,0,/Users/eashraf/hadoop/hadoop-mapreduce-project/hadoop-mapreduce-client/hadoop-mapreduce-client-core/src/main/java/org/apache/hadoop/mapreduce/split/JobSplit.java,143
hadoop,org.apache.hadoop.mapreduce.split,JobSplit.TaskSplitIndex,2,0,0,0,28,0,0,0,-1.0,0,0,/Users/eashraf/hadoop/hadoop-mapreduce-project/hadoop-mapreduce-client/hadoop-mapreduce-client-core/src/main/java/org/apache/hadoop/mapreduce/split/JobSplit.java,190
hadoop,org.apache.hadoop.mapreduce.split,SplitMetaInfoReader,0,0,1,1,35,5,0,0,-1.0,2,10,/Users/eashraf/hadoop/hadoop-mapreduce-project/hadoop-mapreduce-client/hadoop-mapreduce-client-core/src/main/java/org/apache/hadoop/mapreduce/split/SplitMetaInfoReader.java,36
hadoop,org.apache.hadoop.mapreduce.split,JobSplitWriter,3,0,8,3,100,15,0,0,0.5,3,14,/Users/eashraf/hadoop/hadoop-mapreduce-project/hadoop-mapreduce-client/hadoop-mapreduce-client-core/src/main/java/org/apache/hadoop/mapreduce/split/JobSplitWriter.java,46
hadoop,org.apache.hadoop.mapreduce.tools,TestCLI,1,0,5,3,72,5,0,0,0.4,0,7,/Users/eashraf/hadoop/hadoop-mapreduce-project/hadoop-mapreduce-client/hadoop-mapreduce-client-core/src/test/java/org/apache/hadoop/mapreduce/tools/TestCLI.java,39
hadoop,org.apache.hadoop.mapreduce.tools,CLI,8,2,20,6,563,109,0,0,0.2,2,19,/Users/eashraf/hadoop/hadoop-mapreduce-project/hadoop-mapreduce-client/hadoop-mapreduce-client-core/src/main/java/org/apache/hadoop/mapreduce/tools/CLI.java,61
hadoop,org.apache.hadoop.mapreduce.checkpoint,TestFSCheckpointService,1,0,4,4,50,5,0,0,0.5,0,7,/Users/eashraf/hadoop/hadoop-mapreduce-project/hadoop-mapreduce-client/hadoop-mapreduce-client-core/src/test/java/org/apache/hadoop/mapreduce/checkpoint/TestFSCheckpointService.java,35
hadoop,org.apache.hadoop.mapreduce.checkpoint,TestFSCheckpointID,0,0,1,1,15,1,0,0,-1.0,0,4,/Users/eashraf/hadoop/hadoop-mapreduce-project/hadoop-mapreduce-client/hadoop-mapreduce-client-core/src/test/java/org/apache/hadoop/mapreduce/checkpoint/TestFSCheckpointID.java,27
hadoop,org.apache.hadoop.mapreduce.checkpoint,CheckpointNamingService,0,0,1,1,10,1,2,0,-1.0,1,0,/Users/eashraf/hadoop/hadoop-mapreduce-project/hadoop-mapreduce-client/hadoop-mapreduce-client-core/src/main/java/org/apache/hadoop/mapreduce/checkpoint/CheckpointNamingService.java,20
hadoop,org.apache.hadoop.mapreduce.checkpoint,CheckpointService,0,0,5,5,47,5,1,0,-1.0,0,1,/Users/eashraf/hadoop/hadoop-mapreduce-project/hadoop-mapreduce-client/hadoop-mapreduce-client-core/src/main/java/org/apache/hadoop/mapreduce/checkpoint/CheckpointService.java,24
hadoop,org.apache.hadoop.mapreduce.checkpoint,CheckpointService.CheckpointWriteChannel,0,0,0,0,2,0,0,0,-1.0,0,0,/Users/eashraf/hadoop/hadoop-mapreduce-project/hadoop-mapreduce-client/hadoop-mapreduce-client-core/src/main/java/org/apache/hadoop/mapreduce/checkpoint/CheckpointService.java,42
hadoop,org.apache.hadoop.mapreduce.checkpoint,CheckpointService.CheckpointReadChannel,0,0,0,0,2,0,0,0,-1.0,0,0,/Users/eashraf/hadoop/hadoop-mapreduce-project/hadoop-mapreduce-client/hadoop-mapreduce-client-core/src/main/java/org/apache/hadoop/mapreduce/checkpoint/CheckpointService.java,43
hadoop,org.apache.hadoop.mapreduce.checkpoint,FSCheckpointID,1,0,8,8,29,8,0,1,0.25,3,2,/Users/eashraf/hadoop/hadoop-mapreduce-project/hadoop-mapreduce-client/hadoop-mapreduce-client-core/src/main/java/org/apache/hadoop/mapreduce/checkpoint/FSCheckpointID.java,27
hadoop,org.apache.hadoop.mapreduce.checkpoint,EnumCounter,0,0,0,0,1,0,0,0,-1.0,2,0,/Users/eashraf/hadoop/hadoop-mapreduce-project/hadoop-mapreduce-client/hadoop-mapreduce-client-core/src/main/java/org/apache/hadoop/mapreduce/checkpoint/EnumCounter.java,20
hadoop,org.apache.hadoop.mapreduce.checkpoint,TaskCheckpointID,3,0,11,11,64,14,0,1,0.18181818181818182,7,5,/Users/eashraf/hadoop/hadoop-mapreduce-project/hadoop-mapreduce-client/hadoop-mapreduce-client-core/src/main/java/org/apache/hadoop/mapreduce/checkpoint/TaskCheckpointID.java,31
hadoop,org.apache.hadoop.mapreduce.checkpoint,SimpleNamingService,1,0,2,2,16,2,0,1,0.0,0,0,/Users/eashraf/hadoop/hadoop-mapreduce-project/hadoop-mapreduce-client/hadoop-mapreduce-client-core/src/main/java/org/apache/hadoop/mapreduce/checkpoint/SimpleNamingService.java,20
hadoop,org.apache.hadoop.mapreduce.checkpoint,FSCheckpointService,9,0,8,6,112,15,0,1,0.0,1,4,/Users/eashraf/hadoop/hadoop-mapreduce-project/hadoop-mapreduce-client/hadoop-mapreduce-client-core/src/main/java/org/apache/hadoop/mapreduce/checkpoint/FSCheckpointService.java,32
hadoop,org.apache.hadoop.mapreduce.checkpoint,FSCheckpointService.FSCheckpointWriteChannel,3,0,0,0,22,0,0,0,-1.0,0,1,/Users/eashraf/hadoop/hadoop-mapreduce-project/hadoop-mapreduce-client/hadoop-mapreduce-client-core/src/main/java/org/apache/hadoop/mapreduce/checkpoint/FSCheckpointService.java,69
hadoop,org.apache.hadoop.mapreduce.checkpoint,FSCheckpointService.FSCheckpointReadChannel,2,0,0,0,17,0,0,0,-1.0,0,0,/Users/eashraf/hadoop/hadoop-mapreduce-project/hadoop-mapreduce-client/hadoop-mapreduce-client-core/src/main/java/org/apache/hadoop/mapreduce/checkpoint/FSCheckpointService.java,112
hadoop,org.apache.hadoop.mapreduce.checkpoint,CheckpointID,0,0,0,0,5,0,2,0,-1.0,4,0,/Users/eashraf/hadoop/hadoop-mapreduce-project/hadoop-mapreduce-client/hadoop-mapreduce-client-core/src/main/java/org/apache/hadoop/mapreduce/checkpoint/CheckpointID.java,22
hadoop,org.apache.hadoop.mapreduce.checkpoint,RandomNameCNS,0,0,1,1,8,1,0,1,-1.0,0,0,/Users/eashraf/hadoop/hadoop-mapreduce-project/hadoop-mapreduce-client/hadoop-mapreduce-client-core/src/main/java/org/apache/hadoop/mapreduce/checkpoint/RandomNameCNS.java,22
hadoop,org.apache.hadoop.mapreduce.security,TestTokenCache,3,0,11,8,111,12,0,0,0.36363636363636365,0,9,/Users/eashraf/hadoop/hadoop-mapreduce-project/hadoop-mapreduce-client/hadoop-mapreduce-client-core/src/test/java/org/apache/hadoop/mapreduce/security/TestTokenCache.java,45
hadoop,org.apache.hadoop.mapreduce.security,TokenCache,5,2,13,10,138,22,0,0,0.46153846153846156,20,10,/Users/eashraf/hadoop/hadoop-mapreduce-project/hadoop-mapreduce-client/hadoop-mapreduce-client-core/src/main/java/org/apache/hadoop/mapreduce/security/TokenCache.java,43
hadoop,org.apache.hadoop.mapreduce.security,SecureShuffleUtils,3,2,9,6,99,11,0,0,0.3333333333333333,7,2,/Users/eashraf/hadoop/hadoop-mapreduce-project/hadoop-mapreduce-client/hadoop-mapreduce-client-core/src/main/java/org/apache/hadoop/mapreduce/security/SecureShuffleUtils.java,39
hadoop,org.apache.hadoop.mapreduce.security,CredentialsTestJob,3,0,4,3,68,8,0,0,0.75,1,9,/Users/eashraf/hadoop/hadoop-mapreduce-project/hadoop-mapreduce-client/hadoop-mapreduce-client-jobclient/src/test/java/org/apache/hadoop/mapreduce/security/CredentialsTestJob.java,41
hadoop,org.apache.hadoop.mapreduce.security,CredentialsTestJob.CredentialsTestMapper,1,0,0,0,9,0,0,0,-1.0,0,1,/Users/eashraf/hadoop/hadoop-mapreduce-project/hadoop-mapreduce-client/hadoop-mapreduce-client-jobclient/src/test/java/org/apache/hadoop/mapreduce/security/CredentialsTestJob.java,78
hadoop,org.apache.hadoop.mapreduce.security,CredentialsTestJob.CredentialsTestReducer,1,0,0,0,9,0,0,0,-1.0,0,1,/Users/eashraf/hadoop/hadoop-mapreduce-project/hadoop-mapreduce-client/hadoop-mapreduce-client-jobclient/src/test/java/org/apache/hadoop/mapreduce/security/CredentialsTestJob.java,94
hadoop,org.apache.hadoop.mapreduce.security,TestBinaryTokenFile,9,0,5,4,164,8,0,0,0.0,0,13,/Users/eashraf/hadoop/hadoop-mapreduce-project/hadoop-mapreduce-client/hadoop-mapreduce-client-jobclient/src/test/java/org/apache/hadoop/mapreduce/security/TestBinaryTokenFile.java,55
hadoop,org.apache.hadoop.mapreduce.security,TestBinaryTokenFile.MySleepMapper,0,0,0,0,51,0,0,0,-1.0,0,1,/Users/eashraf/hadoop/hadoop-mapreduce-project/hadoop-mapreduce-client/hadoop-mapreduce-client-jobclient/src/test/java/org/apache/hadoop/mapreduce/security/TestBinaryTokenFile.java,61
hadoop,org.apache.hadoop.mapreduce.security,TestBinaryTokenFile.MySleepJob,0,0,0,0,13,0,0,0,-1.0,0,1,/Users/eashraf/hadoop/hadoop-mapreduce-project/hadoop-mapreduce-client/hadoop-mapreduce-client-jobclient/src/test/java/org/apache/hadoop/mapreduce/security/TestBinaryTokenFile.java,133
hadoop,org.apache.hadoop.mapreduce.security,TestJHSSecurity,1,0,13,5,155,18,0,0,0.6923076923076923,0,18,/Users/eashraf/hadoop/hadoop-mapreduce-project/hadoop-mapreduce-client/hadoop-mapreduce-client-jobclient/src/test/java/org/apache/hadoop/mapreduce/security/TestJHSSecurity.java,60
hadoop,org.apache.hadoop.mapreduce.security,TestMRCredentials,5,0,4,4,64,8,0,0,0.0,0,10,/Users/eashraf/hadoop/hadoop-mapreduce-project/hadoop-mapreduce-client/hadoop-mapreduce-client-jobclient/src/test/java/org/apache/hadoop/mapreduce/security/TestMRCredentials.java,43
hadoop,org.apache.hadoop.mapreduce.security,TestUmbilicalProtocolWithJobToken,3,1,2,2,54,4,0,0,0.0,0,15,/Users/eashraf/hadoop/hadoop-mapreduce-project/hadoop-mapreduce-client/hadoop-mapreduce-client-jobclient/src/test/java/org/apache/hadoop/mapreduce/security/TestUmbilicalProtocolWithJobToken.java,56
hadoop,org.apache.hadoop.mapreduce.filecache,TestClientDistributedCacheManager,6,0,4,3,56,7,0,0,0.0,0,9,/Users/eashraf/hadoop/hadoop-mapreduce-project/hadoop-mapreduce-client/hadoop-mapreduce-client-core/src/test/java/org/apache/hadoop/mapreduce/filecache/TestClientDistributedCacheManager.java,42
hadoop,org.apache.hadoop.mapreduce.filecache,ClientDistributedCacheManager,0,0,13,4,193,30,0,0,-1.0,2,10,/Users/eashraf/hadoop/hadoop-mapreduce-project/hadoop-mapreduce-client/hadoop-mapreduce-client-core/src/main/java/org/apache/hadoop/mapreduce/filecache/ClientDistributedCacheManager.java,36
hadoop,org.apache.hadoop.mapreduce.filecache,DistributedCache,0,0,23,21,274,40,0,0,-1.0,16,2,/Users/eashraf/hadoop/hadoop-mapreduce-project/hadoop-mapreduce-client/hadoop-mapreduce-client-core/src/main/java/org/apache/hadoop/mapreduce/filecache/DistributedCache.java,35
hadoop,org.apache.hadoop.mapreduce.filecache,TestURIFragments,0,0,1,1,28,1,0,0,-1.0,0,1,/Users/eashraf/hadoop/hadoop-mapreduce-project/hadoop-mapreduce-client/hadoop-mapreduce-client-jobclient/src/test/java/org/apache/hadoop/mapreduce/filecache/TestURIFragments.java,26
hadoop,org.apache.hadoop.mapreduce.task.reduce,TestFetcher,21,1,17,17,427,22,0,0,0.23529411764705882,0,23,/Users/eashraf/hadoop/hadoop-mapreduce-project/hadoop-mapreduce-client/hadoop-mapreduce-client-core/src/test/java/org/apache/hadoop/mapreduce/task/reduce/TestFetcher.java,72
hadoop,org.apache.hadoop.mapreduce.task.reduce,TestFetcher.FakeFetcher,1,0,0,0,22,0,0,1,-1.0,0,0,/Users/eashraf/hadoop/hadoop-mapreduce-project/hadoop-mapreduce-client/hadoop-mapreduce-client-core/src/test/java/org/apache/hadoop/mapreduce/task/reduce/TestFetcher.java,598
hadoop,org.apache.hadoop.mapreduce.task.reduce,TestFetcher.StuckInputStream,2,0,0,0,51,0,0,0,-1.0,0,0,/Users/eashraf/hadoop/hadoop-mapreduce-project/hadoop-mapreduce-client/hadoop-mapreduce-client-core/src/test/java/org/apache/hadoop/mapreduce/task/reduce/TestFetcher.java,644
hadoop,org.apache.hadoop.mapreduce.task.reduce,TestMerger,5,0,19,9,214,26,0,0,0.10526315789473684,0,29,/Users/eashraf/hadoop/hadoop-mapreduce-project/hadoop-mapreduce-client/hadoop-mapreduce-client-core/src/test/java/org/apache/hadoop/mapreduce/task/reduce/TestMerger.java,71
hadoop,org.apache.hadoop.mapreduce.task.reduce,TestShuffleScheduler,0,0,7,6,99,7,0,0,-1.0,0,19,/Users/eashraf/hadoop/hadoop-mapreduce-project/hadoop-mapreduce-client/hadoop-mapreduce-client-core/src/test/java/org/apache/hadoop/mapreduce/task/reduce/TestShuffleScheduler.java,41
hadoop,org.apache.hadoop.mapreduce.task.reduce,TestEventFetcher,0,0,2,1,39,3,0,0,-1.0,0,7,/Users/eashraf/hadoop/hadoop-mapreduce-project/hadoop-mapreduce-client/hadoop-mapreduce-client-core/src/test/java/org/apache/hadoop/mapreduce/task/reduce/TestEventFetcher.java,43
hadoop,org.apache.hadoop.mapreduce.task.reduce,TestEventFetcher.EventFetcherForTest,0,0,0,0,8,0,0,1,-1.0,0,0,/Users/eashraf/hadoop/hadoop-mapreduce-project/hadoop-mapreduce-client/hadoop-mapreduce-client-core/src/test/java/org/apache/hadoop/mapreduce/task/reduce/TestEventFetcher.java,104
hadoop,org.apache.hadoop.mapreduce.task.reduce,TestMergeManager,5,0,3,2,137,7,0,0,0.6666666666666666,0,10,/Users/eashraf/hadoop/hadoop-mapreduce-project/hadoop-mapreduce-client/hadoop-mapreduce-client-core/src/test/java/org/apache/hadoop/mapreduce/task/reduce/TestMergeManager.java,49
hadoop,org.apache.hadoop.mapreduce.task.reduce,TestMergeManager.StubbedMergeManager,1,0,0,0,14,0,0,2,-1.0,0,0,/Users/eashraf/hadoop/hadoop-mapreduce-project/hadoop-mapreduce-client/hadoop-mapreduce-client-core/src/test/java/org/apache/hadoop/mapreduce/task/reduce/TestMergeManager.java,133
hadoop,org.apache.hadoop.mapreduce.task.reduce,TestMergeManager.TestMergeThread,3,0,0,0,32,0,0,1,-1.0,0,0,/Users/eashraf/hadoop/hadoop-mapreduce-project/hadoop-mapreduce-client/hadoop-mapreduce-client-core/src/test/java/org/apache/hadoop/mapreduce/task/reduce/TestMergeManager.java,154
hadoop,org.apache.hadoop.mapreduce.task.reduce,TestMergeManager.TestExceptionReporter,1,0,0,0,10,0,0,1,-1.0,0,0,/Users/eashraf/hadoop/hadoop-mapreduce-project/hadoop-mapreduce-client/hadoop-mapreduce-client-core/src/test/java/org/apache/hadoop/mapreduce/task/reduce/TestMergeManager.java,195
hadoop,org.apache.hadoop.mapreduce.task.reduce,MergeManager,0,0,3,3,22,3,1,0,-1.0,3,2,/Users/eashraf/hadoop/hadoop-mapreduce-project/hadoop-mapreduce-client/hadoop-mapreduce-client-core/src/main/java/org/apache/hadoop/mapreduce/task/reduce/MergeManager.java,39
hadoop,org.apache.hadoop.mapreduce.task.reduce,MergeManagerImpl,33,0,18,8,462,43,1,1,0.16666666666666666,7,25,/Users/eashraf/hadoop/hadoop-mapreduce-project/hadoop-mapreduce-client/hadoop-mapreduce-client-core/src/main/java/org/apache/hadoop/mapreduce/task/reduce/MergeManagerImpl.java,65
hadoop,org.apache.hadoop.mapreduce.task.reduce,MergeManagerImpl.IntermediateMemoryToMemoryMerger,0,0,0,0,24,0,0,1,-1.0,0,0,/Users/eashraf/hadoop/hadoop-mapreduce-project/hadoop-mapreduce-client/hadoop-mapreduce-client-core/src/main/java/org/apache/hadoop/mapreduce/task/reduce/MergeManagerImpl.java,373
hadoop,org.apache.hadoop.mapreduce.task.reduce,MergeManagerImpl.InMemoryMerger,0,0,0,0,41,0,0,1,-1.0,0,1,/Users/eashraf/hadoop/hadoop-mapreduce-project/hadoop-mapreduce-client/hadoop-mapreduce-client-core/src/main/java/org/apache/hadoop/mapreduce/task/reduce/MergeManagerImpl.java,425
hadoop,org.apache.hadoop.mapreduce.task.reduce,MergeManagerImpl.OnDiskMerger,0,0,0,0,38,0,0,1,-1.0,0,1,/Users/eashraf/hadoop/hadoop-mapreduce-project/hadoop-mapreduce-client/hadoop-mapreduce-client-core/src/main/java/org/apache/hadoop/mapreduce/task/reduce/MergeManagerImpl.java,509
hadoop,org.apache.hadoop.mapreduce.task.reduce,MergeManagerImpl.RawKVIteratorReader,1,0,0,0,31,0,0,0,-1.0,0,1,/Users/eashraf/hadoop/hadoop-mapreduce-project/hadoop-mapreduce-client/hadoop-mapreduce-client-core/src/main/java/org/apache/hadoop/mapreduce/task/reduce/MergeManagerImpl.java,634
hadoop,org.apache.hadoop.mapreduce.task.reduce,MergeManagerImpl.CompressAwarePath,2,0,0,0,33,0,0,0,-1.0,0,0,/Users/eashraf/hadoop/hadoop-mapreduce-project/hadoop-mapreduce-client/hadoop-mapreduce-client-core/src/main/java/org/apache/hadoop/mapreduce/task/reduce/MergeManagerImpl.java,823
hadoop,org.apache.hadoop.mapreduce.task.reduce,ShuffleScheduler,0,0,3,3,15,3,1,0,-1.0,2,1,/Users/eashraf/hadoop/hadoop-mapreduce-project/hadoop-mapreduce-client/hadoop-mapreduce-client-core/src/main/java/org/apache/hadoop/mapreduce/task/reduce/ShuffleScheduler.java,26
hadoop,org.apache.hadoop.mapreduce.task.reduce,EventFetcher,11,0,4,3,94,12,1,0,0.0,1,6,/Users/eashraf/hadoop/hadoop-mapreduce-project/hadoop-mapreduce-client/hadoop-mapreduce-client-core/src/main/java/org/apache/hadoop/mapreduce/task/reduce/EventFetcher.java,29
hadoop,org.apache.hadoop.mapreduce.task.reduce,OnDiskMapOutput,8,0,7,5,69,10,0,1,0.2857142857142857,1,12,/Users/eashraf/hadoop/hadoop-mapreduce-project/hadoop-mapreduce-client/hadoop-mapreduce-client-core/src/main/java/org/apache/hadoop/mapreduce/task/reduce/OnDiskMapOutput.java,47
hadoop,org.apache.hadoop.mapreduce.task.reduce,InMemoryReader,5,0,8,7,85,12,0,0,0.375,1,4,/Users/eashraf/hadoop/hadoop-mapreduce-project/hadoop-mapreduce-client/hadoop-mapreduce-client-core/src/main/java/org/apache/hadoop/mapreduce/task/reduce/InMemoryReader.java,32
hadoop,org.apache.hadoop.mapreduce.task.reduce,ShuffleSchedulerImpl,43,0,23,17,407,54,0,1,0.08695652173913043,5,13,/Users/eashraf/hadoop/hadoop-mapreduce-project/hadoop-mapreduce-client/hadoop-mapreduce-client-core/src/main/java/org/apache/hadoop/mapreduce/task/reduce/ShuffleSchedulerImpl.java,54
hadoop,org.apache.hadoop.mapreduce.task.reduce,ShuffleSchedulerImpl.Penalty,2,0,0,0,19,0,0,0,-1.0,0,1,/Users/eashraf/hadoop/hadoop-mapreduce-project/hadoop-mapreduce-client/hadoop-mapreduce-client-core/src/main/java/org/apache/hadoop/mapreduce/task/reduce/ShuffleSchedulerImpl.java,484
hadoop,org.apache.hadoop.mapreduce.task.reduce,ShuffleSchedulerImpl.Referee,0,0,0,0,28,0,0,0,-1.0,0,1,/Users/eashraf/hadoop/hadoop-mapreduce-project/hadoop-mapreduce-client/hadoop-mapreduce-client-core/src/main/java/org/apache/hadoop/mapreduce/task/reduce/ShuffleSchedulerImpl.java,510
hadoop,org.apache.hadoop.mapreduce.task.reduce,ShuffleSchedulerImpl.CopyTimeTracker,4,0,0,0,51,0,0,0,-1.0,0,0,/Users/eashraf/hadoop/hadoop-mapreduce-project/hadoop-mapreduce-client/hadoop-mapreduce-client-core/src/main/java/org/apache/hadoop/mapreduce/task/reduce/ShuffleSchedulerImpl.java,549
hadoop,org.apache.hadoop.mapreduce.task.reduce,ShuffleSchedulerImpl.Interval,2,0,0,0,11,0,0,0,-1.0,0,0,/Users/eashraf/hadoop/hadoop-mapreduce-project/hadoop-mapreduce-client/hadoop-mapreduce-client-core/src/main/java/org/apache/hadoop/mapreduce/task/reduce/ShuffleSchedulerImpl.java,594
hadoop,org.apache.hadoop.mapreduce.task.reduce,InMemoryWriter,1,0,4,4,30,6,0,0,0.5,0,4,/Users/eashraf/hadoop/hadoop-mapreduce-project/hadoop-mapreduce-client/hadoop-mapreduce-client-core/src/main/java/org/apache/hadoop/mapreduce/task/reduce/InMemoryWriter.java,32
hadoop,org.apache.hadoop.mapreduce.task.reduce,Shuffle,19,0,5,4,102,12,0,1,0.4,2,15,/Users/eashraf/hadoop/hadoop-mapreduce-project/hadoop-mapreduce-client/hadoop-mapreduce-client-core/src/main/java/org/apache/hadoop/mapreduce/task/reduce/Shuffle.java,37
hadoop,org.apache.hadoop.mapreduce.task.reduce,Shuffle.ShuffleError,1,0,0,0,6,0,0,0,-1.0,0,0,/Users/eashraf/hadoop/hadoop-mapreduce-project/hadoop-mapreduce-client/hadoop-mapreduce-client-core/src/main/java/org/apache/hadoop/mapreduce/task/reduce/Shuffle.java,190
hadoop,org.apache.hadoop.mapreduce.task.reduce,ShuffleClientMetrics,6,0,7,6,51,8,0,0,0.0,7,6,/Users/eashraf/hadoop/hadoop-mapreduce-project/hadoop-mapreduce-client/hadoop-mapreduce-client-core/src/main/java/org/apache/hadoop/mapreduce/task/reduce/ShuffleClientMetrics.java,31
hadoop,org.apache.hadoop.mapreduce.task.reduce,MapOutput,5,0,11,11,57,12,2,0,0.36363636363636365,7,4,/Users/eashraf/hadoop/hadoop-mapreduce-project/hadoop-mapreduce-client/hadoop-mapreduce-client-core/src/main/java/org/apache/hadoop/mapreduce/task/reduce/MapOutput.java,33
hadoop,org.apache.hadoop.mapreduce.task.reduce,MapOutput.MapOutputComparator,0,0,0,0,19,0,0,0,-1.0,0,0,/Users/eashraf/hadoop/hadoop-mapreduce-project/hadoop-mapreduce-client/hadoop-mapreduce-client-core/src/main/java/org/apache/hadoop/mapreduce/task/reduce/MapOutput.java,91
hadoop,org.apache.hadoop.mapreduce.task.reduce,LocalFetcher,4,0,4,2,85,9,0,1,0.0,0,15,/Users/eashraf/hadoop/hadoop-mapreduce-project/hadoop-mapreduce-client/hadoop-mapreduce-client-core/src/main/java/org/apache/hadoop/mapreduce/task/reduce/LocalFetcher.java,41
hadoop,org.apache.hadoop.mapreduce.task.reduce,Fetcher,32,0,18,4,484,66,2,0,0.0,2,19,/Users/eashraf/hadoop/hadoop-mapreduce-project/hadoop-mapreduce-client/hadoop-mapreduce-client-core/src/main/java/org/apache/hadoop/mapreduce/task/reduce/Fetcher.java,55
hadoop,org.apache.hadoop.mapreduce.task.reduce,Fetcher.ShuffleErrors,0,0,0,0,1,0,0,0,-1.0,0,0,/Users/eashraf/hadoop/hadoop-mapreduce-project/hadoop-mapreduce-client/hadoop-mapreduce-client-core/src/main/java/org/apache/hadoop/mapreduce/task/reduce/Fetcher.java,69
hadoop,org.apache.hadoop.mapreduce.task.reduce,MapHost,4,0,12,12,62,14,0,0,0.16666666666666666,9,1,/Users/eashraf/hadoop/hadoop-mapreduce-project/hadoop-mapreduce-client/hadoop-mapreduce-client-core/src/main/java/org/apache/hadoop/mapreduce/task/reduce/MapHost.java,28
hadoop,org.apache.hadoop.mapreduce.task.reduce,MapHost.State,0,0,0,0,1,0,0,0,-1.0,0,0,/Users/eashraf/hadoop/hadoop-mapreduce-project/hadoop-mapreduce-client/hadoop-mapreduce-client-core/src/main/java/org/apache/hadoop/mapreduce/task/reduce/MapHost.java,32
hadoop,org.apache.hadoop.mapreduce.task.reduce,InMemoryMapOutput,7,0,7,7,62,10,0,1,0.2857142857142857,4,12,/Users/eashraf/hadoop/hadoop-mapreduce-project/hadoop-mapreduce-client/hadoop-mapreduce-client-core/src/main/java/org/apache/hadoop/mapreduce/task/reduce/InMemoryMapOutput.java,43
hadoop,org.apache.hadoop.mapreduce.task.reduce,ShuffleHeader,9,4,4,4,40,4,0,0,0.5,5,2,/Users/eashraf/hadoop/hadoop-mapreduce-project/hadoop-mapreduce-client/hadoop-mapreduce-client-core/src/main/java/org/apache/hadoop/mapreduce/task/reduce/ShuffleHeader.java,30
hadoop,org.apache.hadoop.mapreduce.task.reduce,MergeThread,7,0,6,6,71,11,4,0,0.0,3,2,/Users/eashraf/hadoop/hadoop-mapreduce-project/hadoop-mapreduce-client/hadoop-mapreduce-client-core/src/main/java/org/apache/hadoop/mapreduce/task/reduce/MergeThread.java,31
hadoop,org.apache.hadoop.mapreduce.task.reduce,ExceptionReporter,0,0,1,0,6,1,2,0,-1.0,8,0,/Users/eashraf/hadoop/hadoop-mapreduce-project/hadoop-mapreduce-client/hadoop-mapreduce-client-core/src/main/java/org/apache/hadoop/mapreduce/task/reduce/ExceptionReporter.java,23
hadoop,org.apache.hadoop.mapreduce.lib.input,TestLineRecordReader,0,0,10,9,152,23,0,0,-1.0,0,7,/Users/eashraf/hadoop/hadoop-mapreduce-project/hadoop-mapreduce-client/hadoop-mapreduce-client-core/src/test/java/org/apache/hadoop/mapreduce/lib/input/TestLineRecordReader.java,44
hadoop,org.apache.hadoop.mapreduce.lib.input,TestFileInputFormat,6,0,21,19,260,25,0,0,0.14285714285714285,1,8,/Users/eashraf/hadoop/hadoop-mapreduce-project/hadoop-mapreduce-client/hadoop-mapreduce-client-core/src/test/java/org/apache/hadoop/mapreduce/lib/input/TestFileInputFormat.java,57
hadoop,org.apache.hadoop.mapreduce.lib.input,TestFileInputFormat.MockFileSystem,1,0,0,0,25,0,0,0,-1.0,0,0,/Users/eashraf/hadoop/hadoop-mapreduce-project/hadoop-mapreduce-client/hadoop-mapreduce-client-core/src/test/java/org/apache/hadoop/mapreduce/lib/input/TestFileInputFormat.java,391
hadoop,org.apache.hadoop.mapreduce.lib.input,TestCombineFileRecordReader,1,0,1,1,38,2,0,0,0.0,0,7,/Users/eashraf/hadoop/hadoop-mapreduce-project/hadoop-mapreduce-client/hadoop-mapreduce-client-core/src/test/java/org/apache/hadoop/mapreduce/lib/input/TestCombineFileRecordReader.java,43
hadoop,org.apache.hadoop.mapreduce.lib.input,TestCombineFileRecordReader.TextRecordReaderWrapper,0,0,0,0,5,0,0,1,-1.0,0,0,/Users/eashraf/hadoop/hadoop-mapreduce-project/hadoop-mapreduce-client/hadoop-mapreduce-client-core/src/test/java/org/apache/hadoop/mapreduce/lib/input/TestCombineFileRecordReader.java,47
hadoop,org.apache.hadoop.mapreduce.lib.input,MultipleInputs,2,2,4,2,84,7,0,0,0.0,4,8,/Users/eashraf/hadoop/hadoop-mapreduce-project/hadoop-mapreduce-client/hadoop-mapreduce-client-core/src/main/java/org/apache/hadoop/mapreduce/lib/input/MultipleInputs.java,34
hadoop,org.apache.hadoop.mapreduce.lib.input,SplitLineReader,0,0,3,3,11,3,1,0,-1.0,2,1,/Users/eashraf/hadoop/hadoop-mapreduce-project/hadoop-mapreduce-client/hadoop-mapreduce-client-core/src/main/java/org/apache/hadoop/mapreduce/lib/input/SplitLineReader.java,28
hadoop,org.apache.hadoop.mapreduce.lib.input,FileSplit,5,0,11,11,90,15,0,0,0.18181818181818182,18,3,/Users/eashraf/hadoop/hadoop-mapreduce-project/hadoop-mapreduce-client/hadoop-mapreduce-client-core/src/main/java/org/apache/hadoop/mapreduce/lib/input/FileSplit.java,36
hadoop,org.apache.hadoop.mapreduce.lib.input,SequenceFileRecordReader,7,0,6,6,62,10,1,0,0.0,2,6,/Users/eashraf/hadoop/hadoop-mapreduce-project/hadoop-mapreduce-client/hadoop-mapreduce-client-core/src/main/java/org/apache/hadoop/mapreduce/lib/input/SequenceFileRecordReader.java,34
hadoop,org.apache.hadoop.mapreduce.lib.input,CompressedSplitLineReader,4,0,4,3,39,8,0,1,0.0,1,3,/Users/eashraf/hadoop/hadoop-mapreduce-project/hadoop-mapreduce-client/hadoop-mapreduce-client-core/src/main/java/org/apache/hadoop/mapreduce/lib/input/CompressedSplitLineReader.java,30
hadoop,org.apache.hadoop.mapreduce.lib.input,DelegatingMapper,1,0,2,1,16,2,0,0,0.0,1,3,/Users/eashraf/hadoop/hadoop-mapreduce-project/hadoop-mapreduce-client/hadoop-mapreduce-client-core/src/main/java/org/apache/hadoop/mapreduce/lib/input/DelegatingMapper.java,29
hadoop,org.apache.hadoop.mapreduce.lib.input,KeyValueLineRecordReader,6,1,10,10,77,17,0,0,0.2,3,5,/Users/eashraf/hadoop/hadoop-mapreduce-project/hadoop-mapreduce-client/hadoop-mapreduce-client-core/src/main/java/org/apache/hadoop/mapreduce/lib/input/KeyValueLineRecordReader.java,31
hadoop,org.apache.hadoop.mapreduce.lib.input,SequenceFileAsTextRecordReader,3,0,7,7,43,10,0,0,0.0,1,4,/Users/eashraf/hadoop/hadoop-mapreduce-project/hadoop-mapreduce-client/hadoop-mapreduce-client-core/src/main/java/org/apache/hadoop/mapreduce/lib/input/SequenceFileAsTextRecordReader.java,32
hadoop,org.apache.hadoop.mapreduce.lib.input,NLineInputFormat,1,1,6,5,85,12,0,1,0.3333333333333333,3,12,/Users/eashraf/hadoop/hadoop-mapreduce-project/hadoop-mapreduce-client/hadoop-mapreduce-client-core/src/main/java/org/apache/hadoop/mapreduce/lib/input/NLineInputFormat.java,41
hadoop,org.apache.hadoop.mapreduce.lib.input,SequenceFileAsTextInputFormat,0,0,2,2,12,2,0,2,-1.0,1,2,/Users/eashraf/hadoop/hadoop-mapreduce-project/hadoop-mapreduce-client/hadoop-mapreduce-client-core/src/main/java/org/apache/hadoop/mapreduce/lib/input/SequenceFileAsTextInputFormat.java,30
hadoop,org.apache.hadoop.mapreduce.lib.input,CombineFileRecordReader,7,0,8,7,99,17,0,0,0.0,3,2,/Users/eashraf/hadoop/hadoop-mapreduce-project/hadoop-mapreduce-client/hadoop-mapreduce-client-core/src/main/java/org/apache/hadoop/mapreduce/lib/input/CombineFileRecordReader.java,29
hadoop,org.apache.hadoop.mapreduce.lib.input,CombineTextInputFormat,0,0,1,1,20,1,0,2,-1.0,1,2,/Users/eashraf/hadoop/hadoop-mapreduce-project/hadoop-mapreduce-client/hadoop-mapreduce-client-core/src/main/java/org/apache/hadoop/mapreduce/lib/input/CombineTextInputFormat.java,31
hadoop,org.apache.hadoop.mapreduce.lib.input,CombineTextInputFormat.TextRecordReaderWrapper,0,0,0,0,11,0,0,1,-1.0,0,0,/Users/eashraf/hadoop/hadoop-mapreduce-project/hadoop-mapreduce-client/hadoop-mapreduce-client-core/src/main/java/org/apache/hadoop/mapreduce/lib/input/CombineTextInputFormat.java,47
hadoop,org.apache.hadoop.mapreduce.lib.input,FixedLengthInputFormat,1,1,4,3,34,5,0,1,0.5,1,6,/Users/eashraf/hadoop/hadoop-mapreduce-project/hadoop-mapreduce-client/hadoop-mapreduce-client-core/src/main/java/org/apache/hadoop/mapreduce/lib/input/FixedLengthInputFormat.java,35
hadoop,org.apache.hadoop.mapreduce.lib.input,DelegatingInputFormat,0,0,2,2,54,10,0,0,-1.0,2,9,/Users/eashraf/hadoop/hadoop-mapreduce-project/hadoop-mapreduce-client/hadoop-mapreduce-client-core/src/main/java/org/apache/hadoop/mapreduce/lib/input/DelegatingInputFormat.java,42
hadoop,org.apache.hadoop.mapreduce.lib.input,SequenceFileInputFilter,15,5,3,3,231,3,0,2,1.0,2,4,/Users/eashraf/hadoop/hadoop-mapreduce-project/hadoop-mapreduce-client/hadoop-mapreduce-client-core/src/main/java/org/apache/hadoop/mapreduce/lib/input/SequenceFileInputFilter.java,43
hadoop,org.apache.hadoop.mapreduce.lib.input,SequenceFileInputFilter.Filter,0,0,0,0,11,0,0,0,-1.0,0,0,/Users/eashraf/hadoop/hadoop-mapreduce-project/hadoop-mapreduce-client/hadoop-mapreduce-client-core/src/main/java/org/apache/hadoop/mapreduce/lib/input/SequenceFileInputFilter.java,85
hadoop,org.apache.hadoop.mapreduce.lib.input,SequenceFileInputFilter.FilterBase,1,0,0,0,9,0,0,0,-1.0,0,1,/Users/eashraf/hadoop/hadoop-mapreduce-project/hadoop-mapreduce-client/hadoop-mapreduce-client-core/src/main/java/org/apache/hadoop/mapreduce/lib/input/SequenceFileInputFilter.java,97
hadoop,org.apache.hadoop.mapreduce.lib.input,SequenceFileInputFilter.RegexFilter,1,0,0,0,38,0,0,0,-1.0,0,0,/Users/eashraf/hadoop/hadoop-mapreduce-project/hadoop-mapreduce-client/hadoop-mapreduce-client-core/src/main/java/org/apache/hadoop/mapreduce/lib/input/SequenceFileInputFilter.java,108
hadoop,org.apache.hadoop.mapreduce.lib.input,SequenceFileInputFilter.PercentFilter,2,0,0,0,41,0,0,0,-1.0,0,0,/Users/eashraf/hadoop/hadoop-mapreduce-project/hadoop-mapreduce-client/hadoop-mapreduce-client-core/src/main/java/org/apache/hadoop/mapreduce/lib/input/SequenceFileInputFilter.java,148
hadoop,org.apache.hadoop.mapreduce.lib.input,SequenceFileInputFilter.MD5Filter,4,1,0,0,78,0,0,0,-1.0,0,0,/Users/eashraf/hadoop/hadoop-mapreduce-project/hadoop-mapreduce-client/hadoop-mapreduce-client-core/src/main/java/org/apache/hadoop/mapreduce/lib/input/SequenceFileInputFilter.java,198
hadoop,org.apache.hadoop.mapreduce.lib.input,SequenceFileInputFilter.FilterRecordReader,3,0,0,0,25,0,0,1,-1.0,0,0,/Users/eashraf/hadoop/hadoop-mapreduce-project/hadoop-mapreduce-client/hadoop-mapreduce-client-core/src/main/java/org/apache/hadoop/mapreduce/lib/input/SequenceFileInputFilter.java,288
hadoop,org.apache.hadoop.mapreduce.lib.input,CombineFileInputFormat,16,2,15,3,456,57,4,1,0.26666666666666666,1,11,/Users/eashraf/hadoop/hadoop-mapreduce-project/hadoop-mapreduce-client/hadoop-mapreduce-client-core/src/main/java/org/apache/hadoop/mapreduce/lib/input/CombineFileInputFormat.java,60
hadoop,org.apache.hadoop.mapreduce.lib.input,CombineFileInputFormat.OneFileInfo,2,0,0,0,99,0,0,0,-1.0,0,1,/Users/eashraf/hadoop/hadoop-mapreduce-project/hadoop-mapreduce-client/hadoop-mapreduce-client-core/src/main/java/org/apache/hadoop/mapreduce/lib/input/CombineFileInputFormat.java,551
hadoop,org.apache.hadoop.mapreduce.lib.input,CombineFileInputFormat.OneBlockInfo,5,0,0,0,27,0,0,0,-1.0,0,2,/Users/eashraf/hadoop/hadoop-mapreduce-project/hadoop-mapreduce-client/hadoop-mapreduce-client-core/src/main/java/org/apache/hadoop/mapreduce/lib/input/CombineFileInputFormat.java,691
hadoop,org.apache.hadoop.mapreduce.lib.input,CombineFileInputFormat.MultiPathFilter,1,0,0,0,33,0,0,0,-1.0,0,0,/Users/eashraf/hadoop/hadoop-mapreduce-project/hadoop-mapreduce-client/hadoop-mapreduce-client-core/src/main/java/org/apache/hadoop/mapreduce/lib/input/CombineFileInputFormat.java,758
hadoop,org.apache.hadoop.mapreduce.lib.input,TaggedInputSplit,5,0,13,12,90,13,0,0,0.15384615384615385,3,8,/Users/eashraf/hadoop/hadoop-mapreduce-project/hadoop-mapreduce-client/hadoop-mapreduce-client-core/src/main/java/org/apache/hadoop/mapreduce/lib/input/TaggedInputSplit.java,40
hadoop,org.apache.hadoop.mapreduce.lib.input,DelegatingRecordReader,1,0,7,7,36,7,0,0,0.0,0,6,/Users/eashraf/hadoop/hadoop-mapreduce-project/hadoop-mapreduce-client/hadoop-mapreduce-client-core/src/main/java/org/apache/hadoop/mapreduce/lib/input/DelegatingRecordReader.java,30
hadoop,org.apache.hadoop.mapreduce.lib.input,LineRecordReader,14,1,11,8,153,26,0,0,0.18181818181818182,7,17,/Users/eashraf/hadoop/hadoop-mapreduce-project/hadoop-mapreduce-client/hadoop-mapreduce-client-core/src/main/java/org/apache/hadoop/mapreduce/lib/input/LineRecordReader.java,44
hadoop,org.apache.hadoop.mapreduce.lib.input,SequenceFileInputFormat,0,0,3,1,24,5,3,1,-1.0,7,8,/Users/eashraf/hadoop/hadoop-mapreduce-project/hadoop-mapreduce-client/hadoop-mapreduce-client-core/src/main/java/org/apache/hadoop/mapreduce/lib/input/SequenceFileInputFormat.java,38
hadoop,org.apache.hadoop.mapreduce.lib.input,SequenceFileAsBinaryInputFormat,8,0,2,2,97,2,0,2,1.0,1,5,/Users/eashraf/hadoop/hadoop-mapreduce-project/hadoop-mapreduce-client/hadoop-mapreduce-client-core/src/main/java/org/apache/hadoop/mapreduce/lib/input/SequenceFileAsBinaryInputFormat.java,34
hadoop,org.apache.hadoop.mapreduce.lib.input,SequenceFileAsBinaryInputFormat.SequenceFileAsBinaryRecordReader,8,0,0,0,86,0,0,0,-1.0,0,3,/Users/eashraf/hadoop/hadoop-mapreduce-project/hadoop-mapreduce-client/hadoop-mapreduce-client-core/src/main/java/org/apache/hadoop/mapreduce/lib/input/SequenceFileAsBinaryInputFormat.java,53
hadoop,org.apache.hadoop.mapreduce.lib.input,TextInputFormat,0,0,2,1,18,4,0,1,-1.0,5,5,/Users/eashraf/hadoop/hadoop-mapreduce-project/hadoop-mapreduce-client/hadoop-mapreduce-client-core/src/main/java/org/apache/hadoop/mapreduce/lib/input/TextInputFormat.java,37
hadoop,org.apache.hadoop.mapreduce.lib.input,FileInputFormat,12,8,25,15,398,60,8,0,0.08,46,16,/Users/eashraf/hadoop/hadoop-mapreduce-project/hadoop-mapreduce-client/hadoop-mapreduce-client-core/src/main/java/org/apache/hadoop/mapreduce/lib/input/FileInputFormat.java,52
hadoop,org.apache.hadoop.mapreduce.lib.input,FileInputFormat.Counter,0,0,0,0,1,0,0,0,-1.0,0,0,/Users/eashraf/hadoop/hadoop-mapreduce-project/hadoop-mapreduce-client/hadoop-mapreduce-client-core/src/main/java/org/apache/hadoop/mapreduce/lib/input/FileInputFormat.java,85
hadoop,org.apache.hadoop.mapreduce.lib.input,FileInputFormat.MultiPathFilter,1,0,0,0,17,0,0,0,-1.0,0,0,/Users/eashraf/hadoop/hadoop-mapreduce-project/hadoop-mapreduce-client/hadoop-mapreduce-client-core/src/main/java/org/apache/hadoop/mapreduce/lib/input/FileInputFormat.java,97
hadoop,org.apache.hadoop.mapreduce.lib.input,InvalidInputException,2,0,3,3,36,5,0,0,0.0,0,0,/Users/eashraf/hadoop/hadoop-mapreduce-project/hadoop-mapreduce-client/hadoop-mapreduce-client-core/src/main/java/org/apache/hadoop/mapreduce/lib/input/InvalidInputException.java,27
hadoop,org.apache.hadoop.mapreduce.lib.input,CombineSequenceFileInputFormat,0,0,1,1,20,1,0,2,-1.0,1,2,/Users/eashraf/hadoop/hadoop-mapreduce-project/hadoop-mapreduce-client/hadoop-mapreduce-client-core/src/main/java/org/apache/hadoop/mapreduce/lib/input/CombineSequenceFileInputFormat.java,29
hadoop,org.apache.hadoop.mapreduce.lib.input,CombineSequenceFileInputFormat.SequenceFileRecordReaderWrapper,0,0,0,0,11,0,0,1,-1.0,0,0,/Users/eashraf/hadoop/hadoop-mapreduce-project/hadoop-mapreduce-client/hadoop-mapreduce-client-core/src/main/java/org/apache/hadoop/mapreduce/lib/input/CombineSequenceFileInputFormat.java,46
hadoop,org.apache.hadoop.mapreduce.lib.input,FileInputFormatCounter,0,0,0,0,1,0,0,0,-1.0,6,0,/Users/eashraf/hadoop/hadoop-mapreduce-project/hadoop-mapreduce-client/hadoop-mapreduce-client-core/src/main/java/org/apache/hadoop/mapreduce/lib/input/FileInputFormatCounter.java,25
hadoop,org.apache.hadoop.mapreduce.lib.input,CombineFileRecordReaderWrapper,2,0,8,6,48,11,3,0,0.0,0,8,/Users/eashraf/hadoop/hadoop-mapreduce-project/hadoop-mapreduce-client/hadoop-mapreduce-client-core/src/main/java/org/apache/hadoop/mapreduce/lib/input/CombineFileRecordReaderWrapper.java,31
hadoop,org.apache.hadoop.mapreduce.lib.input,KeyValueTextInputFormat,0,0,2,1,16,3,0,1,-1.0,3,5,/Users/eashraf/hadoop/hadoop-mapreduce-project/hadoop-mapreduce-client/hadoop-mapreduce-client-core/src/main/java/org/apache/hadoop/mapreduce/lib/input/KeyValueTextInputFormat.java,36
hadoop,org.apache.hadoop.mapreduce.lib.input,CombineFileSplit,5,0,17,16,153,31,0,0,0.11764705882352941,15,2,/Users/eashraf/hadoop/hadoop-mapreduce-project/hadoop-mapreduce-client/hadoop-mapreduce-client-core/src/main/java/org/apache/hadoop/mapreduce/lib/input/CombineFileSplit.java,33
hadoop,org.apache.hadoop.mapreduce.lib.input,FixedLengthRecordReader,13,0,10,9,146,26,0,0,0.0,2,14,/Users/eashraf/hadoop/hadoop-mapreduce-project/hadoop-mapreduce-client/hadoop-mapreduce-client-core/src/main/java/org/apache/hadoop/mapreduce/lib/input/FixedLengthRecordReader.java,44
hadoop,org.apache.hadoop.mapreduce.lib.input,TestCombineFileInputFormat,23,0,15,11,1068,63,0,0,0.4,0,17,/Users/eashraf/hadoop/hadoop-mapreduce-project/hadoop-mapreduce-client/hadoop-mapreduce-client-jobclient/src/test/java/org/apache/hadoop/mapreduce/lib/input/TestCombineFileInputFormat.java,63
hadoop,org.apache.hadoop.mapreduce.lib.input,TestCombineFileInputFormat.DummyInputFormat,0,0,0,0,8,0,0,2,-1.0,0,0,/Users/eashraf/hadoop/hadoop-mapreduce-project/hadoop-mapreduce-client/hadoop-mapreduce-client-jobclient/src/test/java/org/apache/hadoop/mapreduce/lib/input/TestCombineFileInputFormat.java,96
hadoop,org.apache.hadoop.mapreduce.lib.input,TestCombineFileInputFormat.DummyInputFormat1,0,0,0,0,15,0,0,0,-1.0,0,0,/Users/eashraf/hadoop/hadoop-mapreduce-project/hadoop-mapreduce-client/hadoop-mapreduce-client-jobclient/src/test/java/org/apache/hadoop/mapreduce/lib/input/TestCombineFileInputFormat.java,105
hadoop,org.apache.hadoop.mapreduce.lib.input,TestCombineFileInputFormat.MissingBlockFileSystem,1,0,0,0,26,0,0,0,-1.0,0,0,/Users/eashraf/hadoop/hadoop-mapreduce-project/hadoop-mapreduce-client/hadoop-mapreduce-client-jobclient/src/test/java/org/apache/hadoop/mapreduce/lib/input/TestCombineFileInputFormat.java,123
hadoop,org.apache.hadoop.mapreduce.lib.input,TestCombineFileInputFormat.DummyRecordReader,4,0,0,0,39,0,0,0,-1.0,0,2,/Users/eashraf/hadoop/hadoop-mapreduce-project/hadoop-mapreduce-client/hadoop-mapreduce-client-jobclient/src/test/java/org/apache/hadoop/mapreduce/lib/input/TestCombineFileInputFormat.java,160
hadoop,org.apache.hadoop.mapreduce.lib.input,TestCombineFileInputFormat.ChildRRInputFormat,0,0,0,0,8,0,0,2,-1.0,0,0,/Users/eashraf/hadoop/hadoop-mapreduce-project/hadoop-mapreduce-client/hadoop-mapreduce-client-jobclient/src/test/java/org/apache/hadoop/mapreduce/lib/input/TestCombineFileInputFormat.java,213
hadoop,org.apache.hadoop.mapreduce.lib.input,TestCombineFileInputFormat.TestFilter,1,0,0,0,15,0,0,0,-1.0,0,1,/Users/eashraf/hadoop/hadoop-mapreduce-project/hadoop-mapreduce-client/hadoop-mapreduce-client-jobclient/src/test/java/org/apache/hadoop/mapreduce/lib/input/TestCombineFileInputFormat.java,1360
hadoop,org.apache.hadoop.mapreduce.lib.input,TestMRSequenceFileAsTextInputFormat,2,0,2,2,59,7,0,0,0.0,0,9,/Users/eashraf/hadoop/hadoop-mapreduce-project/hadoop-mapreduce-client/hadoop-mapreduce-client-jobclient/src/test/java/org/apache/hadoop/mapreduce/lib/input/TestMRSequenceFileAsTextInputFormat.java,36
hadoop,org.apache.hadoop.mapreduce.lib.input,TestLineRecordReaderJobs,3,0,5,5,75,5,0,0,0.0,0,9,/Users/eashraf/hadoop/hadoop-mapreduce-project/hadoop-mapreduce-client/hadoop-mapreduce-client-jobclient/src/test/java/org/apache/hadoop/mapreduce/lib/input/TestLineRecordReaderJobs.java,37
hadoop,org.apache.hadoop.mapreduce.lib.input,TestCombineTextInputFormat,6,0,7,2,161,18,0,0,0.0,0,18,/Users/eashraf/hadoop/hadoop-mapreduce-project/hadoop-mapreduce-client/hadoop-mapreduce-client-jobclient/src/test/java/org/apache/hadoop/mapreduce/lib/input/TestCombineTextInputFormat.java,55
hadoop,org.apache.hadoop.mapreduce.lib.input,TestCombineTextInputFormat.Range,2,0,0,0,11,0,0,0,-1.0,0,0,/Users/eashraf/hadoop/hadoop-mapreduce-project/hadoop-mapreduce-client/hadoop-mapreduce-client-jobclient/src/test/java/org/apache/hadoop/mapreduce/lib/input/TestCombineTextInputFormat.java,143
hadoop,org.apache.hadoop.mapreduce.lib.input,TestMRSequenceFileInputFilter,8,0,6,4,105,14,0,0,0.0,0,8,/Users/eashraf/hadoop/hadoop-mapreduce-project/hadoop-mapreduce-client/hadoop-mapreduce-client-jobclient/src/test/java/org/apache/hadoop/mapreduce/lib/input/TestMRSequenceFileInputFilter.java,39
hadoop,org.apache.hadoop.mapreduce.lib.input,TestFixedLengthInputFormat,6,0,14,9,315,36,0,0,0.0,0,16,/Users/eashraf/hadoop/hadoop-mapreduce-project/hadoop-mapreduce-client/hadoop-mapreduce-client-jobclient/src/test/java/org/apache/hadoop/mapreduce/lib/input/TestFixedLengthInputFormat.java,51
hadoop,org.apache.hadoop.mapreduce.lib.input,TestMRSequenceFileAsBinaryInputFormat,1,0,1,1,61,4,0,0,0.0,0,8,/Users/eashraf/hadoop/hadoop-mapreduce-project/hadoop-mapreduce-client/hadoop-mapreduce-client-jobclient/src/test/java/org/apache/hadoop/mapreduce/lib/input/TestMRSequenceFileAsBinaryInputFormat.java,37
hadoop,org.apache.hadoop.mapreduce.lib.input,TestCombineSequenceFileInputFormat,6,0,3,1,97,8,0,0,0.0,0,17,/Users/eashraf/hadoop/hadoop-mapreduce-project/hadoop-mapreduce-client/hadoop-mapreduce-client-jobclient/src/test/java/org/apache/hadoop/mapreduce/lib/input/TestCombineSequenceFileInputFormat.java,48
hadoop,org.apache.hadoop.mapreduce.lib.input,TestCombineSequenceFileInputFormat.Range,2,0,0,0,11,0,0,0,-1.0,0,0,/Users/eashraf/hadoop/hadoop-mapreduce-project/hadoop-mapreduce-client/hadoop-mapreduce-client-jobclient/src/test/java/org/apache/hadoop/mapreduce/lib/input/TestCombineSequenceFileInputFormat.java,133
hadoop,org.apache.hadoop.mapreduce.lib.input,TestNLineInputFormat,4,0,3,2,74,10,0,0,0.0,0,4,/Users/eashraf/hadoop/hadoop-mapreduce-project/hadoop-mapreduce-client/hadoop-mapreduce-client-jobclient/src/test/java/org/apache/hadoop/mapreduce/lib/input/TestNLineInputFormat.java,31
hadoop,org.apache.hadoop.mapreduce.lib.input,TestMultipleInputs,6,0,6,5,113,10,0,0,0.6666666666666666,0,11,/Users/eashraf/hadoop/hadoop-mapreduce-project/hadoop-mapreduce-client/hadoop-mapreduce-client-jobclient/src/test/java/org/apache/hadoop/mapreduce/lib/input/TestMultipleInputs.java,42
hadoop,org.apache.hadoop.mapreduce.lib.input,TestMultipleInputs.MapClass,0,0,0,0,5,0,0,0,-1.0,0,0,/Users/eashraf/hadoop/hadoop-mapreduce-project/hadoop-mapreduce-client/hadoop-mapreduce-client-jobclient/src/test/java/org/apache/hadoop/mapreduce/lib/input/TestMultipleInputs.java,177
hadoop,org.apache.hadoop.mapreduce.lib.input,TestMultipleInputs.KeyValueMapClass,0,0,0,0,5,0,0,0,-1.0,0,0,/Users/eashraf/hadoop/hadoop-mapreduce-project/hadoop-mapreduce-client/hadoop-mapreduce-client-jobclient/src/test/java/org/apache/hadoop/mapreduce/lib/input/TestMultipleInputs.java,186
hadoop,org.apache.hadoop.mapreduce.lib.input,TestMultipleInputs.ReducerClass,1,0,0,0,8,0,0,0,-1.0,0,0,/Users/eashraf/hadoop/hadoop-mapreduce-project/hadoop-mapreduce-client/hadoop-mapreduce-client-jobclient/src/test/java/org/apache/hadoop/mapreduce/lib/input/TestMultipleInputs.java,195
hadoop,org.apache.hadoop.mapreduce.lib.input,TestMRKeyValueTextInputFormat,4,0,9,6,250,23,0,0,0.0,0,14,/Users/eashraf/hadoop/hadoop-mapreduce-project/hadoop-mapreduce-client/hadoop-mapreduce-client-jobclient/src/test/java/org/apache/hadoop/mapreduce/lib/input/TestMRKeyValueTextInputFormat.java,52
hadoop,org.apache.hadoop.mapreduce.lib.input,TestMRCJCFileInputFormat,2,0,6,6,141,9,0,0,0.8333333333333334,0,11,/Users/eashraf/hadoop/hadoop-mapreduce-project/hadoop-mapreduce-client/hadoop-mapreduce-client-jobclient/src/test/java/org/apache/hadoop/mapreduce/lib/input/TestMRCJCFileInputFormat.java,45
hadoop,org.apache.hadoop.mapreduce.lib.input,TestMRCJCFileInputFormat.DummyInputFormat,0,0,0,0,8,0,0,1,-1.0,0,0,/Users/eashraf/hadoop/hadoop-mapreduce-project/hadoop-mapreduce-client/hadoop-mapreduce-client-jobclient/src/test/java/org/apache/hadoop/mapreduce/lib/input/TestMRCJCFileInputFormat.java,168
hadoop,org.apache.hadoop.mapreduce.lib.input,TestMRCJCFileInputFormat.FileInputFormatForTest,2,0,0,0,39,0,0,1,-1.0,0,0,/Users/eashraf/hadoop/hadoop-mapreduce-project/hadoop-mapreduce-client/hadoop-mapreduce-client-jobclient/src/test/java/org/apache/hadoop/mapreduce/lib/input/TestMRCJCFileInputFormat.java,177
hadoop,org.apache.hadoop.mapreduce.lib.input,TestDelegatingInputFormat,0,0,2,1,58,7,0,0,-1.0,0,10,/Users/eashraf/hadoop/hadoop-mapreduce-project/hadoop-mapreduce-client/hadoop-mapreduce-client-jobclient/src/test/java/org/apache/hadoop/mapreduce/lib/input/TestDelegatingInputFormat.java,33
hadoop,org.apache.hadoop.mapreduce.lib.input,TestDelegatingInputFormat.MapClass,0,0,0,0,2,0,0,0,-1.0,0,0,/Users/eashraf/hadoop/hadoop-mapreduce-project/hadoop-mapreduce-client/hadoop-mapreduce-client-jobclient/src/test/java/org/apache/hadoop/mapreduce/lib/input/TestDelegatingInputFormat.java,110
hadoop,org.apache.hadoop.mapreduce.lib.input,TestDelegatingInputFormat.MapClass2,0,0,0,0,2,0,0,0,-1.0,0,0,/Users/eashraf/hadoop/hadoop-mapreduce-project/hadoop-mapreduce-client/hadoop-mapreduce-client-jobclient/src/test/java/org/apache/hadoop/mapreduce/lib/input/TestDelegatingInputFormat.java,113
hadoop,org.apache.hadoop.mapreduce.lib.output,TestFileOutputFormat,0,0,3,3,38,4,0,0,-1.0,0,5,/Users/eashraf/hadoop/hadoop-mapreduce-project/hadoop-mapreduce-client/hadoop-mapreduce-client-core/src/test/java/org/apache/hadoop/mapreduce/lib/output/TestFileOutputFormat.java,31
hadoop,org.apache.hadoop.mapreduce.lib.output,TestFileOutputCommitter,8,0,14,8,250,19,0,0,0.0,0,19,/Users/eashraf/hadoop/hadoop-mapreduce-project/hadoop-mapreduce-client/hadoop-mapreduce-client-core/src/test/java/org/apache/hadoop/mapreduce/lib/output/TestFileOutputCommitter.java,48
hadoop,org.apache.hadoop.mapreduce.lib.output,TestFileOutputCommitter.FakeFileSystem,0,0,0,0,11,0,0,0,-1.0,0,0,/Users/eashraf/hadoop/hadoop-mapreduce-project/hadoop-mapreduce-client/hadoop-mapreduce-client-core/src/test/java/org/apache/hadoop/mapreduce/lib/output/TestFileOutputCommitter.java,288
hadoop,org.apache.hadoop.mapreduce.lib.output,TestPreemptableFileOutputCommitter,1,0,1,1,48,1,0,0,0.0,0,9,/Users/eashraf/hadoop/hadoop-mapreduce-project/hadoop-mapreduce-client/hadoop-mapreduce-client-core/src/test/java/org/apache/hadoop/mapreduce/lib/output/TestPreemptableFileOutputCommitter.java,37
hadoop,org.apache.hadoop.mapreduce.lib.output,TestPreemptableFileOutputCommitter.TestPFOC,1,0,0,0,10,0,0,2,-1.0,0,1,/Users/eashraf/hadoop/hadoop-mapreduce-project/hadoop-mapreduce-client/hadoop-mapreduce-client-core/src/test/java/org/apache/hadoop/mapreduce/lib/output/TestPreemptableFileOutputCommitter.java,87
hadoop,org.apache.hadoop.mapreduce.lib.output,NullOutputFormat,0,0,13,13,39,13,0,0,-1.0,11,2,/Users/eashraf/hadoop/hadoop-mapreduce-project/hadoop-mapreduce-client/hadoop-mapreduce-client-core/src/main/java/org/apache/hadoop/mapreduce/lib/output/NullOutputFormat.java,31
hadoop,org.apache.hadoop.mapreduce.lib.output,SequenceFileOutputFormat,0,0,6,5,48,7,1,1,-1.0,7,11,/Users/eashraf/hadoop/hadoop-mapreduce-project/hadoop-mapreduce-client/hadoop-mapreduce-client-core/src/main/java/org/apache/hadoop/mapreduce/lib/output/SequenceFileOutputFormat.java,40
hadoop,org.apache.hadoop.mapreduce.lib.output,MultipleOutputs,17,0,17,8,251,32,0,0,0.0,5,3,/Users/eashraf/hadoop/hadoop-mapreduce-project/hadoop-mapreduce-client/hadoop-mapreduce-client-core/src/main/java/org/apache/hadoop/mapreduce/lib/output/MultipleOutputs.java,33
hadoop,org.apache.hadoop.mapreduce.lib.output,MultipleOutputs.RecordWriterWithCounter,3,0,0,0,20,0,0,0,-1.0,0,0,/Users/eashraf/hadoop/hadoop-mapreduce-project/hadoop-mapreduce-client/hadoop-mapreduce-client-core/src/main/java/org/apache/hadoop/mapreduce/lib/output/MultipleOutputs.java,346
hadoop,org.apache.hadoop.mapreduce.lib.output,MultipleOutputs.WrappedStatusReporter,1,0,0,0,21,0,0,0,-1.0,0,0,/Users/eashraf/hadoop/hadoop-mapreduce-project/hadoop-mapreduce-client/hadoop-mapreduce-client-core/src/main/java/org/apache/hadoop/mapreduce/lib/output/MultipleOutputs.java,517
hadoop,org.apache.hadoop.mapreduce.lib.output,SequenceFileAsBinaryOutputFormat,4,2,8,8,82,9,0,2,0.375,2,7,/Users/eashraf/hadoop/hadoop-mapreduce-project/hadoop-mapreduce-client/hadoop-mapreduce-client-core/src/main/java/org/apache/hadoop/mapreduce/lib/output/SequenceFileAsBinaryOutputFormat.java,37
hadoop,org.apache.hadoop.mapreduce.lib.output,SequenceFileAsBinaryOutputFormat.WritableValueBytes,1,0,0,0,24,0,0,0,-1.0,0,1,/Users/eashraf/hadoop/hadoop-mapreduce-project/hadoop-mapreduce-client/hadoop-mapreduce-client-core/src/main/java/org/apache/hadoop/mapreduce/lib/output/SequenceFileAsBinaryOutputFormat.java,48
hadoop,org.apache.hadoop.mapreduce.lib.output,FileOutputFormatCounter,0,0,0,0,1,0,0,0,-1.0,5,0,/Users/eashraf/hadoop/hadoop-mapreduce-project/hadoop-mapreduce-client/hadoop-mapreduce-client-core/src/main/java/org/apache/hadoop/mapreduce/lib/output/FileOutputFormatCounter.java,25
hadoop,org.apache.hadoop.mapreduce.lib.output,TextOutputFormat,5,1,1,1,88,3,2,1,0.0,6,7,/Users/eashraf/hadoop/hadoop-mapreduce-project/hadoop-mapreduce-client/hadoop-mapreduce-client-core/src/main/java/org/apache/hadoop/mapreduce/lib/output/TextOutputFormat.java,41
hadoop,org.apache.hadoop.mapreduce.lib.output,TextOutputFormat.LineRecordWriter,4,0,0,0,60,0,0,0,-1.0,0,0,/Users/eashraf/hadoop/hadoop-mapreduce-project/hadoop-mapreduce-client/hadoop-mapreduce-client-core/src/main/java/org/apache/hadoop/mapreduce/lib/output/TextOutputFormat.java,46
hadoop,org.apache.hadoop.mapreduce.lib.output,LazyOutputFormat,3,1,5,4,61,9,0,1,0.0,2,6,/Users/eashraf/hadoop/hadoop-mapreduce-project/hadoop-mapreduce-client/hadoop-mapreduce-client-core/src/main/java/org/apache/hadoop/mapreduce/lib/output/LazyOutputFormat.java,34
hadoop,org.apache.hadoop.mapreduce.lib.output,LazyOutputFormat.LazyRecordWriter,2,0,0,0,22,0,0,0,-1.0,0,2,/Users/eashraf/hadoop/hadoop-mapreduce-project/hadoop-mapreduce-client/hadoop-mapreduce-client-core/src/main/java/org/apache/hadoop/mapreduce/lib/output/LazyOutputFormat.java,95
hadoop,org.apache.hadoop.mapreduce.lib.output,FileOutputFormat,8,4,15,13,168,19,3,0,0.2,43,10,/Users/eashraf/hadoop/hadoop-mapreduce-project/hadoop-mapreduce-client/hadoop-mapreduce-client-core/src/main/java/org/apache/hadoop/mapreduce/lib/output/FileOutputFormat.java,42
hadoop,org.apache.hadoop.mapreduce.lib.output,FileOutputFormat.Counter,0,0,0,0,1,0,0,0,-1.0,0,0,/Users/eashraf/hadoop/hadoop-mapreduce-project/hadoop-mapreduce-client/hadoop-mapreduce-client-core/src/main/java/org/apache/hadoop/mapreduce/lib/output/FileOutputFormat.java,63
hadoop,org.apache.hadoop.mapreduce.lib.output,FileOutputCommitter,7,3,35,22,402,71,3,0,0.11428571428571428,7,8,/Users/eashraf/hadoop/hadoop-mapreduce-project/hadoop-mapreduce-client/hadoop-mapreduce-client-core/src/main/java/org/apache/hadoop/mapreduce/lib/output/FileOutputCommitter.java,39
hadoop,org.apache.hadoop.mapreduce.lib.output,FileOutputCommitter.CommittedTaskFilter,0,0,0,0,5,0,0,0,-1.0,0,0,/Users/eashraf/hadoop/hadoop-mapreduce-project/hadoop-mapreduce-client/hadoop-mapreduce-client-core/src/main/java/org/apache/hadoop/mapreduce/lib/output/FileOutputCommitter.java,252
hadoop,org.apache.hadoop.mapreduce.lib.output,PartialOutputCommitter,0,0,1,1,11,1,1,0,-1.0,0,1,/Users/eashraf/hadoop/hadoop-mapreduce-project/hadoop-mapreduce-client/hadoop-mapreduce-client-core/src/main/java/org/apache/hadoop/mapreduce/lib/output/PartialOutputCommitter.java,26
hadoop,org.apache.hadoop.mapreduce.lib.output,MapFileOutputFormat,0,0,5,5,47,7,0,1,-1.0,3,13,/Users/eashraf/hadoop/hadoop-mapreduce-project/hadoop-mapreduce-client/hadoop-mapreduce-client-core/src/main/java/org/apache/hadoop/mapreduce/lib/output/MapFileOutputFormat.java,42
hadoop,org.apache.hadoop.mapreduce.lib.output,FilterOutputFormat,2,0,6,5,55,7,1,0,0.0,0,4,/Users/eashraf/hadoop/hadoop-mapreduce-project/hadoop-mapreduce-client/hadoop-mapreduce-client-core/src/main/java/org/apache/hadoop/mapreduce/lib/output/FilterOutputFormat.java,31
hadoop,org.apache.hadoop.mapreduce.lib.output,FilterOutputFormat.FilterRecordWriter,1,0,0,0,24,0,0,0,-1.0,0,1,/Users/eashraf/hadoop/hadoop-mapreduce-project/hadoop-mapreduce-client/hadoop-mapreduce-client-core/src/main/java/org/apache/hadoop/mapreduce/lib/output/FilterOutputFormat.java,76
hadoop,org.apache.hadoop.mapreduce.lib.output,PartialFileOutputCommitter,1,0,5,4,35,8,1,1,0.6,1,7,/Users/eashraf/hadoop/hadoop-mapreduce-project/hadoop-mapreduce-client/hadoop-mapreduce-client-core/src/main/java/org/apache/hadoop/mapreduce/lib/output/PartialFileOutputCommitter.java,39
hadoop,org.apache.hadoop.mapreduce.lib.output,TestMRMultipleOutputs,10,0,7,5,219,18,0,0,0.42857142857142855,0,14,/Users/eashraf/hadoop/hadoop-mapreduce-project/hadoop-mapreduce-client/hadoop-mapreduce-client-jobclient/src/test/java/org/apache/hadoop/mapreduce/lib/output/TestMRMultipleOutputs.java,36
hadoop,org.apache.hadoop.mapreduce.lib.output,TestMRMultipleOutputs.MOMap,1,0,0,0,17,0,0,0,-1.0,0,1,/Users/eashraf/hadoop/hadoop-mapreduce-project/hadoop-mapreduce-client/hadoop-mapreduce-client-jobclient/src/test/java/org/apache/hadoop/mapreduce/lib/output/TestMRMultipleOutputs.java,247
hadoop,org.apache.hadoop.mapreduce.lib.output,TestMRMultipleOutputs.MOReduce,1,0,0,0,22,0,0,0,-1.0,0,1,/Users/eashraf/hadoop/hadoop-mapreduce-project/hadoop-mapreduce-client/hadoop-mapreduce-client-jobclient/src/test/java/org/apache/hadoop/mapreduce/lib/output/TestMRMultipleOutputs.java,275
hadoop,org.apache.hadoop.mapreduce.lib.output,TestMRMultipleOutputs.MOJavaSerDeMap,1,0,0,0,15,0,0,0,-1.0,0,1,/Users/eashraf/hadoop/hadoop-mapreduce-project/hadoop-mapreduce-client/hadoop-mapreduce-client-jobclient/src/test/java/org/apache/hadoop/mapreduce/lib/output/TestMRMultipleOutputs.java,307
hadoop,org.apache.hadoop.mapreduce.lib.output,TestMRMultipleOutputs.MOJavaSerDeReduce,1,0,0,0,20,0,0,0,-1.0,0,1,/Users/eashraf/hadoop/hadoop-mapreduce-project/hadoop-mapreduce-client/hadoop-mapreduce-client-jobclient/src/test/java/org/apache/hadoop/mapreduce/lib/output/TestMRMultipleOutputs.java,330
hadoop,org.apache.hadoop.mapreduce.lib.output,TestJobOutputCommitter,10,0,10,4,148,16,0,0,0.2,0,9,/Users/eashraf/hadoop/hadoop-mapreduce-project/hadoop-mapreduce-client/hadoop-mapreduce-client-jobclient/src/test/java/org/apache/hadoop/mapreduce/lib/output/TestJobOutputCommitter.java,37
hadoop,org.apache.hadoop.mapreduce.lib.output,TestJobOutputCommitter.CommitterWithCustomDeprecatedCleanup,0,0,0,0,14,0,0,1,-1.0,0,0,/Users/eashraf/hadoop/hadoop-mapreduce-project/hadoop-mapreduce-client/hadoop-mapreduce-client-jobclient/src/test/java/org/apache/hadoop/mapreduce/lib/output/TestJobOutputCommitter.java,70
hadoop,org.apache.hadoop.mapreduce.lib.output,TestJobOutputCommitter.CommitterWithCustomAbort,0,0,0,0,14,0,0,1,-1.0,0,1,/Users/eashraf/hadoop/hadoop-mapreduce-project/hadoop-mapreduce-client/hadoop-mapreduce-client-jobclient/src/test/java/org/apache/hadoop/mapreduce/lib/output/TestJobOutputCommitter.java,89
hadoop,org.apache.hadoop.mapreduce.lib.output,TestJobOutputCommitter.MyOutputFormatWithCustomAbort,1,0,0,0,10,0,0,2,-1.0,0,1,/Users/eashraf/hadoop/hadoop-mapreduce-project/hadoop-mapreduce-client/hadoop-mapreduce-client-jobclient/src/test/java/org/apache/hadoop/mapreduce/lib/output/TestJobOutputCommitter.java,114
hadoop,org.apache.hadoop.mapreduce.lib.output,TestJobOutputCommitter.MyOutputFormatWithCustomCleanup,1,0,0,0,10,0,0,2,-1.0,0,1,/Users/eashraf/hadoop/hadoop-mapreduce-project/hadoop-mapreduce-client/hadoop-mapreduce-client-jobclient/src/test/java/org/apache/hadoop/mapreduce/lib/output/TestJobOutputCommitter.java,128
hadoop,org.apache.hadoop.mapreduce.lib.output,TestMRSequenceFileAsBinaryOutputFormat,2,0,3,3,109,6,0,0,1.0,0,13,/Users/eashraf/hadoop/hadoop-mapreduce-project/hadoop-mapreduce-client/hadoop-mapreduce-client-jobclient/src/test/java/org/apache/hadoop/mapreduce/lib/output/TestMRSequenceFileAsBinaryOutputFormat.java,45
hadoop,org.apache.hadoop.mapreduce.lib.output,TestMRCJCFileOutputCommitter,8,0,8,6,153,8,0,0,0.0,0,12,/Users/eashraf/hadoop/hadoop-mapreduce-project/hadoop-mapreduce-client/hadoop-mapreduce-client-jobclient/src/test/java/org/apache/hadoop/mapreduce/lib/output/TestMRCJCFileOutputCommitter.java,41
hadoop,org.apache.hadoop.mapreduce.lib.output,TestMRCJCFileOutputCommitter.FakeFileSystem,0,0,0,0,11,0,0,0,-1.0,0,0,/Users/eashraf/hadoop/hadoop-mapreduce-project/hadoop-mapreduce-client/hadoop-mapreduce-client-jobclient/src/test/java/org/apache/hadoop/mapreduce/lib/output/TestMRCJCFileOutputCommitter.java,182
hadoop,org.apache.hadoop.mapreduce.lib.jobcontrol,TestJobControl,0,0,1,1,23,1,0,0,-1.0,0,2,/Users/eashraf/hadoop/hadoop-mapreduce-project/hadoop-mapreduce-client/hadoop-mapreduce-client-core/src/test/java/org/apache/hadoop/mapreduce/lib/jobcontrol/TestJobControl.java,28
hadoop,org.apache.hadoop.mapreduce.lib.jobcontrol,JobControl,7,0,21,15,248,51,0,0,0.0,4,3,/Users/eashraf/hadoop/hadoop-mapreduce-project/hadoop-mapreduce-client/hadoop-mapreduce-client-core/src/main/java/org/apache/hadoop/mapreduce/lib/jobcontrol/JobControl.java,38
hadoop,org.apache.hadoop.mapreduce.lib.jobcontrol,JobControl.ThreadState,0,0,0,0,1,0,0,0,-1.0,0,0,/Users/eashraf/hadoop/hadoop-mapreduce-project/hadoop-mapreduce-client/hadoop-mapreduce-client-core/src/main/java/org/apache/hadoop/mapreduce/lib/jobcontrol/JobControl.java,61
hadoop,org.apache.hadoop.mapreduce.lib.jobcontrol,ControlledJob,7,1,23,19,259,41,0,0,0.08695652173913043,7,6,/Users/eashraf/hadoop/hadoop-mapreduce-project/hadoop-mapreduce-client/hadoop-mapreduce-client-core/src/main/java/org/apache/hadoop/mapreduce/lib/jobcontrol/ControlledJob.java,38
hadoop,org.apache.hadoop.mapreduce.lib.jobcontrol,ControlledJob.State,0,0,0,0,1,0,0,0,-1.0,0,0,/Users/eashraf/hadoop/hadoop-mapreduce-project/hadoop-mapreduce-client/hadoop-mapreduce-client-core/src/main/java/org/apache/hadoop/mapreduce/lib/jobcontrol/ControlledJob.java,55
hadoop,org.apache.hadoop.mapreduce.lib.jobcontrol,TestControlledJob,0,0,2,2,16,2,0,0,-1.0,0,2,/Users/eashraf/hadoop/hadoop-mapreduce-project/hadoop-mapreduce-client/hadoop-mapreduce-client-jobclient/src/test/java/org/apache/hadoop/mapreduce/lib/jobcontrol/TestControlledJob.java,26
hadoop,org.apache.hadoop.mapreduce.lib.jobcontrol,TestMapReduceJobControlWithMocks,0,0,10,4,91,11,0,0,-1.0,0,3,/Users/eashraf/hadoop/hadoop-mapreduce-project/hadoop-mapreduce-client/hadoop-mapreduce-client-jobclient/src/test/java/org/apache/hadoop/mapreduce/lib/jobcontrol/TestMapReduceJobControlWithMocks.java,36
hadoop,org.apache.hadoop.mapreduce.lib.jobcontrol,TestMapReduceJobControl,11,1,8,5,131,11,0,0,0.25,0,8,/Users/eashraf/hadoop/hadoop-mapreduce-project/hadoop-mapreduce-client/hadoop-mapreduce-client-jobclient/src/test/java/org/apache/hadoop/mapreduce/lib/jobcontrol/TestMapReduceJobControl.java,37
hadoop,org.apache.hadoop.mapreduce.lib.db,TestDbClasses,0,0,5,4,81,5,0,0,-1.0,0,16,/Users/eashraf/hadoop/hadoop-mapreduce-project/hadoop-mapreduce-client/hadoop-mapreduce-client-core/src/test/java/org/apache/hadoop/mapreduce/lib/db/TestDbClasses.java,37
hadoop,org.apache.hadoop.mapreduce.lib.db,TestDbClasses.OracleDataDrivenDBInputFormatForTest,0,0,0,0,13,0,0,3,-1.0,0,0,/Users/eashraf/hadoop/hadoop-mapreduce-project/hadoop-mapreduce-client/hadoop-mapreduce-client-core/src/test/java/org/apache/hadoop/mapreduce/lib/db/TestDbClasses.java,149
hadoop,org.apache.hadoop.mapreduce.lib.db,DriverForTest,0,0,8,8,53,8,0,0,-1.0,2,0,/Users/eashraf/hadoop/hadoop-mapreduce-project/hadoop-mapreduce-client/hadoop-mapreduce-client-core/src/test/java/org/apache/hadoop/mapreduce/lib/db/DriverForTest.java,35
hadoop,org.apache.hadoop.mapreduce.lib.db,DriverForTest.FakeConnection,0,0,0,0,3,0,0,0,-1.0,0,0,/Users/eashraf/hadoop/hadoop-mapreduce-project/hadoop-mapreduce-client/hadoop-mapreduce-client-core/src/test/java/org/apache/hadoop/mapreduce/lib/db/DriverForTest.java,108
hadoop,org.apache.hadoop.mapreduce.lib.db,TestSplitters,1,0,7,6,83,8,0,0,0.0,0,7,/Users/eashraf/hadoop/hadoop-mapreduce-project/hadoop-mapreduce-client/hadoop-mapreduce-client-core/src/test/java/org/apache/hadoop/mapreduce/lib/db/TestSplitters.java,39
hadoop,org.apache.hadoop.mapreduce.lib.db,DBSplitter,0,0,1,0,9,1,4,0,-1.0,2,1,/Users/eashraf/hadoop/hadoop-mapreduce-project/hadoop-mapreduce-client/hadoop-mapreduce-client-core/src/main/java/org/apache/hadoop/mapreduce/lib/db/DBSplitter.java,30
hadoop,org.apache.hadoop.mapreduce.lib.db,IntegerSplitter,0,0,2,1,56,10,1,1,-1.0,3,3,/Users/eashraf/hadoop/hadoop-mapreduce-project/hadoop-mapreduce-client/hadoop-mapreduce-client-core/src/main/java/org/apache/hadoop/mapreduce/lib/db/IntegerSplitter.java,32
hadoop,org.apache.hadoop.mapreduce.lib.db,DBRecordReader,14,0,20,10,179,32,3,0,0.0,3,7,/Users/eashraf/hadoop/hadoop-mapreduce-project/hadoop-mapreduce-client/hadoop-mapreduce-client-core/src/main/java/org/apache/hadoop/mapreduce/lib/db/DBRecordReader.java,49
hadoop,org.apache.hadoop.mapreduce.lib.db,DateSplitter,1,0,4,1,94,17,1,2,0.0,1,3,/Users/eashraf/hadoop/hadoop-mapreduce-project/hadoop-mapreduce-client/hadoop-mapreduce-client-core/src/main/java/org/apache/hadoop/mapreduce/lib/db/DateSplitter.java,39
hadoop,org.apache.hadoop.mapreduce.lib.db,MySQLDataDrivenDBRecordReader,0,0,2,1,13,2,0,2,-1.0,0,3,/Users/eashraf/hadoop/hadoop-mapreduce-project/hadoop-mapreduce-client/hadoop-mapreduce-client-core/src/main/java/org/apache/hadoop/mapreduce/lib/db/MySQLDataDrivenDBRecordReader.java,30
hadoop,org.apache.hadoop.mapreduce.lib.db,DBOutputFormat,3,0,7,6,158,16,0,0,0.5714285714285714,2,5,/Users/eashraf/hadoop/hadoop-mapreduce-project/hadoop-mapreduce-client/hadoop-mapreduce-client-core/src/main/java/org/apache/hadoop/mapreduce/lib/db/DBOutputFormat.java,40
hadoop,org.apache.hadoop.mapreduce.lib.db,DBOutputFormat.DBRecordWriter,2,0,0,0,59,0,0,0,-1.0,0,0,/Users/eashraf/hadoop/hadoop-mapreduce-project/hadoop-mapreduce-client/hadoop-mapreduce-client-core/src/main/java/org/apache/hadoop/mapreduce/lib/db/DBOutputFormat.java,63
hadoop,org.apache.hadoop.mapreduce.lib.db,OracleDateSplitter,0,0,1,0,8,1,0,3,-1.0,1,0,/Users/eashraf/hadoop/hadoop-mapreduce-project/hadoop-mapreduce-client/hadoop-mapreduce-client-core/src/main/java/org/apache/hadoop/mapreduce/lib/db/OracleDateSplitter.java,26
hadoop,org.apache.hadoop.mapreduce.lib.db,BooleanSplitter,0,0,1,1,24,5,0,1,-1.0,2,2,/Users/eashraf/hadoop/hadoop-mapreduce-project/hadoop-mapreduce-client/hadoop-mapreduce-client-core/src/main/java/org/apache/hadoop/mapreduce/lib/db/BooleanSplitter.java,31
hadoop,org.apache.hadoop.mapreduce.lib.db,OracleDataDrivenDBRecordReader,0,0,1,1,9,1,0,2,-1.0,0,4,/Users/eashraf/hadoop/hadoop-mapreduce-project/hadoop-mapreduce-client/hadoop-mapreduce-client-core/src/main/java/org/apache/hadoop/mapreduce/lib/db/OracleDataDrivenDBRecordReader.java,30
hadoop,org.apache.hadoop.mapreduce.lib.db,FloatSplitter,2,0,1,1,41,6,0,1,0.0,2,3,/Users/eashraf/hadoop/hadoop-mapreduce-project/hadoop-mapreduce-client/hadoop-mapreduce-client-core/src/main/java/org/apache/hadoop/mapreduce/lib/db/FloatSplitter.java,35
hadoop,org.apache.hadoop.mapreduce.lib.db,DBInputFormat,9,0,13,10,253,23,2,0,0.15384615384615385,9,8,/Users/eashraf/hadoop/hadoop-mapreduce-project/hadoop-mapreduce-client/hadoop-mapreduce-client-core/src/main/java/org/apache/hadoop/mapreduce/lib/db/DBInputFormat.java,50
hadoop,org.apache.hadoop.mapreduce.lib.db,DBInputFormat.NullDBWritable,0,0,0,0,13,0,0,1,-1.0,0,0,/Users/eashraf/hadoop/hadoop-mapreduce-project/hadoop-mapreduce-client/hadoop-mapreduce-client-core/src/main/java/org/apache/hadoop/mapreduce/lib/db/DBInputFormat.java,68
hadoop,org.apache.hadoop.mapreduce.lib.db,DBInputFormat.DBInputSplit,2,0,0,0,59,0,0,0,-1.0,0,0,/Users/eashraf/hadoop/hadoop-mapreduce-project/hadoop-mapreduce-client/hadoop-mapreduce-client-core/src/main/java/org/apache/hadoop/mapreduce/lib/db/DBInputFormat.java,83
hadoop,org.apache.hadoop.mapreduce.lib.db,BigDecimalSplitter,2,0,3,1,68,10,1,1,0.0,2,3,/Users/eashraf/hadoop/hadoop-mapreduce-project/hadoop-mapreduce-client/hadoop-mapreduce-client-core/src/main/java/org/apache/hadoop/mapreduce/lib/db/BigDecimalSplitter.java,36
hadoop,org.apache.hadoop.mapreduce.lib.db,DataDrivenDBRecordReader,2,0,2,1,57,8,2,1,0.0,0,4,/Users/eashraf/hadoop/hadoop-mapreduce-project/hadoop-mapreduce-client/hadoop-mapreduce-client-core/src/main/java/org/apache/hadoop/mapreduce/lib/db/DataDrivenDBRecordReader.java,49
hadoop,org.apache.hadoop.mapreduce.lib.db,DataDrivenDBInputFormat,4,1,7,4,185,33,1,1,0.42857142857142855,9,7,/Users/eashraf/hadoop/hadoop-mapreduce-project/hadoop-mapreduce-client/hadoop-mapreduce-client-core/src/main/java/org/apache/hadoop/mapreduce/lib/db/DataDrivenDBInputFormat.java,53
hadoop,org.apache.hadoop.mapreduce.lib.db,DataDrivenDBInputFormat.DataDrivenDBInputSplit,2,0,0,0,47,0,0,1,-1.0,0,1,/Users/eashraf/hadoop/hadoop-mapreduce-project/hadoop-mapreduce-client/hadoop-mapreduce-client-core/src/main/java/org/apache/hadoop/mapreduce/lib/db/DataDrivenDBInputFormat.java,71
hadoop,org.apache.hadoop.mapreduce.lib.db,DBWritable,0,0,2,2,17,2,2,0,-1.0,1,0,/Users/eashraf/hadoop/hadoop-mapreduce-project/hadoop-mapreduce-client/hadoop-mapreduce-client-core/src/main/java/org/apache/hadoop/mapreduce/lib/db/DBWritable.java,28
hadoop,org.apache.hadoop.mapreduce.lib.db,TextSplitter,3,0,4,1,106,17,0,2,0.0,3,3,/Users/eashraf/hadoop/hadoop-mapreduce-project/hadoop-mapreduce-client/hadoop-mapreduce-client-core/src/main/java/org/apache/hadoop/mapreduce/lib/db/TextSplitter.java,37
hadoop,org.apache.hadoop.mapreduce.lib.db,OracleDBRecordReader,2,1,3,2,88,9,0,1,0.6666666666666666,2,3,/Users/eashraf/hadoop/hadoop-mapreduce-project/hadoop-mapreduce-client/hadoop-mapreduce-client-core/src/main/java/org/apache/hadoop/mapreduce/lib/db/OracleDBRecordReader.java,32
hadoop,org.apache.hadoop.mapreduce.lib.db,OracleDataDrivenDBInputFormat,0,0,2,0,24,5,1,2,-1.0,1,3,/Users/eashraf/hadoop/hadoop-mapreduce-project/hadoop-mapreduce-client/hadoop-mapreduce-client-core/src/main/java/org/apache/hadoop/mapreduce/lib/db/OracleDataDrivenDBInputFormat.java,52
hadoop,org.apache.hadoop.mapreduce.lib.db,MySQLDBRecordReader,0,0,2,1,13,2,0,1,-1.0,0,3,/Users/eashraf/hadoop/hadoop-mapreduce-project/hadoop-mapreduce-client/hadoop-mapreduce-client-core/src/main/java/org/apache/hadoop/mapreduce/lib/db/MySQLDBRecordReader.java,30
hadoop,org.apache.hadoop.mapreduce.lib.db,DBConfiguration,16,15,27,27,191,35,0,0,0.0,15,2,/Users/eashraf/hadoop/hadoop-mapreduce-project/hadoop-mapreduce-client/hadoop-mapreduce-client-core/src/main/java/org/apache/hadoop/mapreduce/lib/db/DBConfiguration.java,31
hadoop,org.apache.hadoop.mapreduce.lib.db,TestTextSplitter,0,0,11,11,77,15,0,0,-1.0,0,1,/Users/eashraf/hadoop/hadoop-mapreduce-project/hadoop-mapreduce-client/hadoop-mapreduce-client-jobclient/src/test/java/org/apache/hadoop/mapreduce/lib/db/TestTextSplitter.java,28
hadoop,org.apache.hadoop.mapreduce.lib.db,TestIntegerSplitter,0,0,8,7,61,13,0,0,-1.0,0,1,/Users/eashraf/hadoop/hadoop-mapreduce-project/hadoop-mapreduce-client/hadoop-mapreduce-client-jobclient/src/test/java/org/apache/hadoop/mapreduce/lib/db/TestIntegerSplitter.java,28
hadoop,org.apache.hadoop.mapreduce.lib.db,TestDataDrivenDBInputFormat,8,0,8,4,135,10,0,0,0.25,0,7,/Users/eashraf/hadoop/hadoop-mapreduce-project/hadoop-mapreduce-client/hadoop-mapreduce-client-jobclient/src/test/java/org/apache/hadoop/mapreduce/lib/db/TestDataDrivenDBInputFormat.java,41
hadoop,org.apache.hadoop.mapreduce.lib.db,TestDataDrivenDBInputFormat.DateCol,1,0,0,0,31,0,0,1,-1.0,0,0,/Users/eashraf/hadoop/hadoop-mapreduce-project/hadoop-mapreduce-client/hadoop-mapreduce-client-jobclient/src/test/java/org/apache/hadoop/mapreduce/lib/db/TestDataDrivenDBInputFormat.java,124
hadoop,org.apache.hadoop.mapreduce.lib.db,TestDataDrivenDBInputFormat.ValMapper,0,0,0,0,5,0,0,0,-1.0,0,0,/Users/eashraf/hadoop/hadoop-mapreduce-project/hadoop-mapreduce-client/hadoop-mapreduce-client-jobclient/src/test/java/org/apache/hadoop/mapreduce/lib/db/TestDataDrivenDBInputFormat.java,165
hadoop,org.apache.hadoop.mapreduce.lib.db,TestDBOutputFormat,5,0,2,2,27,2,0,0,0.0,0,3,/Users/eashraf/hadoop/hadoop-mapreduce-project/hadoop-mapreduce-client/hadoop-mapreduce-client-jobclient/src/test/java/org/apache/hadoop/mapreduce/lib/db/TestDBOutputFormat.java,28
hadoop,org.apache.hadoop.mapreduce.lib.db,TestDBJob,0,0,2,2,9,2,0,0,-1.0,0,2,/Users/eashraf/hadoop/hadoop-mapreduce-project/hadoop-mapreduce-examples/src/test/java/org/apache/hadoop/mapreduce/lib/db/TestDBJob.java,28
hadoop,org.apache.hadoop.mapreduce.lib.partition,TestRehashPartitioner,5,0,1,1,44,4,0,0,0.0,0,1,/Users/eashraf/hadoop/hadoop-mapreduce-project/hadoop-mapreduce-client/hadoop-mapreduce-client-core/src/test/java/org/apache/hadoop/mapreduce/lib/partition/TestRehashPartitioner.java,31
hadoop,org.apache.hadoop.mapreduce.lib.partition,KeyFieldHelper,9,0,9,7,230,51,0,0,0.0,3,1,/Users/eashraf/hadoop/hadoop-mapreduce-project/hadoop-mapreduce-client/hadoop-mapreduce-client-core/src/main/java/org/apache/hadoop/mapreduce/lib/partition/KeyFieldHelper.java,28
hadoop,org.apache.hadoop.mapreduce.lib.partition,KeyFieldHelper.KeyDescription,6,0,0,0,11,0,0,0,-1.0,0,0,/Users/eashraf/hadoop/hadoop-mapreduce-project/hadoop-mapreduce-client/hadoop-mapreduce-client-core/src/main/java/org/apache/hadoop/mapreduce/lib/partition/KeyFieldHelper.java,43
hadoop,org.apache.hadoop.mapreduce.lib.partition,BinaryPartitioner,5,2,6,6,53,6,0,0,0.0,2,3,/Users/eashraf/hadoop/hadoop-mapreduce-project/hadoop-mapreduce-client/hadoop-mapreduce-client-core/src/main/java/org/apache/hadoop/mapreduce/lib/partition/BinaryPartitioner.java,29
hadoop,org.apache.hadoop.mapreduce.lib.partition,InputSampler,8,0,5,4,289,22,0,0,0.6,2,12,/Users/eashraf/hadoop/hadoop-mapreduce-project/hadoop-mapreduce-client/hadoop-mapreduce-client-core/src/main/java/org/apache/hadoop/mapreduce/lib/partition/InputSampler.java,51
hadoop,org.apache.hadoop.mapreduce.lib.partition,InputSampler.Sampler,0,0,0,0,9,0,0,0,-1.0,0,0,/Users/eashraf/hadoop/hadoop-mapreduce-project/hadoop-mapreduce-client/hadoop-mapreduce-client-core/src/main/java/org/apache/hadoop/mapreduce/lib/partition/InputSampler.java,80
hadoop,org.apache.hadoop.mapreduce.lib.partition,InputSampler.SplitSampler,2,0,0,0,47,0,0,0,-1.0,0,0,/Users/eashraf/hadoop/hadoop-mapreduce-project/hadoop-mapreduce-client/hadoop-mapreduce-client-core/src/main/java/org/apache/hadoop/mapreduce/lib/partition/InputSampler.java,93
hadoop,org.apache.hadoop.mapreduce.lib.partition,InputSampler.RandomSampler,3,0,0,0,66,0,0,0,-1.0,0,0,/Users/eashraf/hadoop/hadoop-mapreduce-project/hadoop-mapreduce-client/hadoop-mapreduce-client-core/src/main/java/org/apache/hadoop/mapreduce/lib/partition/InputSampler.java,154
hadoop,org.apache.hadoop.mapreduce.lib.partition,InputSampler.IntervalSampler,2,0,0,0,48,0,0,0,-1.0,0,0,/Users/eashraf/hadoop/hadoop-mapreduce-project/hadoop-mapreduce-client/hadoop-mapreduce-client-core/src/main/java/org/apache/hadoop/mapreduce/lib/partition/InputSampler.java,247
hadoop,org.apache.hadoop.mapreduce.lib.partition,KeyFieldBasedComparator,6,1,13,6,251,68,0,0,0.15384615384615385,2,6,/Users/eashraf/hadoop/hadoop-mapreduce-project/hadoop-mapreduce-client/hadoop-mapreduce-client-core/src/main/java/org/apache/hadoop/mapreduce/lib/partition/KeyFieldBasedComparator.java,36
hadoop,org.apache.hadoop.mapreduce.lib.partition,TotalOrderPartitioner,18,4,10,6,250,22,0,0,0.2,4,9,/Users/eashraf/hadoop/hadoop-mapreduce-project/hadoop-mapreduce-client/hadoop-mapreduce-client-core/src/main/java/org/apache/hadoop/mapreduce/lib/partition/TotalOrderPartitioner.java,44
hadoop,org.apache.hadoop.mapreduce.lib.partition,TotalOrderPartitioner.Node,0,0,0,0,9,0,0,0,-1.0,0,0,/Users/eashraf/hadoop/hadoop-mapreduce-project/hadoop-mapreduce-client/hadoop-mapreduce-client-core/src/main/java/org/apache/hadoop/mapreduce/lib/partition/TotalOrderPartitioner.java,147
hadoop,org.apache.hadoop.mapreduce.lib.partition,TotalOrderPartitioner.TrieNode,1,0,0,0,12,0,0,0,-1.0,0,0,/Users/eashraf/hadoop/hadoop-mapreduce-project/hadoop-mapreduce-client/hadoop-mapreduce-client-core/src/main/java/org/apache/hadoop/mapreduce/lib/partition/TotalOrderPartitioner.java,158
hadoop,org.apache.hadoop.mapreduce.lib.partition,TotalOrderPartitioner.BinarySearchNode,2,0,0,0,15,0,0,0,-1.0,0,1,/Users/eashraf/hadoop/hadoop-mapreduce-project/hadoop-mapreduce-client/hadoop-mapreduce-client-core/src/main/java/org/apache/hadoop/mapreduce/lib/partition/TotalOrderPartitioner.java,173
hadoop,org.apache.hadoop.mapreduce.lib.partition,TotalOrderPartitioner.InnerTrieNode,1,0,0,0,16,0,0,0,-1.0,0,0,/Users/eashraf/hadoop/hadoop-mapreduce-project/hadoop-mapreduce-client/hadoop-mapreduce-client-core/src/main/java/org/apache/hadoop/mapreduce/lib/partition/TotalOrderPartitioner.java,191
hadoop,org.apache.hadoop.mapreduce.lib.partition,TotalOrderPartitioner.LeafTrieNode,3,0,0,0,18,0,0,0,-1.0,0,1,/Users/eashraf/hadoop/hadoop-mapreduce-project/hadoop-mapreduce-client/hadoop-mapreduce-client-core/src/main/java/org/apache/hadoop/mapreduce/lib/partition/TotalOrderPartitioner.java,237
hadoop,org.apache.hadoop.mapreduce.lib.partition,TotalOrderPartitioner.UnsplitTrieNode,1,0,0,0,10,0,0,0,-1.0,0,0,/Users/eashraf/hadoop/hadoop-mapreduce-project/hadoop-mapreduce-client/hadoop-mapreduce-client-core/src/main/java/org/apache/hadoop/mapreduce/lib/partition/TotalOrderPartitioner.java,260
hadoop,org.apache.hadoop.mapreduce.lib.partition,TotalOrderPartitioner.SinglySplitTrieNode,2,0,0,0,12,0,0,0,-1.0,0,1,/Users/eashraf/hadoop/hadoop-mapreduce-project/hadoop-mapreduce-client/hadoop-mapreduce-client-core/src/main/java/org/apache/hadoop/mapreduce/lib/partition/TotalOrderPartitioner.java,273
hadoop,org.apache.hadoop.mapreduce.lib.partition,TotalOrderPartitioner.CarriedTrieNodeRef,1,0,0,0,9,0,0,0,-1.0,0,0,/Users/eashraf/hadoop/hadoop-mapreduce-project/hadoop-mapreduce-client/hadoop-mapreduce-client-core/src/main/java/org/apache/hadoop/mapreduce/lib/partition/TotalOrderPartitioner.java,319
hadoop,org.apache.hadoop.mapreduce.lib.partition,RehashPartitioner,1,0,1,1,19,1,0,0,0.0,1,0,/Users/eashraf/hadoop/hadoop-mapreduce-project/hadoop-mapreduce-client/hadoop-mapreduce-client-core/src/main/java/org/apache/hadoop/mapreduce/lib/partition/RehashPartitioner.java,25
hadoop,org.apache.hadoop.mapreduce.lib.partition,HashPartitioner,0,0,1,1,11,1,0,0,-1.0,1,0,/Users/eashraf/hadoop/hadoop-mapreduce-project/hadoop-mapreduce-client/hadoop-mapreduce-client-core/src/main/java/org/apache/hadoop/mapreduce/lib/partition/HashPartitioner.java,25
hadoop,org.apache.hadoop.mapreduce.lib.partition,KeyFieldBasedPartitioner,5,1,7,5,77,13,0,0,0.0,3,5,/Users/eashraf/hadoop/hadoop-mapreduce-project/hadoop-mapreduce-client/hadoop-mapreduce-client-core/src/main/java/org/apache/hadoop/mapreduce/lib/partition/KeyFieldBasedPartitioner.java,36
hadoop,org.apache.hadoop.mapreduce.lib.partition,TestMRKeyFieldBasedComparator,5,0,4,3,73,10,0,0,0.0,0,13,/Users/eashraf/hadoop/hadoop-mapreduce-project/hadoop-mapreduce-client/hadoop-mapreduce-client-jobclient/src/test/java/org/apache/hadoop/mapreduce/lib/partition/TestMRKeyFieldBasedComparator.java,37
hadoop,org.apache.hadoop.mapreduce.lib.partition,TestBinaryPartitioner,0,0,4,4,61,4,0,0,-1.0,0,4,/Users/eashraf/hadoop/hadoop-mapreduce-project/hadoop-mapreduce-client/hadoop-mapreduce-client-jobclient/src/test/java/org/apache/hadoop/mapreduce/lib/partition/TestBinaryPartitioner.java,28
hadoop,org.apache.hadoop.mapreduce.lib.partition,TestTotalOrderPartitioner,6,0,5,4,151,11,0,0,0.4,0,11,/Users/eashraf/hadoop/hadoop-mapreduce-project/hadoop-mapreduce-client/hadoop-mapreduce-client-jobclient/src/test/java/org/apache/hadoop/mapreduce/lib/partition/TestTotalOrderPartitioner.java,45
hadoop,org.apache.hadoop.mapreduce.lib.partition,TestTotalOrderPartitioner.Check,2,0,0,0,8,0,0,0,-1.0,0,0,/Users/eashraf/hadoop/hadoop-mapreduce-project/hadoop-mapreduce-client/hadoop-mapreduce-client-jobclient/src/test/java/org/apache/hadoop/mapreduce/lib/partition/TestTotalOrderPartitioner.java,73
hadoop,org.apache.hadoop.mapreduce.lib.partition,TestTotalOrderPartitioner.ReverseStringComparator,0,0,0,0,10,0,0,0,-1.0,0,0,/Users/eashraf/hadoop/hadoop-mapreduce-project/hadoop-mapreduce-client/hadoop-mapreduce-client-jobclient/src/test/java/org/apache/hadoop/mapreduce/lib/partition/TestTotalOrderPartitioner.java,207
hadoop,org.apache.hadoop.mapreduce.lib.partition,TestKeyFieldHelper,1,0,6,3,317,11,0,0,0.5,0,1,/Users/eashraf/hadoop/hadoop-mapreduce-project/hadoop-mapreduce-client/hadoop-mapreduce-client-jobclient/src/test/java/org/apache/hadoop/mapreduce/lib/partition/TestKeyFieldHelper.java,25
hadoop,org.apache.hadoop.mapreduce.lib.partition,TestMRKeyFieldBasedPartitioner,0,0,1,1,77,1,0,0,-1.0,0,2,/Users/eashraf/hadoop/hadoop-mapreduce-project/hadoop-mapreduce-client/hadoop-mapreduce-client-jobclient/src/test/java/org/apache/hadoop/mapreduce/lib/partition/TestMRKeyFieldBasedPartitioner.java,25
hadoop,org.apache.hadoop.mapreduce.lib.partition,TestInputSampler,8,0,4,4,204,12,0,0,0.0,0,3,/Users/eashraf/hadoop/hadoop-mapreduce-project/hadoop-mapreduce-client/hadoop-mapreduce-client-jobclient/src/test/java/org/apache/hadoop/mapreduce/lib/partition/TestInputSampler.java,41
hadoop,org.apache.hadoop.mapreduce.lib.partition,TestInputSampler.SequentialSplit,1,0,0,0,15,0,0,0,-1.0,0,0,/Users/eashraf/hadoop/hadoop-mapreduce-project/hadoop-mapreduce-client/hadoop-mapreduce-client-jobclient/src/test/java/org/apache/hadoop/mapreduce/lib/partition/TestInputSampler.java,43
hadoop,org.apache.hadoop.mapreduce.lib.partition,TestInputSampler.MapredSequentialSplit,1,0,0,0,19,0,0,0,-1.0,0,0,/Users/eashraf/hadoop/hadoop-mapreduce-project/hadoop-mapreduce-client/hadoop-mapreduce-client-jobclient/src/test/java/org/apache/hadoop/mapreduce/lib/partition/TestInputSampler.java,53
hadoop,org.apache.hadoop.mapreduce.lib.partition,TestInputSampler.TestInputSamplerIF,4,0,0,0,40,0,0,0,-1.0,0,1,/Users/eashraf/hadoop/hadoop-mapreduce-project/hadoop-mapreduce-client/hadoop-mapreduce-client-jobclient/src/test/java/org/apache/hadoop/mapreduce/lib/partition/TestInputSampler.java,71
hadoop,org.apache.hadoop.mapreduce.lib.partition,TestInputSampler.TestMapredInputSamplerIF,2,0,0,0,45,0,0,0,-1.0,0,0,/Users/eashraf/hadoop/hadoop-mapreduce-project/hadoop-mapreduce-client/hadoop-mapreduce-client-jobclient/src/test/java/org/apache/hadoop/mapreduce/lib/partition/TestInputSampler.java,114
hadoop,org.apache.hadoop.mapred.join,TupleWritable,0,0,5,2,36,5,0,0,-1.0,8,1,/Users/eashraf/hadoop/hadoop-mapreduce-project/hadoop-mapreduce-client/hadoop-mapreduce-client-core/src/main/java/org/apache/hadoop/mapred/join/TupleWritable.java,25
hadoop,org.apache.hadoop.mapred.join,Parser,16,0,2,0,352,10,0,0,0.0,1,3,/Users/eashraf/hadoop/hadoop-mapreduce-project/hadoop-mapreduce-client/hadoop-mapreduce-client-core/src/main/java/org/apache/hadoop/mapred/join/Parser.java,46
hadoop,org.apache.hadoop.mapred.join,Parser.TType,0,0,0,0,1,0,0,0,-1.0,0,0,/Users/eashraf/hadoop/hadoop-mapreduce-project/hadoop-mapreduce-client/hadoop-mapreduce-client-core/src/main/java/org/apache/hadoop/mapred/join/Parser.java,68
hadoop,org.apache.hadoop.mapred.join,Parser.Token,1,0,0,0,22,0,0,0,-1.0,0,0,/Users/eashraf/hadoop/hadoop-mapreduce-project/hadoop-mapreduce-client/hadoop-mapreduce-client-core/src/main/java/org/apache/hadoop/mapred/join/Parser.java,72
hadoop,org.apache.hadoop.mapred.join,Parser.NumToken,1,0,0,0,10,0,0,0,-1.0,0,0,/Users/eashraf/hadoop/hadoop-mapreduce-project/hadoop-mapreduce-client/hadoop-mapreduce-client-core/src/main/java/org/apache/hadoop/mapred/join/Parser.java,98
hadoop,org.apache.hadoop.mapred.join,Parser.NodeToken,1,0,0,0,10,0,0,0,-1.0,0,0,/Users/eashraf/hadoop/hadoop-mapreduce-project/hadoop-mapreduce-client/hadoop-mapreduce-client-core/src/main/java/org/apache/hadoop/mapred/join/Parser.java,109
hadoop,org.apache.hadoop.mapred.join,Parser.StrToken,1,0,0,0,10,0,0,0,-1.0,0,0,/Users/eashraf/hadoop/hadoop-mapreduce-project/hadoop-mapreduce-client/hadoop-mapreduce-client-core/src/main/java/org/apache/hadoop/mapred/join/Parser.java,122
hadoop,org.apache.hadoop.mapred.join,Parser.Lexer,1,0,0,0,31,0,0,0,-1.0,0,0,/Users/eashraf/hadoop/hadoop-mapreduce-project/hadoop-mapreduce-client/hadoop-mapreduce-client-core/src/main/java/org/apache/hadoop/mapred/join/Parser.java,135
hadoop,org.apache.hadoop.mapred.join,Parser.Node,6,0,0,0,51,0,0,1,-1.0,0,0,/Users/eashraf/hadoop/hadoop-mapreduce-project/hadoop-mapreduce-client/hadoop-mapreduce-client-core/src/main/java/org/apache/hadoop/mapred/join/Parser.java,182
hadoop,org.apache.hadoop.mapred.join,Parser.WNode,3,0,0,0,74,0,0,0,-1.0,0,1,/Users/eashraf/hadoop/hadoop-mapreduce-project/hadoop-mapreduce-client/hadoop-mapreduce-client-core/src/main/java/org/apache/hadoop/mapred/join/Parser.java,256
hadoop,org.apache.hadoop.mapred.join,Parser.CNode,2,0,0,0,94,0,0,0,-1.0,0,0,/Users/eashraf/hadoop/hadoop-mapreduce-project/hadoop-mapreduce-client/hadoop-mapreduce-client-core/src/main/java/org/apache/hadoop/mapred/join/Parser.java,344
hadoop,org.apache.hadoop.mapred.join,OuterJoinRecordReader,0,0,2,0,15,2,0,2,-1.0,1,2,/Users/eashraf/hadoop/hadoop-mapreduce-project/hadoop-mapreduce-client/hadoop-mapreduce-client-core/src/main/java/org/apache/hadoop/mapred/join/OuterJoinRecordReader.java,29
hadoop,org.apache.hadoop.mapred.join,ArrayListBackedIterator,0,0,2,2,11,2,0,1,-1.0,0,0,/Users/eashraf/hadoop/hadoop-mapreduce-project/hadoop-mapreduce-client/hadoop-mapreduce-client-core/src/main/java/org/apache/hadoop/mapred/join/ArrayListBackedIterator.java,26
hadoop,org.apache.hadoop.mapred.join,MultiFilterRecordReader,2,0,6,3,99,12,1,1,0.6666666666666666,0,6,/Users/eashraf/hadoop/hadoop-mapreduce-project/hadoop-mapreduce-client/hadoop-mapreduce-client-core/src/main/java/org/apache/hadoop/mapred/join/MultiFilterRecordReader.java,34
hadoop,org.apache.hadoop.mapred.join,MultiFilterRecordReader.MultiFilterDelegationIterator,0,0,0,0,31,0,0,1,-1.0,0,0,/Users/eashraf/hadoop/hadoop-mapreduce-project/hadoop-mapreduce-client/hadoop-mapreduce-client-core/src/main/java/org/apache/hadoop/mapred/join/MultiFilterRecordReader.java,118
hadoop,org.apache.hadoop.mapred.join,CompositeRecordReader,12,0,23,17,347,44,2,0,0.13043478260869565,2,9,/Users/eashraf/hadoop/hadoop-mapreduce-project/hadoop-mapreduce-client/hadoop-mapreduce-client-core/src/main/java/org/apache/hadoop/mapred/join/CompositeRecordReader.java,37
hadoop,org.apache.hadoop.mapred.join,CompositeRecordReader.JoinCollector,4,0,0,0,134,0,0,0,-1.0,0,1,/Users/eashraf/hadoop/hadoop-mapreduce-project/hadoop-mapreduce-client/hadoop-mapreduce-client-core/src/main/java/org/apache/hadoop/mapred/join/CompositeRecordReader.java,148
hadoop,org.apache.hadoop.mapred.join,JoinRecordReader,0,0,4,3,69,7,2,1,-1.0,0,4,/Users/eashraf/hadoop/hadoop-mapreduce-project/hadoop-mapreduce-client/hadoop-mapreduce-client-core/src/main/java/org/apache/hadoop/mapred/join/JoinRecordReader.java,32
hadoop,org.apache.hadoop.mapred.join,JoinRecordReader.JoinDelegationIterator,0,0,0,0,26,0,0,1,-1.0,0,0,/Users/eashraf/hadoop/hadoop-mapreduce-project/hadoop-mapreduce-client/hadoop-mapreduce-client-core/src/main/java/org/apache/hadoop/mapred/join/JoinRecordReader.java,83
hadoop,org.apache.hadoop.mapred.join,ComposableRecordReader,0,0,6,0,29,6,3,0,-1.0,5,1,/Users/eashraf/hadoop/hadoop-mapreduce-project/hadoop-mapreduce-client/hadoop-mapreduce-client-core/src/main/java/org/apache/hadoop/mapred/join/ComposableRecordReader.java,29
hadoop,org.apache.hadoop.mapred.join,ComposableInputFormat,0,0,1,0,6,1,2,0,-1.0,0,4,/Users/eashraf/hadoop/hadoop-mapreduce-project/hadoop-mapreduce-client/hadoop-mapreduce-client-core/src/main/java/org/apache/hadoop/mapred/join/ComposableInputFormat.java,32
hadoop,org.apache.hadoop.mapred.join,StreamBackedIterator,0,0,0,0,5,0,0,1,-1.0,1,0,/Users/eashraf/hadoop/hadoop-mapreduce-project/hadoop-mapreduce-client/hadoop-mapreduce-client-core/src/main/java/org/apache/hadoop/mapred/join/StreamBackedIterator.java,24
hadoop,org.apache.hadoop.mapred.join,ResetableIterator,0,0,0,0,7,0,5,0,-1.0,5,0,/Users/eashraf/hadoop/hadoop-mapreduce-project/hadoop-mapreduce-client/hadoop-mapreduce-client-core/src/main/java/org/apache/hadoop/mapred/join/ResetableIterator.java,24
hadoop,org.apache.hadoop.mapred.join,ResetableIterator.EMPTY,0,0,0,0,2,0,0,1,-1.0,0,0,/Users/eashraf/hadoop/hadoop-mapreduce-project/hadoop-mapreduce-client/hadoop-mapreduce-client-core/src/main/java/org/apache/hadoop/mapred/join/ResetableIterator.java,34
hadoop,org.apache.hadoop.mapred.join,OverrideRecordReader,0,0,3,0,45,10,0,2,-1.0,1,4,/Users/eashraf/hadoop/hadoop-mapreduce-project/hadoop-mapreduce-client/hadoop-mapreduce-client-core/src/main/java/org/apache/hadoop/mapred/join/OverrideRecordReader.java,32
hadoop,org.apache.hadoop.mapred.join,CompositeInputFormat,1,0,10,7,101,14,0,1,0.6,2,10,/Users/eashraf/hadoop/hadoop-mapreduce-project/hadoop-mapreduce-client/hadoop-mapreduce-client-core/src/main/java/org/apache/hadoop/mapred/join/CompositeInputFormat.java,36
hadoop,org.apache.hadoop.mapred.join,CompositeInputSplit,3,0,10,10,101,20,0,0,0.2,0,4,/Users/eashraf/hadoop/hadoop-mapreduce-project/hadoop-mapreduce-client/hadoop-mapreduce-client-core/src/main/java/org/apache/hadoop/mapred/join/CompositeInputSplit.java,33
hadoop,org.apache.hadoop.mapred.join,InnerJoinRecordReader,0,0,2,0,20,4,0,2,-1.0,1,2,/Users/eashraf/hadoop/hadoop-mapreduce-project/hadoop-mapreduce-client/hadoop-mapreduce-client-core/src/main/java/org/apache/hadoop/mapred/join/InnerJoinRecordReader.java,29
hadoop,org.apache.hadoop.mapred.join,WrappedRecordReader,8,0,20,17,153,25,0,1,0.1,1,8,/Users/eashraf/hadoop/hadoop-mapreduce-project/hadoop-mapreduce-client/hadoop-mapreduce-client-core/src/main/java/org/apache/hadoop/mapred/join/WrappedRecordReader.java,33
hadoop,org.apache.hadoop.mapred.join,IncomparableKey,0,0,3,3,9,3,0,0,-1.0,1,0,/Users/eashraf/hadoop/hadoop-mapreduce-project/hadoop-mapreduce-client/hadoop-mapreduce-client-jobclient/src/test/java/org/apache/hadoop/mapred/join/IncomparableKey.java,25
hadoop,org.apache.hadoop.mapred.join,TestDatamerge,5,0,12,6,317,34,0,0,0.16666666666666666,0,18,/Users/eashraf/hadoop/hadoop-mapreduce-project/hadoop-mapreduce-client/hadoop-mapreduce-client-jobclient/src/test/java/org/apache/hadoop/mapred/join/TestDatamerge.java,58
hadoop,org.apache.hadoop.mapred.join,TestDatamerge.SimpleCheckerBase,2,0,0,0,19,0,0,0,-1.0,0,1,/Users/eashraf/hadoop/hadoop-mapreduce-project/hadoop-mapreduce-client/hadoop-mapreduce-client-jobclient/src/test/java/org/apache/hadoop/mapred/join/TestDatamerge.java,127
hadoop,org.apache.hadoop.mapred.join,TestDatamerge.InnerJoinChecker,0,0,0,0,15,0,0,0,-1.0,0,0,/Users/eashraf/hadoop/hadoop-mapreduce-project/hadoop-mapreduce-client/hadoop-mapreduce-client-jobclient/src/test/java/org/apache/hadoop/mapred/join/TestDatamerge.java,152
hadoop,org.apache.hadoop.mapred.join,TestDatamerge.OuterJoinChecker,0,0,0,0,30,0,0,0,-1.0,0,0,/Users/eashraf/hadoop/hadoop-mapreduce-project/hadoop-mapreduce-client/hadoop-mapreduce-client-jobclient/src/test/java/org/apache/hadoop/mapred/join/TestDatamerge.java,172
hadoop,org.apache.hadoop.mapred.join,TestDatamerge.OverrideChecker,0,0,0,0,19,0,0,0,-1.0,0,0,/Users/eashraf/hadoop/hadoop-mapreduce-project/hadoop-mapreduce-client/hadoop-mapreduce-client-jobclient/src/test/java/org/apache/hadoop/mapred/join/TestDatamerge.java,205
hadoop,org.apache.hadoop.mapred.join,TestDatamerge.Fake_IF,2,0,0,0,53,0,0,0,-1.0,0,0,/Users/eashraf/hadoop/hadoop-mapreduce-project/hadoop-mapreduce-client/hadoop-mapreduce-client-jobclient/src/test/java/org/apache/hadoop/mapred/join/TestDatamerge.java,371
hadoop,org.apache.hadoop.mapred.join,TestDatamerge.FakeSplit,0,0,0,0,12,0,0,0,-1.0,0,0,/Users/eashraf/hadoop/hadoop-mapreduce-project/hadoop-mapreduce-client/hadoop-mapreduce-client-jobclient/src/test/java/org/apache/hadoop/mapred/join/TestDatamerge.java,374
hadoop,org.apache.hadoop.mapred.join,TestWrappedRecordReaderClassloader,4,0,1,1,80,1,0,0,0.0,0,5,/Users/eashraf/hadoop/hadoop-mapreduce-project/hadoop-mapreduce-client/hadoop-mapreduce-client-jobclient/src/test/java/org/apache/hadoop/mapred/join/TestWrappedRecordReaderClassloader.java,39
hadoop,org.apache.hadoop.mapred.join,TestWrappedRecordReaderClassloader.Fake_ClassLoader,0,0,0,0,2,0,0,0,-1.0,0,0,/Users/eashraf/hadoop/hadoop-mapreduce-project/hadoop-mapreduce-client/hadoop-mapreduce-client-jobclient/src/test/java/org/apache/hadoop/mapred/join/TestWrappedRecordReaderClassloader.java,65
hadoop,org.apache.hadoop.mapred.join,TestWrappedRecordReaderClassloader.IF_ClassLoaderChecker,2,0,0,0,34,0,0,0,-1.0,0,0,/Users/eashraf/hadoop/hadoop-mapreduce-project/hadoop-mapreduce-client/hadoop-mapreduce-client-jobclient/src/test/java/org/apache/hadoop/mapred/join/TestWrappedRecordReaderClassloader.java,68
hadoop,org.apache.hadoop.mapred.join,TestWrappedRecordReaderClassloader.FakeSplit,0,0,0,0,12,0,0,0,-1.0,0,0,/Users/eashraf/hadoop/hadoop-mapreduce-project/hadoop-mapreduce-client/hadoop-mapreduce-client-jobclient/src/test/java/org/apache/hadoop/mapred/join/TestWrappedRecordReaderClassloader.java,71
hadoop,org.apache.hadoop.mapred.join,TestWrappedRecordReaderClassloader.RR_ClassLoaderChecker,2,0,0,0,26,0,0,0,-1.0,0,0,/Users/eashraf/hadoop/hadoop-mapreduce-project/hadoop-mapreduce-client/hadoop-mapreduce-client-jobclient/src/test/java/org/apache/hadoop/mapred/join/TestWrappedRecordReaderClassloader.java,119
hadoop,org.apache.hadoop.mapred.join,TestTupleWritable,2,0,15,11,248,34,0,0,0.4,0,3,/Users/eashraf/hadoop/hadoop-mapreduce-project/hadoop-mapreduce-client/hadoop-mapreduce-client-jobclient/src/test/java/org/apache/hadoop/mapred/join/TestTupleWritable.java,40
hadoop,org.apache.hadoop.mapred.join,TestTupleWritable.PreVersion21TupleWritable,2,0,0,0,46,0,0,0,-1.0,0,1,/Users/eashraf/hadoop/hadoop-mapreduce-project/hadoop-mapreduce-client/hadoop-mapreduce-client-jobclient/src/test/java/org/apache/hadoop/mapred/join/TestTupleWritable.java,321
hadoop,org.apache.hadoop.mapred.jobcontrol,Job,7,6,13,12,125,21,0,0,0.9230769230769231,4,5,/Users/eashraf/hadoop/hadoop-mapreduce-project/hadoop-mapreduce-client/hadoop-mapreduce-client-core/src/main/java/org/apache/hadoop/mapred/jobcontrol/Job.java,35
hadoop,org.apache.hadoop.mapred.jobcontrol,JobControl,0,0,9,8,74,16,0,0,-1.0,4,0,/Users/eashraf/hadoop/hadoop-mapreduce-project/hadoop-mapreduce-client/hadoop-mapreduce-client-core/src/main/java/org/apache/hadoop/mapred/jobcontrol/JobControl.java,29
hadoop,org.apache.hadoop.mapred.jobcontrol,TestLocalJobControl,1,1,2,2,76,3,0,0,1.0,0,7,/Users/eashraf/hadoop/hadoop-mapreduce-project/hadoop-mapreduce-client/hadoop-mapreduce-client-jobclient/src/test/java/org/apache/hadoop/mapred/jobcontrol/TestLocalJobControl.java,31
hadoop,org.apache.hadoop.mapred.jobcontrol,JobControlTestUtils,2,0,5,0,91,7,0,0,0.6,2,8,/Users/eashraf/hadoop/hadoop-mapreduce-project/hadoop-mapreduce-client/hadoop-mapreduce-client-jobclient/src/test/java/org/apache/hadoop/mapred/jobcontrol/JobControlTestUtils.java,42
hadoop,org.apache.hadoop.mapred.jobcontrol,JobControlTestUtils.DataCopy,0,0,0,0,15,0,0,0,-1.0,0,0,/Users/eashraf/hadoop/hadoop-mapreduce-project/hadoop-mapreduce-client/hadoop-mapreduce-client-jobclient/src/test/java/org/apache/hadoop/mapred/jobcontrol/JobControlTestUtils.java,133
hadoop,org.apache.hadoop.mapred.jobcontrol,TestJobControl,0,0,7,7,171,16,0,0,-1.0,0,10,/Users/eashraf/hadoop/hadoop-mapreduce-project/hadoop-mapreduce-client/hadoop-mapreduce-client-jobclient/src/test/java/org/apache/hadoop/mapred/jobcontrol/TestJobControl.java,37
hadoop,org.apache.hadoop.mapred.pipes,DownwardProtocol,0,0,13,0,80,13,1,0,-1.0,3,2,/Users/eashraf/hadoop/hadoop-mapreduce-project/hadoop-mapreduce-client/hadoop-mapreduce-client-core/src/main/java/org/apache/hadoop/mapred/pipes/DownwardProtocol.java,28
hadoop,org.apache.hadoop.mapred.pipes,PipesReducer,6,0,5,4,75,10,0,0,0.4,2,8,/Users/eashraf/hadoop/hadoop-mapreduce-project/hadoop-mapreduce-client/hadoop-mapreduce-client-core/src/main/java/org/apache/hadoop/mapred/pipes/PipesReducer.java,35
hadoop,org.apache.hadoop.mapred.pipes,Application,7,0,10,1,160,13,0,0,0.0,3,22,/Users/eashraf/hadoop/hadoop-mapreduce-project/hadoop-mapreduce-client/hadoop-mapreduce-client-core/src/main/java/org/apache/hadoop/mapred/pipes/Application.java,60
hadoop,org.apache.hadoop.mapred.pipes,PipesMapRunner,1,0,2,2,55,5,0,0,0.0,2,9,/Users/eashraf/hadoop/hadoop-mapreduce-project/hadoop-mapreduce-client/hadoop-mapreduce-client-core/src/main/java/org/apache/hadoop/mapred/pipes/PipesMapRunner.java,35
hadoop,org.apache.hadoop.mapred.pipes,Submitter,12,10,25,20,362,50,0,0,0.24,9,20,/Users/eashraf/hadoop/hadoop-mapreduce-project/hadoop-mapreduce-client/hadoop-mapreduce-client-core/src/main/java/org/apache/hadoop/mapred/pipes/Submitter.java,65
hadoop,org.apache.hadoop.mapred.pipes,Submitter.CommandLineParser,1,0,0,0,34,0,0,0,-1.0,0,1,/Users/eashraf/hadoop/hadoop-mapreduce-project/hadoop-mapreduce-client/hadoop-mapreduce-client-core/src/main/java/org/apache/hadoop/mapred/pipes/Submitter.java,340
hadoop,org.apache.hadoop.mapred.pipes,BinaryProtocol,13,1,15,14,265,20,0,1,0.0,1,10,/Users/eashraf/hadoop/hadoop-mapreduce-project/hadoop-mapreduce-client/hadoop-mapreduce-client-core/src/main/java/org/apache/hadoop/mapred/pipes/BinaryProtocol.java,47
hadoop,org.apache.hadoop.mapred.pipes,BinaryProtocol.MessageType,1,0,0,0,8,0,0,0,-1.0,0,0,/Users/eashraf/hadoop/hadoop-mapreduce-project/hadoop-mapreduce-client/hadoop-mapreduce-client-core/src/main/java/org/apache/hadoop/mapred/pipes/BinaryProtocol.java,66
hadoop,org.apache.hadoop.mapred.pipes,BinaryProtocol.UplinkReaderThread,5,0,0,0,96,0,0,0,-1.0,0,1,/Users/eashraf/hadoop/hadoop-mapreduce-project/hadoop-mapreduce-client/hadoop-mapreduce-client-core/src/main/java/org/apache/hadoop/mapred/pipes/BinaryProtocol.java,95
hadoop,org.apache.hadoop.mapred.pipes,BinaryProtocol.TeeOutputStream,1,0,0,0,27,0,0,0,-1.0,0,0,/Users/eashraf/hadoop/hadoop-mapreduce-project/hadoop-mapreduce-client/hadoop-mapreduce-client-core/src/main/java/org/apache/hadoop/mapred/pipes/BinaryProtocol.java,193
hadoop,org.apache.hadoop.mapred.pipes,UpwardProtocol,0,0,9,0,63,9,1,0,-1.0,2,0,/Users/eashraf/hadoop/hadoop-mapreduce-project/hadoop-mapreduce-client/hadoop-mapreduce-client-core/src/main/java/org/apache/hadoop/mapred/pipes/UpwardProtocol.java,25
hadoop,org.apache.hadoop.mapred.pipes,PipesPartitioner,2,0,3,2,32,4,0,0,0.0,3,4,/Users/eashraf/hadoop/hadoop-mapreduce-project/hadoop-mapreduce-client/hadoop-mapreduce-client-core/src/main/java/org/apache/hadoop/mapred/pipes/PipesPartitioner.java,27
hadoop,org.apache.hadoop.mapred.pipes,OutputHandler,11,0,13,12,132,20,0,1,0.0,1,7,/Users/eashraf/hadoop/hadoop-mapreduce-project/hadoop-mapreduce-client/hadoop-mapreduce-client-core/src/main/java/org/apache/hadoop/mapred/pipes/OutputHandler.java,34
hadoop,org.apache.hadoop.mapred.pipes,PipesNonJavaInputFormat,1,0,2,2,37,2,0,0,1.0,2,7,/Users/eashraf/hadoop/hadoop-mapreduce-project/hadoop-mapreduce-client/hadoop-mapreduce-client-core/src/main/java/org/apache/hadoop/mapred/pipes/PipesNonJavaInputFormat.java,33
hadoop,org.apache.hadoop.mapred.pipes,PipesNonJavaInputFormat.PipesDummyRecordReader,1,0,0,0,26,0,0,0,-1.0,0,0,/Users/eashraf/hadoop/hadoop-mapreduce-project/hadoop-mapreduce-client/hadoop-mapreduce-client-core/src/main/java/org/apache/hadoop/mapred/pipes/PipesNonJavaInputFormat.java,59
hadoop,org.apache.hadoop.mapred.pipes,CommonStub,3,0,5,0,86,11,3,0,0.6,0,7,/Users/eashraf/hadoop/hadoop-mapreduce-project/hadoop-mapreduce-client/hadoop-mapreduce-client-jobclient/src/test/java/org/apache/hadoop/mapred/pipes/CommonStub.java,37
hadoop,org.apache.hadoop.mapred.pipes,PipeApplicationRunnableStub,0,0,2,2,40,3,0,1,-1.0,0,5,/Users/eashraf/hadoop/hadoop-mapreduce-project/hadoop-mapreduce-client/hadoop-mapreduce-client-jobclient/src/test/java/org/apache/hadoop/mapred/pipes/PipeApplicationRunnableStub.java,31
hadoop,org.apache.hadoop.mapred.pipes,PipeApplicationStub,0,0,2,2,50,2,0,1,-1.0,0,3,/Users/eashraf/hadoop/hadoop-mapreduce-project/hadoop-mapreduce-client/hadoop-mapreduce-client-jobclient/src/test/java/org/apache/hadoop/mapred/pipes/PipeApplicationStub.java,29
hadoop,org.apache.hadoop.mapred.pipes,TestPipesNonJavaInputFormat,1,0,1,1,35,4,0,0,0.0,0,8,/Users/eashraf/hadoop/hadoop-mapreduce-project/hadoop-mapreduce-client/hadoop-mapreduce-client-jobclient/src/test/java/org/apache/hadoop/mapred/pipes/TestPipesNonJavaInputFormat.java,38
hadoop,org.apache.hadoop.mapred.pipes,WordCountInputFormat,1,0,8,8,57,10,0,0,1.0,1,0,/Users/eashraf/hadoop/hadoop-mapreduce-project/hadoop-mapreduce-client/hadoop-mapreduce-client-jobclient/src/test/java/org/apache/hadoop/mapred/pipes/WordCountInputFormat.java,28
hadoop,org.apache.hadoop.mapred.pipes,WordCountInputFormat.WordCountInputSplit,1,0,0,0,20,0,0,0,-1.0,0,0,/Users/eashraf/hadoop/hadoop-mapreduce-project/hadoop-mapreduce-client/hadoop-mapreduce-client-jobclient/src/test/java/org/apache/hadoop/mapred/pipes/WordCountInputFormat.java,36
hadoop,org.apache.hadoop.mapred.pipes,PipeReducerStub,0,0,2,2,33,3,0,1,-1.0,0,3,/Users/eashraf/hadoop/hadoop-mapreduce-project/hadoop-mapreduce-client/hadoop-mapreduce-client-jobclient/src/test/java/org/apache/hadoop/mapred/pipes/PipeReducerStub.java,30
hadoop,org.apache.hadoop.mapred.pipes,TestPipeApplication,13,0,10,5,457,25,0,0,0.2,1,22,/Users/eashraf/hadoop/hadoop-mapreduce-project/hadoop-mapreduce-client/hadoop-mapreduce-client-jobclient/src/test/java/org/apache/hadoop/mapred/pipes/TestPipeApplication.java,70
hadoop,org.apache.hadoop.mapred.pipes,TestPipeApplication.Progress,0,0,0,0,4,0,0,0,-1.0,0,0,/Users/eashraf/hadoop/hadoop-mapreduce-project/hadoop-mapreduce-client/hadoop-mapreduce-client-jobclient/src/test/java/org/apache/hadoop/mapred/pipes/TestPipeApplication.java,500
hadoop,org.apache.hadoop.mapred.pipes,TestPipeApplication.CombineOutputCollector,3,0,0,0,17,0,0,0,-1.0,0,2,/Users/eashraf/hadoop/hadoop-mapreduce-project/hadoop-mapreduce-client/hadoop-mapreduce-client-jobclient/src/test/java/org/apache/hadoop/mapred/pipes/TestPipeApplication.java,545
hadoop,org.apache.hadoop.mapred.pipes,TestPipeApplication.FakeSplit,0,0,0,0,12,0,0,0,-1.0,0,0,/Users/eashraf/hadoop/hadoop-mapreduce-project/hadoop-mapreduce-client/hadoop-mapreduce-client-jobclient/src/test/java/org/apache/hadoop/mapred/pipes/TestPipeApplication.java,568
hadoop,org.apache.hadoop.mapred.pipes,TestPipeApplication.TestTaskReporter,4,0,0,0,45,0,0,0,-1.0,0,2,/Users/eashraf/hadoop/hadoop-mapreduce-project/hadoop-mapreduce-client/hadoop-mapreduce-client-jobclient/src/test/java/org/apache/hadoop/mapred/pipes/TestPipeApplication.java,584
hadoop,org.apache.hadoop.mapred.pipes,TestPipeApplication.Reader,2,0,0,0,24,0,0,0,-1.0,0,1,/Users/eashraf/hadoop/hadoop-mapreduce-project/hadoop-mapreduce-client/hadoop-mapreduce-client-jobclient/src/test/java/org/apache/hadoop/mapred/pipes/TestPipeApplication.java,649
hadoop,org.apache.hadoop.mapred.pipes,TestPipeApplication.ReaderPipesMapRunner,1,0,0,0,22,0,0,0,-1.0,0,0,/Users/eashraf/hadoop/hadoop-mapreduce-project/hadoop-mapreduce-client/hadoop-mapreduce-client-jobclient/src/test/java/org/apache/hadoop/mapred/pipes/TestPipeApplication.java,691
hadoop,org.apache.hadoop.mapred.pipes,TestPipeApplication.FakeCollector,1,0,0,0,13,0,0,0,-1.0,0,0,/Users/eashraf/hadoop/hadoop-mapreduce-project/hadoop-mapreduce-client/hadoop-mapreduce-client-jobclient/src/test/java/org/apache/hadoop/mapred/pipes/TestPipeApplication.java,730
hadoop,org.apache.hadoop.mapred.pipes,TestPipes,9,0,5,1,162,13,0,0,0.0,0,17,/Users/eashraf/hadoop/hadoop-mapreduce-project/hadoop-mapreduce-client/hadoop-mapreduce-client-jobclient/src/test/java/org/apache/hadoop/mapred/pipes/TestPipes.java,49
hadoop,org.apache.hadoop.mapred.lib.aggregate,UserDefinedValueAggregatorDescriptor,0,0,3,3,26,3,0,1,-1.0,0,2,/Users/eashraf/hadoop/hadoop-mapreduce-project/hadoop-mapreduce-client/hadoop-mapreduce-client-core/src/main/java/org/apache/hadoop/mapred/lib/aggregate/UserDefinedValueAggregatorDescriptor.java,25
hadoop,org.apache.hadoop.mapred.lib.aggregate,ValueAggregatorDescriptor,2,2,1,1,12,1,2,0,-1.0,5,3,/Users/eashraf/hadoop/hadoop-mapreduce-project/hadoop-mapreduce-client/hadoop-mapreduce-client-core/src/main/java/org/apache/hadoop/mapred/lib/aggregate/ValueAggregatorDescriptor.java,26
hadoop,org.apache.hadoop.mapred.lib.aggregate,ValueAggregatorReducer,0,0,2,2,28,3,0,1,-1.0,3,6,/Users/eashraf/hadoop/hadoop-mapreduce-project/hadoop-mapreduce-client/hadoop-mapreduce-client-core/src/main/java/org/apache/hadoop/mapred/lib/aggregate/ValueAggregatorReducer.java,32
hadoop,org.apache.hadoop.mapred.lib.aggregate,LongValueSum,0,0,0,0,5,0,0,1,-1.0,1,0,/Users/eashraf/hadoop/hadoop-mapreduce-project/hadoop-mapreduce-client/hadoop-mapreduce-client-core/src/main/java/org/apache/hadoop/mapred/lib/aggregate/LongValueSum.java,24
hadoop,org.apache.hadoop.mapred.lib.aggregate,ValueAggregatorMapper,0,0,2,2,25,4,0,1,-1.0,2,4,/Users/eashraf/hadoop/hadoop-mapreduce-project/hadoop-mapreduce-client/hadoop-mapreduce-client-core/src/main/java/org/apache/hadoop/mapred/lib/aggregate/ValueAggregatorMapper.java,33
hadoop,org.apache.hadoop.mapred.lib.aggregate,ValueHistogram,0,0,0,0,5,0,0,1,-1.0,1,0,/Users/eashraf/hadoop/hadoop-mapreduce-project/hadoop-mapreduce-client/hadoop-mapreduce-client-core/src/main/java/org/apache/hadoop/mapred/lib/aggregate/ValueHistogram.java,24
hadoop,org.apache.hadoop.mapred.lib.aggregate,ValueAggregatorJob,0,0,8,8,117,17,0,0,-1.0,0,14,/Users/eashraf/hadoop/hadoop-mapreduce-project/hadoop-mapreduce-client/hadoop-mapreduce-client-core/src/main/java/org/apache/hadoop/mapred/lib/aggregate/ValueAggregatorJob.java,41
hadoop,org.apache.hadoop.mapred.lib.aggregate,StringValueMax,0,0,0,0,5,0,0,1,-1.0,1,0,/Users/eashraf/hadoop/hadoop-mapreduce-project/hadoop-mapreduce-client/hadoop-mapreduce-client-core/src/main/java/org/apache/hadoop/mapred/lib/aggregate/StringValueMax.java,24
hadoop,org.apache.hadoop.mapred.lib.aggregate,UniqValueCount,0,0,2,2,18,2,0,1,-1.0,1,0,/Users/eashraf/hadoop/hadoop-mapreduce-project/hadoop-mapreduce-client/hadoop-mapreduce-client-core/src/main/java/org/apache/hadoop/mapred/lib/aggregate/UniqValueCount.java,24
hadoop,org.apache.hadoop.mapred.lib.aggregate,ValueAggregatorCombiner,0,0,4,4,46,7,0,1,-1.0,3,7,/Users/eashraf/hadoop/hadoop-mapreduce-project/hadoop-mapreduce-client/hadoop-mapreduce-client-core/src/main/java/org/apache/hadoop/mapred/lib/aggregate/ValueAggregatorCombiner.java,33
hadoop,org.apache.hadoop.mapred.lib.aggregate,StringValueMin,0,0,0,0,5,0,0,1,-1.0,1,0,/Users/eashraf/hadoop/hadoop-mapreduce-project/hadoop-mapreduce-client/hadoop-mapreduce-client-core/src/main/java/org/apache/hadoop/mapred/lib/aggregate/StringValueMin.java,24
hadoop,org.apache.hadoop.mapred.lib.aggregate,ValueAggregatorBaseDescriptor,9,8,3,3,63,11,1,1,0.6666666666666666,2,12,/Users/eashraf/hadoop/hadoop-mapreduce-project/hadoop-mapreduce-client/hadoop-mapreduce-client-core/src/main/java/org/apache/hadoop/mapred/lib/aggregate/ValueAggregatorBaseDescriptor.java,28
hadoop,org.apache.hadoop.mapred.lib.aggregate,LongValueMax,0,0,0,0,5,0,0,1,-1.0,1,0,/Users/eashraf/hadoop/hadoop-mapreduce-project/hadoop-mapreduce-client/hadoop-mapreduce-client-core/src/main/java/org/apache/hadoop/mapred/lib/aggregate/LongValueMax.java,25
hadoop,org.apache.hadoop.mapred.lib.aggregate,ValueAggregatorJobBase,1,0,6,2,43,11,3,0,0.3333333333333333,0,2,/Users/eashraf/hadoop/hadoop-mapreduce-project/hadoop-mapreduce-client/hadoop-mapreduce-client-core/src/main/java/org/apache/hadoop/mapred/lib/aggregate/ValueAggregatorJobBase.java,33
hadoop,org.apache.hadoop.mapred.lib.aggregate,ValueAggregator,0,0,0,0,5,0,8,0,-1.0,3,0,/Users/eashraf/hadoop/hadoop-mapreduce-project/hadoop-mapreduce-client/hadoop-mapreduce-client-core/src/main/java/org/apache/hadoop/mapred/lib/aggregate/ValueAggregator.java,24
hadoop,org.apache.hadoop.mapred.lib.aggregate,LongValueMin,0,0,0,0,5,0,0,1,-1.0,1,0,/Users/eashraf/hadoop/hadoop-mapreduce-project/hadoop-mapreduce-client/hadoop-mapreduce-client-core/src/main/java/org/apache/hadoop/mapred/lib/aggregate/LongValueMin.java,24
hadoop,org.apache.hadoop.mapred.lib.aggregate,DoubleValueSum,0,0,0,0,5,0,0,1,-1.0,1,0,/Users/eashraf/hadoop/hadoop-mapreduce-project/hadoop-mapreduce-client/hadoop-mapreduce-client-core/src/main/java/org/apache/hadoop/mapred/lib/aggregate/DoubleValueSum.java,24
hadoop,org.apache.hadoop.mapred.lib.aggregate,AggregatorTests,0,0,1,1,55,9,0,2,-1.0,0,1,/Users/eashraf/hadoop/hadoop-mapreduce-project/hadoop-mapreduce-client/hadoop-mapreduce-client-jobclient/src/test/java/org/apache/hadoop/mapred/lib/aggregate/AggregatorTests.java,25
hadoop,org.apache.hadoop.mapred.lib.aggregate,TestAggregates,1,0,3,3,73,5,0,0,0.0,0,10,/Users/eashraf/hadoop/hadoop-mapreduce-project/hadoop-mapreduce-client/hadoop-mapreduce-client-jobclient/src/test/java/org/apache/hadoop/mapred/lib/aggregate/TestAggregates.java,31
hadoop,org.apache.hadoop.filecache,DistributedCache,9,9,9,9,125,9,0,0,0.6666666666666666,1,2,/Users/eashraf/hadoop/hadoop-mapreduce-project/hadoop-mapreduce-client/hadoop-mapreduce-client-core/src/main/java/org/apache/hadoop/filecache/DistributedCache.java,33
hadoop,org.apache.hadoop.mapreduce.util,ConfigUtil,0,0,3,2,25,3,0,0,-1.0,0,25,/Users/eashraf/hadoop/hadoop-mapreduce-project/hadoop-mapreduce-client/hadoop-mapreduce-client-core/src/main/java/org/apache/hadoop/mapreduce/util/ConfigUtil.java,31
hadoop,org.apache.hadoop.mapreduce.util,ProcessTree,12,2,17,9,248,24,0,0,0.0,1,0,/Users/eashraf/hadoop/hadoop-mapreduce-project/hadoop-mapreduce-client/hadoop-mapreduce-client-core/src/main/java/org/apache/hadoop/mapreduce/util/ProcessTree.java,32
hadoop,org.apache.hadoop.mapreduce.util,ProcessTree.SigKillThread,3,0,0,0,17,0,0,0,-1.0,0,0,/Users/eashraf/hadoop/hadoop-mapreduce-project/hadoop-mapreduce-client/hadoop-mapreduce-client-core/src/main/java/org/apache/hadoop/mapreduce/util/ProcessTree.java,331
hadoop,org.apache.hadoop.mapreduce.util,ResourceBundles,0,0,5,4,58,6,0,0,-1.0,4,0,/Users/eashraf/hadoop/hadoop-mapreduce-project/hadoop-mapreduce-client/hadoop-mapreduce-client-core/src/main/java/org/apache/hadoop/mapreduce/util/ResourceBundles.java,25
hadoop,org.apache.hadoop.mapreduce.util,CountersStrings,7,0,7,4,165,15,0,0,0.0,0,4,/Users/eashraf/hadoop/hadoop-mapreduce-project/hadoop-mapreduce-client/hadoop-mapreduce-client-core/src/main/java/org/apache/hadoop/mapreduce/util/CountersStrings.java,34
hadoop,org.apache.hadoop.mapreduce.util,HostUtil,0,0,3,3,24,3,0,0,-1.0,1,0,/Users/eashraf/hadoop/hadoop-mapreduce-project/hadoop-mapreduce-client/hadoop-mapreduce-client-core/src/main/java/org/apache/hadoop/mapreduce/util/HostUtil.java,24
hadoop,org.apache.hadoop.mapreduce.util,TestMRAsyncDiskService,2,1,9,6,198,17,0,0,0.0,0,4,/Users/eashraf/hadoop/hadoop-mapreduce-project/hadoop-mapreduce-client/hadoop-mapreduce-client-jobclient/src/test/java/org/apache/hadoop/mapreduce/util/TestMRAsyncDiskService.java,35
hadoop,org.apache.hadoop.mapreduce.util,MRAsyncDiskService,10,2,12,9,241,31,0,0,0.16666666666666666,1,5,/Users/eashraf/hadoop/hadoop-mapreduce-project/hadoop-mapreduce-client/hadoop-mapreduce-client-jobclient/src/test/java/org/apache/hadoop/mapreduce/util/MRAsyncDiskService.java,38
hadoop,org.apache.hadoop.mapreduce.util,MRAsyncDiskService.DeleteTask,3,0,0,0,53,0,0,0,-1.0,0,0,/Users/eashraf/hadoop/hadoop-mapreduce-project/hadoop-mapreduce-client/hadoop-mapreduce-client-jobclient/src/test/java/org/apache/hadoop/mapreduce/util/MRAsyncDiskService.java,171
hadoop,org.apache.hadoop.mapreduce.jobhistory,JobQueueChangeEvent,1,0,7,6,33,8,0,1,0.42857142857142855,6,1,/Users/eashraf/hadoop/hadoop-mapreduce-project/hadoop-mapreduce-client/hadoop-mapreduce-client-core/src/main/java/org/apache/hadoop/mapreduce/jobhistory/JobQueueChangeEvent.java,24
hadoop,org.apache.hadoop.mapreduce.jobhistory,TaskAttemptStartedEvent,1,0,16,15,117,20,0,1,0.1875,5,5,/Users/eashraf/hadoop/hadoop-mapreduce-project/hadoop-mapreduce-client/hadoop-mapreduce-client-core/src/main/java/org/apache/hadoop/mapreduce/jobhistory/TaskAttemptStartedEvent.java,31
hadoop,org.apache.hadoop.mapreduce.jobhistory,JobFinishedEvent,10,0,14,13,124,15,0,1,0.21428571428571427,5,4,/Users/eashraf/hadoop/hadoop-mapreduce-project/hadoop-mapreduce-client/hadoop-mapreduce-client-core/src/main/java/org/apache/hadoop/mapreduce/jobhistory/JobFinishedEvent.java,27
hadoop,org.apache.hadoop.mapreduce.jobhistory,JobHistoryParser,65,0,26,9,850,64,0,1,0.11538461538461539,8,34,/Users/eashraf/hadoop/hadoop-mapreduce-project/hadoop-mapreduce-client/hadoop-mapreduce-client-core/src/main/java/org/apache/hadoop/mapreduce/jobhistory/JobHistoryParser.java,49
hadoop,org.apache.hadoop.mapreduce.jobhistory,JobHistoryParser.JobInfo,26,0,0,0,226,0,0,0,-1.0,0,3,/Users/eashraf/hadoop/hadoop-mapreduce-project/hadoop-mapreduce-client/hadoop-mapreduce-client-core/src/main/java/org/apache/hadoop/mapreduce/jobhistory/JobHistoryParser.java,442
hadoop,org.apache.hadoop.mapreduce.jobhistory,JobHistoryParser.TaskInfo,11,0,0,0,99,0,0,0,-1.0,0,4,/Users/eashraf/hadoop/hadoop-mapreduce-project/hadoop-mapreduce-client/hadoop-mapreduce-client-core/src/main/java/org/apache/hadoop/mapreduce/jobhistory/JobHistoryParser.java,571
hadoop,org.apache.hadoop.mapreduce.jobhistory,JobHistoryParser.TaskAttemptInfo,18,0,0,0,160,0,0,0,-1.0,0,4,/Users/eashraf/hadoop/hadoop-mapreduce-project/hadoop-mapreduce-client/hadoop-mapreduce-client-core/src/main/java/org/apache/hadoop/mapreduce/jobhistory/JobHistoryParser.java,637
hadoop,org.apache.hadoop.mapreduce.jobhistory,JobHistoryParser.AMInfo,6,0,0,0,74,0,0,0,-1.0,0,2,/Users/eashraf/hadoop/hadoop-mapreduce-project/hadoop-mapreduce-client/hadoop-mapreduce-client-core/src/main/java/org/apache/hadoop/mapreduce/jobhistory/JobHistoryParser.java,729
hadoop,org.apache.hadoop.mapreduce.jobhistory,JobInfoChangeEvent,1,0,8,7,46,8,0,1,0.375,4,1,/Users/eashraf/hadoop/hadoop-mapreduce-project/hadoop-mapreduce-client/hadoop-mapreduce-client-core/src/main/java/org/apache/hadoop/mapreduce/jobhistory/JobInfoChangeEvent.java,29
hadoop,org.apache.hadoop.mapreduce.jobhistory,HistoryEventHandler,0,0,1,0,3,1,2,0,-1.0,1,1,/Users/eashraf/hadoop/hadoop-mapreduce-project/hadoop-mapreduce-client/hadoop-mapreduce-client-core/src/main/java/org/apache/hadoop/mapreduce/jobhistory/HistoryEventHandler.java,23
hadoop,org.apache.hadoop.mapreduce.jobhistory,JobPriorityChangeEvent,1,0,7,6,41,7,0,1,0.42857142857142855,5,2,/Users/eashraf/hadoop/hadoop-mapreduce-project/hadoop-mapreduce-client/hadoop-mapreduce-client-core/src/main/java/org/apache/hadoop/mapreduce/jobhistory/JobPriorityChangeEvent.java,30
hadoop,org.apache.hadoop.mapreduce.jobhistory,HistoryEvent,0,0,3,0,17,3,20,0,-1.0,16,0,/Users/eashraf/hadoop/hadoop-mapreduce-project/hadoop-mapreduce-client/hadoop-mapreduce-client-core/src/main/java/org/apache/hadoop/mapreduce/jobhistory/HistoryEvent.java,24
hadoop,org.apache.hadoop.mapreduce.jobhistory,TaskStartedEvent,1,0,9,8,57,9,0,1,0.3333333333333333,6,2,/Users/eashraf/hadoop/hadoop-mapreduce-project/hadoop-mapreduce-client/hadoop-mapreduce-client-core/src/main/java/org/apache/hadoop/mapreduce/jobhistory/TaskStartedEvent.java,27
hadoop,org.apache.hadoop.mapreduce.jobhistory,JobUnsuccessfulCompletionEvent,3,0,12,11,97,15,0,1,0.16666666666666666,6,1,/Users/eashraf/hadoop/hadoop-mapreduce-project/hadoop-mapreduce-client/hadoop-mapreduce-client-core/src/main/java/org/apache/hadoop/mapreduce/jobhistory/JobUnsuccessfulCompletionEvent.java,30
hadoop,org.apache.hadoop.mapreduce.jobhistory,EventWriter,7,0,6,0,67,9,0,0,0.3333333333333333,13,4,/Users/eashraf/hadoop/hadoop-mapreduce-project/hadoop-mapreduce-client/hadoop-mapreduce-client-core/src/main/java/org/apache/hadoop/mapreduce/jobhistory/EventWriter.java,38
hadoop,org.apache.hadoop.mapreduce.jobhistory,TaskAttemptFinishedEvent,9,0,14,12,124,16,0,1,0.14285714285714285,6,5,/Users/eashraf/hadoop/hadoop-mapreduce-project/hadoop-mapreduce-client/hadoop-mapreduce-client-core/src/main/java/org/apache/hadoop/mapreduce/jobhistory/TaskAttemptFinishedEvent.java,29
hadoop,org.apache.hadoop.mapreduce.jobhistory,TaskAttemptUnsuccessfulCompletionEvent,16,0,21,19,184,23,0,1,0.09523809523809523,6,8,/Users/eashraf/hadoop/hadoop-mapreduce-project/hadoop-mapreduce-client/hadoop-mapreduce-client-core/src/main/java/org/apache/hadoop/mapreduce/jobhistory/TaskAttemptUnsuccessfulCompletionEvent.java,33
hadoop,org.apache.hadoop.mapreduce.jobhistory,EventReader,5,0,5,4,136,41,0,0,0.6,12,25,/Users/eashraf/hadoop/hadoop-mapreduce-project/hadoop-mapreduce-client/hadoop-mapreduce-client-core/src/main/java/org/apache/hadoop/mapreduce/jobhistory/EventReader.java,41
hadoop,org.apache.hadoop.mapreduce.jobhistory,NormalizedResourceEvent,2,0,6,6,39,6,0,1,0.6666666666666666,1,1,/Users/eashraf/hadoop/hadoop-mapreduce-project/hadoop-mapreduce-client/hadoop-mapreduce-client-core/src/main/java/org/apache/hadoop/mapreduce/jobhistory/NormalizedResourceEvent.java,24
hadoop,org.apache.hadoop.mapreduce.jobhistory,TaskFailedEvent,9,0,13,12,109,14,0,1,0.23076923076923078,6,6,/Users/eashraf/hadoop/hadoop-mapreduce-project/hadoop-mapreduce-client/hadoop-mapreduce-client-core/src/main/java/org/apache/hadoop/mapreduce/jobhistory/TaskFailedEvent.java,30
hadoop,org.apache.hadoop.mapreduce.jobhistory,MapAttemptFinishedEvent,16,0,21,19,192,23,0,1,0.14285714285714285,6,7,/Users/eashraf/hadoop/hadoop-mapreduce-project/hadoop-mapreduce-client/hadoop-mapreduce-client-core/src/main/java/org/apache/hadoop/mapreduce/jobhistory/MapAttemptFinishedEvent.java,30
hadoop,org.apache.hadoop.mapreduce.jobhistory,ReduceAttemptFinishedEvent,17,0,22,20,204,24,0,1,0.13636363636363635,6,7,/Users/eashraf/hadoop/hadoop-mapreduce-project/hadoop-mapreduce-client/hadoop-mapreduce-client-core/src/main/java/org/apache/hadoop/mapreduce/jobhistory/ReduceAttemptFinishedEvent.java,30
hadoop,org.apache.hadoop.mapreduce.jobhistory,JobInitedEvent,1,0,11,10,73,11,0,1,0.2727272727272727,4,1,/Users/eashraf/hadoop/hadoop-mapreduce-project/hadoop-mapreduce-client/hadoop-mapreduce-client-core/src/main/java/org/apache/hadoop/mapreduce/jobhistory/JobInitedEvent.java,27
hadoop,org.apache.hadoop.mapreduce.jobhistory,JobSubmittedEvent,1,0,19,18,192,34,0,1,0.2631578947368421,4,2,/Users/eashraf/hadoop/hadoop-mapreduce-project/hadoop-mapreduce-client/hadoop-mapreduce-client-core/src/main/java/org/apache/hadoop/mapreduce/jobhistory/JobSubmittedEvent.java,33
hadoop,org.apache.hadoop.mapreduce.jobhistory,TaskFinishedEvent,7,0,11,10,98,14,0,1,0.2727272727272727,5,6,/Users/eashraf/hadoop/hadoop-mapreduce-project/hadoop-mapreduce-client/hadoop-mapreduce-client-core/src/main/java/org/apache/hadoop/mapreduce/jobhistory/TaskFinishedEvent.java,29
hadoop,org.apache.hadoop.mapreduce.jobhistory,AMStartedEvent,2,0,13,12,94,13,0,1,0.3076923076923077,4,3,/Users/eashraf/hadoop/hadoop-mapreduce-project/hadoop-mapreduce-client/hadoop-mapreduce-client-core/src/main/java/org/apache/hadoop/mapreduce/jobhistory/AMStartedEvent.java,29
hadoop,org.apache.hadoop.mapreduce.jobhistory,JobStatusChangedEvent,1,0,7,6,41,7,0,1,0.42857142857142855,4,1,/Users/eashraf/hadoop/hadoop-mapreduce-project/hadoop-mapreduce-client/hadoop-mapreduce-client-core/src/main/java/org/apache/hadoop/mapreduce/jobhistory/JobStatusChangedEvent.java,29
hadoop,org.apache.hadoop.mapreduce.jobhistory,AvroArrayUtils,2,1,2,2,19,4,0,0,1.0,3,0,/Users/eashraf/hadoop/hadoop-mapreduce-project/hadoop-mapreduce-client/hadoop-mapreduce-client-core/src/main/java/org/apache/hadoop/mapreduce/jobhistory/AvroArrayUtils.java,28
hadoop,org.apache.hadoop.mapreduce.jobhistory,TaskUpdatedEvent,1,0,7,6,41,7,0,1,0.42857142857142855,5,1,/Users/eashraf/hadoop/hadoop-mapreduce-project/hadoop-mapreduce-client/hadoop-mapreduce-client-core/src/main/java/org/apache/hadoop/mapreduce/jobhistory/TaskUpdatedEvent.java,29
hadoop,org.apache.hadoop.mapreduce.jobhistory,HistoryViewer,41,0,17,8,723,45,0,0,0.35294117647058826,2,15,/Users/eashraf/hadoop/hadoop-mapreduce-project/hadoop-mapreduce-client/hadoop-mapreduce-client-core/src/main/java/org/apache/hadoop/mapreduce/jobhistory/HistoryViewer.java,54
hadoop,org.apache.hadoop.mapreduce.jobhistory,HistoryViewer.SummarizedJob,23,0,0,0,239,0,0,0,-1.0,0,3,/Users/eashraf/hadoop/hadoop-mapreduce-project/hadoop-mapreduce-client/hadoop-mapreduce-client-core/src/main/java/org/apache/hadoop/mapreduce/jobhistory/HistoryViewer.java,535
hadoop,org.apache.hadoop.mapreduce.jobhistory,HistoryViewer.AnalyzedJob,5,0,0,0,79,0,0,0,-1.0,0,3,/Users/eashraf/hadoop/hadoop-mapreduce-project/hadoop-mapreduce-client/hadoop-mapreduce-client-core/src/main/java/org/apache/hadoop/mapreduce/jobhistory/HistoryViewer.java,693
hadoop,org.apache.hadoop.mapreduce.jobhistory,HistoryViewer.FilteredJob,2,0,0,0,44,0,0,0,-1.0,0,1,/Users/eashraf/hadoop/hadoop-mapreduce-project/hadoop-mapreduce-client/hadoop-mapreduce-client-core/src/main/java/org/apache/hadoop/mapreduce/jobhistory/HistoryViewer.java,766
hadoop,org.apache.hadoop.mapreduce.jobhistory,TestJobSummary,2,0,2,2,32,2,0,0,0.0,0,2,/Users/eashraf/hadoop/hadoop-mapreduce-project/hadoop-mapreduce-client/hadoop-mapreduce-client-app/src/test/java/org/apache/hadoop/mapreduce/jobhistory/TestJobSummary.java,31
hadoop,org.apache.hadoop.mapreduce.jobhistory,TestJobHistoryEventHandler,13,0,21,15,456,29,0,0,0.19047619047619047,0,32,/Users/eashraf/hadoop/hadoop-mapreduce-project/hadoop-mapreduce-client/hadoop-mapreduce-client-app/src/test/java/org/apache/hadoop/mapreduce/jobhistory/TestJobHistoryEventHandler.java,81
hadoop,org.apache.hadoop.mapreduce.jobhistory,TestJobHistoryEventHandler.TestParams,10,0,0,0,19,0,0,0,-1.0,0,7,/Users/eashraf/hadoop/hadoop-mapreduce-project/hadoop-mapreduce-client/hadoop-mapreduce-client-app/src/test/java/org/apache/hadoop/mapreduce/jobhistory/TestJobHistoryEventHandler.java,712
hadoop,org.apache.hadoop.mapreduce.jobhistory,TestJobHistoryEventHandler.JHEvenHandlerForTest,2,0,0,0,36,0,0,1,-1.0,0,2,/Users/eashraf/hadoop/hadoop-mapreduce-project/hadoop-mapreduce-client/hadoop-mapreduce-client-app/src/test/java/org/apache/hadoop/mapreduce/jobhistory/TestJobHistoryEventHandler.java,793
hadoop,org.apache.hadoop.mapreduce.jobhistory,TestJobHistoryEventHandler.JHEventHandlerForSigtermTest,2,0,0,0,19,0,0,1,-1.0,0,1,/Users/eashraf/hadoop/hadoop-mapreduce-project/hadoop-mapreduce-client/hadoop-mapreduce-client-app/src/test/java/org/apache/hadoop/mapreduce/jobhistory/TestJobHistoryEventHandler.java,843
hadoop,org.apache.hadoop.mapreduce.jobhistory,TestEvents,2,0,21,5,276,21,0,0,0.23809523809523808,0,16,/Users/eashraf/hadoop/hadoop-mapreduce-project/hadoop-mapreduce-client/hadoop-mapreduce-client-app/src/test/java/org/apache/hadoop/mapreduce/jobhistory/TestEvents.java,40
hadoop,org.apache.hadoop.mapreduce.jobhistory,TestEvents.FakeEvent,2,0,0,0,16,0,0,1,-1.0,0,0,/Users/eashraf/hadoop/hadoop-mapreduce-project/hadoop-mapreduce-client/hadoop-mapreduce-client-app/src/test/java/org/apache/hadoop/mapreduce/jobhistory/TestEvents.java,382
hadoop,org.apache.hadoop.mapreduce.jobhistory,JobHistoryCopyService,4,0,6,3,60,8,0,1,0.3333333333333333,1,11,/Users/eashraf/hadoop/hadoop-mapreduce-project/hadoop-mapreduce-client/hadoop-mapreduce-client-app/src/main/java/org/apache/hadoop/mapreduce/jobhistory/JobHistoryCopyService.java,37
hadoop,org.apache.hadoop.mapreduce.jobhistory,JobHistoryEvent,2,0,4,4,18,4,0,0,0.0,6,2,/Users/eashraf/hadoop/hadoop-mapreduce-project/hadoop-mapreduce-client/hadoop-mapreduce-client-app/src/main/java/org/apache/hadoop/mapreduce/jobhistory/JobHistoryEvent.java,24
hadoop,org.apache.hadoop.mapreduce.jobhistory,JobSummary,21,0,38,37,159,38,0,0,0.05263157894736842,3,2,/Users/eashraf/hadoop/hadoop-mapreduce-project/hadoop-mapreduce-client/hadoop-mapreduce-client-app/src/main/java/org/apache/hadoop/mapreduce/jobhistory/JobSummary.java,24
hadoop,org.apache.hadoop.mapreduce.jobhistory,JobSummary.SummaryBuilder,1,0,0,0,23,0,0,0,-1.0,0,1,/Users/eashraf/hadoop/hadoop-mapreduce-project/hadoop-mapreduce-client/hadoop-mapreduce-client-app/src/main/java/org/apache/hadoop/mapreduce/jobhistory/JobSummary.java,222
hadoop,org.apache.hadoop.mapreduce.jobhistory,JobHistoryEventHandler,35,0,25,8,953,131,2,0,0.08,4,54,/Users/eashraf/hadoop/hadoop-mapreduce-project/hadoop-mapreduce-client/hadoop-mapreduce-client-app/src/main/java/org/apache/hadoop/mapreduce/jobhistory/JobHistoryEventHandler.java,75
hadoop,org.apache.hadoop.mapreduce.jobhistory,JobHistoryEventHandler.FlushTimerTask,3,0,0,0,26,0,0,0,-1.0,0,0,/Users/eashraf/hadoop/hadoop-mapreduce-project/hadoop-mapreduce-client/hadoop-mapreduce-client-app/src/main/java/org/apache/hadoop/mapreduce/jobhistory/JobHistoryEventHandler.java,1137
hadoop,org.apache.hadoop.mapreduce.jobhistory,JobHistoryEventHandler.MetaInfo,9,0,0,0,115,0,0,0,-1.0,0,4,/Users/eashraf/hadoop/hadoop-mapreduce-project/hadoop-mapreduce-client/hadoop-mapreduce-client-app/src/main/java/org/apache/hadoop/mapreduce/jobhistory/JobHistoryEventHandler.java,1169
hadoop,org.apache.hadoop.mapreduce.security.token,JobTokenIdentifier,2,1,7,7,59,8,0,0,0.2857142857142857,3,2,/Users/eashraf/hadoop/hadoop-mapreduce-project/hadoop-mapreduce-client/hadoop-mapreduce-client-core/src/main/java/org/apache/hadoop/mapreduce/security/token/JobTokenIdentifier.java,32
hadoop,org.apache.hadoop.mapreduce.security.token,JobTokenIdentifier.Renewer,0,0,0,0,5,0,0,0,-1.0,0,0,/Users/eashraf/hadoop/hadoop-mapreduce-project/hadoop-mapreduce-client/hadoop-mapreduce-client-core/src/main/java/org/apache/hadoop/mapreduce/security/token/JobTokenIdentifier.java,91
hadoop,org.apache.hadoop.mapreduce.security.token,JobTokenSelector,0,0,1,1,16,4,0,0,-1.0,0,2,/Users/eashraf/hadoop/hadoop-mapreduce-project/hadoop-mapreduce-client/hadoop-mapreduce-client-core/src/main/java/org/apache/hadoop/mapreduce/security/token/JobTokenSelector.java,30
hadoop,org.apache.hadoop.mapreduce.security.token,JobTokenSecretManager,2,0,9,9,92,10,0,0,0.2222222222222222,13,3,/Users/eashraf/hadoop/hadoop-mapreduce-project/hadoop-mapreduce-client/hadoop-mapreduce-client-core/src/main/java/org/apache/hadoop/mapreduce/security/token/JobTokenSecretManager.java,31
hadoop,org.apache.hadoop.mapreduce.security.token.delegation,DelegationTokenSecretManager,0,0,2,2,18,2,0,0,-1.0,0,1,/Users/eashraf/hadoop/hadoop-mapreduce-project/hadoop-mapreduce-client/hadoop-mapreduce-client-core/src/main/java/org/apache/hadoop/mapreduce/security/token/delegation/DelegationTokenSecretManager.java,25
hadoop,org.apache.hadoop.mapreduce.security.token.delegation,DelegationTokenIdentifier,1,1,3,3,23,3,0,0,1.0,3,1,/Users/eashraf/hadoop/hadoop-mapreduce-project/hadoop-mapreduce-client/hadoop-mapreduce-client-core/src/main/java/org/apache/hadoop/mapreduce/security/token/delegation/DelegationTokenIdentifier.java,26
hadoop,org.apache.hadoop.mapreduce.security.token.delegation,DelegationTokenSelector,0,0,1,1,8,1,0,0,-1.0,0,1,/Users/eashraf/hadoop/hadoop-mapreduce-project/hadoop-mapreduce-client/hadoop-mapreduce-client-core/src/main/java/org/apache/hadoop/mapreduce/security/token/delegation/DelegationTokenSelector.java,24
hadoop,org.apache.hadoop.mapreduce.security.token.delegation,TestDelegationToken,3,0,8,8,86,8,0,0,0.625,0,6,/Users/eashraf/hadoop/hadoop-mapreduce-project/hadoop-mapreduce-client/hadoop-mapreduce-client-jobclient/src/test/java/org/apache/hadoop/mapreduce/security/token/delegation/TestDelegationToken.java,36
hadoop,org.apache.hadoop.mapreduce.server.tasktracker,TTConfig,34,34,0,0,45,0,0,0,-1.0,9,0,/Users/eashraf/hadoop/hadoop-mapreduce-project/hadoop-mapreduce-client/hadoop-mapreduce-client-core/src/main/java/org/apache/hadoop/mapreduce/server/tasktracker/TTConfig.java,24
hadoop,org.apache.hadoop.mapreduce.server.jobtracker,JTConfig,43,43,0,0,51,0,0,0,-1.0,21,0,/Users/eashraf/hadoop/hadoop-mapreduce-project/hadoop-mapreduce-client/hadoop-mapreduce-client-core/src/main/java/org/apache/hadoop/mapreduce/server/jobtracker/JTConfig.java,24
hadoop,org.apache.hadoop.mapreduce.protocol,ClientProtocolProvider,0,0,3,3,5,3,0,0,-1.0,1,2,/Users/eashraf/hadoop/hadoop-mapreduce-project/hadoop-mapreduce-client/hadoop-mapreduce-client-core/src/main/java/org/apache/hadoop/mapreduce/protocol/ClientProtocolProvider.java,27
hadoop,org.apache.hadoop.mapreduce.protocol,ClientProtocol,1,1,30,30,179,30,0,0,-1.0,10,7,/Users/eashraf/hadoop/hadoop-mapreduce-project/hadoop-mapreduce-client/hadoop-mapreduce-client-core/src/main/java/org/apache/hadoop/mapreduce/protocol/ClientProtocol.java,49
hadoop,org.apache.hadoop.mapreduce.task,TaskInputOutputContextImpl,2,0,6,6,44,6,2,2,0.6666666666666666,0,5,/Users/eashraf/hadoop/hadoop-mapreduce-project/hadoop-mapreduce-client/hadoop-mapreduce-client-core/src/main/java/org/apache/hadoop/mapreduce/task/TaskInputOutputContextImpl.java,34
hadoop,org.apache.hadoop.mapreduce.task,MapContextImpl,2,0,5,5,31,5,0,3,0.0,1,7,/Users/eashraf/hadoop/hadoop-mapreduce-project/hadoop-mapreduce-client/hadoop-mapreduce-client-core/src/main/java/org/apache/hadoop/mapreduce/task/MapContextImpl.java,35
hadoop,org.apache.hadoop.mapreduce.task,JobContextImpl,4,0,40,39,309,43,1,0,0.0,0,12,/Users/eashraf/hadoop/hadoop-mapreduce-project/hadoop-mapreduce-client/hadoop-mapreduce-client-core/src/main/java/org/apache/hadoop/mapreduce/task/JobContextImpl.java,47
hadoop,org.apache.hadoop.mapreduce.task,ReduceContextImpl,27,0,7,6,256,13,0,3,0.2857142857142857,0,14,/Users/eashraf/hadoop/hadoop-mapreduce-project/hadoop-mapreduce-client/hadoop-mapreduce-client-core/src/main/java/org/apache/hadoop/mapreduce/task/ReduceContextImpl.java,47
hadoop,org.apache.hadoop.mapreduce.task,ReduceContextImpl.ValueIterator,2,0,0,0,134,0,0,0,-1.0,0,0,/Users/eashraf/hadoop/hadoop-mapreduce-project/hadoop-mapreduce-client/hadoop-mapreduce-client-core/src/main/java/org/apache/hadoop/mapreduce/task/ReduceContextImpl.java,184
hadoop,org.apache.hadoop.mapreduce.task,ReduceContextImpl.ValueIterable,1,0,0,0,6,0,0,0,-1.0,0,0,/Users/eashraf/hadoop/hadoop-mapreduce-project/hadoop-mapreduce-client/hadoop-mapreduce-client-core/src/main/java/org/apache/hadoop/mapreduce/task/ReduceContextImpl.java,350
hadoop,org.apache.hadoop.mapreduce.task,TaskAttemptContextImpl,3,0,10,9,70,10,1,1,0.0,0,4,/Users/eashraf/hadoop/hadoop-mapreduce-project/hadoop-mapreduce-client/hadoop-mapreduce-client-core/src/main/java/org/apache/hadoop/mapreduce/task/TaskAttemptContextImpl.java,31
hadoop,org.apache.hadoop.mapreduce.task,TaskAttemptContextImpl.DummyReporter,0,0,0,0,15,0,0,0,-1.0,0,0,/Users/eashraf/hadoop/hadoop-mapreduce-project/hadoop-mapreduce-client/hadoop-mapreduce-client-core/src/main/java/org/apache/hadoop/mapreduce/task/TaskAttemptContextImpl.java,101
hadoop,org.apache.hadoop.mapreduce.lib.join,TupleWritable,3,0,19,14,215,45,0,0,0.0,9,4,/Users/eashraf/hadoop/hadoop-mapreduce-project/hadoop-mapreduce-client/hadoop-mapreduce-client-core/src/main/java/org/apache/hadoop/mapreduce/lib/join/TupleWritable.java,35
hadoop,org.apache.hadoop.mapreduce.lib.join,Parser,17,0,2,0,375,10,0,0,0.0,1,6,/Users/eashraf/hadoop/hadoop-mapreduce-project/hadoop-mapreduce-client/hadoop-mapreduce-client-core/src/main/java/org/apache/hadoop/mapreduce/lib/join/Parser.java,54
hadoop,org.apache.hadoop.mapreduce.lib.join,Parser.TType,0,0,0,0,1,0,0,0,-1.0,0,0,/Users/eashraf/hadoop/hadoop-mapreduce-project/hadoop-mapreduce-client/hadoop-mapreduce-client-core/src/main/java/org/apache/hadoop/mapreduce/lib/join/Parser.java,76
hadoop,org.apache.hadoop.mapreduce.lib.join,Parser.Token,1,0,0,0,22,0,0,0,-1.0,0,0,/Users/eashraf/hadoop/hadoop-mapreduce-project/hadoop-mapreduce-client/hadoop-mapreduce-client-core/src/main/java/org/apache/hadoop/mapreduce/lib/join/Parser.java,80
hadoop,org.apache.hadoop.mapreduce.lib.join,Parser.NumToken,1,0,0,0,10,0,0,0,-1.0,0,0,/Users/eashraf/hadoop/hadoop-mapreduce-project/hadoop-mapreduce-client/hadoop-mapreduce-client-core/src/main/java/org/apache/hadoop/mapreduce/lib/join/Parser.java,109
hadoop,org.apache.hadoop.mapreduce.lib.join,Parser.NodeToken,1,0,0,0,10,0,0,0,-1.0,0,0,/Users/eashraf/hadoop/hadoop-mapreduce-project/hadoop-mapreduce-client/hadoop-mapreduce-client-core/src/main/java/org/apache/hadoop/mapreduce/lib/join/Parser.java,120
hadoop,org.apache.hadoop.mapreduce.lib.join,Parser.StrToken,1,0,0,0,10,0,0,0,-1.0,0,0,/Users/eashraf/hadoop/hadoop-mapreduce-project/hadoop-mapreduce-client/hadoop-mapreduce-client-core/src/main/java/org/apache/hadoop/mapreduce/lib/join/Parser.java,133
hadoop,org.apache.hadoop.mapreduce.lib.join,Parser.Lexer,1,0,0,0,31,0,0,0,-1.0,0,0,/Users/eashraf/hadoop/hadoop-mapreduce-project/hadoop-mapreduce-client/hadoop-mapreduce-client-core/src/main/java/org/apache/hadoop/mapreduce/lib/join/Parser.java,146
hadoop,org.apache.hadoop.mapreduce.lib.join,Parser.Node,6,0,0,0,51,0,0,1,-1.0,0,0,/Users/eashraf/hadoop/hadoop-mapreduce-project/hadoop-mapreduce-client/hadoop-mapreduce-client-core/src/main/java/org/apache/hadoop/mapreduce/lib/join/Parser.java,193
hadoop,org.apache.hadoop.mapreduce.lib.join,Parser.WNode,3,0,0,0,75,0,0,0,-1.0,0,2,/Users/eashraf/hadoop/hadoop-mapreduce-project/hadoop-mapreduce-client/hadoop-mapreduce-client-core/src/main/java/org/apache/hadoop/mapreduce/lib/join/Parser.java,270
hadoop,org.apache.hadoop.mapreduce.lib.join,Parser.WrappedStatusReporter,1,0,0,0,21,0,0,0,-1.0,0,1,/Users/eashraf/hadoop/hadoop-mapreduce-project/hadoop-mapreduce-client/hadoop-mapreduce-client-core/src/main/java/org/apache/hadoop/mapreduce/lib/join/Parser.java,366
hadoop,org.apache.hadoop.mapreduce.lib.join,Parser.CNode,2,0,0,0,95,0,0,0,-1.0,0,0,/Users/eashraf/hadoop/hadoop-mapreduce-project/hadoop-mapreduce-client/hadoop-mapreduce-client-core/src/main/java/org/apache/hadoop/mapreduce/lib/join/Parser.java,399
hadoop,org.apache.hadoop.mapreduce.lib.join,OuterJoinRecordReader,0,0,2,0,15,2,0,3,-1.0,1,2,/Users/eashraf/hadoop/hadoop-mapreduce-project/hadoop-mapreduce-client/hadoop-mapreduce-client-core/src/main/java/org/apache/hadoop/mapreduce/lib/join/OuterJoinRecordReader.java,29
hadoop,org.apache.hadoop.mapreduce.lib.join,ArrayListBackedIterator,4,0,9,9,50,11,0,1,0.2222222222222222,0,3,/Users/eashraf/hadoop/hadoop-mapreduce-project/hadoop-mapreduce-client/hadoop-mapreduce-client-core/src/main/java/org/apache/hadoop/mapreduce/lib/join/ArrayListBackedIterator.java,31
hadoop,org.apache.hadoop.mapreduce.lib.join,MultiFilterRecordReader,1,0,6,3,94,12,1,2,0.8333333333333334,0,7,/Users/eashraf/hadoop/hadoop-mapreduce-project/hadoop-mapreduce-client/hadoop-mapreduce-client-core/src/main/java/org/apache/hadoop/mapreduce/lib/join/MultiFilterRecordReader.java,34
hadoop,org.apache.hadoop.mapreduce.lib.join,MultiFilterRecordReader.MultiFilterDelegationIterator,0,0,0,0,31,0,0,1,-1.0,0,0,/Users/eashraf/hadoop/hadoop-mapreduce-project/hadoop-mapreduce-client/hadoop-mapreduce-client-core/src/main/java/org/apache/hadoop/mapreduce/lib/join/MultiFilterRecordReader.java,116
hadoop,org.apache.hadoop.mapreduce.lib.join,CompositeRecordReader,14,0,25,18,362,49,2,1,0.08,2,12,/Users/eashraf/hadoop/hadoop-mapreduce-project/hadoop-mapreduce-client/hadoop-mapreduce-client-core/src/main/java/org/apache/hadoop/mapreduce/lib/join/CompositeRecordReader.java,39
hadoop,org.apache.hadoop.mapreduce.lib.join,CompositeRecordReader.JoinCollector,4,0,0,0,134,0,0,0,-1.0,0,1,/Users/eashraf/hadoop/hadoop-mapreduce-project/hadoop-mapreduce-client/hadoop-mapreduce-client-core/src/main/java/org/apache/hadoop/mapreduce/lib/join/CompositeRecordReader.java,181
hadoop,org.apache.hadoop.mapreduce.lib.join,JoinRecordReader,0,0,4,3,72,9,2,2,-1.0,0,5,/Users/eashraf/hadoop/hadoop-mapreduce-project/hadoop-mapreduce-client/hadoop-mapreduce-client-core/src/main/java/org/apache/hadoop/mapreduce/lib/join/JoinRecordReader.java,32
hadoop,org.apache.hadoop.mapreduce.lib.join,JoinRecordReader.JoinDelegationIterator,0,0,0,0,26,0,0,1,-1.0,0,0,/Users/eashraf/hadoop/hadoop-mapreduce-project/hadoop-mapreduce-client/hadoop-mapreduce-client-core/src/main/java/org/apache/hadoop/mapreduce/lib/join/JoinRecordReader.java,89
hadoop,org.apache.hadoop.mapreduce.lib.join,ComposableRecordReader,0,0,8,0,37,8,2,0,-1.0,5,1,/Users/eashraf/hadoop/hadoop-mapreduce-project/hadoop-mapreduce-client/hadoop-mapreduce-client-core/src/main/java/org/apache/hadoop/mapreduce/lib/join/ComposableRecordReader.java,29
hadoop,org.apache.hadoop.mapreduce.lib.join,ComposableInputFormat,0,0,1,1,6,1,1,0,-1.0,0,3,/Users/eashraf/hadoop/hadoop-mapreduce-project/hadoop-mapreduce-client/hadoop-mapreduce-client-core/src/main/java/org/apache/hadoop/mapreduce/lib/join/ComposableInputFormat.java,31
hadoop,org.apache.hadoop.mapreduce.lib.join,StreamBackedIterator,4,0,8,8,57,14,0,1,0.25,1,0,/Users/eashraf/hadoop/hadoop-mapreduce-project/hadoop-mapreduce-client/hadoop-mapreduce-client-core/src/main/java/org/apache/hadoop/mapreduce/lib/join/StreamBackedIterator.java,30
hadoop,org.apache.hadoop.mapreduce.lib.join,StreamBackedIterator.ReplayableByteInputStream,0,0,0,0,9,0,0,0,-1.0,0,0,/Users/eashraf/hadoop/hadoop-mapreduce-project/hadoop-mapreduce-client/hadoop-mapreduce-client-core/src/main/java/org/apache/hadoop/mapreduce/lib/join/StreamBackedIterator.java,39
hadoop,org.apache.hadoop.mapreduce.lib.join,ResetableIterator,0,0,7,7,53,7,5,0,-1.0,5,0,/Users/eashraf/hadoop/hadoop-mapreduce-project/hadoop-mapreduce-client/hadoop-mapreduce-client-core/src/main/java/org/apache/hadoop/mapreduce/lib/join/ResetableIterator.java,26
hadoop,org.apache.hadoop.mapreduce.lib.join,ResetableIterator.EMPTY,0,0,0,0,20,0,0,1,-1.0,0,0,/Users/eashraf/hadoop/hadoop-mapreduce-project/hadoop-mapreduce-client/hadoop-mapreduce-client-core/src/main/java/org/apache/hadoop/mapreduce/lib/join/ResetableIterator.java,35
hadoop,org.apache.hadoop.mapreduce.lib.join,OverrideRecordReader,1,0,4,1,59,14,0,3,1.0,1,7,/Users/eashraf/hadoop/hadoop-mapreduce-project/hadoop-mapreduce-client/hadoop-mapreduce-client-core/src/main/java/org/apache/hadoop/mapreduce/lib/join/OverrideRecordReader.java,34
hadoop,org.apache.hadoop.mapreduce.lib.join,CompositeInputFormat,3,2,10,7,103,14,0,0,0.6,6,11,/Users/eashraf/hadoop/hadoop-mapreduce-project/hadoop-mapreduce-client/hadoop-mapreduce-client-core/src/main/java/org/apache/hadoop/mapreduce/lib/join/CompositeInputFormat.java,39
hadoop,org.apache.hadoop.mapreduce.lib.join,CompositeInputSplit,4,0,10,10,108,20,0,0,0.2,0,5,/Users/eashraf/hadoop/hadoop-mapreduce-project/hadoop-mapreduce-client/hadoop-mapreduce-client-core/src/main/java/org/apache/hadoop/mapreduce/lib/join/CompositeInputSplit.java,38
hadoop,org.apache.hadoop.mapreduce.lib.join,InnerJoinRecordReader,0,0,2,0,20,4,0,3,-1.0,1,2,/Users/eashraf/hadoop/hadoop-mapreduce-project/hadoop-mapreduce-client/hadoop-mapreduce-client-core/src/main/java/org/apache/hadoop/mapreduce/lib/join/InnerJoinRecordReader.java,29
hadoop,org.apache.hadoop.mapreduce.lib.join,WrappedRecordReader,10,0,20,17,169,30,0,1,0.1,1,11,/Users/eashraf/hadoop/hadoop-mapreduce-project/hadoop-mapreduce-client/hadoop-mapreduce-client-core/src/main/java/org/apache/hadoop/mapreduce/lib/join/WrappedRecordReader.java,35
hadoop,org.apache.hadoop.mapreduce.lib.join,TestJoinTupleWritable,0,0,13,9,172,30,0,0,-1.0,0,3,/Users/eashraf/hadoop/hadoop-mapreduce-project/hadoop-mapreduce-client/hadoop-mapreduce-client-jobclient/src/test/java/org/apache/hadoop/mapreduce/lib/join/TestJoinTupleWritable.java,37
hadoop,org.apache.hadoop.mapreduce.lib.join,TestJoinDatamerge,5,0,14,6,332,42,0,0,0.14285714285714285,0,15,/Users/eashraf/hadoop/hadoop-mapreduce-project/hadoop-mapreduce-client/hadoop-mapreduce-client-jobclient/src/test/java/org/apache/hadoop/mapreduce/lib/join/TestJoinDatamerge.java,41
hadoop,org.apache.hadoop.mapreduce.lib.join,TestJoinDatamerge.SimpleCheckerMapBase,2,0,0,0,8,0,0,0,-1.0,0,1,/Users/eashraf/hadoop/hadoop-mapreduce-project/hadoop-mapreduce-client/hadoop-mapreduce-client-jobclient/src/test/java/org/apache/hadoop/mapreduce/lib/join/TestJoinDatamerge.java,110
hadoop,org.apache.hadoop.mapreduce.lib.join,TestJoinDatamerge.SimpleCheckerReduceBase,2,0,0,0,17,0,0,0,-1.0,0,1,/Users/eashraf/hadoop/hadoop-mapreduce-project/hadoop-mapreduce-client/hadoop-mapreduce-client-jobclient/src/test/java/org/apache/hadoop/mapreduce/lib/join/TestJoinDatamerge.java,121
hadoop,org.apache.hadoop.mapreduce.lib.join,TestJoinDatamerge.InnerJoinMapChecker,0,0,0,0,16,0,0,0,-1.0,0,0,/Users/eashraf/hadoop/hadoop-mapreduce-project/hadoop-mapreduce-client/hadoop-mapreduce-client-jobclient/src/test/java/org/apache/hadoop/mapreduce/lib/join/TestJoinDatamerge.java,145
hadoop,org.apache.hadoop.mapreduce.lib.join,TestJoinDatamerge.InnerJoinReduceChecker,0,0,0,0,5,0,0,0,-1.0,0,0,/Users/eashraf/hadoop/hadoop-mapreduce-project/hadoop-mapreduce-client/hadoop-mapreduce-client-jobclient/src/test/java/org/apache/hadoop/mapreduce/lib/join/TestJoinDatamerge.java,166
hadoop,org.apache.hadoop.mapreduce.lib.join,TestJoinDatamerge.OuterJoinMapChecker,0,0,0,0,30,0,0,0,-1.0,0,0,/Users/eashraf/hadoop/hadoop-mapreduce-project/hadoop-mapreduce-client/hadoop-mapreduce-client-jobclient/src/test/java/org/apache/hadoop/mapreduce/lib/join/TestJoinDatamerge.java,174
hadoop,org.apache.hadoop.mapreduce.lib.join,TestJoinDatamerge.OuterJoinReduceChecker,0,0,0,0,8,0,0,0,-1.0,0,0,/Users/eashraf/hadoop/hadoop-mapreduce-project/hadoop-mapreduce-client/hadoop-mapreduce-client-jobclient/src/test/java/org/apache/hadoop/mapreduce/lib/join/TestJoinDatamerge.java,207
hadoop,org.apache.hadoop.mapreduce.lib.join,TestJoinDatamerge.OverrideMapChecker,0,0,0,0,17,0,0,0,-1.0,0,0,/Users/eashraf/hadoop/hadoop-mapreduce-project/hadoop-mapreduce-client/hadoop-mapreduce-client-jobclient/src/test/java/org/apache/hadoop/mapreduce/lib/join/TestJoinDatamerge.java,217
hadoop,org.apache.hadoop.mapreduce.lib.join,TestJoinDatamerge.OverrideReduceChecker,0,0,0,0,8,0,0,0,-1.0,0,0,/Users/eashraf/hadoop/hadoop-mapreduce-project/hadoop-mapreduce-client/hadoop-mapreduce-client-jobclient/src/test/java/org/apache/hadoop/mapreduce/lib/join/TestJoinDatamerge.java,238
hadoop,org.apache.hadoop.mapreduce.lib.join,TestWrappedRRClassloader,0,0,1,1,34,1,0,0,-1.0,0,4,/Users/eashraf/hadoop/hadoop-mapreduce-project/hadoop-mapreduce-client/hadoop-mapreduce-client-jobclient/src/test/java/org/apache/hadoop/mapreduce/lib/join/TestWrappedRRClassloader.java,30
hadoop,org.apache.hadoop.mapreduce.lib.join,TestWrappedRRClassloader.Fake_ClassLoader,0,0,0,0,2,0,0,0,-1.0,0,0,/Users/eashraf/hadoop/hadoop-mapreduce-project/hadoop-mapreduce-client/hadoop-mapreduce-client-jobclient/src/test/java/org/apache/hadoop/mapreduce/lib/join/TestWrappedRRClassloader.java,62
hadoop,org.apache.hadoop.mapreduce.lib.join,TestWrappedRRClassloader.IF_ClassLoaderChecker,0,0,0,0,7,0,0,0,-1.0,0,0,/Users/eashraf/hadoop/hadoop-mapreduce-project/hadoop-mapreduce-client/hadoop-mapreduce-client-jobclient/src/test/java/org/apache/hadoop/mapreduce/lib/join/TestWrappedRRClassloader.java,65
hadoop,org.apache.hadoop.mapreduce.lib.join,TestWrappedRRClassloader.RR_ClassLoaderChecker,0,0,0,0,5,0,0,0,-1.0,0,0,/Users/eashraf/hadoop/hadoop-mapreduce-project/hadoop-mapreduce-client/hadoop-mapreduce-client-jobclient/src/test/java/org/apache/hadoop/mapreduce/lib/join/TestWrappedRRClassloader.java,77
hadoop,org.apache.hadoop.mapreduce.lib.join,TestJoinProperties,6,0,25,5,313,55,0,0,0.0,0,11,/Users/eashraf/hadoop/hadoop-mapreduce-project/hadoop-mapreduce-client/hadoop-mapreduce-client-jobclient/src/test/java/org/apache/hadoop/mapreduce/lib/join/TestJoinProperties.java,40
hadoop,org.apache.hadoop.mapreduce.lib.join,TestJoinProperties.TestType,0,0,0,0,1,0,0,0,-1.0,0,0,/Users/eashraf/hadoop/hadoop-mapreduce-project/hadoop-mapreduce-client/hadoop-mapreduce-client-jobclient/src/test/java/org/apache/hadoop/mapreduce/lib/join/TestJoinProperties.java,186
hadoop,org.apache.hadoop.mapreduce.lib.fieldsel,FieldSelectionHelper,6,4,9,7,141,31,0,0,0.4444444444444444,5,1,/Users/eashraf/hadoop/hadoop-mapreduce-project/hadoop-mapreduce-client/hadoop-mapreduce-client-core/src/main/java/org/apache/hadoop/mapreduce/lib/fieldsel/FieldSelectionHelper.java,27
hadoop,org.apache.hadoop.mapreduce.lib.fieldsel,FieldSelectionMapper,7,1,2,2,33,2,0,0,0.0,1,2,/Users/eashraf/hadoop/hadoop-mapreduce-project/hadoop-mapreduce-client/hadoop-mapreduce-client-core/src/main/java/org/apache/hadoop/mapreduce/lib/fieldsel/FieldSelectionMapper.java,34
hadoop,org.apache.hadoop.mapreduce.lib.fieldsel,FieldSelectionReducer,6,1,2,2,26,3,0,0,0.0,1,3,/Users/eashraf/hadoop/hadoop-mapreduce-project/hadoop-mapreduce-client/hadoop-mapreduce-client-core/src/main/java/org/apache/hadoop/mapreduce/lib/fieldsel/FieldSelectionReducer.java,33
hadoop,org.apache.hadoop.mapreduce.lib.fieldsel,TestMRFieldSelection,2,0,4,4,75,5,0,0,0.0,1,6,/Users/eashraf/hadoop/hadoop-mapreduce-project/hadoop-mapreduce-client/hadoop-mapreduce-client-jobclient/src/test/java/org/apache/hadoop/mapreduce/lib/fieldsel/TestMRFieldSelection.java,29
hadoop,org.apache.hadoop.mapreduce.lib.reduce,IntSumReducer,1,0,1,1,11,2,0,0,0.0,2,1,/Users/eashraf/hadoop/hadoop-mapreduce-project/hadoop-mapreduce-client/hadoop-mapreduce-client-core/src/main/java/org/apache/hadoop/mapreduce/lib/reduce/IntSumReducer.java,28
hadoop,org.apache.hadoop.mapreduce.lib.reduce,LongSumReducer,1,0,1,1,11,2,0,0,0.0,2,1,/Users/eashraf/hadoop/hadoop-mapreduce-project/hadoop-mapreduce-client/hadoop-mapreduce-client-core/src/main/java/org/apache/hadoop/mapreduce/lib/reduce/LongSumReducer.java,28
hadoop,org.apache.hadoop.mapreduce.lib.reduce,WrappedReducer,1,0,1,1,172,1,0,0,0.0,0,1,/Users/eashraf/hadoop/hadoop-mapreduce-project/hadoop-mapreduce-client/hadoop-mapreduce-client-core/src/main/java/org/apache/hadoop/mapreduce/lib/reduce/WrappedReducer.java,42
hadoop,org.apache.hadoop.mapreduce.lib.reduce,WrappedReducer.Context,1,0,0,0,159,0,0,0,-1.0,0,1,/Users/eashraf/hadoop/hadoop-mapreduce-project/hadoop-mapreduce-client/hadoop-mapreduce-client-core/src/main/java/org/apache/hadoop/mapreduce/lib/reduce/WrappedReducer.java,61
hadoop,org.apache.hadoop.mapreduce.lib.aggregate,UserDefinedValueAggregatorDescriptor,3,0,6,5,65,8,0,1,0.3333333333333333,1,2,/Users/eashraf/hadoop/hadoop-mapreduce-project/hadoop-mapreduce-client/hadoop-mapreduce-client-core/src/main/java/org/apache/hadoop/mapreduce/lib/aggregate/UserDefinedValueAggregatorDescriptor.java,30
hadoop,org.apache.hadoop.mapreduce.lib.aggregate,ValueAggregatorDescriptor,2,2,2,2,19,2,2,0,-1.0,6,2,/Users/eashraf/hadoop/hadoop-mapreduce-project/hadoop-mapreduce-client/hadoop-mapreduce-client-core/src/main/java/org/apache/hadoop/mapreduce/lib/aggregate/ValueAggregatorDescriptor.java,29
hadoop,org.apache.hadoop.mapreduce.lib.aggregate,ValueAggregatorReducer,0,0,2,2,27,3,0,0,-1.0,2,6,/Users/eashraf/hadoop/hadoop-mapreduce-project/hadoop-mapreduce-client/hadoop-mapreduce-client-core/src/main/java/org/apache/hadoop/mapreduce/lib/aggregate/ValueAggregatorReducer.java,30
hadoop,org.apache.hadoop.mapreduce.lib.aggregate,LongValueSum,1,0,7,7,52,7,0,1,0.0,0,0,/Users/eashraf/hadoop/hadoop-mapreduce-project/hadoop-mapreduce-client/hadoop-mapreduce-client-core/src/main/java/org/apache/hadoop/mapreduce/lib/aggregate/LongValueSum.java,26
hadoop,org.apache.hadoop.mapreduce.lib.aggregate,ValueAggregatorMapper,0,0,2,2,22,4,0,0,-1.0,2,2,/Users/eashraf/hadoop/hadoop-mapreduce-project/hadoop-mapreduce-client/hadoop-mapreduce-client-core/src/main/java/org/apache/hadoop/mapreduce/lib/aggregate/ValueAggregatorMapper.java,32
hadoop,org.apache.hadoop.mapreduce.lib.aggregate,ValueHistogram,1,0,7,7,117,16,0,1,0.0,0,0,/Users/eashraf/hadoop/hadoop-mapreduce-project/hadoop-mapreduce-client/hadoop-mapreduce-client-core/src/main/java/org/apache/hadoop/mapreduce/lib/aggregate/ValueHistogram.java,31
hadoop,org.apache.hadoop.mapreduce.lib.aggregate,ValueAggregatorJob,0,0,6,6,104,16,0,0,-1.0,2,16,/Users/eashraf/hadoop/hadoop-mapreduce-project/hadoop-mapreduce-client/hadoop-mapreduce-client-core/src/main/java/org/apache/hadoop/mapreduce/lib/aggregate/ValueAggregatorJob.java,41
hadoop,org.apache.hadoop.mapreduce.lib.aggregate,StringValueMax,1,0,6,6,48,7,0,1,0.0,0,0,/Users/eashraf/hadoop/hadoop-mapreduce-project/hadoop-mapreduce-client/hadoop-mapreduce-client-core/src/main/java/org/apache/hadoop/mapreduce/lib/aggregate/StringValueMax.java,26
hadoop,org.apache.hadoop.mapreduce.lib.aggregate,UniqValueCount,4,1,8,8,82,13,0,1,0.25,3,0,/Users/eashraf/hadoop/hadoop-mapreduce-project/hadoop-mapreduce-client/hadoop-mapreduce-client-core/src/main/java/org/apache/hadoop/mapreduce/lib/aggregate/UniqValueCount.java,29
hadoop,org.apache.hadoop.mapreduce.lib.aggregate,ValueAggregatorCombiner,0,0,1,1,31,4,0,0,-1.0,2,5,/Users/eashraf/hadoop/hadoop-mapreduce-project/hadoop-mapreduce-client/hadoop-mapreduce-client-core/src/main/java/org/apache/hadoop/mapreduce/lib/aggregate/ValueAggregatorCombiner.java,31
hadoop,org.apache.hadoop.mapreduce.lib.aggregate,StringValueMin,1,0,6,6,48,7,0,1,0.0,0,0,/Users/eashraf/hadoop/hadoop-mapreduce-project/hadoop-mapreduce-client/hadoop-mapreduce-client-core/src/main/java/org/apache/hadoop/mapreduce/lib/aggregate/StringValueMin.java,26
hadoop,org.apache.hadoop.mapreduce.lib.aggregate,ValueAggregatorBaseDescriptor,11,9,4,4,103,15,1,1,0.0,3,4,/Users/eashraf/hadoop/hadoop-mapreduce-project/hadoop-mapreduce-client/hadoop-mapreduce-client-core/src/main/java/org/apache/hadoop/mapreduce/lib/aggregate/ValueAggregatorBaseDescriptor.java,30
hadoop,org.apache.hadoop.mapreduce.lib.aggregate,ValueAggregatorBaseDescriptor.MyEntry,2,0,0,0,18,0,0,0,-1.0,0,1,/Users/eashraf/hadoop/hadoop-mapreduce-project/hadoop-mapreduce-client/hadoop-mapreduce-client-core/src/main/java/org/apache/hadoop/mapreduce/lib/aggregate/ValueAggregatorBaseDescriptor.java,57
hadoop,org.apache.hadoop.mapreduce.lib.aggregate,LongValueMax,1,0,7,7,59,9,0,1,0.0,0,0,/Users/eashraf/hadoop/hadoop-mapreduce-project/hadoop-mapreduce-client/hadoop-mapreduce-client-core/src/main/java/org/apache/hadoop/mapreduce/lib/aggregate/LongValueMax.java,26
hadoop,org.apache.hadoop.mapreduce.lib.aggregate,ValueAggregatorJobBase,4,3,5,1,43,10,0,0,0.0,4,2,/Users/eashraf/hadoop/hadoop-mapreduce-project/hadoop-mapreduce-client/hadoop-mapreduce-client-core/src/main/java/org/apache/hadoop/mapreduce/lib/aggregate/ValueAggregatorJobBase.java,29
hadoop,org.apache.hadoop.mapreduce.lib.aggregate,ValueAggregator,0,0,4,4,22,4,8,0,-1.0,4,0,/Users/eashraf/hadoop/hadoop-mapreduce-project/hadoop-mapreduce-client/hadoop-mapreduce-client-core/src/main/java/org/apache/hadoop/mapreduce/lib/aggregate/ValueAggregator.java,26
hadoop,org.apache.hadoop.mapreduce.lib.aggregate,LongValueMin,1,0,7,7,58,9,0,1,0.0,0,0,/Users/eashraf/hadoop/hadoop-mapreduce-project/hadoop-mapreduce-client/hadoop-mapreduce-client-core/src/main/java/org/apache/hadoop/mapreduce/lib/aggregate/LongValueMin.java,26
hadoop,org.apache.hadoop.mapreduce.lib.aggregate,DoubleValueSum,1,0,7,7,52,7,0,1,0.0,0,0,/Users/eashraf/hadoop/hadoop-mapreduce-project/hadoop-mapreduce-client/hadoop-mapreduce-client-core/src/main/java/org/apache/hadoop/mapreduce/lib/aggregate/DoubleValueSum.java,27
hadoop,org.apache.hadoop.mapreduce.lib.aggregate,AggregatorTests,0,0,1,1,55,9,0,2,-1.0,0,0,/Users/eashraf/hadoop/hadoop-mapreduce-project/hadoop-mapreduce-client/hadoop-mapreduce-client-jobclient/src/test/java/org/apache/hadoop/mapreduce/lib/aggregate/AggregatorTests.java,25
hadoop,org.apache.hadoop.mapreduce.lib.aggregate,TestMapReduceAggregates,1,0,3,3,73,5,0,0,0.0,0,15,/Users/eashraf/hadoop/hadoop-mapreduce-project/hadoop-mapreduce-client/hadoop-mapreduce-client-jobclient/src/test/java/org/apache/hadoop/mapreduce/lib/aggregate/TestMapReduceAggregates.java,36
hadoop,org.apache.hadoop.mapreduce.lib.chain,ChainMapper,1,0,3,2,50,6,0,0,0.6666666666666666,3,3,/Users/eashraf/hadoop/hadoop-mapreduce-project/hadoop-mapreduce-client/hadoop-mapreduce-client-core/src/main/java/org/apache/hadoop/mapreduce/lib/chain/ChainMapper.java,29
hadoop,org.apache.hadoop.mapreduce.lib.chain,Chain,49,0,28,0,557,53,0,0,0.07142857142857142,2,13,/Users/eashraf/hadoop/hadoop-mapreduce-project/hadoop-mapreduce-client/hadoop-mapreduce-client-core/src/main/java/org/apache/hadoop/mapreduce/lib/chain/Chain.java,44
hadoop,org.apache.hadoop.mapreduce.lib.chain,Chain.KeyValuePair,3,0,0,0,15,0,0,0,-1.0,0,0,/Users/eashraf/hadoop/hadoop-mapreduce-project/hadoop-mapreduce-client/hadoop-mapreduce-client-core/src/main/java/org/apache/hadoop/mapreduce/lib/chain/Chain.java,100
hadoop,org.apache.hadoop.mapreduce.lib.chain,Chain.ChainRecordReader,7,0,0,0,72,0,0,0,-1.0,0,2,/Users/eashraf/hadoop/hadoop-mapreduce-project/hadoop-mapreduce-client/hadoop-mapreduce-client-core/src/main/java/org/apache/hadoop/mapreduce/lib/chain/Chain.java,119
hadoop,org.apache.hadoop.mapreduce.lib.chain,Chain.ChainRecordWriter,7,0,0,0,49,0,0,0,-1.0,0,2,/Users/eashraf/hadoop/hadoop-mapreduce-project/hadoop-mapreduce-client/hadoop-mapreduce-client-core/src/main/java/org/apache/hadoop/mapreduce/lib/chain/Chain.java,215
hadoop,org.apache.hadoop.mapreduce.lib.chain,Chain.MapRunner,4,0,0,0,27,0,0,0,-1.0,0,3,/Users/eashraf/hadoop/hadoop-mapreduce-project/hadoop-mapreduce-client/hadoop-mapreduce-client-core/src/main/java/org/apache/hadoop/mapreduce/lib/chain/Chain.java,299
hadoop,org.apache.hadoop.mapreduce.lib.chain,Chain.ReduceRunner,3,0,0,0,21,0,0,0,-1.0,0,2,/Users/eashraf/hadoop/hadoop-mapreduce-project/hadoop-mapreduce-client/hadoop-mapreduce-client-core/src/main/java/org/apache/hadoop/mapreduce/lib/chain/Chain.java,332
hadoop,org.apache.hadoop.mapreduce.lib.chain,Chain.ChainBlockingQueue,2,0,0,0,37,0,0,0,-1.0,0,0,/Users/eashraf/hadoop/hadoop-mapreduce-project/hadoop-mapreduce-client/hadoop-mapreduce-client-core/src/main/java/org/apache/hadoop/mapreduce/lib/chain/Chain.java,864
hadoop,org.apache.hadoop.mapreduce.lib.chain,ChainReducer,1,0,4,3,64,7,0,0,0.75,3,3,/Users/eashraf/hadoop/hadoop-mapreduce-project/hadoop-mapreduce-client/hadoop-mapreduce-client-core/src/main/java/org/apache/hadoop/mapreduce/lib/chain/ChainReducer.java,30
hadoop,org.apache.hadoop.mapreduce.lib.chain,ChainReduceContextImpl,3,0,52,52,166,52,0,0,0.0,1,3,/Users/eashraf/hadoop/hadoop-mapreduce-project/hadoop-mapreduce-client/hadoop-mapreduce-client-core/src/main/java/org/apache/hadoop/mapreduce/lib/chain/ChainReduceContextImpl.java,40
hadoop,org.apache.hadoop.mapreduce.lib.chain,ChainMapContextImpl,4,0,51,50,171,52,0,0,0.0,1,5,/Users/eashraf/hadoop/hadoop-mapreduce-project/hadoop-mapreduce-client/hadoop-mapreduce-client-core/src/main/java/org/apache/hadoop/mapreduce/lib/chain/ChainMapContextImpl.java,43
hadoop,org.apache.hadoop.mapreduce.lib.chain,TestSingleElementChain,1,0,2,2,23,2,0,0,1.0,0,11,/Users/eashraf/hadoop/hadoop-mapreduce-project/hadoop-mapreduce-client/hadoop-mapreduce-client-jobclient/src/test/java/org/apache/hadoop/mapreduce/lib/chain/TestSingleElementChain.java,32
hadoop,org.apache.hadoop.mapreduce.lib.chain,TestChainErrors,4,0,6,6,118,6,0,0,0.3333333333333333,0,12,/Users/eashraf/hadoop/hadoop-mapreduce-project/hadoop-mapreduce-client/hadoop-mapreduce-client-jobclient/src/test/java/org/apache/hadoop/mapreduce/lib/chain/TestChainErrors.java,33
hadoop,org.apache.hadoop.mapreduce.lib.chain,TestChainErrors.ConsumeMap,0,0,0,0,4,0,0,0,-1.0,0,0,/Users/eashraf/hadoop/hadoop-mapreduce-project/hadoop-mapreduce-client/hadoop-mapreduce-client-jobclient/src/test/java/org/apache/hadoop/mapreduce/lib/chain/TestChainErrors.java,189
hadoop,org.apache.hadoop.mapreduce.lib.chain,TestChainErrors.ConsumeReduce,0,0,0,0,4,0,0,0,-1.0,0,0,/Users/eashraf/hadoop/hadoop-mapreduce-project/hadoop-mapreduce-client/hadoop-mapreduce-client-jobclient/src/test/java/org/apache/hadoop/mapreduce/lib/chain/TestChainErrors.java,197
hadoop,org.apache.hadoop.mapreduce.lib.chain,TestChainErrors.FailMap,0,0,0,0,7,0,0,0,-1.0,0,0,/Users/eashraf/hadoop/hadoop-mapreduce-project/hadoop-mapreduce-client/hadoop-mapreduce-client-jobclient/src/test/java/org/apache/hadoop/mapreduce/lib/chain/TestChainErrors.java,205
hadoop,org.apache.hadoop.mapreduce.lib.chain,TestChainErrors.FailReduce,0,0,0,0,5,0,0,0,-1.0,0,0,/Users/eashraf/hadoop/hadoop-mapreduce-project/hadoop-mapreduce-client/hadoop-mapreduce-client-jobclient/src/test/java/org/apache/hadoop/mapreduce/lib/chain/TestChainErrors.java,216
hadoop,org.apache.hadoop.mapreduce.lib.chain,TestMapReduceChain,6,0,5,2,157,6,0,0,0.4,0,10,/Users/eashraf/hadoop/hadoop-mapreduce-project/hadoop-mapreduce-client/hadoop-mapreduce-client-jobclient/src/test/java/org/apache/hadoop/mapreduce/lib/chain/TestMapReduceChain.java,34
hadoop,org.apache.hadoop.mapreduce.lib.chain,TestMapReduceChain.AMap,0,0,0,0,5,0,0,0,-1.0,0,0,/Users/eashraf/hadoop/hadoop-mapreduce-project/hadoop-mapreduce-client/hadoop-mapreduce-client-jobclient/src/test/java/org/apache/hadoop/mapreduce/lib/chain/TestMapReduceChain.java,145
hadoop,org.apache.hadoop.mapreduce.lib.chain,TestMapReduceChain.BMap,0,0,0,0,5,0,0,0,-1.0,0,0,/Users/eashraf/hadoop/hadoop-mapreduce-project/hadoop-mapreduce-client/hadoop-mapreduce-client-jobclient/src/test/java/org/apache/hadoop/mapreduce/lib/chain/TestMapReduceChain.java,151
hadoop,org.apache.hadoop.mapreduce.lib.chain,TestMapReduceChain.CMap,0,0,0,0,5,0,0,0,-1.0,0,0,/Users/eashraf/hadoop/hadoop-mapreduce-project/hadoop-mapreduce-client/hadoop-mapreduce-client-jobclient/src/test/java/org/apache/hadoop/mapreduce/lib/chain/TestMapReduceChain.java,157
hadoop,org.apache.hadoop.mapreduce.lib.chain,TestMapReduceChain.RReduce,0,0,0,0,5,0,0,0,-1.0,0,0,/Users/eashraf/hadoop/hadoop-mapreduce-project/hadoop-mapreduce-client/hadoop-mapreduce-client-jobclient/src/test/java/org/apache/hadoop/mapreduce/lib/chain/TestMapReduceChain.java,163
hadoop,org.apache.hadoop.mapreduce.lib.chain,TestMapReduceChain.DMap,0,0,0,0,5,0,0,0,-1.0,0,0,/Users/eashraf/hadoop/hadoop-mapreduce-project/hadoop-mapreduce-client/hadoop-mapreduce-client-jobclient/src/test/java/org/apache/hadoop/mapreduce/lib/chain/TestMapReduceChain.java,169
hadoop,org.apache.hadoop.mapreduce.lib.chain,TestMapReduceChain.EMap,0,0,0,0,5,0,0,0,-1.0,0,0,/Users/eashraf/hadoop/hadoop-mapreduce-project/hadoop-mapreduce-client/hadoop-mapreduce-client-jobclient/src/test/java/org/apache/hadoop/mapreduce/lib/chain/TestMapReduceChain.java,175
hadoop,org.apache.hadoop.mapreduce.lib.chain,TestMapReduceChain.FMap,0,0,0,0,5,0,0,0,-1.0,0,0,/Users/eashraf/hadoop/hadoop-mapreduce-project/hadoop-mapreduce-client/hadoop-mapreduce-client-jobclient/src/test/java/org/apache/hadoop/mapreduce/lib/chain/TestMapReduceChain.java,181
hadoop,org.apache.hadoop.mapreduce.lib.chain,TestMapReduceChain.IDMap,2,0,0,0,20,0,0,0,-1.0,0,0,/Users/eashraf/hadoop/hadoop-mapreduce-project/hadoop-mapreduce-client/hadoop-mapreduce-client-jobclient/src/test/java/org/apache/hadoop/mapreduce/lib/chain/TestMapReduceChain.java,187
hadoop,org.apache.hadoop.mapreduce.lib.chain,TestMapReduceChain.IDReduce,2,0,0,0,22,0,0,0,-1.0,0,0,/Users/eashraf/hadoop/hadoop-mapreduce-project/hadoop-mapreduce-client/hadoop-mapreduce-client-jobclient/src/test/java/org/apache/hadoop/mapreduce/lib/chain/TestMapReduceChain.java,215
hadoop,org.apache.hadoop.mapreduce.lib.map,MultithreadedMapper,13,2,5,5,163,12,0,0,0.0,3,5,/Users/eashraf/hadoop/hadoop-mapreduce-project/hadoop-mapreduce-client/hadoop-mapreduce-client-core/src/main/java/org/apache/hadoop/mapreduce/lib/map/MultithreadedMapper.java,43
hadoop,org.apache.hadoop.mapreduce.lib.map,MultithreadedMapper.SubMapRecordReader,3,0,0,0,29,0,0,0,-1.0,0,1,/Users/eashraf/hadoop/hadoop-mapreduce-project/hadoop-mapreduce-client/hadoop-mapreduce-client-core/src/main/java/org/apache/hadoop/mapreduce/lib/map/MultithreadedMapper.java,160
hadoop,org.apache.hadoop.mapreduce.lib.map,MultithreadedMapper.SubMapRecordWriter,0,0,0,0,9,0,0,0,-1.0,0,0,/Users/eashraf/hadoop/hadoop-mapreduce-project/hadoop-mapreduce-client/hadoop-mapreduce-client-core/src/main/java/org/apache/hadoop/mapreduce/lib/map/MultithreadedMapper.java,205
hadoop,org.apache.hadoop.mapreduce.lib.map,MultithreadedMapper.SubMapStatusReporter,0,0,0,0,17,0,0,0,-1.0,0,0,/Users/eashraf/hadoop/hadoop-mapreduce-project/hadoop-mapreduce-client/hadoop-mapreduce-client-core/src/main/java/org/apache/hadoop/mapreduce/lib/map/MultithreadedMapper.java,221
hadoop,org.apache.hadoop.mapreduce.lib.map,MultithreadedMapper.MapRunner,4,0,0,0,21,0,0,0,-1.0,0,2,/Users/eashraf/hadoop/hadoop-mapreduce-project/hadoop-mapreduce-client/hadoop-mapreduce-client-core/src/main/java/org/apache/hadoop/mapreduce/lib/map/MultithreadedMapper.java,249
hadoop,org.apache.hadoop.mapreduce.lib.map,InverseMapper,0,0,1,1,11,1,0,0,-1.0,2,0,/Users/eashraf/hadoop/hadoop-mapreduce-project/hadoop-mapreduce-client/hadoop-mapreduce-client-core/src/main/java/org/apache/hadoop/mapreduce/lib/map/InverseMapper.java,27
hadoop,org.apache.hadoop.mapreduce.lib.map,WrappedMapper,1,0,1,1,172,1,0,0,0.0,1,1,/Users/eashraf/hadoop/hadoop-mapreduce-project/hadoop-mapreduce-client/hadoop-mapreduce-client-core/src/main/java/org/apache/hadoop/mapreduce/lib/map/WrappedMapper.java,43
hadoop,org.apache.hadoop.mapreduce.lib.map,WrappedMapper.Context,1,0,0,0,159,0,0,0,-1.0,0,1,/Users/eashraf/hadoop/hadoop-mapreduce-project/hadoop-mapreduce-client/hadoop-mapreduce-client-core/src/main/java/org/apache/hadoop/mapreduce/lib/map/WrappedMapper.java,62
hadoop,org.apache.hadoop.mapreduce.lib.map,TokenCounterMapper,2,0,1,1,14,2,0,0,0.0,1,2,/Users/eashraf/hadoop/hadoop-mapreduce-project/hadoop-mapreduce-client/hadoop-mapreduce-client-core/src/main/java/org/apache/hadoop/mapreduce/lib/map/TokenCounterMapper.java,30
hadoop,org.apache.hadoop.mapreduce.lib.map,RegexMapper,4,2,2,2,21,3,0,0,0.0,3,2,/Users/eashraf/hadoop/hadoop-mapreduce-project/hadoop-mapreduce-client/hadoop-mapreduce-client-core/src/main/java/org/apache/hadoop/mapreduce/lib/map/RegexMapper.java,33
hadoop,org.apache.hadoop.mapreduce.lib.map,TestMultithreadedMapper,2,0,5,4,56,8,0,0,0.4,0,5,/Users/eashraf/hadoop/hadoop-mapreduce-project/hadoop-mapreduce-client/hadoop-mapreduce-client-jobclient/src/test/java/org/apache/hadoop/mapreduce/lib/map/TestMultithreadedMapper.java,30
hadoop,org.apache.hadoop.mapreduce.lib.map,TestMultithreadedMapper.IDMap,2,0,0,0,17,0,0,0,-1.0,0,0,/Users/eashraf/hadoop/hadoop-mapreduce-project/hadoop-mapreduce-client/hadoop-mapreduce-client-jobclient/src/test/java/org/apache/hadoop/mapreduce/lib/map/TestMultithreadedMapper.java,79
hadoop,org.apache.hadoop.mapreduce.counters,AbstractCounterGroup,4,0,20,16,126,27,0,1,0.1,0,7,/Users/eashraf/hadoop/hadoop-mapreduce-project/hadoop-mapreduce-client/hadoop-mapreduce-client-core/src/main/java/org/apache/hadoop/mapreduce/counters/AbstractCounterGroup.java,37
hadoop,org.apache.hadoop.mapreduce.counters,CounterGroupBase,0,0,11,0,64,11,3,0,-1.0,5,0,/Users/eashraf/hadoop/hadoop-mapreduce-project/hadoop-mapreduce-client/hadoop-mapreduce-client-core/src/main/java/org/apache/hadoop/mapreduce/counters/CounterGroupBase.java,27
hadoop,org.apache.hadoop.mapreduce.counters,AbstractCounters,8,0,20,20,275,47,0,0,0.1,1,6,/Users/eashraf/hadoop/hadoop-mapreduce-project/hadoop-mapreduce-client/hadoop-mapreduce-client-core/src/main/java/org/apache/hadoop/mapreduce/counters/AbstractCounters.java,49
hadoop,org.apache.hadoop.mapreduce.counters,AbstractCounters.GroupType,0,0,0,0,1,0,0,0,-1.0,0,0,/Users/eashraf/hadoop/hadoop-mapreduce-project/hadoop-mapreduce-client/hadoop-mapreduce-client-core/src/main/java/org/apache/hadoop/mapreduce/counters/AbstractCounters.java,75
hadoop,org.apache.hadoop.mapreduce.counters,CounterGroupFactory,5,0,13,6,122,20,0,0,0.15384615384615385,1,2,/Users/eashraf/hadoop/hadoop-mapreduce-project/hadoop-mapreduce-client/hadoop-mapreduce-client-core/src/main/java/org/apache/hadoop/mapreduce/counters/CounterGroupFactory.java,34
hadoop,org.apache.hadoop.mapreduce.counters,CounterGroupFactory.FrameworkGroupFactory,0,0,0,0,3,0,0,0,-1.0,0,0,/Users/eashraf/hadoop/hadoop-mapreduce-project/hadoop-mapreduce-client/hadoop-mapreduce-client-core/src/main/java/org/apache/hadoop/mapreduce/counters/CounterGroupFactory.java,45
hadoop,org.apache.hadoop.mapreduce.counters,FrameworkCounterGroup,8,0,21,16,196,40,0,1,0.0,1,4,/Users/eashraf/hadoop/hadoop-mapreduce-project/hadoop-mapreduce-client/hadoop-mapreduce-client-core/src/main/java/org/apache/hadoop/mapreduce/counters/FrameworkCounterGroup.java,40
hadoop,org.apache.hadoop.mapreduce.counters,FrameworkCounterGroup.FrameworkCounter,3,0,0,0,42,0,0,1,-1.0,0,0,/Users/eashraf/hadoop/hadoop-mapreduce-project/hadoop-mapreduce-client/hadoop-mapreduce-client-core/src/main/java/org/apache/hadoop/mapreduce/counters/FrameworkCounterGroup.java,56
hadoop,org.apache.hadoop.mapreduce.counters,LimitExceededException,1,0,2,2,9,2,0,0,1.0,1,0,/Users/eashraf/hadoop/hadoop-mapreduce-project/hadoop-mapreduce-client/hadoop-mapreduce-client-core/src/main/java/org/apache/hadoop/mapreduce/counters/LimitExceededException.java,24
hadoop,org.apache.hadoop.mapreduce.counters,Limits,7,0,14,14,88,24,0,0,0.0,9,2,/Users/eashraf/hadoop/hadoop-mapreduce-project/hadoop-mapreduce-client/hadoop-mapreduce-client-core/src/main/java/org/apache/hadoop/mapreduce/counters/Limits.java,27
hadoop,org.apache.hadoop.mapreduce.counters,AbstractCounter,0,0,3,3,19,4,3,0,-1.0,0,1,/Users/eashraf/hadoop/hadoop-mapreduce-project/hadoop-mapreduce-client/hadoop-mapreduce-client-core/src/main/java/org/apache/hadoop/mapreduce/counters/AbstractCounter.java,25
hadoop,org.apache.hadoop.mapreduce.counters,GenericCounter,3,0,12,12,57,13,0,1,0.25,0,3,/Users/eashraf/hadoop/hadoop-mapreduce-project/hadoop-mapreduce-client/hadoop-mapreduce-client-core/src/main/java/org/apache/hadoop/mapreduce/counters/GenericCounter.java,31
hadoop,org.apache.hadoop.mapreduce.counters,FileSystemCounterGroup,13,0,21,16,220,49,0,1,0.0,0,5,/Users/eashraf/hadoop/hadoop-mapreduce-project/hadoop-mapreduce-client/hadoop-mapreduce-client-core/src/main/java/org/apache/hadoop/mapreduce/counters/FileSystemCounterGroup.java,46
hadoop,org.apache.hadoop.mapreduce.counters,FileSystemCounterGroup.FSCounter,3,0,0,0,42,0,0,1,-1.0,0,1,/Users/eashraf/hadoop/hadoop-mapreduce-project/hadoop-mapreduce-client/hadoop-mapreduce-client-core/src/main/java/org/apache/hadoop/mapreduce/counters/FileSystemCounterGroup.java,70
hadoop,org.apache.hadoop.mapreduce.v2.app,TestAMInfos,0,0,1,1,32,1,0,0,-1.0,0,10,/Users/eashraf/hadoop/hadoop-mapreduce-project/hadoop-mapreduce-client/hadoop-mapreduce-client-app/src/test/java/org/apache/hadoop/mapreduce/v2/app/TestAMInfos.java,38
hadoop,org.apache.hadoop.mapreduce.v2.app,TestMRApp,2,0,17,16,266,22,0,0,0.5294117647058824,2,24,/Users/eashraf/hadoop/hadoop-mapreduce-project/hadoop-mapreduce-client/hadoop-mapreduce-client-app/src/test/java/org/apache/hadoop/mapreduce/v2/app/TestMRApp.java,64
hadoop,org.apache.hadoop.mapreduce.v2.app,TestMRApp.MRAppWithSpiedJob,1,0,0,0,11,0,0,2,-1.0,0,1,/Users/eashraf/hadoop/hadoop-mapreduce-project/hadoop-mapreduce-client/hadoop-mapreduce-client-app/src/test/java/org/apache/hadoop/mapreduce/v2/app/TestMRApp.java,441
hadoop,org.apache.hadoop.mapreduce.v2.app,TestMRApp.MRAppWithHistory,0,0,0,0,9,0,0,2,-1.0,0,0,/Users/eashraf/hadoop/hadoop-mapreduce-project/hadoop-mapreduce-client/hadoop-mapreduce-client-app/src/test/java/org/apache/hadoop/mapreduce/v2/app/TestMRApp.java,524
hadoop,org.apache.hadoop.mapreduce.v2.app,MockJobs,20,3,72,70,399,102,0,0,0.6805555555555556,3,29,/Users/eashraf/hadoop/hadoop-mapreduce-project/hadoop-mapreduce-client/hadoop-mapreduce-client-app/src/test/java/org/apache/hadoop/mapreduce/v2/app/MockJobs.java,75
hadoop,org.apache.hadoop.mapreduce.v2.app,MockJobs.TaskCount,4,0,0,0,22,0,0,0,-1.0,0,1,/Users/eashraf/hadoop/hadoop-mapreduce-project/hadoop-mapreduce-client/hadoop-mapreduce-client-app/src/test/java/org/apache/hadoop/mapreduce/v2/app/MockJobs.java,445
hadoop,org.apache.hadoop.mapreduce.v2.app,TestRuntimeEstimators,34,0,5,2,512,14,0,0,0.4,0,19,/Users/eashraf/hadoop/hadoop-mapreduce-project/hadoop-mapreduce-client/hadoop-mapreduce-client-app/src/test/java/org/apache/hadoop/mapreduce/v2/app/TestRuntimeEstimators.java,83
hadoop,org.apache.hadoop.mapreduce.v2.app,TestRuntimeEstimators.SpeculationRequestEventHandler,0,0,0,0,9,0,0,0,-1.0,0,1,/Users/eashraf/hadoop/hadoop-mapreduce-project/hadoop-mapreduce-client/hadoop-mapreduce-client-app/src/test/java/org/apache/hadoop/mapreduce/v2/app/TestRuntimeEstimators.java,261
hadoop,org.apache.hadoop.mapreduce.v2.app,TestRuntimeEstimators.MyTaskImpl,2,0,0,0,59,0,0,0,-1.0,0,2,/Users/eashraf/hadoop/hadoop-mapreduce-project/hadoop-mapreduce-client/hadoop-mapreduce-client-app/src/test/java/org/apache/hadoop/mapreduce/v2/app/TestRuntimeEstimators.java,283
hadoop,org.apache.hadoop.mapreduce.v2.app,TestRuntimeEstimators.MyJobImpl,4,0,0,0,97,0,0,0,-1.0,0,2,/Users/eashraf/hadoop/hadoop-mapreduce-project/hadoop-mapreduce-client/hadoop-mapreduce-client-app/src/test/java/org/apache/hadoop/mapreduce/v2/app/TestRuntimeEstimators.java,376
hadoop,org.apache.hadoop.mapreduce.v2.app,TestRuntimeEstimators.MyTaskAttemptImpl,4,0,0,0,149,0,0,0,-1.0,0,3,/Users/eashraf/hadoop/hadoop-mapreduce-project/hadoop-mapreduce-client/hadoop-mapreduce-client-app/src/test/java/org/apache/hadoop/mapreduce/v2/app/TestRuntimeEstimators.java,536
hadoop,org.apache.hadoop.mapreduce.v2.app,TestRuntimeEstimators.MockClock,1,0,0,0,12,0,0,0,-1.0,0,0,/Users/eashraf/hadoop/hadoop-mapreduce-project/hadoop-mapreduce-client/hadoop-mapreduce-client-app/src/test/java/org/apache/hadoop/mapreduce/v2/app/TestRuntimeEstimators.java,780
hadoop,org.apache.hadoop.mapreduce.v2.app,TestRuntimeEstimators.MyAppMaster,1,0,0,0,11,0,0,0,-1.0,0,1,/Users/eashraf/hadoop/hadoop-mapreduce-project/hadoop-mapreduce-client/hadoop-mapreduce-client-app/src/test/java/org/apache/hadoop/mapreduce/v2/app/TestRuntimeEstimators.java,796
hadoop,org.apache.hadoop.mapreduce.v2.app,TestRuntimeEstimators.MyAppContext,4,0,0,0,59,0,0,1,-1.0,0,3,/Users/eashraf/hadoop/hadoop-mapreduce-project/hadoop-mapreduce-client/hadoop-mapreduce-client-app/src/test/java/org/apache/hadoop/mapreduce/v2/app/TestRuntimeEstimators.java,808
hadoop,org.apache.hadoop.mapreduce.v2.app,TestMRClientService,2,0,6,4,165,6,0,0,0.0,0,36,/Users/eashraf/hadoop/hadoop-mapreduce-project/hadoop-mapreduce-client/hadoop-mapreduce-client-app/src/test/java/org/apache/hadoop/mapreduce/v2/app/TestMRClientService.java,74
hadoop,org.apache.hadoop.mapreduce.v2.app,TestMRClientService.MRAppWithClientService,1,0,0,0,10,0,0,2,-1.0,0,1,/Users/eashraf/hadoop/hadoop-mapreduce-project/hadoop-mapreduce-client/hadoop-mapreduce-client-app/src/test/java/org/apache/hadoop/mapreduce/v2/app/TestMRClientService.java,299
hadoop,org.apache.hadoop.mapreduce.v2.app,TestKill,4,0,9,8,203,19,0,0,0.5555555555555556,0,18,/Users/eashraf/hadoop/hadoop-mapreduce-project/hadoop-mapreduce-client/hadoop-mapreduce-client-app/src/test/java/org/apache/hadoop/mapreduce/v2/app/TestKill.java,52
hadoop,org.apache.hadoop.mapreduce.v2.app,TestKill.MyAsyncDispatch,2,0,0,0,24,0,0,0,-1.0,0,1,/Users/eashraf/hadoop/hadoop-mapreduce-project/hadoop-mapreduce-client/hadoop-mapreduce-client-app/src/test/java/org/apache/hadoop/mapreduce/v2/app/TestKill.java,217
hadoop,org.apache.hadoop.mapreduce.v2.app,TestKill.BlockingMRApp,1,0,0,0,20,0,0,2,-1.0,0,1,/Users/eashraf/hadoop/hadoop-mapreduce-project/hadoop-mapreduce-client/hadoop-mapreduce-client-app/src/test/java/org/apache/hadoop/mapreduce/v2/app/TestKill.java,354
hadoop,org.apache.hadoop.mapreduce.v2.app,MRAppBenchmark,6,0,10,7,154,23,0,0,0.6,0,19,/Users/eashraf/hadoop/hadoop-mapreduce-project/hadoop-mapreduce-client/hadoop-mapreduce-client-app/src/test/java/org/apache/hadoop/mapreduce/v2/app/MRAppBenchmark.java,60
hadoop,org.apache.hadoop.mapreduce.v2.app,MRAppBenchmark.ThrottledMRApp,5,0,0,0,70,0,0,2,-1.0,0,0,/Users/eashraf/hadoop/hadoop-mapreduce-project/hadoop-mapreduce-client/hadoop-mapreduce-client-app/src/test/java/org/apache/hadoop/mapreduce/v2/app/MRAppBenchmark.java,97
hadoop,org.apache.hadoop.mapreduce.v2.app,MRAppBenchmark.ThrottledContainerAllocator,3,0,0,0,55,0,0,0,-1.0,0,0,/Users/eashraf/hadoop/hadoop-mapreduce-project/hadoop-mapreduce-client/hadoop-mapreduce-client-app/src/test/java/org/apache/hadoop/mapreduce/v2/app/MRAppBenchmark.java,119
hadoop,org.apache.hadoop.mapreduce.v2.app,TestCheckpointPreemptionPolicy,9,0,10,7,166,36,0,0,0.3,0,25,/Users/eashraf/hadoop/hadoop-mapreduce-project/hadoop-mapreduce-client/hadoop-mapreduce-client-app/src/test/java/org/apache/hadoop/mapreduce/v2/app/TestCheckpointPreemptionPolicy.java,63
hadoop,org.apache.hadoop.mapreduce.v2.app,MRApp,19,3,57,45,417,73,14,1,0.7017543859649122,20,54,/Users/eashraf/hadoop/hadoop-mapreduce-project/hadoop-mapreduce-client/hadoop-mapreduce-client-app/src/test/java/org/apache/hadoop/mapreduce/v2/app/MRApp.java,106
hadoop,org.apache.hadoop.mapreduce.v2.app,MRApp.MockContainerLauncher,1,0,0,0,14,0,0,0,-1.0,0,1,/Users/eashraf/hadoop/hadoop-mapreduce-project/hadoop-mapreduce-client/hadoop-mapreduce-client-app/src/test/java/org/apache/hadoop/mapreduce/v2/app/MRApp.java,521
hadoop,org.apache.hadoop.mapreduce.v2.app,MRApp.MRAppContainerAllocator,1,0,0,0,22,0,0,0,-1.0,0,1,/Users/eashraf/hadoop/hadoop-mapreduce-project/hadoop-mapreduce-client/hadoop-mapreduce-client-app/src/test/java/org/apache/hadoop/mapreduce/v2/app/MRApp.java,563
hadoop,org.apache.hadoop.mapreduce.v2.app,MRApp.TestJob,3,0,0,0,12,0,0,0,-1.0,0,4,/Users/eashraf/hadoop/hadoop-mapreduce-project/hadoop-mapreduce-client/hadoop-mapreduce-client-app/src/test/java/org/apache/hadoop/mapreduce/v2/app/MRApp.java,696
hadoop,org.apache.hadoop.mapreduce.v2.app,MRApp.TestInitTransition,2,0,0,0,20,0,0,0,-1.0,0,1,/Users/eashraf/hadoop/hadoop-mapreduce-project/hadoop-mapreduce-client/hadoop-mapreduce-client-app/src/test/java/org/apache/hadoop/mapreduce/v2/app/MRApp.java,736
hadoop,org.apache.hadoop.mapreduce.v2.app,TestKillAMPreemptionPolicy,1,0,3,1,61,5,0,0,0.0,0,16,/Users/eashraf/hadoop/hadoop-mapreduce-project/hadoop-mapreduce-client/hadoop-mapreduce-client-app/src/test/java/org/apache/hadoop/mapreduce/v2/app/TestKillAMPreemptionPolicy.java,51
hadoop,org.apache.hadoop.mapreduce.v2.app,TestMRAppComponentDependencies,3,0,1,1,59,2,0,0,0.0,0,3,/Users/eashraf/hadoop/hadoop-mapreduce-project/hadoop-mapreduce-client/hadoop-mapreduce-client-app/src/test/java/org/apache/hadoop/mapreduce/v2/app/TestMRAppComponentDependencies.java,40
hadoop,org.apache.hadoop.mapreduce.v2.app,TestMRAppComponentDependencies.TestMRApp,3,0,0,0,44,0,0,2,-1.0,0,0,/Users/eashraf/hadoop/hadoop-mapreduce-project/hadoop-mapreduce-client/hadoop-mapreduce-client-app/src/test/java/org/apache/hadoop/mapreduce/v2/app/TestMRAppComponentDependencies.java,61
hadoop,org.apache.hadoop.mapreduce.v2.app,TestMRAppMaster,4,0,11,9,253,16,0,0,0.18181818181818182,0,22,/Users/eashraf/hadoop/hadoop-mapreduce-project/hadoop-mapreduce-client/hadoop-mapreduce-client-app/src/test/java/org/apache/hadoop/mapreduce/v2/app/TestMRAppMaster.java,81
hadoop,org.apache.hadoop.mapreduce.v2.app,TestMRAppMaster.MRAppMasterTest,8,0,0,0,62,0,0,1,-1.0,0,6,/Users/eashraf/hadoop/hadoop-mapreduce-project/hadoop-mapreduce-client/hadoop-mapreduce-client-app/src/test/java/org/apache/hadoop/mapreduce/v2/app/TestMRAppMaster.java,453
hadoop,org.apache.hadoop.mapreduce.v2.app,TestRecovery,7,0,23,17,1055,36,0,0,0.0,0,49,/Users/eashraf/hadoop/hadoop-mapreduce-project/hadoop-mapreduce-client/hadoop-mapreduce-client-app/src/test/java/org/apache/hadoop/mapreduce/v2/app/TestRecovery.java,104
hadoop,org.apache.hadoop.mapreduce.v2.app,TestRecovery.TestFileOutputCommitter,0,0,0,0,12,0,0,0,-1.0,0,0,/Users/eashraf/hadoop/hadoop-mapreduce-project/hadoop-mapreduce-client/hadoop-mapreduce-client-app/src/test/java/org/apache/hadoop/mapreduce/v2/app/TestRecovery.java,428
hadoop,org.apache.hadoop.mapreduce.v2.app,TestRecovery.MRAppWithHistory,0,0,0,0,22,0,0,2,-1.0,0,0,/Users/eashraf/hadoop/hadoop-mapreduce-project/hadoop-mapreduce-client/hadoop-mapreduce-client-app/src/test/java/org/apache/hadoop/mapreduce/v2/app/TestRecovery.java,1925
hadoop,org.apache.hadoop.mapreduce.v2.app,TestRecovery.MRAppNoShuffleSecret,0,0,0,0,7,0,0,0,-1.0,0,0,/Users/eashraf/hadoop/hadoop-mapreduce-project/hadoop-mapreduce-client/hadoop-mapreduce-client-app/src/test/java/org/apache/hadoop/mapreduce/v2/app/TestRecovery.java,1957
hadoop,org.apache.hadoop.mapreduce.v2.app,TestTaskHeartbeatHandler,0,0,1,1,24,1,0,0,-1.0,0,12,/Users/eashraf/hadoop/hadoop-mapreduce-project/hadoop-mapreduce-client/hadoop-mapreduce-client-app/src/test/java/org/apache/hadoop/mapreduce/v2/app/TestTaskHeartbeatHandler.java,41
hadoop,org.apache.hadoop.mapreduce.v2.app,TestStagingCleanup,13,0,11,9,287,13,0,0,0.45454545454545453,0,18,/Users/eashraf/hadoop/hadoop-mapreduce-project/hadoop-mapreduce-client/hadoop-mapreduce-client-app/src/test/java/org/apache/hadoop/mapreduce/v2/app/TestStagingCleanup.java,67
hadoop,org.apache.hadoop.mapreduce.v2.app,TestStagingCleanup.TestMRApp,4,0,0,0,79,0,0,1,-1.0,0,2,/Users/eashraf/hadoop/hadoop-mapreduce-project/hadoop-mapreduce-client/hadoop-mapreduce-client-app/src/test/java/org/apache/hadoop/mapreduce/v2/app/TestStagingCleanup.java,248
hadoop,org.apache.hadoop.mapreduce.v2.app,TestStagingCleanup.CustomContainerAllocator,0,0,0,0,19,0,0,0,-1.0,0,0,/Users/eashraf/hadoop/hadoop-mapreduce-project/hadoop-mapreduce-client/hadoop-mapreduce-client-app/src/test/java/org/apache/hadoop/mapreduce/v2/app/TestStagingCleanup.java,336
hadoop,org.apache.hadoop.mapreduce.v2.app,TestStagingCleanup.MRAppTestCleanup,4,0,0,0,51,0,0,2,-1.0,0,0,/Users/eashraf/hadoop/hadoop-mapreduce-project/hadoop-mapreduce-client/hadoop-mapreduce-client-app/src/test/java/org/apache/hadoop/mapreduce/v2/app/TestStagingCleanup.java,372
hadoop,org.apache.hadoop.mapreduce.v2.app,TestStagingCleanup.TestCleanupContainerAllocator,1,0,0,0,15,0,0,0,-1.0,0,0,/Users/eashraf/hadoop/hadoop-mapreduce-project/hadoop-mapreduce-client/hadoop-mapreduce-client-app/src/test/java/org/apache/hadoop/mapreduce/v2/app/TestStagingCleanup.java,413
hadoop,org.apache.hadoop.mapreduce.v2.app,MockAppContext,7,0,20,20,78,20,0,1,0.65,2,7,/Users/eashraf/hadoop/hadoop-mapreduce-project/hadoop-mapreduce-client/hadoop-mapreduce-client-app/src/test/java/org/apache/hadoop/mapreduce/v2/app/MockAppContext.java,35
hadoop,org.apache.hadoop.mapreduce.v2.app,TestJobEndNotifier,8,4,11,5,225,11,0,1,0.2727272727272727,0,11,/Users/eashraf/hadoop/hadoop-mapreduce-project/hadoop-mapreduce-client/hadoop-mapreduce-client-app/src/test/java/org/apache/hadoop/mapreduce/v2/app/TestJobEndNotifier.java,59
hadoop,org.apache.hadoop.mapreduce.v2.app,TestJobEndNotifier.JobEndServlet,4,4,0,0,19,0,0,0,-1.0,0,0,/Users/eashraf/hadoop/hadoop-mapreduce-project/hadoop-mapreduce-client/hadoop-mapreduce-client-app/src/test/java/org/apache/hadoop/mapreduce/v2/app/TestJobEndNotifier.java,300
hadoop,org.apache.hadoop.mapreduce.v2.app,TestJobEndNotifier.MRAppWithCustomContainerAllocator,3,0,0,0,47,0,0,2,-1.0,0,0,/Users/eashraf/hadoop/hadoop-mapreduce-project/hadoop-mapreduce-client/hadoop-mapreduce-client-app/src/test/java/org/apache/hadoop/mapreduce/v2/app/TestJobEndNotifier.java,326
hadoop,org.apache.hadoop.mapreduce.v2.app,TestJobEndNotifier.CustomContainerAllocator,2,0,0,0,34,0,0,0,-1.0,0,0,/Users/eashraf/hadoop/hadoop-mapreduce-project/hadoop-mapreduce-client/hadoop-mapreduce-client-app/src/test/java/org/apache/hadoop/mapreduce/v2/app/TestJobEndNotifier.java,347
hadoop,org.apache.hadoop.mapreduce.v2.app,TestFetchFailure,0,0,5,3,204,5,0,0,-1.0,0,16,/Users/eashraf/hadoop/hadoop-mapreduce-project/hadoop-mapreduce-client/hadoop-mapreduce-client-app/src/test/java/org/apache/hadoop/mapreduce/v2/app/TestFetchFailure.java,52
hadoop,org.apache.hadoop.mapreduce.v2.app,TestFetchFailure.MRAppWithHistory,0,0,0,0,9,0,0,2,-1.0,0,0,/Users/eashraf/hadoop/hadoop-mapreduce-project/hadoop-mapreduce-client/hadoop-mapreduce-client-app/src/test/java/org/apache/hadoop/mapreduce/v2/app/TestFetchFailure.java,440
hadoop,org.apache.hadoop.mapreduce.v2.app,TestFail,0,0,6,6,183,7,0,0,-1.0,0,11,/Users/eashraf/hadoop/hadoop-mapreduce-project/hadoop-mapreduce-client/hadoop-mapreduce-client-app/src/test/java/org/apache/hadoop/mapreduce/v2/app/TestFail.java,54
hadoop,org.apache.hadoop.mapreduce.v2.app,TestFail.MRAppWithFailingTaskAndUnusedContainer,0,0,0,0,29,0,0,2,-1.0,0,1,/Users/eashraf/hadoop/hadoop-mapreduce-project/hadoop-mapreduce-client/hadoop-mapreduce-client-app/src/test/java/org/apache/hadoop/mapreduce/v2/app/TestFail.java,205
hadoop,org.apache.hadoop.mapreduce.v2.app,TestFail.TimeOutTaskMRApp,0,0,0,0,22,0,0,2,-1.0,0,1,/Users/eashraf/hadoop/hadoop-mapreduce-project/hadoop-mapreduce-client/hadoop-mapreduce-client-app/src/test/java/org/apache/hadoop/mapreduce/v2/app/TestFail.java,246
hadoop,org.apache.hadoop.mapreduce.v2.app,TestFail.MockFirstFailingTaskMRApp,0,0,0,0,13,0,0,2,-1.0,0,1,/Users/eashraf/hadoop/hadoop-mapreduce-project/hadoop-mapreduce-client/hadoop-mapreduce-client-app/src/test/java/org/apache/hadoop/mapreduce/v2/app/TestFail.java,278
hadoop,org.apache.hadoop.mapreduce.v2.app,TestFail.MockFirstFailingAttemptMRApp,0,0,0,0,13,0,0,2,-1.0,0,1,/Users/eashraf/hadoop/hadoop-mapreduce-project/hadoop-mapreduce-client/hadoop-mapreduce-client-app/src/test/java/org/apache/hadoop/mapreduce/v2/app/TestFail.java,300
hadoop,org.apache.hadoop.mapreduce.v2.app,ClusterInfo,1,0,4,4,15,4,0,0,0.0,7,2,/Users/eashraf/hadoop/hadoop-mapreduce-project/hadoop-mapreduce-client/hadoop-mapreduce-client-app/src/main/java/org/apache/hadoop/mapreduce/v2/app/ClusterInfo.java,25
hadoop,org.apache.hadoop.mapreduce.v2.app,JobEndNotifier,10,0,4,3,110,13,1,0,0.0,1,4,/Users/eashraf/hadoop/hadoop-mapreduce-project/hadoop-mapreduce-client/hadoop-mapreduce-client-app/src/main/java/org/apache/hadoop/mapreduce/v2/app/JobEndNotifier.java,35
hadoop,org.apache.hadoop.mapreduce.v2.app,TaskHeartbeatHandler,9,0,7,4,85,9,0,0,0.42857142857142855,3,6,/Users/eashraf/hadoop/hadoop-mapreduce-project/hadoop-mapreduce-client/hadoop-mapreduce-client-app/src/main/java/org/apache/hadoop/mapreduce/v2/app/TaskHeartbeatHandler.java,39
hadoop,org.apache.hadoop.mapreduce.v2.app,TaskHeartbeatHandler.ReportTime,1,0,0,0,12,0,0,0,-1.0,0,0,/Users/eashraf/hadoop/hadoop-mapreduce-project/hadoop-mapreduce-client/hadoop-mapreduce-client-app/src/main/java/org/apache/hadoop/mapreduce/v2/app/TaskHeartbeatHandler.java,48
hadoop,org.apache.hadoop.mapreduce.v2.app,TaskHeartbeatHandler.PingChecker,0,0,0,0,24,0,0,0,-1.0,0,1,/Users/eashraf/hadoop/hadoop-mapreduce-project/hadoop-mapreduce-client/hadoop-mapreduce-client-app/src/main/java/org/apache/hadoop/mapreduce/v2/app/TaskHeartbeatHandler.java,130
hadoop,org.apache.hadoop.mapreduce.v2.app,MRClientSecurityInfo,0,0,4,4,19,5,0,0,-1.0,0,1,/Users/eashraf/hadoop/hadoop-mapreduce-project/hadoop-mapreduce-client/hadoop-mapreduce-client-app/src/main/java/org/apache/hadoop/mapreduce/v2/app/MRClientSecurityInfo.java,32
hadoop,org.apache.hadoop.mapreduce.v2.app,AppContext,0,0,15,0,20,15,3,0,-1.0,77,2,/Users/eashraf/hadoop/hadoop-mapreduce-project/hadoop-mapreduce-client/hadoop-mapreduce-client-app/src/main/java/org/apache/hadoop/mapreduce/v2/app/AppContext.java,34
hadoop,org.apache.hadoop.mapreduce.v2.app,MRAppMaster,53,1,60,27,984,112,3,0,0.05,3,71,/Users/eashraf/hadoop/hadoop-mapreduce-project/hadoop-mapreduce-client/hadoop-mapreduce-client-app/src/main/java/org/apache/hadoop/mapreduce/v2/app/MRAppMaster.java,151
hadoop,org.apache.hadoop.mapreduce.v2.app,MRAppMaster.JobFinishEventHandler,0,0,0,0,10,0,0,0,-1.0,0,0,/Users/eashraf/hadoop/hadoop-mapreduce-project/hadoop-mapreduce-client/hadoop-mapreduce-client-app/src/main/java/org/apache/hadoop/mapreduce/v2/app/MRAppMaster.java,613
hadoop,org.apache.hadoop.mapreduce.v2.app,MRAppMaster.ContainerAllocatorRouter,3,0,0,0,44,0,0,0,-1.0,0,3,/Users/eashraf/hadoop/hadoop-mapreduce-project/hadoop-mapreduce-client/hadoop-mapreduce-client-app/src/main/java/org/apache/hadoop/mapreduce/v2/app/MRAppMaster.java,811
hadoop,org.apache.hadoop.mapreduce.v2.app,MRAppMaster.ContainerLauncherRouter,2,0,0,0,29,0,0,0,-1.0,0,2,/Users/eashraf/hadoop/hadoop-mapreduce-project/hadoop-mapreduce-client/hadoop-mapreduce-client-app/src/main/java/org/apache/hadoop/mapreduce/v2/app/MRAppMaster.java,874
hadoop,org.apache.hadoop.mapreduce.v2.app,MRAppMaster.StagingDirCleaningService,0,0,0,0,19,0,0,0,-1.0,0,0,/Users/eashraf/hadoop/hadoop-mapreduce-project/hadoop-mapreduce-client/hadoop-mapreduce-client-app/src/main/java/org/apache/hadoop/mapreduce/v2/app/MRAppMaster.java,913
hadoop,org.apache.hadoop.mapreduce.v2.app,MRAppMaster.RunningAppContext,4,0,0,0,61,0,0,1,-1.0,0,4,/Users/eashraf/hadoop/hadoop-mapreduce-project/hadoop-mapreduce-client/hadoop-mapreduce-client-app/src/main/java/org/apache/hadoop/mapreduce/v2/app/MRAppMaster.java,934
hadoop,org.apache.hadoop.mapreduce.v2.app,MRAppMaster.JobEventDispatcher,0,0,0,0,5,0,0,0,-1.0,0,0,/Users/eashraf/hadoop/hadoop-mapreduce-project/hadoop-mapreduce-client/hadoop-mapreduce-client-app/src/main/java/org/apache/hadoop/mapreduce/v2/app/MRAppMaster.java,1308
hadoop,org.apache.hadoop.mapreduce.v2.app,MRAppMaster.TaskEventDispatcher,0,0,0,0,6,0,0,0,-1.0,0,0,/Users/eashraf/hadoop/hadoop-mapreduce-project/hadoop-mapreduce-client/hadoop-mapreduce-client-app/src/main/java/org/apache/hadoop/mapreduce/v2/app/MRAppMaster.java,1316
hadoop,org.apache.hadoop.mapreduce.v2.app,MRAppMaster.TaskAttemptEventDispatcher,0,0,0,0,8,0,0,0,-1.0,0,0,/Users/eashraf/hadoop/hadoop-mapreduce-project/hadoop-mapreduce-client/hadoop-mapreduce-client-app/src/main/java/org/apache/hadoop/mapreduce/v2/app/MRAppMaster.java,1326
hadoop,org.apache.hadoop.mapreduce.v2.app,MRAppMaster.SpeculatorEventDispatcher,2,0,0,0,31,0,0,0,-1.0,0,3,/Users/eashraf/hadoop/hadoop-mapreduce-project/hadoop-mapreduce-client/hadoop-mapreduce-client-app/src/main/java/org/apache/hadoop/mapreduce/v2/app/MRAppMaster.java,1338
hadoop,org.apache.hadoop.mapreduce.v2.app,MRAppMaster.NoopEventHandler,0,0,0,0,7,0,0,0,-1.0,0,0,/Users/eashraf/hadoop/hadoop-mapreduce-project/hadoop-mapreduce-client/hadoop-mapreduce-client-app/src/main/java/org/apache/hadoop/mapreduce/v2/app/MRAppMaster.java,1388
hadoop,org.apache.hadoop.mapreduce.v2.app,MRAppMaster.MRAppMasterShutdownHook,1,0,0,0,14,0,0,0,-1.0,0,1,/Users/eashraf/hadoop/hadoop-mapreduce-project/hadoop-mapreduce-client/hadoop-mapreduce-client-app/src/main/java/org/apache/hadoop/mapreduce/v2/app/MRAppMaster.java,1467
hadoop,org.apache.hadoop.mapreduce.v2.app,MRAppMaster.Action,0,0,0,0,6,0,0,0,-1.0,0,0,/Users/eashraf/hadoop/hadoop-mapreduce-project/hadoop-mapreduce-client/hadoop-mapreduce-client-app/src/main/java/org/apache/hadoop/mapreduce/v2/app/MRAppMaster.java,1623
hadoop,org.apache.hadoop.mapreduce.v2.app,MRAppMaster.ExceptionAction,0,0,0,0,3,0,0,0,-1.0,0,0,/Users/eashraf/hadoop/hadoop-mapreduce-project/hadoop-mapreduce-client/hadoop-mapreduce-client-app/src/main/java/org/apache/hadoop/mapreduce/v2/app/MRAppMaster.java,1630
hadoop,org.apache.hadoop.mapreduce.v2.app,TaskAttemptListener,0,0,4,0,24,4,0,0,-1.0,14,3,/Users/eashraf/hadoop/hadoop-mapreduce-project/hadoop-mapreduce-client/hadoop-mapreduce-client-app/src/main/java/org/apache/hadoop/mapreduce/v2/app/TaskAttemptListener.java,27
hadoop,org.apache.hadoop.mapreduce.v2.app.commit,TestCommitterEventHandler,5,0,5,5,183,9,0,0,0.0,0,20,/Users/eashraf/hadoop/hadoop-mapreduce-project/hadoop-mapreduce-client/hadoop-mapreduce-client-app/src/test/java/org/apache/hadoop/mapreduce/v2/app/commit/TestCommitterEventHandler.java,75
hadoop,org.apache.hadoop.mapreduce.v2.app.commit,TestCommitterEventHandler.WaitForItHandler,1,0,0,0,19,0,0,0,-1.0,0,1,/Users/eashraf/hadoop/hadoop-mapreduce-project/hadoop-mapreduce-client/hadoop-mapreduce-client-app/src/test/java/org/apache/hadoop/mapreduce/v2/app/commit/TestCommitterEventHandler.java,76
hadoop,org.apache.hadoop.mapreduce.v2.app.commit,TestCommitterEventHandler.TestingRMHeartbeatHandler,2,0,0,0,20,0,0,0,-1.0,0,0,/Users/eashraf/hadoop/hadoop-mapreduce-project/hadoop-mapreduce-client/hadoop-mapreduce-client-app/src/test/java/org/apache/hadoop/mapreduce/v2/app/commit/TestCommitterEventHandler.java,191
hadoop,org.apache.hadoop.mapreduce.v2.app.commit,TestCommitterEventHandler.TestingJobEventHandler,1,0,0,0,8,0,0,0,-1.0,0,1,/Users/eashraf/hadoop/hadoop-mapreduce-project/hadoop-mapreduce-client/hadoop-mapreduce-client-app/src/test/java/org/apache/hadoop/mapreduce/v2/app/commit/TestCommitterEventHandler.java,220
hadoop,org.apache.hadoop.mapreduce.v2.app.commit,CommitterJobAbortEvent,3,0,4,4,20,4,0,1,0.0,0,4,/Users/eashraf/hadoop/hadoop-mapreduce-project/hadoop-mapreduce-client/hadoop-mapreduce-client-app/src/main/java/org/apache/hadoop/mapreduce/v2/app/commit/CommitterJobAbortEvent.java,25
hadoop,org.apache.hadoop.mapreduce.v2.app.commit,CommitterEventType,0,0,0,0,1,0,0,0,-1.0,7,0,/Users/eashraf/hadoop/hadoop-mapreduce-project/hadoop-mapreduce-client/hadoop-mapreduce-client-app/src/main/java/org/apache/hadoop/mapreduce/v2/app/commit/CommitterEventType.java,21
hadoop,org.apache.hadoop.mapreduce.v2.app.commit,CommitterEvent,0,0,1,1,5,1,4,0,-1.0,2,1,/Users/eashraf/hadoop/hadoop-mapreduce-project/hadoop-mapreduce-client/hadoop-mapreduce-client-app/src/main/java/org/apache/hadoop/mapreduce/v2/app/commit/CommitterEvent.java,23
hadoop,org.apache.hadoop.mapreduce.v2.app.commit,CommitterJobSetupEvent,2,0,3,3,15,3,0,1,0.0,0,3,/Users/eashraf/hadoop/hadoop-mapreduce-project/hadoop-mapreduce-client/hadoop-mapreduce-client-app/src/main/java/org/apache/hadoop/mapreduce/v2/app/commit/CommitterJobSetupEvent.java,24
hadoop,org.apache.hadoop.mapreduce.v2.app.commit,CommitterTaskAbortEvent,2,0,3,3,15,3,0,1,0.0,0,3,/Users/eashraf/hadoop/hadoop-mapreduce-project/hadoop-mapreduce-client/hadoop-mapreduce-client-app/src/main/java/org/apache/hadoop/mapreduce/v2/app/commit/CommitterTaskAbortEvent.java,24
hadoop,org.apache.hadoop.mapreduce.v2.app.commit,CommitterJobCommitEvent,2,0,3,3,15,3,0,1,0.0,0,3,/Users/eashraf/hadoop/hadoop-mapreduce-project/hadoop-mapreduce-client/hadoop-mapreduce-client-app/src/main/java/org/apache/hadoop/mapreduce/v2/app/commit/CommitterJobCommitEvent.java,24
hadoop,org.apache.hadoop.mapreduce.v2.app.commit,CommitterEventHandler,17,0,11,5,224,23,0,0,0.0,3,14,/Users/eashraf/hadoop/hadoop-mapreduce-project/hadoop-mapreduce-client/hadoop-mapreduce-client-app/src/main/java/org/apache/hadoop/mapreduce/v2/app/commit/CommitterEventHandler.java,57
hadoop,org.apache.hadoop.mapreduce.v2.app.commit,CommitterEventHandler.EventProcessor,1,0,0,0,92,0,0,0,-1.0,0,2,/Users/eashraf/hadoop/hadoop-mapreduce-project/hadoop-mapreduce-client/hadoop-mapreduce-client-app/src/main/java/org/apache/hadoop/mapreduce/v2/app/commit/CommitterEventHandler.java,222
hadoop,org.apache.hadoop.mapreduce.v2.app.metrics,TestMRAppMetrics,0,0,2,1,72,2,0,0,-1.0,0,5,/Users/eashraf/hadoop/hadoop-mapreduce-project/hadoop-mapreduce-client/hadoop-mapreduce-client-app/src/test/java/org/apache/hadoop/mapreduce/v2/app/metrics/TestMRAppMetrics.java,32
hadoop,org.apache.hadoop.mapreduce.v2.app.metrics,MRAppMetrics,18,0,18,18,115,34,0,0,0.6666666666666666,9,7,/Users/eashraf/hadoop/hadoop-mapreduce-project/hadoop-mapreduce-client/hadoop-mapreduce-client-app/src/main/java/org/apache/hadoop/mapreduce/v2/app/metrics/MRAppMetrics.java,30
hadoop,org.apache.hadoop.mapreduce.v2.app.launcher,TestContainerLauncher,12,0,4,3,227,10,0,0,0.0,0,33,/Users/eashraf/hadoop/hadoop-mapreduce-project/hadoop-mapreduce-client/hadoop-mapreduce-client-app/src/test/java/org/apache/hadoop/mapreduce/v2/app/launcher/TestContainerLauncher.java,84
hadoop,org.apache.hadoop.mapreduce.v2.app.launcher,TestContainerLauncher.CustomContainerLauncher,6,0,0,0,41,0,0,2,-1.0,0,2,/Users/eashraf/hadoop/hadoop-mapreduce-project/hadoop-mapreduce-client/hadoop-mapreduce-client-app/src/test/java/org/apache/hadoop/mapreduce/v2/app/launcher/TestContainerLauncher.java,296
hadoop,org.apache.hadoop.mapreduce.v2.app.launcher,TestContainerLauncher.CustomEventProcessor,1,0,0,0,22,0,0,2,-1.0,0,2,/Users/eashraf/hadoop/hadoop-mapreduce-project/hadoop-mapreduce-client/hadoop-mapreduce-client-app/src/test/java/org/apache/hadoop/mapreduce/v2/app/launcher/TestContainerLauncher.java,312
hadoop,org.apache.hadoop.mapreduce.v2.app.launcher,TestContainerLauncher.MRAppWithSlowNM,1,0,0,0,20,0,0,0,-1.0,0,1,/Users/eashraf/hadoop/hadoop-mapreduce-project/hadoop-mapreduce-client/hadoop-mapreduce-client-app/src/test/java/org/apache/hadoop/mapreduce/v2/app/launcher/TestContainerLauncher.java,357
hadoop,org.apache.hadoop.mapreduce.v2.app.launcher,TestContainerLauncher.DummyContainerManager,1,0,0,0,30,0,0,0,-1.0,0,3,/Users/eashraf/hadoop/hadoop-mapreduce-project/hadoop-mapreduce-client/hadoop-mapreduce-client-app/src/test/java/org/apache/hadoop/mapreduce/v2/app/launcher/TestContainerLauncher.java,394
hadoop,org.apache.hadoop.mapreduce.v2.app.launcher,TestContainerLauncherImpl,6,0,8,7,250,10,0,0,0.0,0,25,/Users/eashraf/hadoop/hadoop-mapreduce-project/hadoop-mapreduce-client/hadoop-mapreduce-client-app/src/test/java/org/apache/hadoop/mapreduce/v2/app/launcher/TestContainerLauncherImpl.java,73
hadoop,org.apache.hadoop.mapreduce.v2.app.launcher,TestContainerLauncherImpl.ContainerManagementProtocolClient,0,0,0,0,2,0,0,0,-1.0,0,0,/Users/eashraf/hadoop/hadoop-mapreduce-project/hadoop-mapreduce-client/hadoop-mapreduce-client-app/src/test/java/org/apache/hadoop/mapreduce/v2/app/launcher/TestContainerLauncherImpl.java,91
hadoop,org.apache.hadoop.mapreduce.v2.app.launcher,TestContainerLauncherImpl.ContainerLauncherImplUnderTest,1,0,0,0,21,0,0,2,-1.0,0,1,/Users/eashraf/hadoop/hadoop-mapreduce-project/hadoop-mapreduce-client/hadoop-mapreduce-client-app/src/test/java/org/apache/hadoop/mapreduce/v2/app/launcher/TestContainerLauncherImpl.java,95
hadoop,org.apache.hadoop.mapreduce.v2.app.launcher,TestContainerLauncherImpl.ContainerManagerForTest,2,0,0,0,30,0,0,0,-1.0,0,0,/Users/eashraf/hadoop/hadoop-mapreduce-project/hadoop-mapreduce-client/hadoop-mapreduce-client-app/src/test/java/org/apache/hadoop/mapreduce/v2/app/launcher/TestContainerLauncherImpl.java,417
hadoop,org.apache.hadoop.mapreduce.v2.app.launcher,TestContainerLauncherImpl.ContainerException,0,0,0,0,8,0,0,0,-1.0,0,0,/Users/eashraf/hadoop/hadoop-mapreduce-project/hadoop-mapreduce-client/hadoop-mapreduce-client-app/src/test/java/org/apache/hadoop/mapreduce/v2/app/launcher/TestContainerLauncherImpl.java,461
hadoop,org.apache.hadoop.mapreduce.v2.app.launcher,ContainerLauncherImpl,15,0,12,4,232,28,3,1,0.0,3,9,/Users/eashraf/hadoop/hadoop-mapreduce-project/hadoop-mapreduce-client/hadoop-mapreduce-client-app/src/main/java/org/apache/hadoop/mapreduce/v2/app/launcher/ContainerLauncherImpl.java,61
hadoop,org.apache.hadoop.mapreduce.v2.app.launcher,ContainerLauncherImpl.ContainerState,0,0,0,0,1,0,0,0,-1.0,0,0,/Users/eashraf/hadoop/hadoop-mapreduce-project/hadoop-mapreduce-client/hadoop-mapreduce-client-app/src/main/java/org/apache/hadoop/mapreduce/v2/app/launcher/ContainerLauncherImpl.java,102
hadoop,org.apache.hadoop.mapreduce.v2.app.launcher,ContainerLauncherImpl.Container,4,0,0,0,89,0,0,0,-1.0,0,4,/Users/eashraf/hadoop/hadoop-mapreduce-project/hadoop-mapreduce-client/hadoop-mapreduce-client-app/src/main/java/org/apache/hadoop/mapreduce/v2/app/launcher/ContainerLauncherImpl.java,106
hadoop,org.apache.hadoop.mapreduce.v2.app.launcher,ContainerLauncherImpl.EventProcessor,1,0,0,0,22,0,0,0,-1.0,0,1,/Users/eashraf/hadoop/hadoop-mapreduce-project/hadoop-mapreduce-client/hadoop-mapreduce-client-app/src/main/java/org/apache/hadoop/mapreduce/v2/app/launcher/ContainerLauncherImpl.java,345
hadoop,org.apache.hadoop.mapreduce.v2.app.launcher,ContainerLauncher,0,0,0,0,3,0,1,0,-1.0,9,0,/Users/eashraf/hadoop/hadoop-mapreduce-project/hadoop-mapreduce-client/hadoop-mapreduce-client-app/src/main/java/org/apache/hadoop/mapreduce/v2/app/launcher/ContainerLauncher.java,25
hadoop,org.apache.hadoop.mapreduce.v2.app.launcher,ContainerLauncher.EventType,0,0,0,0,1,0,0,0,-1.0,0,0,/Users/eashraf/hadoop/hadoop-mapreduce-project/hadoop-mapreduce-client/hadoop-mapreduce-client-app/src/main/java/org/apache/hadoop/mapreduce/v2/app/launcher/ContainerLauncher.java,28
hadoop,org.apache.hadoop.mapreduce.v2.app.launcher,ContainerRemoteLaunchEvent,3,0,6,6,26,6,0,1,0.5,1,6,/Users/eashraf/hadoop/hadoop-mapreduce-project/hadoop-mapreduce-client/hadoop-mapreduce-client-app/src/main/java/org/apache/hadoop/mapreduce/v2/app/launcher/ContainerRemoteLaunchEvent.java,27
hadoop,org.apache.hadoop.mapreduce.v2.app.launcher,ContainerLauncherEvent,4,0,8,8,60,23,1,0,0.0,9,4,/Users/eashraf/hadoop/hadoop-mapreduce-project/hadoop-mapreduce-client/hadoop-mapreduce-client-app/src/main/java/org/apache/hadoop/mapreduce/v2/app/launcher/ContainerLauncherEvent.java,26
hadoop,org.apache.hadoop.mapreduce.v2.app.webapp,TasksBlockForTest,1,0,4,4,23,5,0,1,0.75,1,1,/Users/eashraf/hadoop/hadoop-mapreduce-project/hadoop-mapreduce-client/hadoop-mapreduce-client-app/src/test/java/org/apache/hadoop/mapreduce/v2/app/webapp/TasksBlockForTest.java,23
hadoop,org.apache.hadoop.mapreduce.v2.app.webapp,ViewForTest,0,0,1,1,7,1,0,0,-1.0,0,0,/Users/eashraf/hadoop/hadoop-mapreduce-project/hadoop-mapreduce-client/hadoop-mapreduce-client-app/src/test/java/org/apache/hadoop/mapreduce/v2/app/webapp/ViewForTest.java,22
hadoop,org.apache.hadoop.mapreduce.v2.app.webapp,TestAMWebServicesJobConf,4,0,10,9,139,18,0,0,0.2,0,12,/Users/eashraf/hadoop/hadoop-mapreduce-project/hadoop-mapreduce-client/hadoop-mapreduce-client-app/src/test/java/org/apache/hadoop/mapreduce/v2/app/webapp/TestAMWebServicesJobConf.java,76
hadoop,org.apache.hadoop.mapreduce.v2.app.webapp,TestAMWebServicesJobConf.GuiceServletConfig,0,0,0,0,5,0,0,0,-1.0,0,0,/Users/eashraf/hadoop/hadoop-mapreduce-project/hadoop-mapreduce-client/hadoop-mapreduce-client-app/src/test/java/org/apache/hadoop/mapreduce/v2/app/webapp/TestAMWebServicesJobConf.java,129
hadoop,org.apache.hadoop.mapreduce.v2.app.webapp,TestAMWebServicesJobs,3,0,34,32,552,70,0,0,0.17647058823529413,0,11,/Users/eashraf/hadoop/hadoop-mapreduce-project/hadoop-mapreduce-client/hadoop-mapreduce-client-app/src/test/java/org/apache/hadoop/mapreduce/v2/app/webapp/TestAMWebServicesJobs.java,71
hadoop,org.apache.hadoop.mapreduce.v2.app.webapp,TestAMWebServicesJobs.GuiceServletConfig,0,0,0,0,5,0,0,0,-1.0,0,0,/Users/eashraf/hadoop/hadoop-mapreduce-project/hadoop-mapreduce-client/hadoop-mapreduce-client-app/src/test/java/org/apache/hadoop/mapreduce/v2/app/webapp/TestAMWebServicesJobs.java,100
hadoop,org.apache.hadoop.mapreduce.v2.app.webapp,TestAMWebServicesAttempts,3,0,27,25,391,72,0,0,0.1111111111111111,0,12,/Users/eashraf/hadoop/hadoop-mapreduce-project/hadoop-mapreduce-client/hadoop-mapreduce-client-app/src/test/java/org/apache/hadoop/mapreduce/v2/app/webapp/TestAMWebServicesAttempts.java,70
hadoop,org.apache.hadoop.mapreduce.v2.app.webapp,TestAMWebServicesAttempts.GuiceServletConfig,0,0,0,0,5,0,0,0,-1.0,0,0,/Users/eashraf/hadoop/hadoop-mapreduce-project/hadoop-mapreduce-client/hadoop-mapreduce-client-app/src/test/java/org/apache/hadoop/mapreduce/v2/app/webapp/TestAMWebServicesAttempts.java,98
hadoop,org.apache.hadoop.mapreduce.v2.app.webapp,TestAMWebApp,1,0,17,15,147,18,0,0,0.5882352941176471,1,28,/Users/eashraf/hadoop/hadoop-mapreduce-project/hadoop-mapreduce-client/hadoop-mapreduce-client-app/src/test/java/org/apache/hadoop/mapreduce/v2/app/webapp/TestAMWebApp.java,65
hadoop,org.apache.hadoop.mapreduce.v2.app.webapp,TestAMWebApp.TestAMFilterInitializer,0,0,0,0,5,0,0,0,-1.0,0,0,/Users/eashraf/hadoop/hadoop-mapreduce-project/hadoop-mapreduce-client/hadoop-mapreduce-client-app/src/test/java/org/apache/hadoop/mapreduce/v2/app/webapp/TestAMWebApp.java,213
hadoop,org.apache.hadoop.mapreduce.v2.app.webapp,AppControllerForTest,7,0,11,9,62,15,0,2,0.5454545454545454,1,4,/Users/eashraf/hadoop/hadoop-mapreduce-project/hadoop-mapreduce-client/hadoop-mapreduce-client-app/src/test/java/org/apache/hadoop/mapreduce/v2/app/webapp/AppControllerForTest.java,36
hadoop,org.apache.hadoop.mapreduce.v2.app.webapp,TestAMWebServices,3,0,21,20,194,24,0,0,0.2857142857142857,0,7,/Users/eashraf/hadoop/hadoop-mapreduce-project/hadoop-mapreduce-client/hadoop-mapreduce-client-app/src/test/java/org/apache/hadoop/mapreduce/v2/app/webapp/TestAMWebServices.java,60
hadoop,org.apache.hadoop.mapreduce.v2.app.webapp,TestAMWebServices.GuiceServletConfig,0,0,0,0,5,0,0,0,-1.0,0,0,/Users/eashraf/hadoop/hadoop-mapreduce-project/hadoop-mapreduce-client/hadoop-mapreduce-client-app/src/test/java/org/apache/hadoop/mapreduce/v2/app/webapp/TestAMWebServices.java,89
hadoop,org.apache.hadoop.mapreduce.v2.app.webapp,TestBlocks,2,0,2,2,88,2,0,0,0.0,0,15,/Users/eashraf/hadoop/hadoop-mapreduce-project/hadoop-mapreduce-client/hadoop-mapreduce-client-app/src/test/java/org/apache/hadoop/mapreduce/v2/app/webapp/TestBlocks.java,49
hadoop,org.apache.hadoop.mapreduce.v2.app.webapp,TestBlocks.ConfBlockForTest,1,0,0,0,13,0,0,1,-1.0,0,0,/Users/eashraf/hadoop/hadoop-mapreduce-project/hadoop-mapreduce-client/hadoop-mapreduce-client-app/src/test/java/org/apache/hadoop/mapreduce/v2/app/webapp/TestBlocks.java,144
hadoop,org.apache.hadoop.mapreduce.v2.app.webapp,TestBlocks.HtmlBlockForTest,0,0,0,0,4,0,0,0,-1.0,0,0,/Users/eashraf/hadoop/hadoop-mapreduce-project/hadoop-mapreduce-client/hadoop-mapreduce-client-app/src/test/java/org/apache/hadoop/mapreduce/v2/app/webapp/TestBlocks.java,163
hadoop,org.apache.hadoop.mapreduce.v2.app.webapp,TestAppController,3,0,14,13,171,14,0,0,0.0,0,23,/Users/eashraf/hadoop/hadoop-mapreduce-project/hadoop-mapreduce-client/hadoop-mapreduce-client-app/src/test/java/org/apache/hadoop/mapreduce/v2/app/webapp/TestAppController.java,43
hadoop,org.apache.hadoop.mapreduce.v2.app.webapp,TestAMWebServicesTasks,3,0,30,29,514,71,0,0,0.1,0,11,/Users/eashraf/hadoop/hadoop-mapreduce-project/hadoop-mapreduce-client/hadoop-mapreduce-client-app/src/test/java/org/apache/hadoop/mapreduce/v2/app/webapp/TestAMWebServicesTasks.java,66
hadoop,org.apache.hadoop.mapreduce.v2.app.webapp,TestAMWebServicesTasks.GuiceServletConfig,0,0,0,0,5,0,0,0,-1.0,0,0,/Users/eashraf/hadoop/hadoop-mapreduce-project/hadoop-mapreduce-client/hadoop-mapreduce-client-app/src/test/java/org/apache/hadoop/mapreduce/v2/app/webapp/TestAMWebServicesTasks.java,94
hadoop,org.apache.hadoop.mapreduce.v2.app.webapp,AppForTest,0,0,3,3,14,3,0,1,-1.0,1,3,/Users/eashraf/hadoop/hadoop-mapreduce-project/hadoop-mapreduce-client/hadoop-mapreduce-client-app/src/test/java/org/apache/hadoop/mapreduce/v2/app/webapp/AppForTest.java,25
hadoop,org.apache.hadoop.mapreduce.v2.app.webapp,InfoPage,0,0,2,0,9,2,0,1,-1.0,1,0,/Users/eashraf/hadoop/hadoop-mapreduce-project/hadoop-mapreduce-client/hadoop-mapreduce-client-app/src/main/java/org/apache/hadoop/mapreduce/v2/app/webapp/InfoPage.java,24
hadoop,org.apache.hadoop.mapreduce.v2.app.webapp,AMParams,9,0,0,0,14,0,2,0,-1.0,4,0,/Users/eashraf/hadoop/hadoop-mapreduce-project/hadoop-mapreduce-client/hadoop-mapreduce-client-app/src/main/java/org/apache/hadoop/mapreduce/v2/app/webapp/AMParams.java,21
hadoop,org.apache.hadoop.mapreduce.v2.app.webapp,TasksBlock,1,0,2,0,49,10,1,0,0.0,0,4,/Users/eashraf/hadoop/hadoop-mapreduce-project/hadoop-mapreduce-client/hadoop-mapreduce-client-app/src/main/java/org/apache/hadoop/mapreduce/v2/app/webapp/TasksBlock.java,40
hadoop,org.apache.hadoop.mapreduce.v2.app.webapp,JAXBContextResolver,3,0,2,2,12,2,0,0,0.0,6,0,/Users/eashraf/hadoop/hadoop-mapreduce-project/hadoop-mapreduce-client/hadoop-mapreduce-client-app/src/main/java/org/apache/hadoop/mapreduce/v2/app/webapp/JAXBContextResolver.java,54
hadoop,org.apache.hadoop.mapreduce.v2.app.webapp,TasksPage,0,0,3,0,15,3,0,1,-1.0,2,0,/Users/eashraf/hadoop/hadoop-mapreduce-project/hadoop-mapreduce-client/hadoop-mapreduce-client-app/src/main/java/org/apache/hadoop/mapreduce/v2/app/webapp/TasksPage.java,25
hadoop,org.apache.hadoop.mapreduce.v2.app.webapp,SingleCounterBlock,3,0,3,0,90,19,0,0,0.0,0,9,/Users/eashraf/hadoop/hadoop-mapreduce-project/hadoop-mapreduce-client/hadoop-mapreduce-client-app/src/main/java/org/apache/hadoop/mapreduce/v2/app/webapp/SingleCounterBlock.java,50
hadoop,org.apache.hadoop.mapreduce.v2.app.webapp,TaskPage,1,0,3,0,48,3,2,1,0.6666666666666666,4,1,/Users/eashraf/hadoop/hadoop-mapreduce-project/hadoop-mapreduce-client/hadoop-mapreduce-client-app/src/main/java/org/apache/hadoop/mapreduce/v2/app/webapp/TaskPage.java,42
hadoop,org.apache.hadoop.mapreduce.v2.app.webapp,TaskPage.AttemptsBlock,1,0,0,0,33,0,0,0,-1.0,0,1,/Users/eashraf/hadoop/hadoop-mapreduce-project/hadoop-mapreduce-client/hadoop-mapreduce-client-app/src/main/java/org/apache/hadoop/mapreduce/v2/app/webapp/TaskPage.java,44
hadoop,org.apache.hadoop.mapreduce.v2.app.webapp,AppController,3,0,26,13,327,44,1,1,0.07692307692307693,3,15,/Users/eashraf/hadoop/hadoop-mapreduce-project/hadoop-mapreduce-client/hadoop-mapreduce-client-app/src/main/java/org/apache/hadoop/mapreduce/v2/app/webapp/AppController.java,49
hadoop,org.apache.hadoop.mapreduce.v2.app.webapp,SingleCounterPage,0,0,3,0,30,4,0,1,-1.0,2,0,/Users/eashraf/hadoop/hadoop-mapreduce-project/hadoop-mapreduce-client/hadoop-mapreduce-client-app/src/main/java/org/apache/hadoop/mapreduce/v2/app/webapp/SingleCounterPage.java,27
hadoop,org.apache.hadoop.mapreduce.v2.app.webapp,AMWebServices,3,0,21,18,242,40,0,0,0.0,7,18,/Users/eashraf/hadoop/hadoop-mapreduce-project/hadoop-mapreduce-client/hadoop-mapreduce-client-app/src/main/java/org/apache/hadoop/mapreduce/v2/app/webapp/AMWebServices.java,68
hadoop,org.apache.hadoop.mapreduce.v2.app.webapp,CountersBlock,5,0,4,0,125,26,0,0,0.0,0,9,/Users/eashraf/hadoop/hadoop-mapreduce-project/hadoop-mapreduce-client/hadoop-mapreduce-client-app/src/main/java/org/apache/hadoop/mapreduce/v2/app/webapp/CountersBlock.java,48
hadoop,org.apache.hadoop.mapreduce.v2.app.webapp,AMWebApp,0,0,1,1,21,1,0,1,-1.0,0,4,/Users/eashraf/hadoop/hadoop-mapreduce-project/hadoop-mapreduce-client/hadoop-mapreduce-client-app/src/main/java/org/apache/hadoop/mapreduce/v2/app/webapp/AMWebApp.java,26
hadoop,org.apache.hadoop.mapreduce.v2.app.webapp,JobConfPage,0,0,4,0,34,4,0,1,-1.0,2,0,/Users/eashraf/hadoop/hadoop-mapreduce-project/hadoop-mapreduce-client/hadoop-mapreduce-client-app/src/main/java/org/apache/hadoop/mapreduce/v2/app/webapp/JobConfPage.java,33
hadoop,org.apache.hadoop.mapreduce.v2.app.webapp,AttemptsPage,0,0,1,0,29,1,0,2,-1.0,1,1,/Users/eashraf/hadoop/hadoop-mapreduce-project/hadoop-mapreduce-client/hadoop-mapreduce-client-app/src/main/java/org/apache/hadoop/mapreduce/v2/app/webapp/AttemptsPage.java,40
hadoop,org.apache.hadoop.mapreduce.v2.app.webapp,AttemptsPage.FewAttemptsBlock,0,0,0,0,24,0,0,2,-1.0,0,1,/Users/eashraf/hadoop/hadoop-mapreduce-project/hadoop-mapreduce-client/hadoop-mapreduce-client-app/src/main/java/org/apache/hadoop/mapreduce/v2/app/webapp/AttemptsPage.java,41
hadoop,org.apache.hadoop.mapreduce.v2.app.webapp,CountersPage,0,0,3,0,19,4,0,1,-1.0,2,0,/Users/eashraf/hadoop/hadoop-mapreduce-project/hadoop-mapreduce-client/hadoop-mapreduce-client-app/src/main/java/org/apache/hadoop/mapreduce/v2/app/webapp/CountersPage.java,26
hadoop,org.apache.hadoop.mapreduce.v2.app.webapp,JobPage,0,0,2,0,11,2,0,1,-1.0,2,0,/Users/eashraf/hadoop/hadoop-mapreduce-project/hadoop-mapreduce-client/hadoop-mapreduce-client-app/src/main/java/org/apache/hadoop/mapreduce/v2/app/webapp/JobPage.java,28
hadoop,org.apache.hadoop.mapreduce.v2.app.webapp,App,3,0,5,2,20,5,1,0,0.6,17,3,/Users/eashraf/hadoop/hadoop-mapreduce-project/hadoop-mapreduce-client/hadoop-mapreduce-client-app/src/main/java/org/apache/hadoop/mapreduce/v2/app/webapp/App.java,28
hadoop,org.apache.hadoop.mapreduce.v2.app.webapp,JobBlock,1,0,2,0,33,5,0,0,0.0,0,9,/Users/eashraf/hadoop/hadoop-mapreduce-project/hadoop-mapreduce-client/hadoop-mapreduce-client-app/src/main/java/org/apache/hadoop/mapreduce/v2/app/webapp/JobBlock.java,52
hadoop,org.apache.hadoop.mapreduce.v2.app.webapp,AppView,0,0,5,0,21,5,7,0,-1.0,1,0,/Users/eashraf/hadoop/hadoop-mapreduce-project/hadoop-mapreduce-client/hadoop-mapreduce-client-app/src/main/java/org/apache/hadoop/mapreduce/v2/app/webapp/AppView.java,26
hadoop,org.apache.hadoop.mapreduce.v2.app.webapp,NavBlock,1,0,2,0,22,4,0,0,0.0,0,4,/Users/eashraf/hadoop/hadoop-mapreduce-project/hadoop-mapreduce-client/hadoop-mapreduce-client-app/src/main/java/org/apache/hadoop/mapreduce/v2/app/webapp/NavBlock.java,34
hadoop,org.apache.hadoop.mapreduce.v2.app.webapp,ConfBlock,1,0,2,0,46,7,1,0,0.0,0,6,/Users/eashraf/hadoop/hadoop-mapreduce-project/hadoop-mapreduce-client/hadoop-mapreduce-client-app/src/main/java/org/apache/hadoop/mapreduce/v2/app/webapp/ConfBlock.java,41
hadoop,org.apache.hadoop.mapreduce.v2.app.webapp,JobsBlock,1,0,2,0,14,3,0,0,0.0,0,2,/Users/eashraf/hadoop/hadoop-mapreduce-project/hadoop-mapreduce-client/hadoop-mapreduce-client-app/src/main/java/org/apache/hadoop/mapreduce/v2/app/webapp/JobsBlock.java,35
hadoop,org.apache.hadoop.mapreduce.v2.app.local,TestLocalContainerAllocator,0,0,1,1,66,1,0,0,-1.0,0,3,/Users/eashraf/hadoop/hadoop-mapreduce-project/hadoop-mapreduce-client/hadoop-mapreduce-client-app/src/test/java/org/apache/hadoop/mapreduce/v2/app/local/TestLocalContainerAllocator.java,45
hadoop,org.apache.hadoop.mapreduce.v2.app.local,TestLocalContainerAllocator.StubbedLocalContainerAllocator,0,0,0,0,36,0,0,1,-1.0,0,0,/Users/eashraf/hadoop/hadoop-mapreduce-project/hadoop-mapreduce-client/hadoop-mapreduce-client-app/src/test/java/org/apache/hadoop/mapreduce/v2/app/local/TestLocalContainerAllocator.java,79
hadoop,org.apache.hadoop.mapreduce.v2.app.local,LocalContainerAllocator,10,0,4,2,71,7,1,0,0.0,1,16,/Users/eashraf/hadoop/hadoop-mapreduce-project/hadoop-mapreduce-client/hadoop-mapreduce-client-app/src/main/java/org/apache/hadoop/mapreduce/v2/app/local/LocalContainerAllocator.java,50
hadoop,org.apache.hadoop.mapreduce.v2.app.speculate,TestDataStatistics,1,0,4,4,40,4,0,0,0.0,0,1,/Users/eashraf/hadoop/hadoop-mapreduce-project/hadoop-mapreduce-client/hadoop-mapreduce-client-app/src/test/java/org/apache/hadoop/mapreduce/v2/app/speculate/TestDataStatistics.java,24
hadoop,org.apache.hadoop.mapreduce.v2.app.speculate,LegacyTaskRuntimeEstimator,2,0,4,3,71,16,0,2,0.0,1,7,/Users/eashraf/hadoop/hadoop-mapreduce-project/hadoop-mapreduce-client/hadoop-mapreduce-client-app/src/main/java/org/apache/hadoop/mapreduce/v2/app/speculate/LegacyTaskRuntimeEstimator.java,37
hadoop,org.apache.hadoop.mapreduce.v2.app.speculate,ExponentiallySmoothedTaskRuntimeEstimator,6,0,8,5,100,17,0,2,0.375,0,4,/Users/eashraf/hadoop/hadoop-mapreduce-project/hadoop-mapreduce-client/hadoop-mapreduce-client-app/src/main/java/org/apache/hadoop/mapreduce/v2/app/speculate/ExponentiallySmoothedTaskRuntimeEstimator.java,31
hadoop,org.apache.hadoop.mapreduce.v2.app.speculate,ExponentiallySmoothedTaskRuntimeEstimator.SmoothedValue,0,0,0,0,1,0,0,0,-1.0,0,0,/Users/eashraf/hadoop/hadoop-mapreduce-project/hadoop-mapreduce-client/hadoop-mapreduce-client-app/src/main/java/org/apache/hadoop/mapreduce/v2/app/speculate/ExponentiallySmoothedTaskRuntimeEstimator.java,45
hadoop,org.apache.hadoop.mapreduce.v2.app.speculate,ExponentiallySmoothedTaskRuntimeEstimator.EstimateVector,3,0,0,0,21,0,0,0,-1.0,0,0,/Users/eashraf/hadoop/hadoop-mapreduce-project/hadoop-mapreduce-client/hadoop-mapreduce-client-app/src/main/java/org/apache/hadoop/mapreduce/v2/app/speculate/ExponentiallySmoothedTaskRuntimeEstimator.java,61
hadoop,org.apache.hadoop.mapreduce.v2.app.speculate,TaskRuntimeEstimator,0,0,8,8,30,8,2,0,-1.0,3,4,/Users/eashraf/hadoop/hadoop-mapreduce-project/hadoop-mapreduce-client/hadoop-mapreduce-client-app/src/main/java/org/apache/hadoop/mapreduce/v2/app/speculate/TaskRuntimeEstimator.java,29
hadoop,org.apache.hadoop.mapreduce.v2.app.speculate,NullTaskRuntimesEngine,0,0,8,8,23,8,0,1,-1.0,0,4,/Users/eashraf/hadoop/hadoop-mapreduce-project/hadoop-mapreduce-client/hadoop-mapreduce-client-app/src/main/java/org/apache/hadoop/mapreduce/v2/app/speculate/NullTaskRuntimesEngine.java,32
hadoop,org.apache.hadoop.mapreduce.v2.app.speculate,DataStatistics,3,0,10,10,46,12,0,0,0.2,2,0,/Users/eashraf/hadoop/hadoop-mapreduce-project/hadoop-mapreduce-client/hadoop-mapreduce-client-app/src/main/java/org/apache/hadoop/mapreduce/v2/app/speculate/DataStatistics.java,20
hadoop,org.apache.hadoop.mapreduce.v2.app.speculate,SpeculatorEvent,4,0,8,8,37,8,0,0,0.25,2,4,/Users/eashraf/hadoop/hadoop-mapreduce-project/hadoop-mapreduce-client/hadoop-mapreduce-client-app/src/main/java/org/apache/hadoop/mapreduce/v2/app/speculate/SpeculatorEvent.java,27
hadoop,org.apache.hadoop.mapreduce.v2.app.speculate,DefaultSpeculator,30,0,25,13,353,62,0,1,0.08,2,16,/Users/eashraf/hadoop/hadoop-mapreduce-project/hadoop-mapreduce-client/hadoop-mapreduce-client-app/src/main/java/org/apache/hadoop/mapreduce/v2/app/speculate/DefaultSpeculator.java,56
hadoop,org.apache.hadoop.mapreduce.v2.app.speculate,DefaultSpeculator.TaskAttemptHistoryStatistics,3,0,0,0,34,0,0,0,-1.0,0,0,/Users/eashraf/hadoop/hadoop-mapreduce-project/hadoop-mapreduce-client/hadoop-mapreduce-client-app/src/main/java/org/apache/hadoop/mapreduce/v2/app/speculate/DefaultSpeculator.java,559
hadoop,org.apache.hadoop.mapreduce.v2.app.speculate,StartEndTimesBase,8,0,7,6,94,19,2,1,0.0,0,12,/Users/eashraf/hadoop/hadoop-mapreduce-project/hadoop-mapreduce-client/hadoop-mapreduce-client-app/src/main/java/org/apache/hadoop/mapreduce/v2/app/speculate/StartEndTimesBase.java,40
hadoop,org.apache.hadoop.mapreduce.v2.app.speculate,Speculator,0,0,1,1,7,1,1,0,-1.0,3,0,/Users/eashraf/hadoop/hadoop-mapreduce-project/hadoop-mapreduce-client/hadoop-mapreduce-client-app/src/main/java/org/apache/hadoop/mapreduce/v2/app/speculate/Speculator.java,24
hadoop,org.apache.hadoop.mapreduce.v2.app.speculate,Speculator.EventType,0,0,0,0,1,0,0,0,-1.0,0,0,/Users/eashraf/hadoop/hadoop-mapreduce-project/hadoop-mapreduce-client/hadoop-mapreduce-client-app/src/main/java/org/apache/hadoop/mapreduce/v2/app/speculate/Speculator.java,35
hadoop,org.apache.hadoop.mapreduce.v2.app.speculate,TaskSpeculationPredicate,0,0,1,0,8,1,0,0,-1.0,0,5,/Users/eashraf/hadoop/hadoop-mapreduce-project/hadoop-mapreduce-client/hadoop-mapreduce-client-app/src/main/java/org/apache/hadoop/mapreduce/v2/app/speculate/TaskSpeculationPredicate.java,28
hadoop,org.apache.hadoop.mapreduce.v2.app.job.impl,TestTaskAttemptContainerRequest,0,0,1,1,44,2,0,0,-1.0,0,22,/Users/eashraf/hadoop/hadoop-mapreduce-project/hadoop-mapreduce-client/hadoop-mapreduce-client-app/src/test/java/org/apache/hadoop/mapreduce/v2/app/job/impl/TestTaskAttemptContainerRequest.java,62
hadoop,org.apache.hadoop.mapreduce.v2.app.job.impl,TestTaskAttemptContainerRequest.StubbedFS,0,0,0,0,5,0,0,0,-1.0,0,0,/Users/eashraf/hadoop/hadoop-mapreduce-project/hadoop-mapreduce-client/hadoop-mapreduce-client-app/src/test/java/org/apache/hadoop/mapreduce/v2/app/job/impl/TestTaskAttemptContainerRequest.java,142
hadoop,org.apache.hadoop.mapreduce.v2.app.job.impl,TestTaskImpl,26,0,44,23,444,46,0,0,0.06818181818181818,0,25,/Users/eashraf/hadoop/hadoop-mapreduce-project/hadoop-mapreduce-client/hadoop-mapreduce-client-app/src/test/java/org/apache/hadoop/mapreduce/v2/app/job/impl/TestTaskImpl.java,69
hadoop,org.apache.hadoop.mapreduce.v2.app.job.impl,TestTaskImpl.MockTaskImpl,2,0,0,0,23,0,0,1,-1.0,0,1,/Users/eashraf/hadoop/hadoop-mapreduce-project/hadoop-mapreduce-client/hadoop-mapreduce-client-app/src/test/java/org/apache/hadoop/mapreduce/v2/app/job/impl/TestTaskImpl.java,95
hadoop,org.apache.hadoop.mapreduce.v2.app.job.impl,TestTaskImpl.MockTaskAttemptImpl,4,0,0,0,34,0,0,1,-1.0,0,4,/Users/eashraf/hadoop/hadoop-mapreduce-project/hadoop-mapreduce-client/hadoop-mapreduce-client-app/src/test/java/org/apache/hadoop/mapreduce/v2/app/job/impl/TestTaskImpl.java,139
hadoop,org.apache.hadoop.mapreduce.v2.app.job.impl,TestTaskImpl.MockTask,1,0,0,0,12,0,0,0,-1.0,0,1,/Users/eashraf/hadoop/hadoop-mapreduce-project/hadoop-mapreduce-client/hadoop-mapreduce-client-app/src/test/java/org/apache/hadoop/mapreduce/v2/app/job/impl/TestTaskImpl.java,191
hadoop,org.apache.hadoop.mapreduce.v2.app.job.impl,TestTaskAttempt,1,1,20,17,582,23,0,0,0.3,0,42,/Users/eashraf/hadoop/hadoop-mapreduce-project/hadoop-mapreduce-client/hadoop-mapreduce-client-app/src/test/java/org/apache/hadoop/mapreduce/v2/app/job/impl/TestTaskAttempt.java,93
hadoop,org.apache.hadoop.mapreduce.v2.app.job.impl,TestTaskAttempt.StubbedFS,0,0,0,0,5,0,0,0,-1.0,0,0,/Users/eashraf/hadoop/hadoop-mapreduce-project/hadoop-mapreduce-client/hadoop-mapreduce-client-app/src/test/java/org/apache/hadoop/mapreduce/v2/app/job/impl/TestTaskAttempt.java,96
hadoop,org.apache.hadoop.mapreduce.v2.app.job.impl,TestTaskAttempt.FailingAttemptsMRApp,0,0,0,0,20,0,0,0,-1.0,0,1,/Users/eashraf/hadoop/hadoop-mapreduce-project/hadoop-mapreduce-client/hadoop-mapreduce-client-app/src/test/java/org/apache/hadoop/mapreduce/v2/app/job/impl/TestTaskAttempt.java,302
hadoop,org.apache.hadoop.mapreduce.v2.app.job.impl,TestTaskAttempt.MockEventHandler,1,1,0,0,11,0,0,0,-1.0,0,1,/Users/eashraf/hadoop/hadoop-mapreduce-project/hadoop-mapreduce-client/hadoop-mapreduce-client-app/src/test/java/org/apache/hadoop/mapreduce/v2/app/job/impl/TestTaskAttempt.java,970
hadoop,org.apache.hadoop.mapreduce.v2.app.job.impl,TestMapReduceChildJVM,3,0,9,7,152,14,0,0,0.0,0,8,/Users/eashraf/hadoop/hadoop-mapreduce-project/hadoop-mapreduce-client/hadoop-mapreduce-client-app/src/test/java/org/apache/hadoop/mapreduce/v2/app/job/impl/TestMapReduceChildJVM.java,44
hadoop,org.apache.hadoop.mapreduce.v2.app.job.impl,TestMapReduceChildJVM.MyMRApp,2,0,0,0,23,0,0,0,-1.0,0,0,/Users/eashraf/hadoop/hadoop-mapreduce-project/hadoop-mapreduce-client/hadoop-mapreduce-client-app/src/test/java/org/apache/hadoop/mapreduce/v2/app/job/impl/TestMapReduceChildJVM.java,249
hadoop,org.apache.hadoop.mapreduce.v2.app.job.impl,TestJobImpl,13,0,35,26,695,52,0,0,0.2857142857142857,0,39,/Users/eashraf/hadoop/hadoop-mapreduce-project/hadoop-mapreduce-client/hadoop-mapreduce-client-app/src/test/java/org/apache/hadoop/mapreduce/v2/app/job/impl/TestJobImpl.java,97
hadoop,org.apache.hadoop.mapreduce.v2.app.job.impl,TestJobImpl.JobSubmittedEventHandler,6,0,0,0,57,0,0,0,-1.0,0,0,/Users/eashraf/hadoop/hadoop-mapreduce-project/hadoop-mapreduce-client/hadoop-mapreduce-client-app/src/test/java/org/apache/hadoop/mapreduce/v2/app/job/impl/TestJobImpl.java,858
hadoop,org.apache.hadoop.mapreduce.v2.app.job.impl,TestJobImpl.StubbedJob,3,0,0,0,14,0,0,1,-1.0,0,4,/Users/eashraf/hadoop/hadoop-mapreduce-project/hadoop-mapreduce-client/hadoop-mapreduce-client-app/src/test/java/org/apache/hadoop/mapreduce/v2/app/job/impl/TestJobImpl.java,932
hadoop,org.apache.hadoop.mapreduce.v2.app.job.impl,TestJobImpl.StubbedOutputCommitter,0,0,0,0,16,0,0,0,-1.0,0,0,/Users/eashraf/hadoop/hadoop-mapreduce-project/hadoop-mapreduce-client/hadoop-mapreduce-client-app/src/test/java/org/apache/hadoop/mapreduce/v2/app/job/impl/TestJobImpl.java,968
hadoop,org.apache.hadoop.mapreduce.v2.app.job.impl,TestJobImpl.TestingOutputCommitter,2,0,0,0,21,0,0,0,-1.0,0,0,/Users/eashraf/hadoop/hadoop-mapreduce-project/hadoop-mapreduce-client/hadoop-mapreduce-client-app/src/test/java/org/apache/hadoop/mapreduce/v2/app/job/impl/TestJobImpl.java,997
hadoop,org.apache.hadoop.mapreduce.v2.app.job.impl,TestJobImpl.WaitingOutputCommitter,0,0,0,0,24,0,0,0,-1.0,0,0,/Users/eashraf/hadoop/hadoop-mapreduce-project/hadoop-mapreduce-client/hadoop-mapreduce-client-app/src/test/java/org/apache/hadoop/mapreduce/v2/app/job/impl/TestJobImpl.java,1022
hadoop,org.apache.hadoop.mapreduce.v2.app.job.impl,TestShuffleProvider,2,2,1,1,63,1,0,0,0.0,0,18,/Users/eashraf/hadoop/hadoop-mapreduce-project/hadoop-mapreduce-client/hadoop-mapreduce-client-app/src/test/java/org/apache/hadoop/mapreduce/v2/app/job/impl/TestShuffleProvider.java,60
hadoop,org.apache.hadoop.mapreduce.v2.app.job.impl,TestShuffleProvider.StubbedFS,0,0,0,0,5,0,0,0,-1.0,0,0,/Users/eashraf/hadoop/hadoop-mapreduce-project/hadoop-mapreduce-client/hadoop-mapreduce-client-app/src/test/java/org/apache/hadoop/mapreduce/v2/app/job/impl/TestShuffleProvider.java,119
hadoop,org.apache.hadoop.mapreduce.v2.app.job.impl,TestShuffleProvider.TestShuffleHandler1,1,1,0,0,13,0,0,0,-1.0,0,0,/Users/eashraf/hadoop/hadoop-mapreduce-project/hadoop-mapreduce-client/hadoop-mapreduce-client-app/src/test/java/org/apache/hadoop/mapreduce/v2/app/job/impl/TestShuffleProvider.java,126
hadoop,org.apache.hadoop.mapreduce.v2.app.job.impl,TestShuffleProvider.TestShuffleHandler2,1,1,0,0,13,0,0,0,-1.0,0,0,/Users/eashraf/hadoop/hadoop-mapreduce-project/hadoop-mapreduce-client/hadoop-mapreduce-client-app/src/test/java/org/apache/hadoop/mapreduce/v2/app/job/impl/TestShuffleProvider.java,143
hadoop,org.apache.hadoop.mapreduce.v2.app.job.impl,JobImpl,90,3,54,33,1106,118,1,0,0.0,13,50,/Users/eashraf/hadoop/hadoop-mapreduce-project/hadoop-mapreduce-client/hadoop-mapreduce-client-app/src/main/java/org/apache/hadoop/mapreduce/v2/app/job/impl/JobImpl.java,135
hadoop,org.apache.hadoop.mapreduce.v2.app.job.impl,JobImpl.InitTransition,0,0,0,0,105,0,0,0,-1.0,0,2,/Users/eashraf/hadoop/hadoop-mapreduce-project/hadoop-mapreduce-client/hadoop-mapreduce-client-app/src/main/java/org/apache/hadoop/mapreduce/v2/app/job/impl/JobImpl.java,1390
hadoop,org.apache.hadoop.mapreduce.v2.app.job.impl,JobImpl.InitFailedTransition,0,0,0,0,5,0,0,0,-1.0,0,1,/Users/eashraf/hadoop/hadoop-mapreduce-project/hadoop-mapreduce-client/hadoop-mapreduce-client-app/src/main/java/org/apache/hadoop/mapreduce/v2/app/job/impl/JobImpl.java,1582
hadoop,org.apache.hadoop.mapreduce.v2.app.job.impl,JobImpl.SetupCompletedTransition,0,0,0,0,10,0,0,0,-1.0,0,1,/Users/eashraf/hadoop/hadoop-mapreduce-project/hadoop-mapreduce-client/hadoop-mapreduce-client-app/src/main/java/org/apache/hadoop/mapreduce/v2/app/job/impl/JobImpl.java,1592
hadoop,org.apache.hadoop.mapreduce.v2.app.job.impl,JobImpl.SetupFailedTransition,0,0,0,0,7,0,0,0,-1.0,0,1,/Users/eashraf/hadoop/hadoop-mapreduce-project/hadoop-mapreduce-client/hadoop-mapreduce-client-app/src/main/java/org/apache/hadoop/mapreduce/v2/app/job/impl/JobImpl.java,1608
hadoop,org.apache.hadoop.mapreduce.v2.app.job.impl,JobImpl.StartTransition,0,0,0,0,20,0,0,0,-1.0,0,0,/Users/eashraf/hadoop/hadoop-mapreduce-project/hadoop-mapreduce-client/hadoop-mapreduce-client-app/src/main/java/org/apache/hadoop/mapreduce/v2/app/job/impl/JobImpl.java,1621
hadoop,org.apache.hadoop.mapreduce.v2.app.job.impl,JobImpl.JobAbortCompletedTransition,0,0,0,0,6,0,0,0,-1.0,0,0,/Users/eashraf/hadoop/hadoop-mapreduce-project/hadoop-mapreduce-client/hadoop-mapreduce-client-app/src/main/java/org/apache/hadoop/mapreduce/v2/app/job/impl/JobImpl.java,1667
hadoop,org.apache.hadoop.mapreduce.v2.app.job.impl,JobImpl.JobFailWaitTransition,0,0,0,0,14,0,0,0,-1.0,0,2,/Users/eashraf/hadoop/hadoop-mapreduce-project/hadoop-mapreduce-client/hadoop-mapreduce-client-app/src/main/java/org/apache/hadoop/mapreduce/v2/app/job/impl/JobImpl.java,1679
hadoop,org.apache.hadoop.mapreduce.v2.app.job.impl,JobImpl.JobFailWaitTimedOutTransition,0,0,0,0,7,0,0,0,-1.0,0,1,/Users/eashraf/hadoop/hadoop-mapreduce-project/hadoop-mapreduce-client/hadoop-mapreduce-client-app/src/main/java/org/apache/hadoop/mapreduce/v2/app/job/impl/JobImpl.java,1701
hadoop,org.apache.hadoop.mapreduce.v2.app.job.impl,JobImpl.KillNewJobTransition,0,0,0,0,8,0,0,0,-1.0,0,1,/Users/eashraf/hadoop/hadoop-mapreduce-project/hadoop-mapreduce-client/hadoop-mapreduce-client-app/src/main/java/org/apache/hadoop/mapreduce/v2/app/job/impl/JobImpl.java,1766
hadoop,org.apache.hadoop.mapreduce.v2.app.job.impl,JobImpl.KillInitedJobTransition,0,0,0,0,6,0,0,0,-1.0,0,1,/Users/eashraf/hadoop/hadoop-mapreduce-project/hadoop-mapreduce-client/hadoop-mapreduce-client-app/src/main/java/org/apache/hadoop/mapreduce/v2/app/job/impl/JobImpl.java,1780
hadoop,org.apache.hadoop.mapreduce.v2.app.job.impl,JobImpl.KilledDuringSetupTransition,0,0,0,0,7,0,0,0,-1.0,0,1,/Users/eashraf/hadoop/hadoop-mapreduce-project/hadoop-mapreduce-client/hadoop-mapreduce-client-app/src/main/java/org/apache/hadoop/mapreduce/v2/app/job/impl/JobImpl.java,1791
hadoop,org.apache.hadoop.mapreduce.v2.app.job.impl,JobImpl.KillTasksTransition,0,0,0,0,9,0,0,0,-1.0,0,1,/Users/eashraf/hadoop/hadoop-mapreduce-project/hadoop-mapreduce-client/hadoop-mapreduce-client-app/src/main/java/org/apache/hadoop/mapreduce/v2/app/job/impl/JobImpl.java,1803
hadoop,org.apache.hadoop.mapreduce.v2.app.job.impl,JobImpl.TaskAttemptCompletedEventTransition,0,0,0,0,38,0,0,0,-1.0,0,3,/Users/eashraf/hadoop/hadoop-mapreduce-project/hadoop-mapreduce-client/hadoop-mapreduce-client-app/src/main/java/org/apache/hadoop/mapreduce/v2/app/job/impl/JobImpl.java,1816
hadoop,org.apache.hadoop.mapreduce.v2.app.job.impl,JobImpl.TaskAttemptFetchFailureTransition,0,0,0,0,28,0,0,0,-1.0,0,3,/Users/eashraf/hadoop/hadoop-mapreduce-project/hadoop-mapreduce-client/hadoop-mapreduce-client-app/src/main/java/org/apache/hadoop/mapreduce/v2/app/job/impl/JobImpl.java,1883
hadoop,org.apache.hadoop.mapreduce.v2.app.job.impl,JobImpl.TaskCompletedTransition,2,0,0,0,80,0,0,0,-1.0,0,9,/Users/eashraf/hadoop/hadoop-mapreduce-project/hadoop-mapreduce-client/hadoop-mapreduce-client-app/src/main/java/org/apache/hadoop/mapreduce/v2/app/job/impl/JobImpl.java,1924
hadoop,org.apache.hadoop.mapreduce.v2.app.job.impl,JobImpl.TriggerScheduledFuture,2,0,0,0,12,0,0,0,-1.0,0,2,/Users/eashraf/hadoop/hadoop-mapreduce-project/hadoop-mapreduce-client/hadoop-mapreduce-client-app/src/main/java/org/apache/hadoop/mapreduce/v2/app/job/impl/JobImpl.java,1948
hadoop,org.apache.hadoop.mapreduce.v2.app.job.impl,JobImpl.JobNoTasksCompletedTransition,0,0,0,0,5,0,0,0,-1.0,0,0,/Users/eashraf/hadoop/hadoop-mapreduce-project/hadoop-mapreduce-client/hadoop-mapreduce-client-app/src/main/java/org/apache/hadoop/mapreduce/v2/app/job/impl/JobImpl.java,2036
hadoop,org.apache.hadoop.mapreduce.v2.app.job.impl,JobImpl.CommitSucceededTransition,0,0,0,0,6,0,0,0,-1.0,0,1,/Users/eashraf/hadoop/hadoop-mapreduce-project/hadoop-mapreduce-client/hadoop-mapreduce-client-app/src/main/java/org/apache/hadoop/mapreduce/v2/app/job/impl/JobImpl.java,2045
hadoop,org.apache.hadoop.mapreduce.v2.app.job.impl,JobImpl.CommitFailedTransition,0,0,0,0,7,0,0,0,-1.0,0,1,/Users/eashraf/hadoop/hadoop-mapreduce-project/hadoop-mapreduce-client/hadoop-mapreduce-client-app/src/main/java/org/apache/hadoop/mapreduce/v2/app/job/impl/JobImpl.java,2054
hadoop,org.apache.hadoop.mapreduce.v2.app.job.impl,JobImpl.KilledDuringCommitTransition,0,0,0,0,6,0,0,0,-1.0,0,1,/Users/eashraf/hadoop/hadoop-mapreduce-project/hadoop-mapreduce-client/hadoop-mapreduce-client-app/src/main/java/org/apache/hadoop/mapreduce/v2/app/job/impl/JobImpl.java,2066
hadoop,org.apache.hadoop.mapreduce.v2.app.job.impl,JobImpl.KilledDuringAbortTransition,0,0,0,0,5,0,0,0,-1.0,0,1,/Users/eashraf/hadoop/hadoop-mapreduce-project/hadoop-mapreduce-client/hadoop-mapreduce-client-app/src/main/java/org/apache/hadoop/mapreduce/v2/app/job/impl/JobImpl.java,2077
hadoop,org.apache.hadoop.mapreduce.v2.app.job.impl,JobImpl.MapTaskRescheduledTransition,0,0,0,0,6,0,0,0,-1.0,0,0,/Users/eashraf/hadoop/hadoop-mapreduce-project/hadoop-mapreduce-client/hadoop-mapreduce-client-app/src/main/java/org/apache/hadoop/mapreduce/v2/app/job/impl/JobImpl.java,2085
hadoop,org.apache.hadoop.mapreduce.v2.app.job.impl,JobImpl.KillWaitTaskCompletedTransition,0,0,0,0,10,0,0,0,-1.0,0,2,/Users/eashraf/hadoop/hadoop-mapreduce-project/hadoop-mapreduce-client/hadoop-mapreduce-client-app/src/main/java/org/apache/hadoop/mapreduce/v2/app/job/impl/JobImpl.java,2095
hadoop,org.apache.hadoop.mapreduce.v2.app.job.impl,JobImpl.DiagnosticsUpdateTransition,0,0,0,0,5,0,0,0,-1.0,0,0,/Users/eashraf/hadoop/hadoop-mapreduce-project/hadoop-mapreduce-client/hadoop-mapreduce-client-app/src/main/java/org/apache/hadoop/mapreduce/v2/app/job/impl/JobImpl.java,2115
hadoop,org.apache.hadoop.mapreduce.v2.app.job.impl,JobImpl.CounterUpdateTransition,0,0,0,0,8,0,0,0,-1.0,0,0,/Users/eashraf/hadoop/hadoop-mapreduce-project/hadoop-mapreduce-client/hadoop-mapreduce-client-app/src/main/java/org/apache/hadoop/mapreduce/v2/app/job/impl/JobImpl.java,2124
hadoop,org.apache.hadoop.mapreduce.v2.app.job.impl,JobImpl.UpdatedNodesTransition,0,0,0,0,11,0,0,0,-1.0,0,0,/Users/eashraf/hadoop/hadoop-mapreduce-project/hadoop-mapreduce-client/hadoop-mapreduce-client-app/src/main/java/org/apache/hadoop/mapreduce/v2/app/job/impl/JobImpl.java,2137
hadoop,org.apache.hadoop.mapreduce.v2.app.job.impl,JobImpl.InternalTerminationTransition,2,0,0,0,14,0,0,0,-1.0,0,1,/Users/eashraf/hadoop/hadoop-mapreduce-project/hadoop-mapreduce-client/hadoop-mapreduce-client-app/src/main/java/org/apache/hadoop/mapreduce/v2/app/job/impl/JobImpl.java,2152
hadoop,org.apache.hadoop.mapreduce.v2.app.job.impl,JobImpl.InternalErrorTransition,0,0,0,0,5,0,0,0,-1.0,0,1,/Users/eashraf/hadoop/hadoop-mapreduce-project/hadoop-mapreduce-client/hadoop-mapreduce-client-app/src/main/java/org/apache/hadoop/mapreduce/v2/app/job/impl/JobImpl.java,2176
hadoop,org.apache.hadoop.mapreduce.v2.app.job.impl,JobImpl.InternalRebootTransition,0,0,0,0,5,0,0,0,-1.0,0,1,/Users/eashraf/hadoop/hadoop-mapreduce-project/hadoop-mapreduce-client/hadoop-mapreduce-client-app/src/main/java/org/apache/hadoop/mapreduce/v2/app/job/impl/JobImpl.java,2182
hadoop,org.apache.hadoop.mapreduce.v2.app.job.impl,TaskAttemptImpl,50,1,50,26,930,110,1,0,0.04,10,67,/Users/eashraf/hadoop/hadoop-mapreduce-project/hadoop-mapreduce-client/hadoop-mapreduce-client-app/src/main/java/org/apache/hadoop/mapreduce/v2/app/job/impl/TaskAttemptImpl.java,142
hadoop,org.apache.hadoop.mapreduce.v2.app.job.impl,TaskAttemptImpl.RequestContainerTransition,1,0,0,0,15,0,0,0,-1.0,0,0,/Users/eashraf/hadoop/hadoop-mapreduce-project/hadoop-mapreduce-client/hadoop-mapreduce-client-app/src/main/java/org/apache/hadoop/mapreduce/v2/app/job/impl/TaskAttemptImpl.java,1432
hadoop,org.apache.hadoop.mapreduce.v2.app.job.impl,TaskAttemptImpl.ContainerAssignedTransition,0,0,0,0,14,0,0,0,-1.0,0,0,/Users/eashraf/hadoop/hadoop-mapreduce-project/hadoop-mapreduce-client/hadoop-mapreduce-client-app/src/main/java/org/apache/hadoop/mapreduce/v2/app/job/impl/TaskAttemptImpl.java,1497
hadoop,org.apache.hadoop.mapreduce.v2.app.job.impl,TaskAttemptImpl.DeallocateContainerTransition,2,0,0,0,38,0,0,0,-1.0,0,3,/Users/eashraf/hadoop/hadoop-mapreduce-project/hadoop-mapreduce-client/hadoop-mapreduce-client-app/src/main/java/org/apache/hadoop/mapreduce/v2/app/job/impl/TaskAttemptImpl.java,1534
hadoop,org.apache.hadoop.mapreduce.v2.app.job.impl,TaskAttemptImpl.LaunchedContainerTransition,0,0,0,0,15,0,0,0,-1.0,0,1,/Users/eashraf/hadoop/hadoop-mapreduce-project/hadoop-mapreduce-client/hadoop-mapreduce-client-app/src/main/java/org/apache/hadoop/mapreduce/v2/app/job/impl/TaskAttemptImpl.java,1601
hadoop,org.apache.hadoop.mapreduce.v2.app.job.impl,TaskAttemptImpl.CommitPendingTransition,0,0,0,0,5,0,0,0,-1.0,0,1,/Users/eashraf/hadoop/hadoop-mapreduce-project/hadoop-mapreduce-client/hadoop-mapreduce-client-app/src/main/java/org/apache/hadoop/mapreduce/v2/app/job/impl/TaskAttemptImpl.java,1638
hadoop,org.apache.hadoop.mapreduce.v2.app.job.impl,TaskAttemptImpl.TaskCleanupTransition,0,0,0,0,6,0,0,0,-1.0,0,0,/Users/eashraf/hadoop/hadoop-mapreduce-project/hadoop-mapreduce-client/hadoop-mapreduce-client-app/src/main/java/org/apache/hadoop/mapreduce/v2/app/job/impl/TaskAttemptImpl.java,1650
hadoop,org.apache.hadoop.mapreduce.v2.app.job.impl,TaskAttemptImpl.SucceededTransition,0,0,0,0,9,0,0,0,-1.0,0,2,/Users/eashraf/hadoop/hadoop-mapreduce-project/hadoop-mapreduce-client/hadoop-mapreduce-client-app/src/main/java/org/apache/hadoop/mapreduce/v2/app/job/impl/TaskAttemptImpl.java,1664
hadoop,org.apache.hadoop.mapreduce.v2.app.job.impl,TaskAttemptImpl.FailedTransition,0,0,0,0,14,0,0,0,-1.0,0,2,/Users/eashraf/hadoop/hadoop-mapreduce-project/hadoop-mapreduce-client/hadoop-mapreduce-client-app/src/main/java/org/apache/hadoop/mapreduce/v2/app/job/impl/TaskAttemptImpl.java,1684
hadoop,org.apache.hadoop.mapreduce.v2.app.job.impl,TaskAttemptImpl.RecoverTransition,0,0,0,0,6,0,0,0,-1.0,0,0,/Users/eashraf/hadoop/hadoop-mapreduce-project/hadoop-mapreduce-client/hadoop-mapreduce-client-app/src/main/java/org/apache/hadoop/mapreduce/v2/app/job/impl/TaskAttemptImpl.java,1711
hadoop,org.apache.hadoop.mapreduce.v2.app.job.impl,TaskAttemptImpl.TooManyFetchFailureTransition,0,0,0,0,15,0,0,0,-1.0,0,3,/Users/eashraf/hadoop/hadoop-mapreduce-project/hadoop-mapreduce-client/hadoop-mapreduce-client-app/src/main/java/org/apache/hadoop/mapreduce/v2/app/job/impl/TaskAttemptImpl.java,1765
hadoop,org.apache.hadoop.mapreduce.v2.app.job.impl,TaskAttemptImpl.KilledAfterSuccessTransition,0,0,0,0,19,0,0,0,-1.0,0,3,/Users/eashraf/hadoop/hadoop-mapreduce-project/hadoop-mapreduce-client/hadoop-mapreduce-client-app/src/main/java/org/apache/hadoop/mapreduce/v2/app/job/impl/TaskAttemptImpl.java,1793
hadoop,org.apache.hadoop.mapreduce.v2.app.job.impl,TaskAttemptImpl.KilledTransition,0,0,0,0,17,0,0,0,-1.0,0,2,/Users/eashraf/hadoop/hadoop-mapreduce-project/hadoop-mapreduce-client/hadoop-mapreduce-client-app/src/main/java/org/apache/hadoop/mapreduce/v2/app/job/impl/TaskAttemptImpl.java,1835
hadoop,org.apache.hadoop.mapreduce.v2.app.job.impl,TaskAttemptImpl.PreemptedTransition,0,0,0,0,8,0,0,0,-1.0,0,2,/Users/eashraf/hadoop/hadoop-mapreduce-project/hadoop-mapreduce-client/hadoop-mapreduce-client-app/src/main/java/org/apache/hadoop/mapreduce/v2/app/job/impl/TaskAttemptImpl.java,1869
hadoop,org.apache.hadoop.mapreduce.v2.app.job.impl,TaskAttemptImpl.CleanupContainerTransition,0,0,0,0,11,0,0,0,-1.0,0,1,/Users/eashraf/hadoop/hadoop-mapreduce-project/hadoop-mapreduce-client/hadoop-mapreduce-client-app/src/main/java/org/apache/hadoop/mapreduce/v2/app/job/impl/TaskAttemptImpl.java,1890
hadoop,org.apache.hadoop.mapreduce.v2.app.job.impl,TaskAttemptImpl.StatusUpdater,0,0,0,0,12,0,0,0,-1.0,0,0,/Users/eashraf/hadoop/hadoop-mapreduce-project/hadoop-mapreduce-client/hadoop-mapreduce-client-app/src/main/java/org/apache/hadoop/mapreduce/v2/app/job/impl/TaskAttemptImpl.java,1924
hadoop,org.apache.hadoop.mapreduce.v2.app.job.impl,TaskAttemptImpl.DiagnosticInformationUpdater,0,0,0,0,7,0,0,0,-1.0,0,0,/Users/eashraf/hadoop/hadoop-mapreduce-project/hadoop-mapreduce-client/hadoop-mapreduce-client-app/src/main/java/org/apache/hadoop/mapreduce/v2/app/job/impl/TaskAttemptImpl.java,1955
hadoop,org.apache.hadoop.mapreduce.v2.app.job.impl,ReduceTaskImpl,1,0,4,2,16,4,0,1,0.75,0,13,/Users/eashraf/hadoop/hadoop-mapreduce-project/hadoop-mapreduce-client/hadoop-mapreduce-client-app/src/main/java/org/apache/hadoop/mapreduce/v2/app/job/impl/ReduceTaskImpl.java,36
hadoop,org.apache.hadoop.mapreduce.v2.app.job.impl,MapTaskImpl,1,0,6,2,32,9,0,1,0.5,1,13,/Users/eashraf/hadoop/hadoop-mapreduce-project/hadoop-mapreduce-client/hadoop-mapreduce-client-app/src/main/java/org/apache/hadoop/mapreduce/v2/app/job/impl/MapTaskImpl.java,37
hadoop,org.apache.hadoop.mapreduce.v2.app.job.impl,TaskImpl,34,0,34,13,693,87,3,0,0.058823529411764705,3,39,/Users/eashraf/hadoop/hadoop-mapreduce-project/hadoop-mapreduce-client/hadoop-mapreduce-client-app/src/main/java/org/apache/hadoop/mapreduce/v2/app/job/impl/TaskImpl.java,97
hadoop,org.apache.hadoop.mapreduce.v2.app.job.impl,TaskImpl.RecoverTransition,0,0,0,0,6,0,0,0,-1.0,0,0,/Users/eashraf/hadoop/hadoop-mapreduce-project/hadoop-mapreduce-client/hadoop-mapreduce-client-app/src/main/java/org/apache/hadoop/mapreduce/v2/app/job/impl/TaskImpl.java,871
hadoop,org.apache.hadoop.mapreduce.v2.app.job.impl,TaskImpl.InitialScheduleTransition,0,0,0,0,7,0,0,0,-1.0,0,1,/Users/eashraf/hadoop/hadoop-mapreduce-project/hadoop-mapreduce-client/hadoop-mapreduce-client-app/src/main/java/org/apache/hadoop/mapreduce/v2/app/job/impl/TaskImpl.java,882
hadoop,org.apache.hadoop.mapreduce.v2.app.job.impl,TaskImpl.RedundantScheduleTransition,0,0,0,0,6,0,0,0,-1.0,0,1,/Users/eashraf/hadoop/hadoop-mapreduce-project/hadoop-mapreduce-client/hadoop-mapreduce-client-app/src/main/java/org/apache/hadoop/mapreduce/v2/app/job/impl/TaskImpl.java,898
hadoop,org.apache.hadoop.mapreduce.v2.app.job.impl,TaskImpl.AttemptCommitPendingTransition,0,0,0,0,14,0,0,0,-1.0,0,0,/Users/eashraf/hadoop/hadoop-mapreduce-project/hadoop-mapreduce-client/hadoop-mapreduce-client-app/src/main/java/org/apache/hadoop/mapreduce/v2/app/job/impl/TaskImpl.java,908
hadoop,org.apache.hadoop.mapreduce.v2.app.job.impl,TaskImpl.AttemptSucceededTransition,0,0,0,0,18,0,0,0,-1.0,0,2,/Users/eashraf/hadoop/hadoop-mapreduce-project/hadoop-mapreduce-client/hadoop-mapreduce-client-app/src/main/java/org/apache/hadoop/mapreduce/v2/app/job/impl/TaskImpl.java,931
hadoop,org.apache.hadoop.mapreduce.v2.app.job.impl,TaskImpl.AttemptKilledTransition,0,0,0,0,14,0,0,0,-1.0,0,2,/Users/eashraf/hadoop/hadoop-mapreduce-project/hadoop-mapreduce-client/hadoop-mapreduce-client-app/src/main/java/org/apache/hadoop/mapreduce/v2/app/job/impl/TaskImpl.java,959
hadoop,org.apache.hadoop.mapreduce.v2.app.job.impl,TaskImpl.KillWaitAttemptKilledTransition,2,0,0,0,27,0,0,0,-1.0,0,2,/Users/eashraf/hadoop/hadoop-mapreduce-project/hadoop-mapreduce-client/hadoop-mapreduce-client-app/src/main/java/org/apache/hadoop/mapreduce/v2/app/job/impl/TaskImpl.java,980
hadoop,org.apache.hadoop.mapreduce.v2.app.job.impl,TaskImpl.KillWaitAttemptSucceededTransition,0,0,0,0,5,0,0,0,-1.0,0,1,/Users/eashraf/hadoop/hadoop-mapreduce-project/hadoop-mapreduce-client/hadoop-mapreduce-client-app/src/main/java/org/apache/hadoop/mapreduce/v2/app/job/impl/TaskImpl.java,1021
hadoop,org.apache.hadoop.mapreduce.v2.app.job.impl,TaskImpl.KillWaitAttemptFailedTransition,0,0,0,0,5,0,0,0,-1.0,0,1,/Users/eashraf/hadoop/hadoop-mapreduce-project/hadoop-mapreduce-client/hadoop-mapreduce-client-app/src/main/java/org/apache/hadoop/mapreduce/v2/app/job/impl/TaskImpl.java,1028
hadoop,org.apache.hadoop.mapreduce.v2.app.job.impl,TaskImpl.AttemptFailedTransition,0,0,0,0,42,0,0,0,-1.0,0,4,/Users/eashraf/hadoop/hadoop-mapreduce-project/hadoop-mapreduce-client/hadoop-mapreduce-client-app/src/main/java/org/apache/hadoop/mapreduce/v2/app/job/impl/TaskImpl.java,1035
hadoop,org.apache.hadoop.mapreduce.v2.app.job.impl,TaskImpl.RetroactiveFailureTransition,0,0,0,0,21,0,0,0,-1.0,0,2,/Users/eashraf/hadoop/hadoop-mapreduce-project/hadoop-mapreduce-client/hadoop-mapreduce-client-app/src/main/java/org/apache/hadoop/mapreduce/v2/app/job/impl/TaskImpl.java,1097
hadoop,org.apache.hadoop.mapreduce.v2.app.job.impl,TaskImpl.RetroactiveKilledTransition,0,0,0,0,23,0,0,0,-1.0,0,4,/Users/eashraf/hadoop/hadoop-mapreduce-project/hadoop-mapreduce-client/hadoop-mapreduce-client-app/src/main/java/org/apache/hadoop/mapreduce/v2/app/job/impl/TaskImpl.java,1138
hadoop,org.apache.hadoop.mapreduce.v2.app.job.impl,TaskImpl.AttemptSucceededAtSucceededTransition,0,0,0,0,7,0,0,0,-1.0,0,0,/Users/eashraf/hadoop/hadoop-mapreduce-project/hadoop-mapreduce-client/hadoop-mapreduce-client-app/src/main/java/org/apache/hadoop/mapreduce/v2/app/job/impl/TaskImpl.java,1183
hadoop,org.apache.hadoop.mapreduce.v2.app.job.impl,TaskImpl.KillNewTransition,0,0,0,0,13,0,0,0,-1.0,0,1,/Users/eashraf/hadoop/hadoop-mapreduce-project/hadoop-mapreduce-client/hadoop-mapreduce-client-app/src/main/java/org/apache/hadoop/mapreduce/v2/app/job/impl/TaskImpl.java,1193
hadoop,org.apache.hadoop.mapreduce.v2.app.job.impl,TaskImpl.KillTransition,0,0,0,0,8,0,0,0,-1.0,0,0,/Users/eashraf/hadoop/hadoop-mapreduce-project/hadoop-mapreduce-client/hadoop-mapreduce-client-app/src/main/java/org/apache/hadoop/mapreduce/v2/app/job/impl/TaskImpl.java,1221
hadoop,org.apache.hadoop.mapreduce.v2.app.job.impl,TaskImpl.LaunchTransition,0,0,0,0,6,0,0,0,-1.0,0,0,/Users/eashraf/hadoop/hadoop-mapreduce-project/hadoop-mapreduce-client/hadoop-mapreduce-client-app/src/main/java/org/apache/hadoop/mapreduce/v2/app/job/impl/TaskImpl.java,1235
hadoop,org.apache.hadoop.mapreduce.v2.app.rm,TestRMContainerAllocator,21,1,49,26,1477,88,0,0,0.30612244897959184,0,54,/Users/eashraf/hadoop/hadoop-mapreduce-project/hadoop-mapreduce-client/hadoop-mapreduce-client-app/src/test/java/org/apache/hadoop/mapreduce/v2/app/rm/TestRMContainerAllocator.java,141
hadoop,org.apache.hadoop.mapreduce.v2.app.rm,TestRMContainerAllocator.MyResourceManager,1,0,0,0,30,0,0,0,-1.0,0,0,/Users/eashraf/hadoop/hadoop-mapreduce-project/hadoop-mapreduce-client/hadoop-mapreduce-client-app/src/test/java/org/apache/hadoop/mapreduce/v2/app/rm/TestRMContainerAllocator.java,640
hadoop,org.apache.hadoop.mapreduce.v2.app.rm,TestRMContainerAllocator.MyFifoScheduler,4,0,0,0,29,0,0,0,-1.0,0,0,/Users/eashraf/hadoop/hadoop-mapreduce-project/hadoop-mapreduce-client/hadoop-mapreduce-client-app/src/test/java/org/apache/hadoop/mapreduce/v2/app/rm/TestRMContainerAllocator.java,1467
hadoop,org.apache.hadoop.mapreduce.v2.app.rm,TestRMContainerAllocator.MyContainerAllocator,6,0,0,0,132,0,0,4,-1.0,0,1,/Users/eashraf/hadoop/hadoop-mapreduce-project/hadoop-mapreduce-client/hadoop-mapreduce-client-app/src/test/java/org/apache/hadoop/mapreduce/v2/app/rm/TestRMContainerAllocator.java,1605
hadoop,org.apache.hadoop.mapreduce.v2.app.rm,TestRMContainerAllocator.RecalculateContainerAllocator,1,1,0,0,9,0,0,0,-1.0,0,0,/Users/eashraf/hadoop/hadoop-mapreduce-project/hadoop-mapreduce-client/hadoop-mapreduce-client-app/src/test/java/org/apache/hadoop/mapreduce/v2/app/rm/TestRMContainerAllocator.java,1909
hadoop,org.apache.hadoop.mapreduce.v2.app.rm,TestRMContainerAllocator.MockScheduler,7,0,0,0,46,0,0,0,-1.0,0,4,/Users/eashraf/hadoop/hadoop-mapreduce-project/hadoop-mapreduce-client/hadoop-mapreduce-client-app/src/test/java/org/apache/hadoop/mapreduce/v2/app/rm/TestRMContainerAllocator.java,2526
hadoop,org.apache.hadoop.mapreduce.v2.app.rm,ContainerAllocatorEvent,1,0,2,2,10,2,2,0,0.0,3,2,/Users/eashraf/hadoop/hadoop-mapreduce-project/hadoop-mapreduce-client/hadoop-mapreduce-client-app/src/main/java/org/apache/hadoop/mapreduce/v2/app/rm/ContainerAllocatorEvent.java,24
hadoop,org.apache.hadoop.mapreduce.v2.app.rm,ResourceCalculatorUtils,0,0,3,3,20,6,0,0,-1.0,1,1,/Users/eashraf/hadoop/hadoop-mapreduce-project/hadoop-mapreduce-client/hadoop-mapreduce-client-app/src/main/java/org/apache/hadoop/mapreduce/v2/app/rm/ResourceCalculatorUtils.java,27
hadoop,org.apache.hadoop.mapreduce.v2.app.rm,ContainerRequestEvent,4,0,7,6,31,7,0,1,0.0,3,3,/Users/eashraf/hadoop/hadoop-mapreduce-project/hadoop-mapreduce-client/hadoop-mapreduce-client-app/src/main/java/org/apache/hadoop/mapreduce/v2/app/rm/ContainerRequestEvent.java,25
hadoop,org.apache.hadoop.mapreduce.v2.app.rm,RMCommunicator,19,0,23,7,232,40,1,1,0.0,0,23,/Users/eashraf/hadoop/hadoop-mapreduce-project/hadoop-mapreduce-client/hadoop-mapreduce-client-app/src/main/java/org/apache/hadoop/mapreduce/v2/app/rm/RMCommunicator.java,65
hadoop,org.apache.hadoop.mapreduce.v2.app.rm,RMContainerRequestor,28,0,18,2,328,70,1,2,0.1111111111111111,1,13,/Users/eashraf/hadoop/hadoop-mapreduce-project/hadoop-mapreduce-client/hadoop-mapreduce-client-app/src/main/java/org/apache/hadoop/mapreduce/v2/app/rm/RMContainerRequestor.java,57
hadoop,org.apache.hadoop.mapreduce.v2.app.rm,RMContainerRequestor.ContainerRequest,6,0,0,0,35,0,0,0,-1.0,0,3,/Users/eashraf/hadoop/hadoop-mapreduce-project/hadoop-mapreduce-client/hadoop-mapreduce-client-app/src/main/java/org/apache/hadoop/mapreduce/v2/app/rm/RMContainerRequestor.java,115
hadoop,org.apache.hadoop.mapreduce.v2.app.rm,RMHeartbeatHandler,0,0,2,0,4,2,1,0,-1.0,5,0,/Users/eashraf/hadoop/hadoop-mapreduce-project/hadoop-mapreduce-client/hadoop-mapreduce-client-app/src/main/java/org/apache/hadoop/mapreduce/v2/app/rm/RMHeartbeatHandler.java,21
hadoop,org.apache.hadoop.mapreduce.v2.app.rm,RMContainerAllocator,51,2,29,11,925,94,1,3,0.0,3,34,/Users/eashraf/hadoop/hadoop-mapreduce-project/hadoop-mapreduce-client/hadoop-mapreduce-client-app/src/main/java/org/apache/hadoop/mapreduce/v2/app/rm/RMContainerAllocator.java,91
hadoop,org.apache.hadoop.mapreduce.v2.app.rm,RMContainerAllocator.ScheduledRequests,5,0,0,0,309,0,0,0,-1.0,0,2,/Users/eashraf/hadoop/hadoop-mapreduce-project/hadoop-mapreduce-client/hadoop-mapreduce-client-app/src/main/java/org/apache/hadoop/mapreduce/v2/app/rm/RMContainerAllocator.java,903
hadoop,org.apache.hadoop.mapreduce.v2.app.rm,RMContainerAllocator.AssignedRequests,4,0,0,0,69,0,0,0,-1.0,0,1,/Users/eashraf/hadoop/hadoop-mapreduce-project/hadoop-mapreduce-client/hadoop-mapreduce-client-app/src/main/java/org/apache/hadoop/mapreduce/v2/app/rm/RMContainerAllocator.java,1309
hadoop,org.apache.hadoop.mapreduce.v2.app.rm,RMContainerAllocator.ScheduleStats,9,0,0,0,40,0,0,0,-1.0,0,0,/Users/eashraf/hadoop/hadoop-mapreduce-project/hadoop-mapreduce-client/hadoop-mapreduce-client-app/src/main/java/org/apache/hadoop/mapreduce/v2/app/rm/RMContainerAllocator.java,1397
hadoop,org.apache.hadoop.mapreduce.v2.app.rm,RMContainerAllocator.PreemptionContext,1,0,0,0,14,0,0,0,-1.0,0,1,/Users/eashraf/hadoop/hadoop-mapreduce-project/hadoop-mapreduce-client/hadoop-mapreduce-client-app/src/main/java/org/apache/hadoop/mapreduce/v2/app/rm/RMContainerAllocator.java,1453
hadoop,org.apache.hadoop.mapreduce.v2.app.rm,ContainerFailedEvent,1,0,2,2,10,2,0,1,0.0,2,2,/Users/eashraf/hadoop/hadoop-mapreduce-project/hadoop-mapreduce-client/hadoop-mapreduce-client-app/src/main/java/org/apache/hadoop/mapreduce/v2/app/rm/ContainerFailedEvent.java,23
hadoop,org.apache.hadoop.mapreduce.v2.app.rm,ContainerAllocator,0,0,0,0,3,0,1,0,-1.0,13,0,/Users/eashraf/hadoop/hadoop-mapreduce-project/hadoop-mapreduce-client/hadoop-mapreduce-client-app/src/main/java/org/apache/hadoop/mapreduce/v2/app/rm/ContainerAllocator.java,23
hadoop,org.apache.hadoop.mapreduce.v2.app.rm,ContainerAllocator.EventType,0,0,0,0,1,0,0,0,-1.0,0,0,/Users/eashraf/hadoop/hadoop-mapreduce-project/hadoop-mapreduce-client/hadoop-mapreduce-client-app/src/main/java/org/apache/hadoop/mapreduce/v2/app/rm/ContainerAllocator.java,25
hadoop,org.apache.hadoop.mapreduce.v2.app.security.authorize,MRAMPolicyProvider,1,0,1,1,9,1,0,0,0.0,0,2,/Users/eashraf/hadoop/hadoop-mapreduce-project/hadoop-mapreduce-client/hadoop-mapreduce-client-app/src/main/java/org/apache/hadoop/mapreduce/v2/app/security/authorize/MRAMPolicyProvider.java,28
hadoop,org.apache.hadoop.mapreduce.v2.app.security.authorize,ClientHSPolicyProvider,1,0,1,1,9,1,0,0,0.0,0,3,/Users/eashraf/hadoop/hadoop-mapreduce-project/hadoop-mapreduce-client/hadoop-mapreduce-client-app/src/main/java/org/apache/hadoop/mapreduce/v2/app/security/authorize/ClientHSPolicyProvider.java,31
hadoop,org.apache.hadoop.mapreduce.v2.app.webapp.dao,TasksInfo,1,0,3,3,11,3,0,0,0.6666666666666666,2,1,/Users/eashraf/hadoop/hadoop-mapreduce-project/hadoop-mapreduce-client/hadoop-mapreduce-client-app/src/main/java/org/apache/hadoop/mapreduce/v2/app/webapp/dao/TasksInfo.java,26
hadoop,org.apache.hadoop.mapreduce.v2.app.webapp.dao,TaskInfo,11,0,13,12,76,17,0,0,0.15384615384615385,3,8,/Users/eashraf/hadoop/hadoop-mapreduce-project/hadoop-mapreduce-client/hadoop-mapreduce-client-app/src/main/java/org/apache/hadoop/mapreduce/v2/app/webapp/dao/TaskInfo.java,34
hadoop,org.apache.hadoop.mapreduce.v2.app.webapp.dao,AppInfo,5,0,7,7,31,7,0,0,0.2857142857142857,1,3,/Users/eashraf/hadoop/hadoop-mapreduce-project/hadoop-mapreduce-client/hadoop-mapreduce-client-app/src/main/java/org/apache/hadoop/mapreduce/v2/app/webapp/dao/AppInfo.java,28
hadoop,org.apache.hadoop.mapreduce.v2.app.webapp.dao,ReduceTaskAttemptInfo,5,0,7,7,41,10,0,1,0.2857142857142857,1,3,/Users/eashraf/hadoop/hadoop-mapreduce-project/hadoop-mapreduce-client/hadoop-mapreduce-client-app/src/main/java/org/apache/hadoop/mapreduce/v2/app/webapp/dao/ReduceTaskAttemptInfo.java,29
hadoop,org.apache.hadoop.mapreduce.v2.app.webapp.dao,AMAttemptInfo,6,0,8,8,49,10,0,0,0.25,5,4,/Users/eashraf/hadoop/hadoop-mapreduce-project/hadoop-mapreduce-client/hadoop-mapreduce-client-app/src/main/java/org/apache/hadoop/mapreduce/v2/app/webapp/dao/AMAttemptInfo.java,32
hadoop,org.apache.hadoop.mapreduce.v2.app.webapp.dao,TaskCounterInfo,2,0,4,4,16,4,0,0,0.5,1,0,/Users/eashraf/hadoop/hadoop-mapreduce-project/hadoop-mapreduce-client/hadoop-mapreduce-client-app/src/main/java/org/apache/hadoop/mapreduce/v2/app/webapp/dao/TaskCounterInfo.java,24
hadoop,org.apache.hadoop.mapreduce.v2.app.webapp.dao,CounterGroupInfo,2,0,2,2,16,3,0,0,1.0,1,3,/Users/eashraf/hadoop/hadoop-mapreduce-project/hadoop-mapreduce-client/hadoop-mapreduce-client-app/src/main/java/org/apache/hadoop/mapreduce/v2/app/webapp/dao/CounterGroupInfo.java,30
hadoop,org.apache.hadoop.mapreduce.v2.app.webapp.dao,AMAttemptsInfo,1,0,3,3,11,3,0,0,0.6666666666666666,2,1,/Users/eashraf/hadoop/hadoop-mapreduce-project/hadoop-mapreduce-client/hadoop-mapreduce-client-app/src/main/java/org/apache/hadoop/mapreduce/v2/app/webapp/dao/AMAttemptsInfo.java,27
hadoop,org.apache.hadoop.mapreduce.v2.app.webapp.dao,TaskAttemptsInfo,1,0,3,3,11,3,0,0,0.6666666666666666,2,1,/Users/eashraf/hadoop/hadoop-mapreduce-project/hadoop-mapreduce-client/hadoop-mapreduce-client-app/src/main/java/org/apache/hadoop/mapreduce/v2/app/webapp/dao/TaskAttemptsInfo.java,26
hadoop,org.apache.hadoop.mapreduce.v2.app.webapp.dao,TaskCounterGroupInfo,2,0,2,2,14,3,0,0,1.0,2,2,/Users/eashraf/hadoop/hadoop-mapreduce-project/hadoop-mapreduce-client/hadoop-mapreduce-client-app/src/main/java/org/apache/hadoop/mapreduce/v2/app/webapp/dao/TaskCounterGroupInfo.java,30
hadoop,org.apache.hadoop.mapreduce.v2.app.webapp.dao,TaskAttemptInfo,13,0,15,15,75,16,1,0,0.2,2,8,/Users/eashraf/hadoop/hadoop-mapreduce-project/hadoop-mapreduce-client/hadoop-mapreduce-client-app/src/main/java/org/apache/hadoop/mapreduce/v2/app/webapp/dao/TaskAttemptInfo.java,37
hadoop,org.apache.hadoop.mapreduce.v2.app.webapp.dao,JobTaskCounterInfo,3,0,2,2,20,5,0,0,1.0,0,4,/Users/eashraf/hadoop/hadoop-mapreduce-project/hadoop-mapreduce-client/hadoop-mapreduce-client-app/src/main/java/org/apache/hadoop/mapreduce/v2/app/webapp/dao/JobTaskCounterInfo.java,33
hadoop,org.apache.hadoop.mapreduce.v2.app.webapp.dao,BlacklistedNodesInfo,1,0,3,3,11,3,0,0,0.6666666666666666,0,1,/Users/eashraf/hadoop/hadoop-mapreduce-project/hadoop-mapreduce-client/hadoop-mapreduce-client-app/src/main/java/org/apache/hadoop/mapreduce/v2/app/webapp/dao/BlacklistedNodesInfo.java,28
hadoop,org.apache.hadoop.mapreduce.v2.app.webapp.dao,ConfEntryInfo,3,0,6,6,24,6,0,0,0.3333333333333333,0,0,/Users/eashraf/hadoop/hadoop-mapreduce-project/hadoop-mapreduce-client/hadoop-mapreduce-client-app/src/main/java/org/apache/hadoop/mapreduce/v2/app/webapp/dao/ConfEntryInfo.java,24
hadoop,org.apache.hadoop.mapreduce.v2.app.webapp.dao,JobsInfo,1,0,3,3,11,3,0,0,0.6666666666666666,1,1,/Users/eashraf/hadoop/hadoop-mapreduce-project/hadoop-mapreduce-client/hadoop-mapreduce-client-app/src/main/java/org/apache/hadoop/mapreduce/v2/app/webapp/dao/JobsInfo.java,26
hadoop,org.apache.hadoop.mapreduce.v2.app.webapp.dao,CounterInfo,4,0,2,2,14,2,0,0,1.0,1,1,/Users/eashraf/hadoop/hadoop-mapreduce-project/hadoop-mapreduce-client/hadoop-mapreduce-client-app/src/main/java/org/apache/hadoop/mapreduce/v2/app/webapp/dao/CounterInfo.java,26
hadoop,org.apache.hadoop.mapreduce.v2.app.webapp.dao,JobTaskAttemptCounterInfo,3,0,2,2,22,6,0,0,1.0,0,4,/Users/eashraf/hadoop/hadoop-mapreduce-project/hadoop-mapreduce-client/hadoop-mapreduce-client-app/src/main/java/org/apache/hadoop/mapreduce/v2/app/webapp/dao/JobTaskAttemptCounterInfo.java,33
hadoop,org.apache.hadoop.mapreduce.v2.app.webapp.dao,ConfInfo,2,0,4,4,20,5,0,0,0.5,3,2,/Users/eashraf/hadoop/hadoop-mapreduce-project/hadoop-mapreduce-client/hadoop-mapreduce-client-app/src/main/java/org/apache/hadoop/mapreduce/v2/app/webapp/dao/ConfInfo.java,33
hadoop,org.apache.hadoop.mapreduce.v2.app.webapp.dao,JobCounterInfo,5,0,3,2,53,13,0,0,0.6666666666666666,0,6,/Users/eashraf/hadoop/hadoop-mapreduce-project/hadoop-mapreduce-client/hadoop-mapreduce-client-app/src/main/java/org/apache/hadoop/mapreduce/v2/app/webapp/dao/JobCounterInfo.java,36
hadoop,org.apache.hadoop.mapreduce.v2.app.webapp.dao,JobInfo,32,0,35,34,243,57,0,0,0.05714285714285714,4,5,/Users/eashraf/hadoop/hadoop-mapreduce-project/hadoop-mapreduce-client/hadoop-mapreduce-client-app/src/main/java/org/apache/hadoop/mapreduce/v2/app/webapp/dao/JobInfo.java,44
hadoop,org.apache.hadoop.mapreduce.v2.app.job,TaskAttempt,0,0,18,1,57,18,0,0,-1.0,33,0,/Users/eashraf/hadoop/hadoop-mapreduce-project/hadoop-mapreduce-client/hadoop-mapreduce-client-app/src/main/java/org/apache/hadoop/mapreduce/v2/app/job/TaskAttempt.java,32
hadoop,org.apache.hadoop.mapreduce.v2.app.job,TaskAttemptStateInternal,0,0,0,0,4,0,0,0,-1.0,12,0,/Users/eashraf/hadoop/hadoop-mapreduce-project/hadoop-mapreduce-client/hadoop-mapreduce-client-app/src/main/java/org/apache/hadoop/mapreduce/v2/app/job/TaskAttemptStateInternal.java,23
hadoop,org.apache.hadoop.mapreduce.v2.app.job,Job,0,0,25,1,47,25,0,0,-1.0,24,5,/Users/eashraf/hadoop/hadoop-mapreduce-project/hadoop-mapreduce-client/hadoop-mapreduce-client-app/src/main/java/org/apache/hadoop/mapreduce/v2/app/job/Job.java,41
hadoop,org.apache.hadoop.mapreduce.v2.app.job,JobStateInternal,0,0,0,0,1,0,0,0,-1.0,26,0,/Users/eashraf/hadoop/hadoop-mapreduce-project/hadoop-mapreduce-client/hadoop-mapreduce-client-app/src/main/java/org/apache/hadoop/mapreduce/v2/app/job/JobStateInternal.java,21
hadoop,org.apache.hadoop.mapreduce.v2.app.job,Task,0,0,10,0,23,10,0,0,-1.0,34,2,/Users/eashraf/hadoop/hadoop-mapreduce-project/hadoop-mapreduce-client/hadoop-mapreduce-client-app/src/main/java/org/apache/hadoop/mapreduce/v2/app/job/Task.java,30
hadoop,org.apache.hadoop.mapreduce.v2.app.job,TaskStateInternal,0,0,0,0,1,0,0,0,-1.0,9,0,/Users/eashraf/hadoop/hadoop-mapreduce-project/hadoop-mapreduce-client/hadoop-mapreduce-client-app/src/main/java/org/apache/hadoop/mapreduce/v2/app/job/TaskStateInternal.java,21
hadoop,org.apache.hadoop.mapreduce.v2.app.job.event,JobAbortCompletedEvent,1,0,2,2,10,2,0,1,0.0,0,3,/Users/eashraf/hadoop/hadoop-mapreduce-project/hadoop-mapreduce-client/hadoop-mapreduce-client-app/src/main/java/org/apache/hadoop/mapreduce/v2/app/job/event/JobAbortCompletedEvent.java,24
hadoop,org.apache.hadoop.mapreduce.v2.app.job.event,TaskEvent,1,0,2,2,13,2,2,0,0.0,2,2,/Users/eashraf/hadoop/hadoop-mapreduce-project/hadoop-mapreduce-client/hadoop-mapreduce-client-app/src/main/java/org/apache/hadoop/mapreduce/v2/app/job/event/TaskEvent.java,24
hadoop,org.apache.hadoop.mapreduce.v2.app.job.event,TaskAttemptDiagnosticsUpdateEvent,1,0,2,2,10,2,0,1,0.0,0,2,/Users/eashraf/hadoop/hadoop-mapreduce-project/hadoop-mapreduce-client/hadoop-mapreduce-client-app/src/main/java/org/apache/hadoop/mapreduce/v2/app/job/event/TaskAttemptDiagnosticsUpdateEvent.java,24
hadoop,org.apache.hadoop.mapreduce.v2.app.job.event,JobDiagnosticsUpdateEvent,1,0,2,2,10,2,0,1,0.0,1,2,/Users/eashraf/hadoop/hadoop-mapreduce-project/hadoop-mapreduce-client/hadoop-mapreduce-client-app/src/main/java/org/apache/hadoop/mapreduce/v2/app/job/event/JobDiagnosticsUpdateEvent.java,24
hadoop,org.apache.hadoop.mapreduce.v2.app.job.event,JobFinishEvent,1,0,2,2,11,2,0,0,0.0,1,1,/Users/eashraf/hadoop/hadoop-mapreduce-project/hadoop-mapreduce-client/hadoop-mapreduce-client-app/src/main/java/org/apache/hadoop/mapreduce/v2/app/job/event/JobFinishEvent.java,24
hadoop,org.apache.hadoop.mapreduce.v2.app.job.event,JobFinishEvent.Type,0,0,0,0,1,0,0,0,-1.0,0,0,/Users/eashraf/hadoop/hadoop-mapreduce-project/hadoop-mapreduce-client/hadoop-mapreduce-client-app/src/main/java/org/apache/hadoop/mapreduce/v2/app/job/event/JobFinishEvent.java,27
hadoop,org.apache.hadoop.mapreduce.v2.app.job.event,TaskAttemptKillEvent,1,0,2,2,10,2,0,1,0.0,0,2,/Users/eashraf/hadoop/hadoop-mapreduce-project/hadoop-mapreduce-client/hadoop-mapreduce-client-app/src/main/java/org/apache/hadoop/mapreduce/v2/app/job/event/TaskAttemptKillEvent.java,24
hadoop,org.apache.hadoop.mapreduce.v2.app.job.event,JobCommitCompletedEvent,0,0,1,1,5,1,0,1,-1.0,0,2,/Users/eashraf/hadoop/hadoop-mapreduce-project/hadoop-mapreduce-client/hadoop-mapreduce-client-app/src/main/java/org/apache/hadoop/mapreduce/v2/app/job/event/JobCommitCompletedEvent.java,22
hadoop,org.apache.hadoop.mapreduce.v2.app.job.event,JobTaskAttemptCompletedEvent,1,0,2,2,10,2,0,1,0.0,0,2,/Users/eashraf/hadoop/hadoop-mapreduce-project/hadoop-mapreduce-client/hadoop-mapreduce-client-app/src/main/java/org/apache/hadoop/mapreduce/v2/app/job/event/JobTaskAttemptCompletedEvent.java,24
hadoop,org.apache.hadoop.mapreduce.v2.app.job.event,JobEventType,0,0,0,0,4,0,0,0,-1.0,37,0,/Users/eashraf/hadoop/hadoop-mapreduce-project/hadoop-mapreduce-client/hadoop-mapreduce-client-app/src/main/java/org/apache/hadoop/mapreduce/v2/app/job/event/JobEventType.java,21
hadoop,org.apache.hadoop.mapreduce.v2.app.job.event,TaskAttemptStatusUpdateEvent,11,10,2,2,25,2,0,1,0.0,2,5,/Users/eashraf/hadoop/hadoop-mapreduce-project/hadoop-mapreduce-client/hadoop-mapreduce-client-app/src/main/java/org/apache/hadoop/mapreduce/v2/app/job/event/TaskAttemptStatusUpdateEvent.java,28
hadoop,org.apache.hadoop.mapreduce.v2.app.job.event,TaskAttemptStatusUpdateEvent.TaskAttemptStatus,10,10,0,0,15,0,0,0,-1.0,0,4,/Users/eashraf/hadoop/hadoop-mapreduce-project/hadoop-mapreduce-client/hadoop-mapreduce-client-app/src/main/java/org/apache/hadoop/mapreduce/v2/app/job/event/TaskAttemptStatusUpdateEvent.java,42
hadoop,org.apache.hadoop.mapreduce.v2.app.job.event,JobSetupFailedEvent,1,0,2,2,10,2,0,1,0.0,0,2,/Users/eashraf/hadoop/hadoop-mapreduce-project/hadoop-mapreduce-client/hadoop-mapreduce-client-app/src/main/java/org/apache/hadoop/mapreduce/v2/app/job/event/JobSetupFailedEvent.java,23
hadoop,org.apache.hadoop.mapreduce.v2.app.job.event,JobStartEvent,1,0,3,3,13,3,0,1,0.6666666666666666,0,2,/Users/eashraf/hadoop/hadoop-mapreduce-project/hadoop-mapreduce-client/hadoop-mapreduce-client-app/src/main/java/org/apache/hadoop/mapreduce/v2/app/job/event/JobStartEvent.java,23
hadoop,org.apache.hadoop.mapreduce.v2.app.job.event,JobUpdatedNodesEvent,1,0,2,2,10,2,0,1,0.0,0,2,/Users/eashraf/hadoop/hadoop-mapreduce-project/hadoop-mapreduce-client/hadoop-mapreduce-client-app/src/main/java/org/apache/hadoop/mapreduce/v2/app/job/event/JobUpdatedNodesEvent.java,28
hadoop,org.apache.hadoop.mapreduce.v2.app.job.event,JobTaskAttemptFetchFailureEvent,2,0,3,3,15,3,0,1,0.0,0,2,/Users/eashraf/hadoop/hadoop-mapreduce-project/hadoop-mapreduce-client/hadoop-mapreduce-client-app/src/main/java/org/apache/hadoop/mapreduce/v2/app/job/event/JobTaskAttemptFetchFailureEvent.java,27
hadoop,org.apache.hadoop.mapreduce.v2.app.job.event,TaskAttemptEvent,1,0,2,2,18,2,6,0,0.0,5,2,/Users/eashraf/hadoop/hadoop-mapreduce-project/hadoop-mapreduce-client/hadoop-mapreduce-client-app/src/main/java/org/apache/hadoop/mapreduce/v2/app/job/event/TaskAttemptEvent.java,24
hadoop,org.apache.hadoop.mapreduce.v2.app.job.event,TaskEventType,0,0,0,0,4,0,0,0,-1.0,28,0,/Users/eashraf/hadoop/hadoop-mapreduce-project/hadoop-mapreduce-client/hadoop-mapreduce-client-app/src/main/java/org/apache/hadoop/mapreduce/v2/app/job/event/TaskEventType.java,21
hadoop,org.apache.hadoop.mapreduce.v2.app.job.event,JobMapTaskRescheduledEvent,1,0,2,2,10,2,0,1,0.0,0,2,/Users/eashraf/hadoop/hadoop-mapreduce-project/hadoop-mapreduce-client/hadoop-mapreduce-client-app/src/main/java/org/apache/hadoop/mapreduce/v2/app/job/event/JobMapTaskRescheduledEvent.java,25
hadoop,org.apache.hadoop.mapreduce.v2.app.job.event,TaskRecoverEvent,3,0,4,4,20,4,0,1,0.0,0,3,/Users/eashraf/hadoop/hadoop-mapreduce-project/hadoop-mapreduce-client/hadoop-mapreduce-client-app/src/main/java/org/apache/hadoop/mapreduce/v2/app/job/event/TaskRecoverEvent.java,25
hadoop,org.apache.hadoop.mapreduce.v2.app.job.event,JobTaskEvent,2,0,3,3,15,3,0,1,0.0,1,3,/Users/eashraf/hadoop/hadoop-mapreduce-project/hadoop-mapreduce-client/hadoop-mapreduce-client-app/src/main/java/org/apache/hadoop/mapreduce/v2/app/job/event/JobTaskEvent.java,25
hadoop,org.apache.hadoop.mapreduce.v2.app.job.event,TaskAttemptEventType,0,0,0,0,4,0,0,0,-1.0,48,0,/Users/eashraf/hadoop/hadoop-mapreduce-project/hadoop-mapreduce-client/hadoop-mapreduce-client-app/src/main/java/org/apache/hadoop/mapreduce/v2/app/job/event/TaskAttemptEventType.java,21
hadoop,org.apache.hadoop.mapreduce.v2.app.job.event,JobCounterUpdateEvent,3,0,3,3,27,3,0,1,0.0,6,2,/Users/eashraf/hadoop/hadoop-mapreduce-project/hadoop-mapreduce-client/hadoop-mapreduce-client-app/src/main/java/org/apache/hadoop/mapreduce/v2/app/job/event/JobCounterUpdateEvent.java,26
hadoop,org.apache.hadoop.mapreduce.v2.app.job.event,JobCounterUpdateEvent.CounterIncrementalUpdate,2,0,0,0,14,0,0,0,-1.0,0,0,/Users/eashraf/hadoop/hadoop-mapreduce-project/hadoop-mapreduce-client/hadoop-mapreduce-client-app/src/main/java/org/apache/hadoop/mapreduce/v2/app/job/event/JobCounterUpdateEvent.java,43
hadoop,org.apache.hadoop.mapreduce.v2.app.job.event,JobSetupCompletedEvent,0,0,1,1,5,1,0,1,-1.0,0,2,/Users/eashraf/hadoop/hadoop-mapreduce-project/hadoop-mapreduce-client/hadoop-mapreduce-client-app/src/main/java/org/apache/hadoop/mapreduce/v2/app/job/event/JobSetupCompletedEvent.java,23
hadoop,org.apache.hadoop.mapreduce.v2.app.job.event,JobEvent,1,0,2,2,13,2,13,0,0.0,5,2,/Users/eashraf/hadoop/hadoop-mapreduce-project/hadoop-mapreduce-client/hadoop-mapreduce-client-app/src/main/java/org/apache/hadoop/mapreduce/v2/app/job/event/JobEvent.java,24
hadoop,org.apache.hadoop.mapreduce.v2.app.job.event,TaskTAttemptEvent,1,0,2,2,10,2,0,1,0.0,0,2,/Users/eashraf/hadoop/hadoop-mapreduce-project/hadoop-mapreduce-client/hadoop-mapreduce-client-app/src/main/java/org/apache/hadoop/mapreduce/v2/app/job/event/TaskTAttemptEvent.java,24
hadoop,org.apache.hadoop.mapreduce.v2.app.job.event,TaskAttemptContainerAssignedEvent,2,0,3,3,15,3,0,1,0.0,1,3,/Users/eashraf/hadoop/hadoop-mapreduce-project/hadoop-mapreduce-client/hadoop-mapreduce-client-app/src/main/java/org/apache/hadoop/mapreduce/v2/app/job/event/TaskAttemptContainerAssignedEvent.java,27
hadoop,org.apache.hadoop.mapreduce.v2.app.job.event,TaskAttemptRecoverEvent,3,0,4,4,20,4,0,1,0.0,0,3,/Users/eashraf/hadoop/hadoop-mapreduce-project/hadoop-mapreduce-client/hadoop-mapreduce-client-app/src/main/java/org/apache/hadoop/mapreduce/v2/app/job/event/TaskAttemptRecoverEvent.java,25
hadoop,org.apache.hadoop.mapreduce.v2.app.job.event,JobCommitFailedEvent,1,0,2,2,10,2,0,1,0.0,0,2,/Users/eashraf/hadoop/hadoop-mapreduce-project/hadoop-mapreduce-client/hadoop-mapreduce-client-app/src/main/java/org/apache/hadoop/mapreduce/v2/app/job/event/JobCommitFailedEvent.java,23
hadoop,org.apache.hadoop.mapreduce.v2.app.job.event,TaskAttemptContainerLaunchedEvent,1,0,2,2,19,2,0,1,0.0,0,2,/Users/eashraf/hadoop/hadoop-mapreduce-project/hadoop-mapreduce-client/hadoop-mapreduce-client-app/src/main/java/org/apache/hadoop/mapreduce/v2/app/job/event/TaskAttemptContainerLaunchedEvent.java,23
hadoop,org.apache.hadoop.mapreduce.v2.app.rm.preemption,AMPreemptionPolicy,0,0,8,8,59,8,3,0,-1.0,7,5,/Users/eashraf/hadoop/hadoop-mapreduce-project/hadoop-mapreduce-client/hadoop-mapreduce-client-app/src/main/java/org/apache/hadoop/mapreduce/v2/app/rm/preemption/AMPreemptionPolicy.java,31
hadoop,org.apache.hadoop.mapreduce.v2.app.rm.preemption,AMPreemptionPolicy.Context,0,0,0,0,13,0,0,0,-1.0,0,0,/Users/eashraf/hadoop/hadoop-mapreduce-project/hadoop-mapreduce-client/hadoop-mapreduce-client-app/src/main/java/org/apache/hadoop/mapreduce/v2/app/rm/preemption/AMPreemptionPolicy.java,38
hadoop,org.apache.hadoop.mapreduce.v2.app.rm.preemption,NoopAMPreemptionPolicy,0,0,8,8,23,8,0,1,-1.0,1,5,/Users/eashraf/hadoop/hadoop-mapreduce-project/hadoop-mapreduce-client/hadoop-mapreduce-client-app/src/main/java/org/apache/hadoop/mapreduce/v2/app/rm/preemption/NoopAMPreemptionPolicy.java,26
hadoop,org.apache.hadoop.mapreduce.v2.app.rm.preemption,CheckpointAMPreemptionPolicy,6,0,13,10,143,30,0,1,0.3076923076923077,2,15,/Users/eashraf/hadoop/hadoop-mapreduce-project/hadoop-mapreduce-client/hadoop-mapreduce-client-app/src/main/java/org/apache/hadoop/mapreduce/v2/app/rm/preemption/CheckpointAMPreemptionPolicy.java,48
hadoop,org.apache.hadoop.mapreduce.v2.app.rm.preemption,KillAMPreemptionPolicy,2,0,9,8,47,13,0,1,0.7777777777777778,1,13,/Users/eashraf/hadoop/hadoop-mapreduce-project/hadoop-mapreduce-client/hadoop-mapreduce-client-app/src/main/java/org/apache/hadoop/mapreduce/v2/app/rm/preemption/KillAMPreemptionPolicy.java,37
hadoop,org.apache.hadoop.mapreduce.v2.app.client,ClientService,0,0,2,2,4,2,1,0,-1.0,9,0,/Users/eashraf/hadoop/hadoop-mapreduce-project/hadoop-mapreduce-client/hadoop-mapreduce-client-app/src/main/java/org/apache/hadoop/mapreduce/v2/app/client/ClientService.java,25
hadoop,org.apache.hadoop.mapreduce.v2.app.client,MRClientService,8,0,7,4,200,10,0,1,0.0,2,16,/Users/eashraf/hadoop/hadoop-mapreduce-project/hadoop-mapreduce-client/hadoop-mapreduce-client-app/src/main/java/org/apache/hadoop/mapreduce/v2/app/client/MRClientService.java,93
hadoop,org.apache.hadoop.mapreduce.v2.app.client,MRClientService.MRClientProtocolHandler,2,0,0,0,144,0,0,0,-1.0,0,5,/Users/eashraf/hadoop/hadoop-mapreduce-project/hadoop-mapreduce-client/hadoop-mapreduce-client-app/src/main/java/org/apache/hadoop/mapreduce/v2/app/client/MRClientService.java,177
hadoop,org.apache.hadoop.mapred.nativetask.kvtest,KVTest,5,0,6,5,75,9,0,0,0.5,0,7,/Users/eashraf/hadoop/hadoop-mapreduce-project/hadoop-mapreduce-client/hadoop-mapreduce-client-nativetask/src/test/java/org/apache/hadoop/mapred/nativetask/kvtest/KVTest.java,48
hadoop,org.apache.hadoop.mapred.nativetask.kvtest,LargeKVTest,3,0,5,5,57,7,0,0,0.6,0,7,/Users/eashraf/hadoop/hadoop-mapreduce-project/hadoop-mapreduce-client/hadoop-mapreduce-client-nativetask/src/test/java/org/apache/hadoop/mapred/nativetask/kvtest/LargeKVTest.java,42
hadoop,org.apache.hadoop.mapred.nativetask.kvtest,HashSumReducer,2,0,1,1,16,3,0,0,0.0,0,0,/Users/eashraf/hadoop/hadoop-mapreduce-project/hadoop-mapreduce-client/hadoop-mapreduce-client-nativetask/src/test/java/org/apache/hadoop/mapred/nativetask/kvtest/HashSumReducer.java,29
hadoop,org.apache.hadoop.mapred.nativetask.kvtest,TestInputFile,17,3,7,4,154,16,0,0,0.0,1,8,/Users/eashraf/hadoop/hadoop-mapreduce-project/hadoop-mapreduce-client/hadoop-mapreduce-client-nativetask/src/test/java/org/apache/hadoop/mapred/nativetask/kvtest/TestInputFile.java,45
hadoop,org.apache.hadoop.mapred.nativetask.kvtest,TestInputFile.KVSizeScope,4,2,0,0,14,0,0,0,-1.0,0,0,/Users/eashraf/hadoop/hadoop-mapreduce-project/hadoop-mapreduce-client/hadoop-mapreduce-client-nativetask/src/test/java/org/apache/hadoop/mapred/nativetask/kvtest/TestInputFile.java,48
hadoop,org.apache.hadoop.mapred.nativetask.kvtest,TestInputFile.State,0,0,0,0,1,0,0,0,-1.0,0,0,/Users/eashraf/hadoop/hadoop-mapreduce-project/hadoop-mapreduce-client/hadoop-mapreduce-client-nativetask/src/test/java/org/apache/hadoop/mapred/nativetask/kvtest/TestInputFile.java,77
hadoop,org.apache.hadoop.mapred.nativetask.kvtest,KVJob,4,2,2,2,51,3,0,0,0.0,2,9,/Users/eashraf/hadoop/hadoop-mapreduce-project/hadoop-mapreduce-client/hadoop-mapreduce-client-nativetask/src/test/java/org/apache/hadoop/mapred/nativetask/kvtest/KVJob.java,41
hadoop,org.apache.hadoop.mapred.nativetask.kvtest,KVJob.ValueMapper,0,0,0,0,5,0,0,0,-1.0,0,0,/Users/eashraf/hadoop/hadoop-mapreduce-project/hadoop-mapreduce-client/hadoop-mapreduce-client-nativetask/src/test/java/org/apache/hadoop/mapred/nativetask/kvtest/KVJob.java,47
hadoop,org.apache.hadoop.mapred.nativetask.kvtest,KVJob.KVMReducer,0,0,0,0,5,0,0,0,-1.0,0,0,/Users/eashraf/hadoop/hadoop-mapreduce-project/hadoop-mapreduce-client/hadoop-mapreduce-client-nativetask/src/test/java/org/apache/hadoop/mapred/nativetask/kvtest/KVJob.java,55
hadoop,org.apache.hadoop.mapred.nativetask.kvtest,KVJob.KVReducer,0,0,0,0,13,0,0,0,-1.0,0,0,/Users/eashraf/hadoop/hadoop-mapreduce-project/hadoop-mapreduce-client/hadoop-mapreduce-client-nativetask/src/test/java/org/apache/hadoop/mapred/nativetask/kvtest/KVJob.java,62
hadoop,org.apache.hadoop.mapred.nativetask.combinertest,LargeKVCombinerTest,1,0,3,3,44,4,0,0,1.0,0,9,/Users/eashraf/hadoop/hadoop-mapreduce-project/hadoop-mapreduce-client/hadoop-mapreduce-client-nativetask/src/test/java/org/apache/hadoop/mapred/nativetask/combinertest/LargeKVCombinerTest.java,47
hadoop,org.apache.hadoop.mapred.nativetask.combinertest,OldAPICombinerTest,2,0,4,3,56,6,0,0,0.5,0,19,/Users/eashraf/hadoop/hadoop-mapreduce-project/hadoop-mapreduce-client/hadoop-mapreduce-client-nativetask/src/test/java/org/apache/hadoop/mapred/nativetask/combinertest/OldAPICombinerTest.java,50
hadoop,org.apache.hadoop.mapred.nativetask.combinertest,CombinerTest,4,0,4,3,56,6,0,0,0.5,1,14,/Users/eashraf/hadoop/hadoop-mapreduce-project/hadoop-mapreduce-client/hadoop-mapreduce-client-nativetask/src/test/java/org/apache/hadoop/mapred/nativetask/combinertest/CombinerTest.java,49
hadoop,org.apache.hadoop.mapred.nativetask.combinertest,WordCountWithOldAPI,3,0,0,0,24,0,0,0,-1.0,1,2,/Users/eashraf/hadoop/hadoop-mapreduce-project/hadoop-mapreduce-client/hadoop-mapreduce-client-nativetask/src/test/java/org/apache/hadoop/mapred/nativetask/combinertest/WordCountWithOldAPI.java,32
hadoop,org.apache.hadoop.mapred.nativetask.combinertest,WordCountWithOldAPI.TokenizerMapperWithOldAPI,2,0,0,0,11,0,0,0,-1.0,0,2,/Users/eashraf/hadoop/hadoop-mapreduce-project/hadoop-mapreduce-client/hadoop-mapreduce-client-nativetask/src/test/java/org/apache/hadoop/mapred/nativetask/combinertest/WordCountWithOldAPI.java,34
hadoop,org.apache.hadoop.mapred.nativetask.combinertest,WordCountWithOldAPI.IntSumReducerWithOldAPI,1,0,0,0,11,0,0,0,-1.0,0,1,/Users/eashraf/hadoop/hadoop-mapreduce-project/hadoop-mapreduce-client/hadoop-mapreduce-client-nativetask/src/test/java/org/apache/hadoop/mapred/nativetask/combinertest/WordCountWithOldAPI.java,52
hadoop,org.apache.hadoop.mapred.nativetask.combinertest,WordCount,4,0,1,1,43,2,0,0,0.0,1,7,/Users/eashraf/hadoop/hadoop-mapreduce-project/hadoop-mapreduce-client/hadoop-mapreduce-client-nativetask/src/test/java/org/apache/hadoop/mapred/nativetask/combinertest/WordCount.java,37
hadoop,org.apache.hadoop.mapred.nativetask.combinertest,WordCount.TokenizerMapper,2,0,0,0,11,0,0,0,-1.0,0,2,/Users/eashraf/hadoop/hadoop-mapreduce-project/hadoop-mapreduce-client/hadoop-mapreduce-client-nativetask/src/test/java/org/apache/hadoop/mapred/nativetask/combinertest/WordCount.java,41
hadoop,org.apache.hadoop.mapred.nativetask.combinertest,WordCount.IntSumReducer,1,0,0,0,11,0,0,0,-1.0,0,1,/Users/eashraf/hadoop/hadoop-mapreduce-project/hadoop-mapreduce-client/hadoop-mapreduce-client-nativetask/src/test/java/org/apache/hadoop/mapred/nativetask/combinertest/WordCount.java,57
hadoop,org.apache.hadoop.mapred.nativetask.compresstest,CompressTest,2,0,5,5,67,6,0,0,0.4,0,11,/Users/eashraf/hadoop/hadoop-mapreduce-project/hadoop-mapreduce-client/hadoop-mapreduce-client-nativetask/src/test/java/org/apache/hadoop/mapred/nativetask/compresstest/CompressTest.java,42
hadoop,org.apache.hadoop.mapred.nativetask.compresstest,CompressMapper,0,0,1,1,23,2,0,0,-1.0,1,7,/Users/eashraf/hadoop/hadoop-mapreduce-project/hadoop-mapreduce-client/hadoop-mapreduce-client-nativetask/src/test/java/org/apache/hadoop/mapred/nativetask/compresstest/CompressMapper.java,33
hadoop,org.apache.hadoop.mapred.nativetask.compresstest,CompressMapper.TextCompressMapper,0,0,0,0,5,0,0,0,-1.0,0,0,/Users/eashraf/hadoop/hadoop-mapreduce-project/hadoop-mapreduce-client/hadoop-mapreduce-client-nativetask/src/test/java/org/apache/hadoop/mapred/nativetask/compresstest/CompressMapper.java,35
hadoop,org.apache.hadoop.mapred.nativetask,TestTaskContext,0,0,1,1,13,1,0,0,-1.0,0,5,/Users/eashraf/hadoop/hadoop-mapreduce-project/hadoop-mapreduce-client/hadoop-mapreduce-client-nativetask/src/test/java/org/apache/hadoop/mapred/nativetask/TestTaskContext.java,27
hadoop,org.apache.hadoop.mapred.nativetask,NativeBatchProcessor,10,0,23,13,175,37,0,2,0.17391304347826086,2,14,/Users/eashraf/hadoop/hadoop-mapreduce-project/hadoop-mapreduce-client/hadoop-mapreduce-client-nativetask/src/main/java/org/apache/hadoop/mapred/nativetask/NativeBatchProcessor.java,35
hadoop,org.apache.hadoop.mapred.nativetask,TaskContext,7,0,13,13,54,13,0,0,0.0,5,2,/Users/eashraf/hadoop/hadoop-mapreduce-project/hadoop-mapreduce-client/hadoop-mapreduce-client-nativetask/src/main/java/org/apache/hadoop/mapred/nativetask/TaskContext.java,25
hadoop,org.apache.hadoop.mapred.nativetask,DataReceiver,0,0,1,1,9,1,0,0,-1.0,4,0,/Users/eashraf/hadoop/hadoop-mapreduce-project/hadoop-mapreduce-client/hadoop-mapreduce-client-nativetask/src/main/java/org/apache/hadoop/mapred/nativetask/DataReceiver.java,25
hadoop,org.apache.hadoop.mapred.nativetask,DataChannel,0,0,0,0,13,0,0,0,-1.0,3,0,/Users/eashraf/hadoop/hadoop-mapreduce-project/hadoop-mapreduce-client/hadoop-mapreduce-client-nativetask/src/main/java/org/apache/hadoop/mapred/nativetask/DataChannel.java,23
hadoop,org.apache.hadoop.mapred.nativetask,Platforms,2,0,3,3,37,8,0,0,0.0,1,4,/Users/eashraf/hadoop/hadoop-mapreduce-project/hadoop-mapreduce-client/hadoop-mapreduce-client-nativetask/src/main/java/org/apache/hadoop/mapred/nativetask/Platforms.java,32
hadoop,org.apache.hadoop.mapred.nativetask,INativeHandler,0,0,6,5,20,6,1,1,-1.0,5,4,/Users/eashraf/hadoop/hadoop-mapreduce-project/hadoop-mapreduce-client/hadoop-mapreduce-client-nativetask/src/main/java/org/apache/hadoop/mapred/nativetask/INativeHandler.java,26
hadoop,org.apache.hadoop.mapred.nativetask,Command,2,0,6,6,26,7,0,0,0.0,5,0,/Users/eashraf/hadoop/hadoop-mapreduce-project/hadoop-mapreduce-client/hadoop-mapreduce-client-nativetask/src/main/java/org/apache/hadoop/mapred/nativetask/Command.java,22
hadoop,org.apache.hadoop.mapred.nativetask,ICombineHandler,0,0,3,3,17,3,0,0,-1.0,2,0,/Users/eashraf/hadoop/hadoop-mapreduce-project/hadoop-mapreduce-client/hadoop-mapreduce-client-nativetask/src/main/java/org/apache/hadoop/mapred/nativetask/ICombineHandler.java,24
hadoop,org.apache.hadoop.mapred.nativetask,NativeMapOutputCollectorDelegator,5,0,4,4,102,14,0,0,0.0,0,13,/Users/eashraf/hadoop/hadoop-mapreduce-project/hadoop-mapreduce-client/hadoop-mapreduce-client-nativetask/src/main/java/org/apache/hadoop/mapred/nativetask/NativeMapOutputCollectorDelegator.java,40
hadoop,org.apache.hadoop.mapred.nativetask,Platform,2,0,6,3,40,6,1,0,0.8333333333333334,0,3,/Users/eashraf/hadoop/hadoop-mapreduce-project/hadoop-mapreduce-client/hadoop-mapreduce-client-nativetask/src/main/java/org/apache/hadoop/mapred/nativetask/Platform.java,30
hadoop,org.apache.hadoop.mapred.nativetask,StatusReportChecker,5,1,6,5,62,10,0,0,0.0,1,3,/Users/eashraf/hadoop/hadoop-mapreduce-project/hadoop-mapreduce-client/hadoop-mapreduce-client-nativetask/src/main/java/org/apache/hadoop/mapred/nativetask/StatusReportChecker.java,28
hadoop,org.apache.hadoop.mapred.nativetask,NativeRuntime,3,0,15,7,128,21,0,0,0.26666666666666666,10,9,/Users/eashraf/hadoop/hadoop-mapreduce-project/hadoop-mapreduce-client/hadoop-mapreduce-client-nativetask/src/main/java/org/apache/hadoop/mapred/nativetask/NativeRuntime.java,37
hadoop,org.apache.hadoop.mapred.nativetask,NativeDataSource,0,0,3,2,17,3,1,0,-1.0,1,1,/Users/eashraf/hadoop/hadoop-mapreduce-project/hadoop-mapreduce-client/hadoop-mapreduce-client-nativetask/src/main/java/org/apache/hadoop/mapred/nativetask/NativeDataSource.java,26
hadoop,org.apache.hadoop.mapred.nativetask,NativeDataTarget,0,0,3,3,17,3,1,0,-1.0,3,0,/Users/eashraf/hadoop/hadoop-mapreduce-project/hadoop-mapreduce-client/hadoop-mapreduce-client-nativetask/src/main/java/org/apache/hadoop/mapred/nativetask/NativeDataTarget.java,26
hadoop,org.apache.hadoop.mapred.nativetask,HadoopPlatform,1,0,5,5,34,6,0,1,1.0,0,1,/Users/eashraf/hadoop/hadoop-mapreduce-project/hadoop-mapreduce-client/hadoop-mapreduce-client-nativetask/src/main/java/org/apache/hadoop/mapred/nativetask/HadoopPlatform.java,40
hadoop,org.apache.hadoop.mapred.nativetask,INativeComparable,0,0,0,0,5,0,0,0,-1.0,0,0,/Users/eashraf/hadoop/hadoop-mapreduce-project/hadoop-mapreduce-client/hadoop-mapreduce-client-nativetask/src/main/java/org/apache/hadoop/mapred/nativetask/INativeComparable.java,24
hadoop,org.apache.hadoop.mapred.nativetask,CommandDispatcher,0,0,1,1,6,1,0,0,-1.0,2,2,/Users/eashraf/hadoop/hadoop-mapreduce-project/hadoop-mapreduce-client/hadoop-mapreduce-client-nativetask/src/main/java/org/apache/hadoop/mapred/nativetask/CommandDispatcher.java,26
hadoop,org.apache.hadoop.mapred.nativetask,Constants,18,18,0,0,20,0,0,0,-1.0,9,0,/Users/eashraf/hadoop/hadoop-mapreduce-project/hadoop-mapreduce-client/hadoop-mapreduce-client-nativetask/src/main/java/org/apache/hadoop/mapred/nativetask/Constants.java,22
hadoop,org.apache.hadoop.mapred.nativetask.utils,TestBytesUtil,0,0,5,5,26,5,0,0,-1.0,0,1,/Users/eashraf/hadoop/hadoop-mapreduce-project/hadoop-mapreduce-client/hadoop-mapreduce-client-nativetask/src/test/java/org/apache/hadoop/mapred/nativetask/utils/TestBytesUtil.java,28
hadoop,org.apache.hadoop.mapred.nativetask.utils,TestSizedWritable,0,0,1,1,7,1,0,0,-1.0,0,1,/Users/eashraf/hadoop/hadoop-mapreduce-project/hadoop-mapreduce-client/hadoop-mapreduce-client-nativetask/src/test/java/org/apache/hadoop/mapred/nativetask/utils/TestSizedWritable.java,26
hadoop,org.apache.hadoop.mapred.nativetask.utils,TestReadWriteBuffer,1,0,1,1,26,2,0,0,0.0,0,1,/Users/eashraf/hadoop/hadoop-mapreduce-project/hadoop-mapreduce-client/hadoop-mapreduce-client-nativetask/src/test/java/org/apache/hadoop/mapred/nativetask/utils/TestReadWriteBuffer.java,25
hadoop,org.apache.hadoop.mapred.nativetask.nonsorttest,NonSortTestMR,5,0,0,0,30,0,0,0,-1.0,1,2,/Users/eashraf/hadoop/hadoop-mapreduce-project/hadoop-mapreduce-client/hadoop-mapreduce-client-nativetask/src/test/java/org/apache/hadoop/mapred/nativetask/nonsorttest/NonSortTestMR.java,32
hadoop,org.apache.hadoop.mapred.nativetask.nonsorttest,NonSortTestMR.Map,2,0,0,0,12,0,0,0,-1.0,0,2,/Users/eashraf/hadoop/hadoop-mapreduce-project/hadoop-mapreduce-client/hadoop-mapreduce-client-nativetask/src/test/java/org/apache/hadoop/mapred/nativetask/nonsorttest/NonSortTestMR.java,34
hadoop,org.apache.hadoop.mapred.nativetask.nonsorttest,NonSortTestMR.KeyHashSumReduce,3,0,0,0,16,0,0,0,-1.0,0,0,/Users/eashraf/hadoop/hadoop-mapreduce-project/hadoop-mapreduce-client/hadoop-mapreduce-client-nativetask/src/test/java/org/apache/hadoop/mapred/nativetask/nonsorttest/NonSortTestMR.java,50
hadoop,org.apache.hadoop.mapred.nativetask.nonsorttest,NonSortTest,0,0,4,3,53,6,0,0,-1.0,0,17,/Users/eashraf/hadoop/hadoop-mapreduce-project/hadoop-mapreduce-client/hadoop-mapreduce-client-nativetask/src/test/java/org/apache/hadoop/mapred/nativetask/nonsorttest/NonSortTest.java,47
hadoop,org.apache.hadoop.mapred.nativetask.testutil,TestConstants,38,38,0,0,40,0,0,0,-1.0,11,0,/Users/eashraf/hadoop/hadoop-mapreduce-project/hadoop-mapreduce-client/hadoop-mapreduce-client-nativetask/src/test/java/org/apache/hadoop/mapred/nativetask/testutil/TestConstants.java,20
hadoop,org.apache.hadoop.mapred.nativetask.testutil,BytesFactory,1,1,4,4,98,27,0,0,0.75,1,2,/Users/eashraf/hadoop/hadoop-mapreduce-project/hadoop-mapreduce-client/hadoop-mapreduce-client-nativetask/src/test/java/org/apache/hadoop/mapred/nativetask/testutil/BytesFactory.java,40
hadoop,org.apache.hadoop.mapred.nativetask.testutil,ResultVerifier,0,0,3,3,110,20,0,0,-1.0,7,8,/Users/eashraf/hadoop/hadoop-mapreduce-project/hadoop-mapreduce-client/hadoop-mapreduce-client-nativetask/src/test/java/org/apache/hadoop/mapred/nativetask/testutil/ResultVerifier.java,34
hadoop,org.apache.hadoop.mapred.nativetask.testutil,MockValueClass,6,0,5,5,44,5,0,0,0.0,0,3,/Users/eashraf/hadoop/hadoop-mapreduce-project/hadoop-mapreduce-client/hadoop-mapreduce-client-nativetask/src/test/java/org/apache/hadoop/mapred/nativetask/testutil/MockValueClass.java,30
hadoop,org.apache.hadoop.mapred.nativetask.testutil,EnforceNativeOutputCollectorDelegator,2,0,2,2,21,3,0,0,0.0,0,0,/Users/eashraf/hadoop/hadoop-mapreduce-project/hadoop-mapreduce-client/hadoop-mapreduce-client-nativetask/src/test/java/org/apache/hadoop/mapred/nativetask/testutil/EnforceNativeOutputCollectorDelegator.java,26
hadoop,org.apache.hadoop.mapred.nativetask.testutil,TestInput,3,3,2,1,25,3,0,0,0.0,2,1,/Users/eashraf/hadoop/hadoop-mapreduce-project/hadoop-mapreduce-client/hadoop-mapreduce-client-nativetask/src/test/java/org/apache/hadoop/mapred/nativetask/testutil/TestInput.java,24
hadoop,org.apache.hadoop.mapred.nativetask.testutil,TestInput.KV,2,2,0,0,4,0,0,0,-1.0,0,0,/Users/eashraf/hadoop/hadoop-mapreduce-project/hadoop-mapreduce-client/hadoop-mapreduce-client-nativetask/src/test/java/org/apache/hadoop/mapred/nativetask/testutil/TestInput.java,27
hadoop,org.apache.hadoop.mapred.nativetask.testutil,ScenarioConfiguration,0,0,7,7,30,7,0,0,-1.0,6,2,/Users/eashraf/hadoop/hadoop-mapreduce-project/hadoop-mapreduce-client/hadoop-mapreduce-client-nativetask/src/test/java/org/apache/hadoop/mapred/nativetask/testutil/ScenarioConfiguration.java,22
hadoop,org.apache.hadoop.mapred.nativetask.serde,TestKVSerializer,7,0,7,7,71,8,0,0,0.0,0,6,/Users/eashraf/hadoop/hadoop-mapreduce-project/hadoop-mapreduce-client/hadoop-mapreduce-client-nativetask/src/test/java/org/apache/hadoop/mapred/nativetask/serde/TestKVSerializer.java,37
hadoop,org.apache.hadoop.mapred.nativetask.serde,TestNativeSerialization,1,0,1,1,57,1,0,0,0.0,0,2,/Users/eashraf/hadoop/hadoop-mapreduce-project/hadoop-mapreduce-client/hadoop-mapreduce-client-nativetask/src/test/java/org/apache/hadoop/mapred/nativetask/serde/TestNativeSerialization.java,29
hadoop,org.apache.hadoop.mapred.nativetask.serde,TestNativeSerialization.WritableKey,1,0,0,0,19,0,0,0,-1.0,0,0,/Users/eashraf/hadoop/hadoop-mapreduce-project/hadoop-mapreduce-client/hadoop-mapreduce-client-nativetask/src/test/java/org/apache/hadoop/mapred/nativetask/serde/TestNativeSerialization.java,53
hadoop,org.apache.hadoop.mapred.nativetask.serde,TestNativeSerialization.WritableValue,0,0,0,0,6,0,0,0,-1.0,0,0,/Users/eashraf/hadoop/hadoop-mapreduce-project/hadoop-mapreduce-client/hadoop-mapreduce-client-nativetask/src/test/java/org/apache/hadoop/mapred/nativetask/serde/TestNativeSerialization.java,82
hadoop,org.apache.hadoop.mapred.nativetask.serde,TestNativeSerialization.NonWritableValue,0,0,0,0,2,0,0,0,-1.0,0,0,/Users/eashraf/hadoop/hadoop-mapreduce-project/hadoop-mapreduce-client/hadoop-mapreduce-client-nativetask/src/test/java/org/apache/hadoop/mapred/nativetask/serde/TestNativeSerialization.java,93
hadoop,org.apache.hadoop.mapred.nativetask.serde,TestNativeSerialization.ComparableKeySerializer,0,0,0,0,11,0,0,1,-1.0,0,0,/Users/eashraf/hadoop/hadoop-mapreduce-project/hadoop-mapreduce-client/hadoop-mapreduce-client-nativetask/src/test/java/org/apache/hadoop/mapred/nativetask/serde/TestNativeSerialization.java,96
hadoop,org.apache.hadoop.mapred.nativetask.serde,TextSerializer,0,0,4,4,13,4,0,1,-1.0,0,1,/Users/eashraf/hadoop/hadoop-mapreduce-project/hadoop-mapreduce-client/hadoop-mapreduce-client-nativetask/src/main/java/org/apache/hadoop/mapred/nativetask/serde/TextSerializer.java,29
hadoop,org.apache.hadoop.mapred.nativetask.serde,SerializationFramework,1,0,2,1,8,2,0,0,0.0,1,0,/Users/eashraf/hadoop/hadoop-mapreduce-project/hadoop-mapreduce-client/hadoop-mapreduce-client-nativetask/src/main/java/org/apache/hadoop/mapred/nativetask/serde/SerializationFramework.java,22
hadoop,org.apache.hadoop.mapred.nativetask.serde,BytesWritableSerializer,0,0,3,3,12,3,0,1,-1.0,0,1,/Users/eashraf/hadoop/hadoop-mapreduce-project/hadoop-mapreduce-client/hadoop-mapreduce-client-nativetask/src/main/java/org/apache/hadoop/mapred/nativetask/serde/BytesWritableSerializer.java,29
hadoop,org.apache.hadoop.mapred.nativetask.serde,NativeSerialization,2,0,5,5,50,12,0,0,0.6,5,1,/Users/eashraf/hadoop/hadoop-mapreduce-project/hadoop-mapreduce-client/hadoop-mapreduce-client-nativetask/src/main/java/org/apache/hadoop/mapred/nativetask/serde/NativeSerialization.java,27
hadoop,org.apache.hadoop.mapred.nativetask.serde,VIntWritableSerializer,0,0,0,0,2,0,0,2,-1.0,0,0,/Users/eashraf/hadoop/hadoop-mapreduce-project/hadoop-mapreduce-client/hadoop-mapreduce-client-nativetask/src/main/java/org/apache/hadoop/mapred/nativetask/serde/VIntWritableSerializer.java,24
hadoop,org.apache.hadoop.mapred.nativetask.serde,VLongWritableSerializer,0,0,0,0,2,0,0,2,-1.0,0,0,/Users/eashraf/hadoop/hadoop-mapreduce-project/hadoop-mapreduce-client/hadoop-mapreduce-client-nativetask/src/main/java/org/apache/hadoop/mapred/nativetask/serde/VLongWritableSerializer.java,24
hadoop,org.apache.hadoop.mapred.nativetask.serde,INativeSerializer,0,0,3,3,11,3,4,0,-1.0,6,0,/Users/eashraf/hadoop/hadoop-mapreduce-project/hadoop-mapreduce-client/hadoop-mapreduce-client-nativetask/src/main/java/org/apache/hadoop/mapred/nativetask/serde/INativeSerializer.java,27
hadoop,org.apache.hadoop.mapred.nativetask.serde,IKVSerializer,0,0,4,4,12,4,1,0,-1.0,1,3,/Users/eashraf/hadoop/hadoop-mapreduce-project/hadoop-mapreduce-client/hadoop-mapreduce-client-nativetask/src/main/java/org/apache/hadoop/mapred/nativetask/serde/IKVSerializer.java,28
hadoop,org.apache.hadoop.mapred.nativetask.serde,ByteWritableSerializer,0,0,1,1,5,1,0,2,-1.0,0,1,/Users/eashraf/hadoop/hadoop-mapreduce-project/hadoop-mapreduce-client/hadoop-mapreduce-client-nativetask/src/main/java/org/apache/hadoop/mapred/nativetask/serde/ByteWritableSerializer.java,27
hadoop,org.apache.hadoop.mapred.nativetask.serde,NullWritableSerializer,0,0,1,1,5,1,0,2,-1.0,0,1,/Users/eashraf/hadoop/hadoop-mapreduce-project/hadoop-mapreduce-client/hadoop-mapreduce-client-nativetask/src/main/java/org/apache/hadoop/mapred/nativetask/serde/NullWritableSerializer.java,27
hadoop,org.apache.hadoop.mapred.nativetask.serde,DoubleWritableSerializer,0,0,1,1,5,1,0,2,-1.0,0,1,/Users/eashraf/hadoop/hadoop-mapreduce-project/hadoop-mapreduce-client/hadoop-mapreduce-client-nativetask/src/main/java/org/apache/hadoop/mapred/nativetask/serde/DoubleWritableSerializer.java,27
hadoop,org.apache.hadoop.mapred.nativetask.serde,BoolWritableSerializer,0,0,1,1,5,1,0,2,-1.0,0,1,/Users/eashraf/hadoop/hadoop-mapreduce-project/hadoop-mapreduce-client/hadoop-mapreduce-client-nativetask/src/main/java/org/apache/hadoop/mapred/nativetask/serde/BoolWritableSerializer.java,27
hadoop,org.apache.hadoop.mapred.nativetask.serde,FloatWritableSerializer,0,0,1,1,5,1,0,2,-1.0,0,1,/Users/eashraf/hadoop/hadoop-mapreduce-project/hadoop-mapreduce-client/hadoop-mapreduce-client-nativetask/src/main/java/org/apache/hadoop/mapred/nativetask/serde/FloatWritableSerializer.java,28
hadoop,org.apache.hadoop.mapred.nativetask.serde,LongWritableSerializer,0,0,1,1,5,1,0,2,-1.0,0,1,/Users/eashraf/hadoop/hadoop-mapreduce-project/hadoop-mapreduce-client/hadoop-mapreduce-client-nativetask/src/main/java/org/apache/hadoop/mapred/nativetask/serde/LongWritableSerializer.java,27
hadoop,org.apache.hadoop.mapred.nativetask.serde,IntWritableSerializer,0,0,1,1,5,1,0,2,-1.0,0,1,/Users/eashraf/hadoop/hadoop-mapreduce-project/hadoop-mapreduce-client/hadoop-mapreduce-client-nativetask/src/main/java/org/apache/hadoop/mapred/nativetask/serde/IntWritableSerializer.java,27
hadoop,org.apache.hadoop.mapred.nativetask.serde,KVSerializer,4,1,5,5,50,10,0,1,0.0,3,6,/Users/eashraf/hadoop/hadoop-mapreduce-project/hadoop-mapreduce-client/hadoop-mapreduce-client-nativetask/src/main/java/org/apache/hadoop/mapred/nativetask/serde/KVSerializer.java,34
hadoop,org.apache.hadoop.mapred.nativetask.serde,DefaultSerializer,4,0,3,3,26,3,9,1,1.0,0,1,/Users/eashraf/hadoop/hadoop-mapreduce-project/hadoop-mapreduce-client/hadoop-mapreduce-client-nativetask/src/main/java/org/apache/hadoop/mapred/nativetask/serde/DefaultSerializer.java,31
hadoop,org.apache.hadoop.mapred.nativetask.serde,DefaultSerializer.ModifiedByteArrayOutputStream,0,0,0,0,5,0,0,0,-1.0,0,0,/Users/eashraf/hadoop/hadoop-mapreduce-project/hadoop-mapreduce-client/hadoop-mapreduce-client-nativetask/src/main/java/org/apache/hadoop/mapred/nativetask/serde/DefaultSerializer.java,35
hadoop,org.apache.hadoop.mapred.nativetask.handlers,TestCombineHandler,5,0,4,4,33,4,0,0,0.0,0,5,/Users/eashraf/hadoop/hadoop-mapreduce-project/hadoop-mapreduce-client/hadoop-mapreduce-client-nativetask/src/test/java/org/apache/hadoop/mapred/nativetask/handlers/TestCombineHandler.java,33
hadoop,org.apache.hadoop.mapred.nativetask.handlers,TestNativeCollectorOnlyHandler,6,0,5,5,57,5,0,0,0.0,0,12,/Users/eashraf/hadoop/hadoop-mapreduce-project/hadoop-mapreduce-client/hadoop-mapreduce-client-nativetask/src/test/java/org/apache/hadoop/mapred/nativetask/handlers/TestNativeCollectorOnlyHandler.java,43
hadoop,org.apache.hadoop.mapred.nativetask.handlers,IDataLoader,0,0,2,2,10,2,1,0,-1.0,2,0,/Users/eashraf/hadoop/hadoop-mapreduce-project/hadoop-mapreduce-client/hadoop-mapreduce-client-nativetask/src/main/java/org/apache/hadoop/mapred/nativetask/handlers/IDataLoader.java,25
hadoop,org.apache.hadoop.mapred.nativetask.handlers,BufferPullee,10,1,3,3,73,13,0,1,0.0,1,7,/Users/eashraf/hadoop/hadoop-mapreduce-project/hadoop-mapreduce-client/hadoop-mapreduce-client-nativetask/src/main/java/org/apache/hadoop/mapred/nativetask/handlers/BufferPullee.java,31
hadoop,org.apache.hadoop.mapred.nativetask.handlers,BufferPushee,9,1,4,3,97,20,0,0,0.0,1,7,/Users/eashraf/hadoop/hadoop-mapreduce-project/hadoop-mapreduce-client/hadoop-mapreduce-client-nativetask/src/main/java/org/apache/hadoop/mapred/nativetask/handlers/BufferPushee.java,35
hadoop,org.apache.hadoop.mapred.nativetask.handlers,BufferPuller,13,1,9,8,128,27,0,0,0.2222222222222222,3,7,/Users/eashraf/hadoop/hadoop-mapreduce-project/hadoop-mapreduce-client/hadoop-mapreduce-client-nativetask/src/main/java/org/apache/hadoop/mapred/nativetask/handlers/BufferPuller.java,37
hadoop,org.apache.hadoop.mapred.nativetask.handlers,NativeCollectorOnlyHandler,12,5,6,5,103,19,0,0,0.5,2,14,/Users/eashraf/hadoop/hadoop-mapreduce-project/hadoop-mapreduce-client/hadoop-mapreduce-client-nativetask/src/main/java/org/apache/hadoop/mapred/nativetask/handlers/NativeCollectorOnlyHandler.java,41
hadoop,org.apache.hadoop.mapred.nativetask.handlers,BufferPusher,6,0,5,5,48,11,0,0,0.0,5,4,/Users/eashraf/hadoop/hadoop-mapreduce-project/hadoop-mapreduce-client/hadoop-mapreduce-client-nativetask/src/main/java/org/apache/hadoop/mapred/nativetask/handlers/BufferPusher.java,33
hadoop,org.apache.hadoop.mapred.nativetask.handlers,CombinerHandler,9,4,6,6,77,14,0,0,0.3333333333333333,2,14,/Users/eashraf/hadoop/hadoop-mapreduce-project/hadoop-mapreduce-client/hadoop-mapreduce-client-nativetask/src/main/java/org/apache/hadoop/mapred/nativetask/handlers/CombinerHandler.java,40
hadoop,org.apache.hadoop.mapred.nativetask.buffer,TestBufferPushPull,12,2,5,5,158,7,0,0,0.4,0,11,/Users/eashraf/hadoop/hadoop-mapreduce-project/hadoop-mapreduce-client/hadoop-mapreduce-client-nativetask/src/test/java/org/apache/hadoop/mapred/nativetask/buffer/TestBufferPushPull.java,47
hadoop,org.apache.hadoop.mapred.nativetask.buffer,TestBufferPushPull.PushTarget,1,0,0,0,13,0,0,0,-1.0,0,1,/Users/eashraf/hadoop/hadoop-mapreduce-project/hadoop-mapreduce-client/hadoop-mapreduce-client-nativetask/src/test/java/org/apache/hadoop/mapred/nativetask/buffer/TestBufferPushPull.java,144
hadoop,org.apache.hadoop.mapred.nativetask.buffer,TestBufferPushPull.RecordWriterForPush,1,0,0,0,11,0,0,0,-1.0,0,0,/Users/eashraf/hadoop/hadoop-mapreduce-project/hadoop-mapreduce-client/hadoop-mapreduce-client-nativetask/src/test/java/org/apache/hadoop/mapred/nativetask/buffer/TestBufferPushPull.java,165
hadoop,org.apache.hadoop.mapred.nativetask.buffer,TestBufferPushPull.NativeHandlerForPull,4,0,0,0,34,0,0,0,-1.0,0,4,/Users/eashraf/hadoop/hadoop-mapreduce-project/hadoop-mapreduce-client/hadoop-mapreduce-client-nativetask/src/test/java/org/apache/hadoop/mapred/nativetask/buffer/TestBufferPushPull.java,184
hadoop,org.apache.hadoop.mapred.nativetask.buffer,TestBufferPushPull.KeyValueIterator,3,0,0,0,33,0,0,0,-1.0,0,1,/Users/eashraf/hadoop/hadoop-mapreduce-project/hadoop-mapreduce-client/hadoop-mapreduce-client-nativetask/src/test/java/org/apache/hadoop/mapred/nativetask/buffer/TestBufferPushPull.java,235
hadoop,org.apache.hadoop.mapred.nativetask.buffer,TestInputBuffer,0,0,1,1,23,1,0,0,-1.0,0,2,/Users/eashraf/hadoop/hadoop-mapreduce-project/hadoop-mapreduce-client/hadoop-mapreduce-client-nativetask/src/test/java/org/apache/hadoop/mapred/nativetask/buffer/TestInputBuffer.java,26
hadoop,org.apache.hadoop.mapred.nativetask.buffer,TestByteBufferReadWrite,1,0,5,4,101,6,0,0,0.8,0,4,/Users/eashraf/hadoop/hadoop-mapreduce-project/hadoop-mapreduce-client/hadoop-mapreduce-client-nativetask/src/test/java/org/apache/hadoop/mapred/nativetask/buffer/TestByteBufferReadWrite.java,31
hadoop,org.apache.hadoop.mapred.nativetask.buffer,TestByteBufferReadWrite.MockDataTarget,1,0,0,0,13,0,0,0,-1.0,0,1,/Users/eashraf/hadoop/hadoop-mapreduce-project/hadoop-mapreduce-client/hadoop-mapreduce-client-nativetask/src/test/java/org/apache/hadoop/mapred/nativetask/buffer/TestByteBufferReadWrite.java,149
hadoop,org.apache.hadoop.mapred.nativetask.buffer,TestOutputBuffer,0,0,1,1,17,1,0,0,-1.0,0,2,/Users/eashraf/hadoop/hadoop-mapreduce-project/hadoop-mapreduce-client/hadoop-mapreduce-client-nativetask/src/test/java/org/apache/hadoop/mapred/nativetask/buffer/TestOutputBuffer.java,24
hadoop,org.apache.hadoop.mapred.nativetask.buffer,OutputBuffer,2,0,7,7,41,11,0,0,0.0,7,1,/Users/eashraf/hadoop/hadoop-mapreduce-project/hadoop-mapreduce-client/hadoop-mapreduce-client-nativetask/src/main/java/org/apache/hadoop/mapred/nativetask/buffer/OutputBuffer.java,25
hadoop,org.apache.hadoop.mapred.nativetask.buffer,InputBuffer,3,0,12,12,86,24,0,0,0.0,6,2,/Users/eashraf/hadoop/hadoop-mapreduce-project/hadoop-mapreduce-client/hadoop-mapreduce-client-nativetask/src/main/java/org/apache/hadoop/mapred/nativetask/buffer/InputBuffer.java,29
hadoop,org.apache.hadoop.mapred.nativetask.buffer,DataOutputStream,0,0,2,2,11,2,1,0,-1.0,3,0,/Users/eashraf/hadoop/hadoop-mapreduce-project/hadoop-mapreduce-client/hadoop-mapreduce-client-nativetask/src/main/java/org/apache/hadoop/mapred/nativetask/buffer/DataOutputStream.java,26
hadoop,org.apache.hadoop.mapred.nativetask.buffer,DataInputStream,0,0,1,1,3,1,1,0,-1.0,3,0,/Users/eashraf/hadoop/hadoop-mapreduce-project/hadoop-mapreduce-client/hadoop-mapreduce-client-nativetask/src/main/java/org/apache/hadoop/mapred/nativetask/buffer/DataInputStream.java,24
hadoop,org.apache.hadoop.mapred.nativetask.buffer,ByteBufferDataReader,2,0,21,21,82,23,0,1,0.09523809523809523,3,1,/Users/eashraf/hadoop/hadoop-mapreduce-project/hadoop-mapreduce-client/hadoop-mapreduce-client-nativetask/src/main/java/org/apache/hadoop/mapred/nativetask/buffer/ByteBufferDataReader.java,25
hadoop,org.apache.hadoop.mapred.nativetask.buffer,ByteBufferDataWriter,5,0,19,18,102,24,0,1,0.0,3,1,/Users/eashraf/hadoop/hadoop-mapreduce-project/hadoop-mapreduce-client/hadoop-mapreduce-client-nativetask/src/main/java/org/apache/hadoop/mapred/nativetask/buffer/ByteBufferDataWriter.java,28
hadoop,org.apache.hadoop.mapred.nativetask.buffer,BufferType,0,0,0,0,1,0,0,0,-1.0,9,0,/Users/eashraf/hadoop/hadoop-mapreduce-project/hadoop-mapreduce-client/hadoop-mapreduce-client-nativetask/src/main/java/org/apache/hadoop/mapred/nativetask/buffer/BufferType.java,23
hadoop,org.apache.hadoop.mapred.nativetask.util,LocalJobOutputFiles,8,0,13,13,101,13,0,1,0.15384615384615385,0,4,/Users/eashraf/hadoop/hadoop-mapreduce-project/hadoop-mapreduce-client/hadoop-mapreduce-client-nativetask/src/main/java/org/apache/hadoop/mapred/nativetask/util/LocalJobOutputFiles.java,29
hadoop,org.apache.hadoop.mapred.nativetask.util,ConfigUtil,0,0,2,2,17,4,0,0,-1.0,2,1,/Users/eashraf/hadoop/hadoop-mapreduce-project/hadoop-mapreduce-client/hadoop-mapreduce-client-nativetask/src/main/java/org/apache/hadoop/mapred/nativetask/util/ConfigUtil.java,29
hadoop,org.apache.hadoop.mapred.nativetask.util,NativeTaskOutputFiles,9,0,13,13,106,13,0,1,0.15384615384615385,1,4,/Users/eashraf/hadoop/hadoop-mapreduce-project/hadoop-mapreduce-client/hadoop-mapreduce-client-nativetask/src/main/java/org/apache/hadoop/mapred/nativetask/util/NativeTaskOutputFiles.java,29
hadoop,org.apache.hadoop.mapred.nativetask.util,ReadWriteBuffer,4,0,18,17,102,20,0,0,0.1111111111111111,7,0,/Users/eashraf/hadoop/hadoop-mapreduce-project/hadoop-mapreduce-client/hadoop-mapreduce-client-nativetask/src/main/java/org/apache/hadoop/mapred/nativetask/util/ReadWriteBuffer.java,23
hadoop,org.apache.hadoop.mapred.nativetask.util,OutputUtil,2,1,1,1,17,1,0,0,0.0,2,3,/Users/eashraf/hadoop/hadoop-mapreduce-project/hadoop-mapreduce-client/hadoop-mapreduce-client-nativetask/src/main/java/org/apache/hadoop/mapred/nativetask/util/OutputUtil.java,28
hadoop,org.apache.hadoop.mapred.nativetask.util,BytesUtil,1,0,11,11,108,16,0,0,0.5454545454545454,3,0,/Users/eashraf/hadoop/hadoop-mapreduce-project/hadoop-mapreduce-client/hadoop-mapreduce-client-nativetask/src/main/java/org/apache/hadoop/mapred/nativetask/util/BytesUtil.java,25
hadoop,org.apache.hadoop.mapred.nativetask.util,SizedWritable,3,3,3,3,24,5,0,0,0.0,7,3,/Users/eashraf/hadoop/hadoop-mapreduce-project/hadoop-mapreduce-client/hadoop-mapreduce-client-nativetask/src/main/java/org/apache/hadoop/mapred/nativetask/util/SizedWritable.java,27
hadoop,org.apache.hadoop.mapred.nativetask.util,NativeTaskOutput,0,0,12,12,60,12,2,0,-1.0,2,2,/Users/eashraf/hadoop/hadoop-mapreduce-project/hadoop-mapreduce-client/hadoop-mapreduce-client-nativetask/src/main/java/org/apache/hadoop/mapred/nativetask/util/NativeTaskOutput.java,27
hadoop,org.apache.hadoop.mapreduce.v2.hs,TestJobHistoryParsing,3,0,21,18,605,51,0,0,0.3333333333333333,0,39,/Users/eashraf/hadoop/hadoop-mapreduce-project/hadoop-mapreduce-client/hadoop-mapreduce-client-hs/src/test/java/org/apache/hadoop/mapreduce/v2/hs/TestJobHistoryParsing.java,97
hadoop,org.apache.hadoop.mapreduce.v2.hs,TestJobHistoryParsing.MyResolver,0,0,0,0,9,0,0,0,-1.0,0,0,/Users/eashraf/hadoop/hadoop-mapreduce-project/hadoop-mapreduce-client/hadoop-mapreduce-client-hs/src/test/java/org/apache/hadoop/mapreduce/v2/hs/TestJobHistoryParsing.java,104
hadoop,org.apache.hadoop.mapreduce.v2.hs,TestJobHistoryParsing.MRAppWithHistoryWithFailedAttempt,0,0,0,0,13,0,0,0,-1.0,0,1,/Users/eashraf/hadoop/hadoop-mapreduce-project/hadoop-mapreduce-client/hadoop-mapreduce-client-hs/src/test/java/org/apache/hadoop/mapreduce/v2/hs/TestJobHistoryParsing.java,629
hadoop,org.apache.hadoop.mapreduce.v2.hs,TestJobHistoryParsing.MRAppWithHistoryWithFailedTask,0,0,0,0,13,0,0,0,-1.0,0,1,/Users/eashraf/hadoop/hadoop-mapreduce-project/hadoop-mapreduce-client/hadoop-mapreduce-client-hs/src/test/java/org/apache/hadoop/mapreduce/v2/hs/TestJobHistoryParsing.java,649
hadoop,org.apache.hadoop.mapreduce.v2.hs,TestJobHistoryParsing.MRAppWithHistoryWithJobKilled,0,0,0,0,13,0,0,0,-1.0,0,2,/Users/eashraf/hadoop/hadoop-mapreduce-project/hadoop-mapreduce-client/hadoop-mapreduce-client-hs/src/test/java/org/apache/hadoop/mapreduce/v2/hs/TestJobHistoryParsing.java,669
hadoop,org.apache.hadoop.mapreduce.v2.hs,TestJobHistoryParsing.HistoryFileManagerForTest,0,0,0,0,5,0,0,1,-1.0,0,0,/Users/eashraf/hadoop/hadoop-mapreduce-project/hadoop-mapreduce-client/hadoop-mapreduce-client-hs/src/test/java/org/apache/hadoop/mapreduce/v2/hs/TestJobHistoryParsing.java,690
hadoop,org.apache.hadoop.mapreduce.v2.hs,TestJobHistoryEntities,11,0,7,7,128,8,0,0,0.2857142857142857,0,18,/Users/eashraf/hadoop/hadoop-mapreduce-project/hadoop-mapreduce-client/hadoop-mapreduce-client-hs/src/test/java/org/apache/hadoop/mapreduce/v2/hs/TestJobHistoryEntities.java,53
hadoop,org.apache.hadoop.mapreduce.v2.hs,HistoryServerMemStateStoreService,1,0,9,6,44,12,0,1,0.2222222222222222,1,3,/Users/eashraf/hadoop/hadoop-mapreduce-project/hadoop-mapreduce-client/hadoop-mapreduce-client-hs/src/test/java/org/apache/hadoop/mapreduce/v2/hs/HistoryServerMemStateStoreService.java,26
hadoop,org.apache.hadoop.mapreduce.v2.hs,MockHistoryContext,2,0,9,9,60,9,0,1,0.2222222222222222,3,6,/Users/eashraf/hadoop/hadoop-mapreduce-project/hadoop-mapreduce-client/hadoop-mapreduce-client-hs/src/test/java/org/apache/hadoop/mapreduce/v2/hs/MockHistoryContext.java,34
hadoop,org.apache.hadoop.mapreduce.v2.hs,TestJobListCache,0,0,2,2,39,4,0,0,-1.0,0,2,/Users/eashraf/hadoop/hadoop-mapreduce-project/hadoop-mapreduce-client/hadoop-mapreduce-client-hs/src/test/java/org/apache/hadoop/mapreduce/v2/hs/TestJobListCache.java,32
hadoop,org.apache.hadoop.mapreduce.v2.hs,TestJobHistory,1,0,8,8,124,13,0,0,0.625,0,13,/Users/eashraf/hadoop/hadoop-mapreduce-project/hadoop-mapreduce-client/hadoop-mapreduce-client-hs/src/test/java/org/apache/hadoop/mapreduce/v2/hs/TestJobHistory.java,49
hadoop,org.apache.hadoop.mapreduce.v2.hs,TestHistoryServerLeveldbStateStoreService,2,0,5,4,102,5,0,0,0.0,0,9,/Users/eashraf/hadoop/hadoop-mapreduce-project/hadoop-mapreduce-client/hadoop-mapreduce-client-hs/src/test/java/org/apache/hadoop/mapreduce/v2/hs/TestHistoryServerLeveldbStateStoreService.java,42
hadoop,org.apache.hadoop.mapreduce.v2.hs,TestJobHistoryServer,2,0,4,4,99,7,0,0,0.0,0,31,/Users/eashraf/hadoop/hadoop-mapreduce-project/hadoop-mapreduce-client/hadoop-mapreduce-client-hs/src/test/java/org/apache/hadoop/mapreduce/v2/hs/TestJobHistoryServer.java,67
hadoop,org.apache.hadoop.mapreduce.v2.hs,TestJobHistoryEvents,1,0,7,5,133,9,0,0,0.0,0,15,/Users/eashraf/hadoop/hadoop-mapreduce-project/hadoop-mapreduce-client/hadoop-mapreduce-client-hs/src/test/java/org/apache/hadoop/mapreduce/v2/hs/TestJobHistoryEvents.java,48
hadoop,org.apache.hadoop.mapreduce.v2.hs,TestJobHistoryEvents.MRAppWithHistory,0,0,0,0,11,0,0,0,-1.0,0,0,/Users/eashraf/hadoop/hadoop-mapreduce-project/hadoop-mapreduce-client/hadoop-mapreduce-client-hs/src/test/java/org/apache/hadoop/mapreduce/v2/hs/TestJobHistoryEvents.java,216
hadoop,org.apache.hadoop.mapreduce.v2.hs,TestJobHistoryEvents.MRAppWithSpecialHistoryHandler,0,0,0,0,17,0,0,0,-1.0,0,0,/Users/eashraf/hadoop/hadoop-mapreduce-project/hadoop-mapreduce-client/hadoop-mapreduce-client-hs/src/test/java/org/apache/hadoop/mapreduce/v2/hs/TestJobHistoryEvents.java,235
hadoop,org.apache.hadoop.mapreduce.v2.hs,TestJHSDelegationTokenSecretManager,0,0,1,1,66,2,0,0,-1.0,0,7,/Users/eashraf/hadoop/hadoop-mapreduce-project/hadoop-mapreduce-client/hadoop-mapreduce-client-hs/src/test/java/org/apache/hadoop/mapreduce/v2/hs/TestJHSDelegationTokenSecretManager.java,39
hadoop,org.apache.hadoop.mapreduce.v2.hs,TestJHSDelegationTokenSecretManager.JHSDelegationTokenSecretManagerForTest,0,0,0,0,8,0,0,1,-1.0,0,0,/Users/eashraf/hadoop/hadoop-mapreduce-project/hadoop-mapreduce-client/hadoop-mapreduce-client-hs/src/test/java/org/apache/hadoop/mapreduce/v2/hs/TestJHSDelegationTokenSecretManager.java,130
hadoop,org.apache.hadoop.mapreduce.v2.hs,TestJobIdHistoryFileInfoMap,0,0,2,1,28,4,0,0,-1.0,0,2,/Users/eashraf/hadoop/hadoop-mapreduce-project/hadoop-mapreduce-client/hadoop-mapreduce-client-hs/src/test/java/org/apache/hadoop/mapreduce/v2/hs/TestJobIdHistoryFileInfoMap.java,33
hadoop,org.apache.hadoop.mapreduce.v2.hs,MockHistoryJobs,3,2,4,3,113,5,0,0,0.0,1,5,/Users/eashraf/hadoop/hadoop-mapreduce-project/hadoop-mapreduce-client/hadoop-mapreduce-client-hs/src/test/java/org/apache/hadoop/mapreduce/v2/hs/MockHistoryJobs.java,45
hadoop,org.apache.hadoop.mapreduce.v2.hs,MockHistoryJobs.JobsPair,2,2,0,0,4,0,0,0,-1.0,0,0,/Users/eashraf/hadoop/hadoop-mapreduce-project/hadoop-mapreduce-client/hadoop-mapreduce-client-hs/src/test/java/org/apache/hadoop/mapreduce/v2/hs/MockHistoryJobs.java,47
hadoop,org.apache.hadoop.mapreduce.v2.hs,MockHistoryJobs.MockCompletedJob,1,0,0,0,78,0,0,1,-1.0,0,1,/Users/eashraf/hadoop/hadoop-mapreduce-project/hadoop-mapreduce-client/hadoop-mapreduce-client-hs/src/test/java/org/apache/hadoop/mapreduce/v2/hs/MockHistoryJobs.java,97
hadoop,org.apache.hadoop.mapreduce.v2.hs,TestCompletedTask,0,0,2,2,42,2,0,0,-1.0,0,9,/Users/eashraf/hadoop/hadoop-mapreduce-project/hadoop-mapreduce-client/hadoop-mapreduce-client-hs/src/test/java/org/apache/hadoop/mapreduce/v2/hs/TestCompletedTask.java,38
hadoop,org.apache.hadoop.mapreduce.v2.hs,TestHistoryFileManager,4,1,15,11,109,15,0,0,0.13333333333333333,0,9,/Users/eashraf/hadoop/hadoop-mapreduce-project/hadoop-mapreduce-client/hadoop-mapreduce-client-hs/src/test/java/org/apache/hadoop/mapreduce/v2/hs/TestHistoryFileManager.java,48
hadoop,org.apache.hadoop.mapreduce.v2.hs,TestHistoryServerFileSystemStateStoreService,2,0,9,6,142,11,0,0,0.3333333333333333,0,11,/Users/eashraf/hadoop/hadoop-mapreduce-project/hadoop-mapreduce-client/hadoop-mapreduce-client-hs/src/test/java/org/apache/hadoop/mapreduce/v2/hs/TestHistoryServerFileSystemStateStoreService.java,47
hadoop,org.apache.hadoop.mapreduce.v2.hs,JobHistory,13,2,30,20,233,44,0,1,0.36666666666666664,10,14,/Users/eashraf/hadoop/hadoop-mapreduce-project/hadoop-mapreduce-client/hadoop-mapreduce-client-hs/src/main/java/org/apache/hadoop/mapreduce/v2/hs/JobHistory.java,57
hadoop,org.apache.hadoop.mapreduce.v2.hs,JobHistory.MoveIntermediateToDoneRunnable,0,0,0,0,11,0,0,0,-1.0,0,0,/Users/eashraf/hadoop/hadoop-mapreduce-project/hadoop-mapreduce-client/hadoop-mapreduce-client-hs/src/main/java/org/apache/hadoop/mapreduce/v2/hs/JobHistory.java,184
hadoop,org.apache.hadoop.mapreduce.v2.hs,JobHistory.HistoryCleaner,0,0,0,0,12,0,0,0,-1.0,0,0,/Users/eashraf/hadoop/hadoop-mapreduce-project/hadoop-mapreduce-client/hadoop-mapreduce-client-hs/src/main/java/org/apache/hadoop/mapreduce/v2/hs/JobHistory.java,196
hadoop,org.apache.hadoop.mapreduce.v2.hs,CompletedTask,9,0,13,10,97,21,0,0,0.23076923076923078,3,8,/Users/eashraf/hadoop/hadoop-mapreduce-project/hadoop-mapreduce-client/hadoop-mapreduce-client-hs/src/main/java/org/apache/hadoop/mapreduce/v2/hs/CompletedTask.java,43
hadoop,org.apache.hadoop.mapreduce.v2.hs,CachedHistoryStorage,4,0,13,9,152,39,0,1,0.15384615384615385,3,9,/Users/eashraf/hadoop/hadoop-mapreduce-project/hadoop-mapreduce-client/hadoop-mapreduce-client-hs/src/main/java/org/apache/hadoop/mapreduce/v2/hs/CachedHistoryStorage.java,45
hadoop,org.apache.hadoop.mapreduce.v2.hs,JHSDelegationTokenSecretManager,2,0,8,3,86,15,1,0,0.25,2,3,/Users/eashraf/hadoop/hadoop-mapreduce-project/hadoop-mapreduce-client/hadoop-mapreduce-client-hs/src/main/java/org/apache/hadoop/mapreduce/v2/hs/JHSDelegationTokenSecretManager.java,33
hadoop,org.apache.hadoop.mapreduce.v2.hs,HistoryFileManager,29,0,33,5,760,83,1,0,0.09090909090909091,6,17,/Users/eashraf/hadoop/hadoop-mapreduce-project/hadoop-mapreduce-client/hadoop-mapreduce-client-hs/src/main/java/org/apache/hadoop/mapreduce/v2/hs/HistoryFileManager.java,76
hadoop,org.apache.hadoop.mapreduce.v2.hs,HistoryFileManager.HistoryInfoState,0,0,0,0,1,0,0,0,-1.0,0,0,/Users/eashraf/hadoop/hadoop-mapreduce-project/hadoop-mapreduce-client/hadoop-mapreduce-client-hs/src/main/java/org/apache/hadoop/mapreduce/v2/hs/HistoryFileManager.java,86
hadoop,org.apache.hadoop.mapreduce.v2.hs,HistoryFileManager.SerialNumberIndex,2,0,0,0,39,0,0,0,-1.0,0,0,/Users/eashraf/hadoop/hadoop-mapreduce-project/hadoop-mapreduce-client/hadoop-mapreduce-client-hs/src/main/java/org/apache/hadoop/mapreduce/v2/hs/HistoryFileManager.java,93
hadoop,org.apache.hadoop.mapreduce.v2.hs,HistoryFileManager.JobIdHistoryFileInfoMap,2,0,0,0,41,0,0,0,-1.0,0,0,/Users/eashraf/hadoop/hadoop-mapreduce-project/hadoop-mapreduce-client/hadoop-mapreduce-client-hs/src/main/java/org/apache/hadoop/mapreduce/v2/hs/HistoryFileManager.java,142
hadoop,org.apache.hadoop.mapreduce.v2.hs,HistoryFileManager.JobListCache,3,0,0,0,62,0,0,0,-1.0,0,0,/Users/eashraf/hadoop/hadoop-mapreduce-project/hadoop-mapreduce-client/hadoop-mapreduce-client-hs/src/main/java/org/apache/hadoop/mapreduce/v2/hs/HistoryFileManager.java,196
hadoop,org.apache.hadoop.mapreduce.v2.hs,HistoryFileManager.UserLogDir,1,0,0,0,24,0,0,0,-1.0,0,0,/Users/eashraf/hadoop/hadoop-mapreduce-project/hadoop-mapreduce-client/hadoop-mapreduce-client-hs/src/main/java/org/apache/hadoop/mapreduce/v2/hs/HistoryFileManager.java,272
hadoop,org.apache.hadoop.mapreduce.v2.hs,HistoryFileManager.HistoryFileInfo,5,0,0,0,130,0,0,0,-1.0,0,2,/Users/eashraf/hadoop/hadoop-mapreduce-project/hadoop-mapreduce-client/hadoop-mapreduce-client-hs/src/main/java/org/apache/hadoop/mapreduce/v2/hs/HistoryFileManager.java,299
hadoop,org.apache.hadoop.mapreduce.v2.hs,HSProxies,1,0,5,1,38,8,0,0,0.0,1,8,/Users/eashraf/hadoop/hadoop-mapreduce-project/hadoop-mapreduce-client/hadoop-mapreduce-client-hs/src/main/java/org/apache/hadoop/mapreduce/v2/hs/HSProxies.java,42
hadoop,org.apache.hadoop.mapreduce.v2.hs,PartialJob,4,0,26,26,98,26,0,0,0.6153846153846154,1,9,/Users/eashraf/hadoop/hadoop-mapreduce-project/hadoop-mapreduce-client/hadoop-mapreduce-client-hs/src/main/java/org/apache/hadoop/mapreduce/v2/hs/PartialJob.java,45
hadoop,org.apache.hadoop.mapreduce.v2.hs,HistoryContext,0,0,2,0,4,2,2,0,-1.0,12,2,/Users/eashraf/hadoop/hadoop-mapreduce-project/hadoop-mapreduce-client/hadoop-mapreduce-client-hs/src/main/java/org/apache/hadoop/mapreduce/v2/hs/HistoryContext.java,30
hadoop,org.apache.hadoop.mapreduce.v2.hs,HistoryServerNullStateStoreService,0,0,9,6,21,9,0,1,-1.0,0,3,/Users/eashraf/hadoop/hadoop-mapreduce-project/hadoop-mapreduce-client/hadoop-mapreduce-client-hs/src/main/java/org/apache/hadoop/mapreduce/v2/hs/HistoryServerNullStateStoreService.java,29
hadoop,org.apache.hadoop.mapreduce.v2.hs,HistoryServerStateStoreServiceFactory,0,0,1,1,18,3,0,0,-1.0,3,4,/Users/eashraf/hadoop/hadoop-mapreduce-project/hadoop-mapreduce-client/hadoop-mapreduce-client-hs/src/main/java/org/apache/hadoop/mapreduce/v2/hs/HistoryServerStateStoreServiceFactory.java,24
hadoop,org.apache.hadoop.mapreduce.v2.hs,CompletedTaskAttempt,6,0,20,18,107,25,0,0,0.2,2,7,/Users/eashraf/hadoop/hadoop-mapreduce-project/hadoop-mapreduce-client/hadoop-mapreduce-client-hs/src/main/java/org/apache/hadoop/mapreduce/v2/hs/CompletedTaskAttempt.java,37
hadoop,org.apache.hadoop.mapreduce.v2.hs,HistoryServerStateStoreService,2,0,13,10,90,13,4,0,0.7692307692307693,7,3,/Users/eashraf/hadoop/hadoop-mapreduce-project/hadoop-mapreduce-client/hadoop-mapreduce-client-hs/src/main/java/org/apache/hadoop/mapreduce/v2/hs/HistoryServerStateStoreService.java,34
hadoop,org.apache.hadoop.mapreduce.v2.hs,HistoryServerStateStoreService.HistoryServerState,2,0,0,0,10,0,0,0,-1.0,0,0,/Users/eashraf/hadoop/hadoop-mapreduce-project/hadoop-mapreduce-client/hadoop-mapreduce-client-hs/src/main/java/org/apache/hadoop/mapreduce/v2/hs/HistoryServerStateStoreService.java,43
hadoop,org.apache.hadoop.mapreduce.v2.hs,HistoryServerLeveldbStateStoreService,8,1,21,6,277,38,0,1,0.09523809523809523,1,10,/Users/eashraf/hadoop/hadoop-mapreduce-project/hadoop-mapreduce-client/hadoop-mapreduce-client-hs/src/main/java/org/apache/hadoop/mapreduce/v2/hs/HistoryServerLeveldbStateStoreService.java,53
hadoop,org.apache.hadoop.mapreduce.v2.hs,HistoryServerLeveldbStateStoreService.LeveldbLogger,1,0,0,0,6,0,0,0,-1.0,0,0,/Users/eashraf/hadoop/hadoop-mapreduce-project/hadoop-mapreduce-client/hadoop-mapreduce-client-hs/src/main/java/org/apache/hadoop/mapreduce/v2/hs/HistoryServerLeveldbStateStoreService.java,371
hadoop,org.apache.hadoop.mapreduce.v2.hs,HistoryServerFileSystemStateStoreService,17,1,26,6,307,51,0,1,0.07692307692307693,1,12,/Users/eashraf/hadoop/hadoop-mapreduce-project/hadoop-mapreduce-client/hadoop-mapreduce-client-hs/src/main/java/org/apache/hadoop/mapreduce/v2/hs/HistoryServerFileSystemStateStoreService.java,48
hadoop,org.apache.hadoop.mapreduce.v2.hs,HistoryClientService,8,0,6,3,212,9,0,0,0.0,2,14,/Users/eashraf/hadoop/hadoop-mapreduce-project/hadoop-mapreduce-client/hadoop-mapreduce-client-hs/src/main/java/org/apache/hadoop/mapreduce/v2/hs/HistoryClientService.java,94
hadoop,org.apache.hadoop.mapreduce.v2.hs,HistoryClientService.HSClientProtocolHandler,1,0,0,0,158,0,0,0,-1.0,0,2,/Users/eashraf/hadoop/hadoop-mapreduce-project/hadoop-mapreduce-client/hadoop-mapreduce-client-hs/src/main/java/org/apache/hadoop/mapreduce/v2/hs/HistoryClientService.java,191
hadoop,org.apache.hadoop.mapreduce.v2.hs,CompletedJob,15,0,32,27,313,66,1,0,0.125,2,27,/Users/eashraf/hadoop/hadoop-mapreduce-project/hadoop-mapreduce-client/hadoop-mapreduce-client-hs/src/main/java/org/apache/hadoop/mapreduce/v2/hs/CompletedJob.java,71
hadoop,org.apache.hadoop.mapreduce.v2.hs,HSAuditLogger,6,1,7,2,82,10,0,0,0.0,1,1,/Users/eashraf/hadoop/hadoop-mapreduce-project/hadoop-mapreduce-client/hadoop-mapreduce-client-hs/src/main/java/org/apache/hadoop/mapreduce/v2/hs/HSAuditLogger.java,28
hadoop,org.apache.hadoop.mapreduce.v2.hs,HSAuditLogger.Keys,0,0,0,0,1,0,0,0,-1.0,0,0,/Users/eashraf/hadoop/hadoop-mapreduce-project/hadoop-mapreduce-client/hadoop-mapreduce-client-hs/src/main/java/org/apache/hadoop/mapreduce/v2/hs/HSAuditLogger.java,32
hadoop,org.apache.hadoop.mapreduce.v2.hs,HSAuditLogger.AuditConstants,5,1,0,0,7,0,0,0,-1.0,0,0,/Users/eashraf/hadoop/hadoop-mapreduce-project/hadoop-mapreduce-client/hadoop-mapreduce-client-hs/src/main/java/org/apache/hadoop/mapreduce/v2/hs/HSAuditLogger.java,36
hadoop,org.apache.hadoop.mapreduce.v2.hs,HistoryStorage,0,0,4,0,35,4,1,0,-1.0,2,3,/Users/eashraf/hadoop/hadoop-mapreduce-project/hadoop-mapreduce-client/hadoop-mapreduce-client-hs/src/main/java/org/apache/hadoop/mapreduce/v2/hs/HistoryStorage.java,30
hadoop,org.apache.hadoop.mapreduce.v2.hs,JobHistoryServer,10,2,12,4,130,12,0,0,0.4166666666666667,5,20,/Users/eashraf/hadoop/hadoop-mapreduce-project/hadoop-mapreduce-client/hadoop-mapreduce-client-hs/src/main/java/org/apache/hadoop/mapreduce/v2/hs/JobHistoryServer.java,51
hadoop,org.apache.hadoop.mapreduce.v2.hs,JobHistoryServer.HistoryServerSecretManagerService,0,0,0,0,27,0,0,0,-1.0,0,1,/Users/eashraf/hadoop/hadoop-mapreduce-project/hadoop-mapreduce-client/hadoop-mapreduce-client-hs/src/main/java/org/apache/hadoop/mapreduce/v2/hs/JobHistoryServer.java,76
hadoop,org.apache.hadoop.mapreduce.v2.hs.webapp.dao,TestJobInfo,0,0,2,2,66,2,0,0,-1.0,0,16,/Users/eashraf/hadoop/hadoop-mapreduce-project/hadoop-mapreduce-client/hadoop-mapreduce-client-hs/src/test/java/org/apache/hadoop/mapreduce/v2/hs/webapp/dao/TestJobInfo.java,49
hadoop,org.apache.hadoop.mapreduce.v2.hs.webapp.dao,AMAttemptInfo,7,0,9,9,55,11,0,0,0.2222222222222222,1,3,/Users/eashraf/hadoop/hadoop-mapreduce-project/hadoop-mapreduce-client/hadoop-mapreduce-client-hs/src/main/java/org/apache/hadoop/mapreduce/v2/hs/webapp/dao/AMAttemptInfo.java,32
hadoop,org.apache.hadoop.mapreduce.v2.hs.webapp.dao,AMAttemptsInfo,1,0,3,3,11,3,0,0,0.6666666666666666,0,1,/Users/eashraf/hadoop/hadoop-mapreduce-project/hadoop-mapreduce-client/hadoop-mapreduce-client-hs/src/main/java/org/apache/hadoop/mapreduce/v2/hs/webapp/dao/AMAttemptsInfo.java,27
hadoop,org.apache.hadoop.mapreduce.v2.hs.webapp.dao,JobsInfo,1,0,3,3,11,3,0,0,0.6666666666666666,2,1,/Users/eashraf/hadoop/hadoop-mapreduce-project/hadoop-mapreduce-client/hadoop-mapreduce-client-hs/src/main/java/org/apache/hadoop/mapreduce/v2/hs/webapp/dao/JobsInfo.java,26
hadoop,org.apache.hadoop.mapreduce.v2.hs.webapp.dao,HistoryInfo,4,0,5,5,24,5,0,0,0.0,1,2,/Users/eashraf/hadoop/hadoop-mapreduce-project/hadoop-mapreduce-client/hadoop-mapreduce-client-hs/src/main/java/org/apache/hadoop/mapreduce/v2/hs/webapp/dao/HistoryInfo.java,28
hadoop,org.apache.hadoop.mapreduce.v2.hs.webapp.dao,JobInfo,27,0,30,29,219,49,0,0,0.06666666666666667,5,4,/Users/eashraf/hadoop/hadoop-mapreduce-project/hadoop-mapreduce-client/hadoop-mapreduce-client-hs/src/main/java/org/apache/hadoop/mapreduce/v2/hs/webapp/dao/JobInfo.java,43
hadoop,org.apache.hadoop.mapreduce.v2.hs.server,TestHSAdminServer,8,0,12,11,167,15,0,0,0.16666666666666666,0,11,/Users/eashraf/hadoop/hadoop-mapreduce-project/hadoop-mapreduce-client/hadoop-mapreduce-client-hs/src/test/java/org/apache/hadoop/mapreduce/v2/hs/server/TestHSAdminServer.java,55
hadoop,org.apache.hadoop.mapreduce.v2.hs.server,TestHSAdminServer.MockUnixGroupsMapping,1,0,0,0,18,0,0,0,-1.0,0,0,/Users/eashraf/hadoop/hadoop-mapreduce-project/hadoop-mapreduce-client/hadoop-mapreduce-client-hs/src/test/java/org/apache/hadoop/mapreduce/v2/hs/server/TestHSAdminServer.java,65
hadoop,org.apache.hadoop.mapreduce.v2.hs.server,HSAdminServer,7,0,14,9,108,17,0,0,0.14285714285714285,2,17,/Users/eashraf/hadoop/hadoop-mapreduce-project/hadoop-mapreduce-client/hadoop-mapreduce-client-hs/src/main/java/org/apache/hadoop/mapreduce/v2/hs/server/HSAdminServer.java,57
hadoop,org.apache.hadoop.mapreduce.v2.hs.protocolPB,HSAdminRefreshProtocolServerSideTranslatorPB,5,0,5,5,46,5,0,0,0.0,1,1,/Users/eashraf/hadoop/hadoop-mapreduce-project/hadoop-mapreduce-client/hadoop-mapreduce-client-hs/src/main/java/org/apache/hadoop/mapreduce/v2/hs/protocolPB/HSAdminRefreshProtocolServerSideTranslatorPB.java,38
hadoop,org.apache.hadoop.mapreduce.v2.hs.protocolPB,HSAdminRefreshProtocolClientSideTranslatorPB,6,0,7,7,52,7,0,0,0.0,0,4,/Users/eashraf/hadoop/hadoop-mapreduce-project/hadoop-mapreduce-client/hadoop-mapreduce-client-hs/src/main/java/org/apache/hadoop/mapreduce/v2/hs/protocolPB/HSAdminRefreshProtocolClientSideTranslatorPB.java,39
hadoop,org.apache.hadoop.mapreduce.v2.hs.client,HSAdmin,0,0,15,5,224,46,0,0,-1.0,1,10,/Users/eashraf/hadoop/hadoop-mapreduce-project/hadoop-mapreduce-client/hadoop-mapreduce-client-hs/src/main/java/org/apache/hadoop/mapreduce/v2/hs/client/HSAdmin.java,39
hadoop,org.apache.hadoop.hdfs,NNBenchWithoutMR,11,0,7,1,256,34,0,0,0.0,0,6,/Users/eashraf/hadoop/hadoop-mapreduce-project/hadoop-mapreduce-client/hadoop-mapreduce-client-jobclient/src/test/java/org/apache/hadoop/hdfs/NNBenchWithoutMR.java,34
hadoop,org.apache.hadoop.hdfs,NNBench,40,11,10,5,642,52,0,0,0.0,1,11,/Users/eashraf/hadoop/hadoop-mapreduce-project/hadoop-mapreduce-client/hadoop-mapreduce-client-jobclient/src/test/java/org/apache/hadoop/hdfs/NNBench.java,61
hadoop,org.apache.hadoop.hdfs,NNBench.NNBenchMapper,16,0,0,0,237,0,0,0,-1.0,0,1,/Users/eashraf/hadoop/hadoop-mapreduce-project/hadoop-mapreduce-client/hadoop-mapreduce-client-jobclient/src/test/java/org/apache/hadoop/hdfs/NNBench.java,588
hadoop,org.apache.hadoop.hdfs,NNBench.NNBenchReducer,1,0,0,0,61,0,0,0,-1.0,0,0,/Users/eashraf/hadoop/hadoop-mapreduce-project/hadoop-mapreduce-client/hadoop-mapreduce-client-jobclient/src/test/java/org/apache/hadoop/hdfs/NNBench.java,901
hadoop,org.apache.hadoop.hdfs,TestLeaseRecovery2,13,1,17,10,329,31,0,0,0.0,0,21,/Users/eashraf/hadoop/hadoop-hdfs-project/hadoop-hdfs/src/test/java/org/apache/hadoop/hdfs/TestLeaseRecovery2.java,57
hadoop,org.apache.hadoop.hdfs,BlockReaderTestUtil,2,0,17,17,145,24,0,0,0.47058823529411764,10,19,/Users/eashraf/hadoop/hadoop-hdfs-project/hadoop-hdfs/src/test/java/org/apache/hadoop/hdfs/BlockReaderTestUtil.java,57
hadoop,org.apache.hadoop.hdfs,DFSTestUtil,22,0,99,96,1141,167,0,0,0.5656565656565656,218,51,/Users/eashraf/hadoop/hadoop-hdfs-project/hadoop-hdfs/src/test/java/org/apache/hadoop/hdfs/DFSTestUtil.java,114
hadoop,org.apache.hadoop.hdfs,DFSTestUtil.MyFile,3,0,0,0,39,0,0,0,-1.0,0,0,/Users/eashraf/hadoop/hadoop-hdfs-project/hadoop-hdfs/src/test/java/org/apache/hadoop/hdfs/DFSTestUtil.java,216
hadoop,org.apache.hadoop.hdfs,DFSTestUtil.MockUnixGroupsMapping,2,0,0,0,32,0,0,0,-1.0,0,0,/Users/eashraf/hadoop/hadoop-hdfs-project/hadoop-hdfs/src/test/java/org/apache/hadoop/hdfs/DFSTestUtil.java,797
hadoop,org.apache.hadoop.hdfs,DFSTestUtil.Builder,4,0,0,0,30,0,0,0,-1.0,0,0,/Users/eashraf/hadoop/hadoop-hdfs-project/hadoop-hdfs/src/test/java/org/apache/hadoop/hdfs/DFSTestUtil.java,1126
hadoop,org.apache.hadoop.hdfs,DFSTestUtil.ShortCircuitTestContext,4,0,0,0,31,0,0,0,-1.0,0,3,/Users/eashraf/hadoop/hadoop-hdfs-project/hadoop-hdfs/src/test/java/org/apache/hadoop/hdfs/DFSTestUtil.java,1403
hadoop,org.apache.hadoop.hdfs,TestHttpPolicy,0,0,1,1,7,1,0,0,-1.0,0,3,/Users/eashraf/hadoop/hadoop-hdfs-project/hadoop-hdfs/src/test/java/org/apache/hadoop/hdfs/TestHttpPolicy.java,24
hadoop,org.apache.hadoop.hdfs,TestSetrepIncreasing,0,0,3,2,50,5,0,0,-1.0,1,10,/Users/eashraf/hadoop/hadoop-hdfs-project/hadoop-hdfs/src/test/java/org/apache/hadoop/hdfs/TestSetrepIncreasing.java,34
hadoop,org.apache.hadoop.hdfs,TestFileAppend3,7,0,25,20,379,32,0,0,0.08,0,22,/Users/eashraf/hadoop/hadoop-hdfs-project/hadoop-hdfs/src/test/java/org/apache/hadoop/hdfs/TestFileAppend3.java,57
hadoop,org.apache.hadoop.hdfs,TestDefaultNameNodePort,0,0,3,3,24,3,0,0,-1.0,0,4,/Users/eashraf/hadoop/hadoop-hdfs-project/hadoop-hdfs/src/test/java/org/apache/hadoop/hdfs/TestDefaultNameNodePort.java,30
hadoop,org.apache.hadoop.hdfs,TestHFlush,1,0,16,15,310,22,0,0,0.1875,1,13,/Users/eashraf/hadoop/hadoop-hdfs-project/hadoop-hdfs/src/test/java/org/apache/hadoop/hdfs/TestHFlush.java,40
hadoop,org.apache.hadoop.hdfs,TestLocalDFS,0,0,6,2,81,8,0,0,-1.0,0,6,/Users/eashraf/hadoop/hadoop-hdfs-project/hadoop-hdfs/src/test/java/org/apache/hadoop/hdfs/TestLocalDFS.java,32
hadoop,org.apache.hadoop.hdfs,BenchmarkThroughput,3,0,11,2,158,24,0,0,0.18181818181818182,1,9,/Users/eashraf/hadoop/hadoop-hdfs-project/hadoop-hdfs/src/test/java/org/apache/hadoop/hdfs/BenchmarkThroughput.java,41
hadoop,org.apache.hadoop.hdfs,TestPread,4,0,21,13,340,40,0,0,0.23809523809523808,0,17,/Users/eashraf/hadoop/hadoop-hdfs-project/hadoop-hdfs/src/test/java/org/apache/hadoop/hdfs/TestPread.java,49
hadoop,org.apache.hadoop.hdfs,TestRestartDFS,0,0,3,3,89,9,0,0,-1.0,0,8,/Users/eashraf/hadoop/hadoop-hdfs-project/hadoop-hdfs/src/test/java/org/apache/hadoop/hdfs/TestRestartDFS.java,30
hadoop,org.apache.hadoop.hdfs,TestEncryptionZones,18,0,40,31,852,59,1,0,0.0,0,41,/Users/eashraf/hadoop/hadoop-hdfs-project/hadoop-hdfs/src/test/java/org/apache/hadoop/hdfs/TestEncryptionZones.java,116
hadoop,org.apache.hadoop.hdfs,TestEncryptionZones.MyInjector,3,0,0,0,19,0,0,0,-1.0,0,0,/Users/eashraf/hadoop/hadoop-hdfs-project/hadoop-hdfs/src/test/java/org/apache/hadoop/hdfs/TestEncryptionZones.java,896
hadoop,org.apache.hadoop.hdfs,TestEncryptionZones.CreateFileTask,2,0,0,0,12,0,0,0,-1.0,0,2,/Users/eashraf/hadoop/hadoop-hdfs-project/hadoop-hdfs/src/test/java/org/apache/hadoop/hdfs/TestEncryptionZones.java,918
hadoop,org.apache.hadoop.hdfs,TestEncryptionZones.InjectFaultTask,4,0,0,0,21,0,0,0,-1.0,0,2,/Users/eashraf/hadoop/hadoop-hdfs-project/hadoop-hdfs/src/test/java/org/apache/hadoop/hdfs/TestEncryptionZones.java,934
hadoop,org.apache.hadoop.hdfs,TestSetrepDecreasing,0,0,1,1,5,1,0,0,-1.0,0,1,/Users/eashraf/hadoop/hadoop-hdfs-project/hadoop-hdfs/src/test/java/org/apache/hadoop/hdfs/TestSetrepDecreasing.java,24
hadoop,org.apache.hadoop.hdfs,TestEncryptionZonesWithKMS,1,0,6,4,38,6,0,1,0.6666666666666666,0,8,/Users/eashraf/hadoop/hadoop-hdfs-project/hadoop-hdfs/src/test/java/org/apache/hadoop/hdfs/TestEncryptionZonesWithKMS.java,38
hadoop,org.apache.hadoop.hdfs,TestFileAppend,2,0,12,10,423,36,0,0,0.5833333333333334,0,19,/Users/eashraf/hadoop/hadoop-hdfs-project/hadoop-hdfs/src/test/java/org/apache/hadoop/hdfs/TestFileAppend.java,51
hadoop,org.apache.hadoop.hdfs,MiniDFSNNTopology,8,0,15,15,168,27,0,0,0.13333333333333333,59,0,/Users/eashraf/hadoop/hadoop-hdfs-project/hadoop-hdfs/src/test/java/org/apache/hadoop/hdfs/MiniDFSNNTopology.java,28
hadoop,org.apache.hadoop.hdfs,MiniDFSNNTopology.NSConf,2,0,0,0,17,0,0,0,-1.0,0,0,/Users/eashraf/hadoop/hadoop-hdfs-project/hadoop-hdfs/src/test/java/org/apache/hadoop/hdfs/MiniDFSNNTopology.java,188
hadoop,org.apache.hadoop.hdfs,MiniDFSNNTopology.NNConf,4,0,0,0,33,0,0,0,-1.0,0,0,/Users/eashraf/hadoop/hadoop-hdfs-project/hadoop-hdfs/src/test/java/org/apache/hadoop/hdfs/MiniDFSNNTopology.java,210
hadoop,org.apache.hadoop.hdfs,TestDFSPermission,69,1,38,12,737,47,0,0,0.0,0,12,/Users/eashraf/hadoop/hadoop-hdfs-project/hadoop-hdfs/src/test/java/org/apache/hadoop/hdfs/TestDFSPermission.java,50
hadoop,org.apache.hadoop.hdfs,TestDFSPermission.OpType,0,0,0,0,1,0,0,0,-1.0,0,0,/Users/eashraf/hadoop/hadoop-hdfs-project/hadoop-hdfs/src/test/java/org/apache/hadoop/hdfs/TestDFSPermission.java,360
hadoop,org.apache.hadoop.hdfs,TestDFSPermission.PermissionGenerator,3,0,0,0,22,0,0,0,-1.0,0,0,/Users/eashraf/hadoop/hadoop-hdfs-project/hadoop-hdfs/src/test/java/org/apache/hadoop/hdfs/TestDFSPermission.java,566
hadoop,org.apache.hadoop.hdfs,TestDFSPermission.PermissionVerifier,11,0,0,0,81,0,0,0,-1.0,0,2,/Users/eashraf/hadoop/hadoop-hdfs-project/hadoop-hdfs/src/test/java/org/apache/hadoop/hdfs/TestDFSPermission.java,596
hadoop,org.apache.hadoop.hdfs,TestDFSPermission.CreatePermissionVerifier,2,0,0,0,23,0,0,0,-1.0,0,0,/Users/eashraf/hadoop/hadoop-hdfs-project/hadoop-hdfs/src/test/java/org/apache/hadoop/hdfs/TestDFSPermission.java,703
hadoop,org.apache.hadoop.hdfs,TestDFSPermission.OpenPermissionVerifier,0,0,0,0,10,0,0,0,-1.0,0,0,/Users/eashraf/hadoop/hadoop-hdfs-project/hadoop-hdfs/src/test/java/org/apache/hadoop/hdfs/TestDFSPermission.java,753
hadoop,org.apache.hadoop.hdfs,TestDFSPermission.SetReplicationPermissionVerifier,0,0,0,0,9,0,0,0,-1.0,0,0,/Users/eashraf/hadoop/hadoop-hdfs-project/hadoop-hdfs/src/test/java/org/apache/hadoop/hdfs/TestDFSPermission.java,779
hadoop,org.apache.hadoop.hdfs,TestDFSPermission.SetTimesPermissionVerifier,0,0,0,0,11,0,0,0,-1.0,0,0,/Users/eashraf/hadoop/hadoop-hdfs-project/hadoop-hdfs/src/test/java/org/apache/hadoop/hdfs/TestDFSPermission.java,805
hadoop,org.apache.hadoop.hdfs,TestDFSPermission.StatsPermissionVerifier,1,0,0,0,26,0,0,0,-1.0,0,0,/Users/eashraf/hadoop/hadoop-hdfs-project/hadoop-hdfs/src/test/java/org/apache/hadoop/hdfs/TestDFSPermission.java,833
hadoop,org.apache.hadoop.hdfs,TestDFSPermission.InodeType,0,0,0,0,1,0,0,0,-1.0,0,0,/Users/eashraf/hadoop/hadoop-hdfs-project/hadoop-hdfs/src/test/java/org/apache/hadoop/hdfs/TestDFSPermission.java,891
hadoop,org.apache.hadoop.hdfs,TestDFSPermission.ListPermissionVerifier,1,0,0,0,26,0,0,0,-1.0,0,0,/Users/eashraf/hadoop/hadoop-hdfs-project/hadoop-hdfs/src/test/java/org/apache/hadoop/hdfs/TestDFSPermission.java,896
hadoop,org.apache.hadoop.hdfs,TestDFSPermission.RenamePermissionVerifier,3,0,0,0,25,0,0,0,-1.0,0,1,/Users/eashraf/hadoop/hadoop-hdfs-project/hadoop-hdfs/src/test/java/org/apache/hadoop/hdfs/TestDFSPermission.java,948
hadoop,org.apache.hadoop.hdfs,TestDFSPermission.DeletePermissionVerifier,0,0,0,0,11,0,0,0,-1.0,0,0,/Users/eashraf/hadoop/hadoop-hdfs-project/hadoop-hdfs/src/test/java/org/apache/hadoop/hdfs/TestDFSPermission.java,1002
hadoop,org.apache.hadoop.hdfs,TestDFSPermission.DeleteDirPermissionVerifier,1,0,0,0,26,0,0,0,-1.0,0,0,/Users/eashraf/hadoop/hadoop-hdfs-project/hadoop-hdfs/src/test/java/org/apache/hadoop/hdfs/TestDFSPermission.java,1021
hadoop,org.apache.hadoop.hdfs,TestDFSPermission.DeleteEmptyDirPermissionVerifier,0,0,0,0,6,0,0,0,-1.0,0,0,/Users/eashraf/hadoop/hadoop-hdfs-project/hadoop-hdfs/src/test/java/org/apache/hadoop/hdfs/TestDFSPermission.java,1057
hadoop,org.apache.hadoop.hdfs,TestDatanodeConfig,2,0,6,4,97,11,0,0,0.0,0,8,/Users/eashraf/hadoop/hadoop-hdfs-project/hadoop-hdfs/src/test/java/org/apache/hadoop/hdfs/TestDatanodeConfig.java,41
hadoop,org.apache.hadoop.hdfs,TestLease,5,0,10,7,237,13,0,0,0.0,0,17,/Users/eashraf/hadoop/hadoop-hdfs-project/hadoop-hdfs/src/test/java/org/apache/hadoop/hdfs/TestLease.java,62
hadoop,org.apache.hadoop.hdfs,TestDFSRollback,4,0,8,3,194,20,0,0,0.0,0,10,/Users/eashraf/hadoop/hadoop-hdfs-project/hadoop-hdfs/src/test/java/org/apache/hadoop/hdfs/TestDFSRollback.java,46
hadoop,org.apache.hadoop.hdfs,TestPipelines,8,1,7,4,91,14,0,0,0.2857142857142857,1,13,/Users/eashraf/hadoop/hadoop-hdfs-project/hadoop-hdfs/src/test/java/org/apache/hadoop/hdfs/TestPipelines.java,43
hadoop,org.apache.hadoop.hdfs,TestDFSClientFailover,9,0,12,11,189,12,0,0,0.16666666666666666,0,16,/Users/eashraf/hadoop/hadoop-hdfs-project/hadoop-hdfs/src/test/java/org/apache/hadoop/hdfs/TestDFSClientFailover.java,69
hadoop,org.apache.hadoop.hdfs,TestDFSClientFailover.InjectingSocketFactory,2,0,0,0,18,0,0,0,-1.0,0,0,/Users/eashraf/hadoop/hadoop-hdfs-project/hadoop-hdfs/src/test/java/org/apache/hadoop/hdfs/TestDFSClientFailover.java,149
hadoop,org.apache.hadoop.hdfs,TestDFSClientFailover.MatchesPort,0,0,0,0,8,0,0,0,-1.0,0,0,/Users/eashraf/hadoop/hadoop-hdfs-project/hadoop-hdfs/src/test/java/org/apache/hadoop/hdfs/TestDFSClientFailover.java,169
hadoop,org.apache.hadoop.hdfs,TestDFSClientFailover.DummyLegacyFailoverProxyProvider,2,0,0,0,25,0,0,0,-1.0,0,0,/Users/eashraf/hadoop/hadoop-hdfs-project/hadoop-hdfs/src/test/java/org/apache/hadoop/hdfs/TestDFSClientFailover.java,293
hadoop,org.apache.hadoop.hdfs,TestDeprecatedKeys,0,0,1,1,12,1,0,0,-1.0,0,3,/Users/eashraf/hadoop/hadoop-hdfs-project/hadoop-hdfs/src/test/java/org/apache/hadoop/hdfs/TestDeprecatedKeys.java,26
hadoop,org.apache.hadoop.hdfs,TestDecommission,14,1,30,16,562,77,0,0,0.0,0,21,/Users/eashraf/hadoop/hadoop-hdfs-project/hadoop-hdfs/src/test/java/org/apache/hadoop/hdfs/TestDecommission.java,57
hadoop,org.apache.hadoop.hdfs,TestDataTransferKeepalive,6,0,9,7,126,12,0,0,0.0,0,14,/Users/eashraf/hadoop/hadoop-hdfs-project/hadoop-hdfs/src/test/java/org/apache/hadoop/hdfs/TestDataTransferKeepalive.java,49
hadoop,org.apache.hadoop.hdfs,TestFileLengthOnClusterRestart,0,0,2,1,56,5,0,0,-1.0,0,8,/Users/eashraf/hadoop/hadoop-hdfs-project/hadoop-hdfs/src/test/java/org/apache/hadoop/hdfs/TestFileLengthOnClusterRestart.java,29
hadoop,org.apache.hadoop.hdfs,DFSClientAdapter,0,0,8,8,31,8,0,0,-1.0,11,4,/Users/eashraf/hadoop/hadoop-hdfs-project/hadoop-hdfs/src/test/java/org/apache/hadoop/hdfs/DFSClientAdapter.java,26
hadoop,org.apache.hadoop.hdfs,TestConnCache,3,0,2,1,53,5,0,0,0.0,0,7,/Users/eashraf/hadoop/hadoop-hdfs-project/hadoop-hdfs/src/test/java/org/apache/hadoop/hdfs/TestConnCache.java,31
hadoop,org.apache.hadoop.hdfs,TestGetFileChecksum,5,0,4,4,37,7,0,0,0.0,0,7,/Users/eashraf/hadoop/hadoop-hdfs-project/hadoop-hdfs/src/test/java/org/apache/hadoop/hdfs/TestGetFileChecksum.java,28
hadoop,org.apache.hadoop.hdfs,TestFileCreationClient,4,0,1,1,101,10,0,0,0.0,0,12,/Users/eashraf/hadoop/hadoop-hdfs-project/hadoop-hdfs/src/test/java/org/apache/hadoop/hdfs/TestFileCreationClient.java,37
hadoop,org.apache.hadoop.hdfs,TestFileCreationClient.SlowWriter,3,0,0,0,30,0,0,0,-1.0,0,2,/Users/eashraf/hadoop/hadoop-hdfs-project/hadoop-hdfs/src/test/java/org/apache/hadoop/hdfs/TestFileCreationClient.java,117
hadoop,org.apache.hadoop.hdfs,TestBlocksScheduledCounter,2,0,2,2,32,5,0,0,0.0,0,5,/Users/eashraf/hadoop/hadoop-hdfs-project/hadoop-hdfs/src/test/java/org/apache/hadoop/hdfs/TestBlocksScheduledCounter.java,33
hadoop,org.apache.hadoop.hdfs,TestFSOutputSummer,9,0,9,2,108,11,0,0,0.0,0,8,/Users/eashraf/hadoop/hadoop-hdfs-project/hadoop-hdfs/src/test/java/org/apache/hadoop/hdfs/TestFSOutputSummer.java,34
hadoop,org.apache.hadoop.hdfs,TestDFSClientExcludedNodes,2,0,4,4,64,6,0,0,0.0,0,9,/Users/eashraf/hadoop/hadoop-hdfs-project/hadoop-hdfs/src/test/java/org/apache/hadoop/hdfs/TestDFSClientExcludedNodes.java,39
hadoop,org.apache.hadoop.hdfs,UpgradeUtilities,12,0,25,24,364,52,0,0,0.2,5,17,/Users/eashraf/hadoop/hadoop-hdfs-project/hadoop-hdfs/src/test/java/org/apache/hadoop/hdfs/UpgradeUtilities.java,58
hadoop,org.apache.hadoop.hdfs,TestFileAppend2,13,0,5,4,369,11,0,0,0.0,0,16,/Users/eashraf/hadoop/hadoop-hdfs-project/hadoop-hdfs/src/test/java/org/apache/hadoop/hdfs/TestFileAppend2.java,48
hadoop,org.apache.hadoop.hdfs,TestFileAppend2.Workload,3,0,0,0,64,0,0,0,-1.0,0,3,/Users/eashraf/hadoop/hadoop-hdfs-project/hadoop-hdfs/src/test/java/org/apache/hadoop/hdfs/TestFileAppend2.java,382
hadoop,org.apache.hadoop.hdfs,TestHdfsAdmin,3,0,4,4,49,6,0,0,0.0,0,5,/Users/eashraf/hadoop/hadoop-hdfs-project/hadoop-hdfs/src/test/java/org/apache/hadoop/hdfs/TestHdfsAdmin.java,35
hadoop,org.apache.hadoop.hdfs,TestAppendDifferentChecksum,4,0,7,5,93,9,0,0,0.0,0,10,/Users/eashraf/hadoop/hadoop-hdfs-project/hadoop-hdfs/src/test/java/org/apache/hadoop/hdfs/TestAppendDifferentChecksum.java,34
hadoop,org.apache.hadoop.hdfs,TestParallelUnixDomainRead,1,0,3,3,22,5,0,1,0.6666666666666666,0,6,/Users/eashraf/hadoop/hadoop-hdfs-project/hadoop-hdfs/src/test/java/org/apache/hadoop/hdfs/TestParallelUnixDomainRead.java,30
hadoop,org.apache.hadoop.hdfs,TestDatanodeStartupFixesLegacyStorageIDs,0,0,7,4,55,9,0,0,-1.0,0,7,/Users/eashraf/hadoop/hadoop-hdfs-project/hadoop-hdfs/src/test/java/org/apache/hadoop/hdfs/TestDatanodeStartupFixesLegacyStorageIDs.java,37
hadoop,org.apache.hadoop.hdfs,TestDFSShell,14,0,70,49,2282,135,0,0,0.34285714285714286,1,21,/Users/eashraf/hadoop/hadoop-hdfs-project/hadoop-hdfs/src/test/java/org/apache/hadoop/hdfs/TestDFSShell.java,72
hadoop,org.apache.hadoop.hdfs,TestDFSShell.TestGetRunner,0,0,0,0,3,0,0,0,-1.0,0,0,/Users/eashraf/hadoop/hadoop-hdfs-project/hadoop-hdfs/src/test/java/org/apache/hadoop/hdfs/TestDFSShell.java,1499
hadoop,org.apache.hadoop.hdfs,TestHDFSTrash,1,0,4,4,24,5,0,0,0.0,0,6,/Users/eashraf/hadoop/hadoop-hdfs-project/hadoop-hdfs/src/test/java/org/apache/hadoop/hdfs/TestHDFSTrash.java,31
hadoop,org.apache.hadoop.hdfs,TestFileAppendRestart,2,0,4,3,115,7,0,0,0.5,0,17,/Users/eashraf/hadoop/hadoop-hdfs-project/hadoop-hdfs/src/test/java/org/apache/hadoop/hdfs/TestFileAppendRestart.java,43
hadoop,org.apache.hadoop.hdfs,TestClientProtocolForPipelineRecovery,0,0,4,4,180,7,0,0,-1.0,0,16,/Users/eashraf/hadoop/hadoop-hdfs-project/hadoop-hdfs/src/test/java/org/apache/hadoop/hdfs/TestClientProtocolForPipelineRecovery.java,39
hadoop,org.apache.hadoop.hdfs,TestRollingUpgradeRollback,2,0,6,3,157,16,0,0,0.0,0,14,/Users/eashraf/hadoop/hadoop-hdfs-project/hadoop-hdfs/src/test/java/org/apache/hadoop/hdfs/TestRollingUpgradeRollback.java,37
hadoop,org.apache.hadoop.hdfs,TestDFSUtil,0,0,35,32,522,43,0,0,-1.0,0,21,/Users/eashraf/hadoop/hadoop-hdfs-project/hadoop-hdfs/src/test/java/org/apache/hadoop/hdfs/TestDFSUtil.java,81
hadoop,org.apache.hadoop.hdfs,TestFileStatus,9,0,8,7,207,8,0,0,0.0,0,14,/Users/eashraf/hadoop/hadoop-hdfs-project/hadoop-hdfs/src/test/java/org/apache/hadoop/hdfs/TestFileStatus.java,49
hadoop,org.apache.hadoop.hdfs,TestDFSShellGenericOptions,0,0,5,1,76,7,0,0,-1.0,0,7,/Users/eashraf/hadoop/hadoop-hdfs-project/hadoop-hdfs/src/test/java/org/apache/hadoop/hdfs/TestDFSShellGenericOptions.java,35
hadoop,org.apache.hadoop.hdfs,TestLeaseRecovery,4,0,6,3,119,14,0,0,0.3333333333333333,0,23,/Users/eashraf/hadoop/hadoop-hdfs-project/hadoop-hdfs/src/test/java/org/apache/hadoop/hdfs/TestLeaseRecovery.java,50
hadoop,org.apache.hadoop.hdfs,TestDFSClientRetries,19,1,25,20,710,49,0,0,0.12,1,36,/Users/eashraf/hadoop/hadoop-hdfs-project/hadoop-hdfs/src/test/java/org/apache/hadoop/hdfs/TestDFSClientRetries.java,105
hadoop,org.apache.hadoop.hdfs,TestDFSClientRetries.TestServer,2,0,0,0,32,0,0,0,-1.0,0,0,/Users/eashraf/hadoop/hadoop-hdfs-project/hadoop-hdfs/src/test/java/org/apache/hadoop/hdfs/TestDFSClientRetries.java,117
hadoop,org.apache.hadoop.hdfs,TestDFSClientRetries.FailNTimesAnswer,2,0,0,0,28,0,0,0,-1.0,0,2,/Users/eashraf/hadoop/hadoop-hdfs-project/hadoop-hdfs/src/test/java/org/apache/hadoop/hdfs/TestDFSClientRetries.java,456
hadoop,org.apache.hadoop.hdfs,TestDFSClientRetries.DFSClientReader,8,0,0,0,50,0,0,0,-1.0,0,5,/Users/eashraf/hadoop/hadoop-hdfs-project/hadoop-hdfs/src/test/java/org/apache/hadoop/hdfs/TestDFSClientRetries.java,679
hadoop,org.apache.hadoop.hdfs,TestDFSClientRetries.Counter,1,0,0,0,12,0,0,0,-1.0,0,0,/Users/eashraf/hadoop/hadoop-hdfs-project/hadoop-hdfs/src/test/java/org/apache/hadoop/hdfs/TestDFSClientRetries.java,745
hadoop,org.apache.hadoop.hdfs,TestDFSInotifyEventInputStream,2,0,8,6,314,14,0,0,0.375,0,16,/Users/eashraf/hadoop/hadoop-hdfs-project/hadoop-hdfs/src/test/java/org/apache/hadoop/hdfs/TestDFSInotifyEventInputStream.java,48
hadoop,org.apache.hadoop.hdfs,TestDataTransferProtocol,9,0,10,3,273,17,0,0,0.2,0,27,/Users/eashraf/hadoop/hadoop-hdfs-project/hadoop-hdfs/src/test/java/org/apache/hadoop/hdfs/TestDataTransferProtocol.java,69
hadoop,org.apache.hadoop.hdfs,TestParallelRead,0,0,2,2,12,2,0,1,-1.0,0,3,/Users/eashraf/hadoop/hadoop-hdfs-project/hadoop-hdfs/src/test/java/org/apache/hadoop/hdfs/TestParallelRead.java,26
hadoop,org.apache.hadoop.hdfs,MiniDFSClusterWithNodeGroup,2,0,6,6,130,29,0,1,0.3333333333333333,1,11,/Users/eashraf/hadoop/hadoop-hdfs-project/hadoop-hdfs/src/test/java/org/apache/hadoop/hdfs/MiniDFSClusterWithNodeGroup.java,40
hadoop,org.apache.hadoop.hdfs,TestDFSStartupVersions,4,0,6,3,113,14,0,0,0.0,0,8,/Users/eashraf/hadoop/hadoop-hdfs-project/hadoop-hdfs/src/test/java/org/apache/hadoop/hdfs/TestDFSStartupVersions.java,38
hadoop,org.apache.hadoop.hdfs,TestDFSStartupVersions.StorageData,2,0,0,0,11,0,0,0,-1.0,0,1,/Users/eashraf/hadoop/hadoop-hdfs-project/hadoop-hdfs/src/test/java/org/apache/hadoop/hdfs/TestDFSStartupVersions.java,68
hadoop,org.apache.hadoop.hdfs,TestDatanodeLayoutUpgrade,2,0,1,1,12,1,0,0,0.0,0,4,/Users/eashraf/hadoop/hadoop-hdfs-project/hadoop-hdfs/src/test/java/org/apache/hadoop/hdfs/TestDatanodeLayoutUpgrade.java,27
hadoop,org.apache.hadoop.hdfs,TestDFSOutputStream,1,0,4,4,48,4,0,0,0.0,0,5,/Users/eashraf/hadoop/hadoop-hdfs-project/hadoop-hdfs/src/test/java/org/apache/hadoop/hdfs/TestDFSOutputStream.java,34
hadoop,org.apache.hadoop.hdfs,TestPeerCache,4,0,5,5,173,15,0,0,1.0,0,3,/Users/eashraf/hadoop/hadoop-hdfs-project/hadoop-hdfs/src/test/java/org/apache/hadoop/hdfs/TestPeerCache.java,41
hadoop,org.apache.hadoop.hdfs,TestPeerCache.FakePeer,3,0,0,0,68,0,0,0,-1.0,0,1,/Users/eashraf/hadoop/hadoop-hdfs-project/hadoop-hdfs/src/test/java/org/apache/hadoop/hdfs/TestPeerCache.java,44
hadoop,org.apache.hadoop.hdfs,TestFileAppend4,9,0,8,7,235,19,0,0,0.375,0,19,/Users/eashraf/hadoop/hadoop-hdfs-project/hadoop-hdfs/src/test/java/org/apache/hadoop/hdfs/TestFileAppend4.java,58
hadoop,org.apache.hadoop.hdfs,TestWriteRead,18,0,19,6,341,56,0,0,0.0,0,11,/Users/eashraf/hadoop/hadoop-hdfs-project/hadoop-hdfs/src/test/java/org/apache/hadoop/hdfs/TestWriteRead.java,40
hadoop,org.apache.hadoop.hdfs,TestFetchImage,2,0,4,2,68,10,0,0,0.0,0,7,/Users/eashraf/hadoop/hadoop-hdfs-project/hadoop-hdfs/src/test/java/org/apache/hadoop/hdfs/TestFetchImage.java,38
hadoop,org.apache.hadoop.hdfs,TestDFSStorageStateRecovery,14,0,13,5,249,50,0,0,0.0,0,7,/Users/eashraf/hadoop/hadoop-hdfs-project/hadoop-hdfs/src/test/java/org/apache/hadoop/hdfs/TestDFSStorageStateRecovery.java,40
hadoop,org.apache.hadoop.hdfs,TestDFSUpgradeFromImage,14,0,14,7,404,61,0,0,0.14285714285714285,2,18,/Users/eashraf/hadoop/hadoop-hdfs-project/hadoop-hdfs/src/test/java/org/apache/hadoop/hdfs/TestDFSUpgradeFromImage.java,54
hadoop,org.apache.hadoop.hdfs,TestDFSUpgradeFromImage.ReferenceFileInfo,2,0,0,0,4,0,0,0,-1.0,0,0,/Users/eashraf/hadoop/hadoop-hdfs-project/hadoop-hdfs/src/test/java/org/apache/hadoop/hdfs/TestDFSUpgradeFromImage.java,78
hadoop,org.apache.hadoop.hdfs,TestDFSUpgradeFromImage.ClusterVerifier,0,0,0,0,3,0,0,0,-1.0,0,0,/Users/eashraf/hadoop/hadoop-hdfs-project/hadoop-hdfs/src/test/java/org/apache/hadoop/hdfs/TestDFSUpgradeFromImage.java,93
hadoop,org.apache.hadoop.hdfs,TestDFSUpgrade,5,0,14,6,267,25,0,0,0.21428571428571427,0,11,/Users/eashraf/hadoop/hadoop-hdfs-project/hadoop-hdfs/src/test/java/org/apache/hadoop/hdfs/TestDFSUpgrade.java,55
hadoop,org.apache.hadoop.hdfs,TestKeyProviderCache,0,0,1,1,53,1,0,0,-1.0,0,4,/Users/eashraf/hadoop/hadoop-hdfs-project/hadoop-hdfs/src/test/java/org/apache/hadoop/hdfs/TestKeyProviderCache.java,31
hadoop,org.apache.hadoop.hdfs,TestKeyProviderCache.DummyKeyProvider,0,0,0,0,27,0,0,0,-1.0,0,0,/Users/eashraf/hadoop/hadoop-hdfs-project/hadoop-hdfs/src/test/java/org/apache/hadoop/hdfs/TestKeyProviderCache.java,33
hadoop,org.apache.hadoop.hdfs,TestKeyProviderCache.Factory,0,0,0,0,8,0,0,0,-1.0,0,0,/Users/eashraf/hadoop/hadoop-hdfs-project/hadoop-hdfs/src/test/java/org/apache/hadoop/hdfs/TestKeyProviderCache.java,81
hadoop,org.apache.hadoop.hdfs,TestMiniDFSCluster,6,0,5,5,93,6,0,0,0.0,0,7,/Users/eashraf/hadoop/hadoop-hdfs-project/hadoop-hdfs/src/test/java/org/apache/hadoop/hdfs/TestMiniDFSCluster.java,33
hadoop,org.apache.hadoop.hdfs,TestRenameWhileOpen,0,0,5,4,241,5,0,0,-1.0,0,10,/Users/eashraf/hadoop/hadoop-hdfs-project/hadoop-hdfs/src/test/java/org/apache/hadoop/hdfs/TestRenameWhileOpen.java,34
hadoop,org.apache.hadoop.hdfs,TestParallelShortCircuitLegacyRead,0,0,2,2,17,2,0,1,-1.0,0,6,/Users/eashraf/hadoop/hadoop-hdfs-project/hadoop-hdfs/src/test/java/org/apache/hadoop/hdfs/TestParallelShortCircuitLegacyRead.java,25
hadoop,org.apache.hadoop.hdfs,TestClientReportBadBlock,8,0,15,5,213,29,0,0,0.0,0,16,/Users/eashraf/hadoop/hadoop-hdfs-project/hadoop-hdfs/src/test/java/org/apache/hadoop/hdfs/TestClientReportBadBlock.java,51
hadoop,org.apache.hadoop.hdfs,TestDatanodeReport,4,0,4,2,79,10,0,0,0.5,0,8,/Users/eashraf/hadoop/hadoop-hdfs-project/hadoop-hdfs/src/test/java/org/apache/hadoop/hdfs/TestDatanodeReport.java,39
hadoop,org.apache.hadoop.hdfs,TestBlockMissingException,5,0,4,1,68,10,0,0,0.0,0,12,/Users/eashraf/hadoop/hadoop-hdfs-project/hadoop-hdfs/src/test/java/org/apache/hadoop/hdfs/TestBlockMissingException.java,37
hadoop,org.apache.hadoop.hdfs,TestIsMethodSupported,4,0,12,12,67,13,0,0,0.0,0,25,/Users/eashraf/hadoop/hadoop-hdfs-project/hadoop-hdfs/src/test/java/org/apache/hadoop/hdfs/TestIsMethodSupported.java,52
hadoop,org.apache.hadoop.hdfs,TestSmallBlock,4,0,5,2,66,9,0,0,0.0,0,10,/Users/eashraf/hadoop/hadoop-hdfs-project/hadoop-hdfs/src/test/java/org/apache/hadoop/hdfs/TestSmallBlock.java,36
hadoop,org.apache.hadoop.hdfs,FileAppendTest4,9,1,4,3,56,7,0,0,0.0,0,9,/Users/eashraf/hadoop/hadoop-hdfs-project/hadoop-hdfs/src/test/java/org/apache/hadoop/hdfs/FileAppendTest4.java,32
hadoop,org.apache.hadoop.hdfs,TestSetTimes,8,0,7,4,199,8,0,0,0.2857142857142857,0,15,/Users/eashraf/hadoop/hadoop-hdfs-project/hadoop-hdfs/src/test/java/org/apache/hadoop/hdfs/TestSetTimes.java,46
hadoop,org.apache.hadoop.hdfs,TestQuota,0,0,11,8,644,13,0,0,-1.0,0,15,/Users/eashraf/hadoop/hadoop-hdfs-project/hadoop-hdfs/src/test/java/org/apache/hadoop/hdfs/TestQuota.java,44
hadoop,org.apache.hadoop.hdfs,TestFsShellPermission,12,0,15,2,166,19,0,0,0.3333333333333333,0,7,/Users/eashraf/hadoop/hadoop-hdfs-project/hadoop-hdfs/src/test/java/org/apache/hadoop/hdfs/TestFsShellPermission.java,42
hadoop,org.apache.hadoop.hdfs,TestFsShellPermission.FileEntry,5,0,0,0,29,0,0,0,-1.0,0,0,/Users/eashraf/hadoop/hadoop-hdfs-project/hadoop-hdfs/src/test/java/org/apache/hadoop/hdfs/TestFsShellPermission.java,55
hadoop,org.apache.hadoop.hdfs,TestFsShellPermission.TestDeleteHelper,6,0,0,0,35,0,0,0,-1.0,0,1,/Users/eashraf/hadoop/hadoop-hdfs-project/hadoop-hdfs/src/test/java/org/apache/hadoop/hdfs/TestFsShellPermission.java,118
hadoop,org.apache.hadoop.hdfs,TestParallelReadUtil,21,4,8,7,289,18,6,0,0.0,6,6,/Users/eashraf/hadoop/hadoop-hdfs-project/hadoop-hdfs/src/test/java/org/apache/hadoop/hdfs/TestParallelReadUtil.java,39
hadoop,org.apache.hadoop.hdfs,TestParallelReadUtil.TestFileInfo,3,3,0,0,5,0,0,0,-1.0,0,2,/Users/eashraf/hadoop/hadoop-hdfs-project/hadoop-hdfs/src/test/java/org/apache/hadoop/hdfs/TestParallelReadUtil.java,64
hadoop,org.apache.hadoop.hdfs,TestParallelReadUtil.ReadWorkerHelper,0,0,0,0,7,0,0,0,-1.0,0,0,/Users/eashraf/hadoop/hadoop-hdfs-project/hadoop-hdfs/src/test/java/org/apache/hadoop/hdfs/TestParallelReadUtil.java,78
hadoop,org.apache.hadoop.hdfs,TestParallelReadUtil.DirectReadWorkerHelper,0,0,0,0,25,0,0,0,-1.0,0,0,/Users/eashraf/hadoop/hadoop-hdfs-project/hadoop-hdfs/src/test/java/org/apache/hadoop/hdfs/TestParallelReadUtil.java,87
hadoop,org.apache.hadoop.hdfs,TestParallelReadUtil.CopyingReadWorkerHelper,0,0,0,0,30,0,0,0,-1.0,0,0,/Users/eashraf/hadoop/hadoop-hdfs-project/hadoop-hdfs/src/test/java/org/apache/hadoop/hdfs/TestParallelReadUtil.java,118
hadoop,org.apache.hadoop.hdfs,TestParallelReadUtil.MixedWorkloadHelper,3,0,0,0,26,0,0,0,-1.0,0,0,/Users/eashraf/hadoop/hadoop-hdfs-project/hadoop-hdfs/src/test/java/org/apache/hadoop/hdfs/TestParallelReadUtil.java,156
hadoop,org.apache.hadoop.hdfs,TestParallelReadUtil.ReadWorker,8,1,0,0,94,0,0,0,-1.0,0,0,/Users/eashraf/hadoop/hadoop-hdfs-project/hadoop-hdfs/src/test/java/org/apache/hadoop/hdfs/TestParallelReadUtil.java,188
hadoop,org.apache.hadoop.hdfs,TestDFSRemove,1,0,4,1,51,9,0,0,0.0,0,7,/Users/eashraf/hadoop/hadoop-hdfs-project/hadoop-hdfs/src/test/java/org/apache/hadoop/hdfs/TestDFSRemove.java,33
hadoop,org.apache.hadoop.hdfs,TestReadWhileWriting,5,0,5,2,94,9,0,0,0.4,0,14,/Users/eashraf/hadoop/hadoop-hdfs-project/hadoop-hdfs/src/test/java/org/apache/hadoop/hdfs/TestReadWhileWriting.java,40
hadoop,org.apache.hadoop.hdfs,TestFileCreation,8,0,33,28,900,68,0,0,0.21212121212121213,5,38,/Users/eashraf/hadoop/hadoop-hdfs-project/hadoop-hdfs/src/test/java/org/apache/hadoop/hdfs/TestFileCreation.java,94
hadoop,org.apache.hadoop.hdfs,TestFileCreation.CreationMethod,0,0,0,0,1,0,0,0,-1.0,0,0,/Users/eashraf/hadoop/hadoop-hdfs-project/hadoop-hdfs/src/test/java/org/apache/hadoop/hdfs/TestFileCreation.java,1127
hadoop,org.apache.hadoop.hdfs,TestDatanodeDeath,17,0,10,4,289,23,0,0,0.2,0,16,/Users/eashraf/hadoop/hadoop-hdfs-project/hadoop-hdfs/src/test/java/org/apache/hadoop/hdfs/TestDatanodeDeath.java,39
hadoop,org.apache.hadoop.hdfs,TestDatanodeDeath.Workload,6,0,0,0,44,0,0,0,-1.0,0,1,/Users/eashraf/hadoop/hadoop-hdfs-project/hadoop-hdfs/src/test/java/org/apache/hadoop/hdfs/TestDatanodeDeath.java,63
hadoop,org.apache.hadoop.hdfs,TestDatanodeDeath.Modify,3,0,0,0,52,0,0,0,-1.0,0,2,/Users/eashraf/hadoop/hadoop-hdfs-project/hadoop-hdfs/src/test/java/org/apache/hadoop/hdfs/TestDatanodeDeath.java,207
hadoop,org.apache.hadoop.hdfs,TestEncryptionZonesWithHA,10,0,3,3,61,4,0,0,0.0,0,15,/Users/eashraf/hadoop/hadoop-hdfs-project/hadoop-hdfs/src/test/java/org/apache/hadoop/hdfs/TestEncryptionZonesWithHA.java,37
hadoop,org.apache.hadoop.hdfs,TestDFSMkdirs,2,0,3,3,90,4,0,0,0.6666666666666666,0,10,/Users/eashraf/hadoop/hadoop-hdfs-project/hadoop-hdfs/src/test/java/org/apache/hadoop/hdfs/TestDFSMkdirs.java,35
hadoop,org.apache.hadoop.hdfs,TestSnapshotCommands,3,0,10,10,92,15,0,0,0.0,0,5,/Users/eashraf/hadoop/hadoop-hdfs-project/hadoop-hdfs/src/test/java/org/apache/hadoop/hdfs/TestSnapshotCommands.java,32
hadoop,org.apache.hadoop.hdfs,TestGetBlocks,3,0,5,3,166,13,0,0,0.6,0,22,/Users/eashraf/hadoop/hadoop-hdfs-project/hadoop-hdfs/src/test/java/org/apache/hadoop/hdfs/TestGetBlocks.java,51
hadoop,org.apache.hadoop.hdfs,TestFSInputChecker,10,0,15,1,249,20,0,0,0.0,0,12,/Users/eashraf/hadoop/hadoop-hdfs-project/hadoop-hdfs/src/test/java/org/apache/hadoop/hdfs/TestFSInputChecker.java,45
hadoop,org.apache.hadoop.hdfs,TestReservedRawPaths,8,0,15,14,225,18,0,0,0.0,0,16,/Users/eashraf/hadoop/hadoop-hdfs-project/hadoop-hdfs/src/test/java/org/apache/hadoop/hdfs/TestReservedRawPaths.java,51
hadoop,org.apache.hadoop.hdfs,TestListFilesInFileContext,10,0,7,6,130,7,0,0,0.0,0,11,/Users/eashraf/hadoop/hadoop-hdfs-project/hadoop-hdfs/src/test/java/org/apache/hadoop/hdfs/TestListFilesInFileContext.java,45
hadoop,org.apache.hadoop.hdfs,TestAbandonBlock,5,1,4,4,53,6,0,0,0.0,0,9,/Users/eashraf/hadoop/hadoop-hdfs-project/hadoop-hdfs/src/test/java/org/apache/hadoop/hdfs/TestAbandonBlock.java,38
hadoop,org.apache.hadoop.hdfs,LogVerificationAppender,1,0,6,5,40,11,0,0,0.5,4,0,/Users/eashraf/hadoop/hadoop-hdfs-project/hadoop-hdfs/src/test/java/org/apache/hadoop/hdfs/LogVerificationAppender.java,27
hadoop,org.apache.hadoop.hdfs,TestFileCorruption,1,0,4,4,121,10,0,0,0.75,0,15,/Users/eashraf/hadoop/hadoop-hdfs-project/hadoop-hdfs/src/test/java/org/apache/hadoop/hdfs/TestFileCorruption.java,50
hadoop,org.apache.hadoop.hdfs,TestDisableConnCache,3,0,1,1,28,1,0,0,0.0,0,6,/Users/eashraf/hadoop/hadoop-hdfs-project/hadoop-hdfs/src/test/java/org/apache/hadoop/hdfs/TestDisableConnCache.java,28
hadoop,org.apache.hadoop.hdfs,AppendTestUtil,8,0,18,12,190,30,0,0,0.4444444444444444,35,10,/Users/eashraf/hadoop/hadoop-hdfs-project/hadoop-hdfs/src/test/java/org/apache/hadoop/hdfs/AppendTestUtil.java,39
hadoop,org.apache.hadoop.hdfs,TestHDFSServerPorts,5,1,17,13,265,30,0,0,0.11764705882352941,0,11,/Users/eashraf/hadoop/hadoop-hdfs-project/hadoop-hdfs/src/test/java/org/apache/hadoop/hdfs/TestHDFSServerPorts.java,42
hadoop,org.apache.hadoop.hdfs,TestRollingUpgradeDowngrade,0,0,2,2,64,4,0,0,-1.0,0,11,/Users/eashraf/hadoop/hadoop-hdfs-project/hadoop-hdfs/src/test/java/org/apache/hadoop/hdfs/TestRollingUpgradeDowngrade.java,37
hadoop,org.apache.hadoop.hdfs,TestHDFSFileSystemContract,2,0,4,1,22,4,0,0,0.5,0,7,/Users/eashraf/hadoop/hadoop-hdfs-project/hadoop-hdfs/src/test/java/org/apache/hadoop/hdfs/TestHDFSFileSystemContract.java,29
hadoop,org.apache.hadoop.hdfs,TestLeaseRenewer,6,0,8,7,105,11,0,0,0.375,0,6,/Users/eashraf/hadoop/hadoop-hdfs-project/hadoop-hdfs/src/test/java/org/apache/hadoop/hdfs/TestLeaseRenewer.java,37
hadoop,org.apache.hadoop.hdfs,TestWriteBlockGetsBlockLengthHint,2,0,1,1,46,1,0,0,0.0,0,7,/Users/eashraf/hadoop/hadoop-hdfs-project/hadoop-hdfs/src/test/java/org/apache/hadoop/hdfs/TestWriteBlockGetsBlockLengthHint.java,35
hadoop,org.apache.hadoop.hdfs,TestWriteBlockGetsBlockLengthHint.FsDatasetChecker,0,0,0,0,23,0,0,0,-1.0,0,1,/Users/eashraf/hadoop/hadoop-hdfs-project/hadoop-hdfs/src/test/java/org/apache/hadoop/hdfs/TestWriteBlockGetsBlockLengthHint.java,72
hadoop,org.apache.hadoop.hdfs,TestWriteBlockGetsBlockLengthHint.Factory,0,0,0,0,8,0,0,0,-1.0,0,0,/Users/eashraf/hadoop/hadoop-hdfs-project/hadoop-hdfs/src/test/java/org/apache/hadoop/hdfs/TestWriteBlockGetsBlockLengthHint.java,73
hadoop,org.apache.hadoop.hdfs,TestDistributedFileSystem,3,0,22,20,692,57,0,0,0.4090909090909091,0,32,/Users/eashraf/hadoop/hadoop-hdfs-project/hadoop-hdfs/src/test/java/org/apache/hadoop/hdfs/TestDistributedFileSystem.java,86
hadoop,org.apache.hadoop.hdfs,TestDistributedFileSystem.MyDistributedFileSystem,0,0,0,0,12,0,0,1,-1.0,0,0,/Users/eashraf/hadoop/hadoop-hdfs-project/hadoop-hdfs/src/test/java/org/apache/hadoop/hdfs/TestDistributedFileSystem.java,192
hadoop,org.apache.hadoop.hdfs,TestModTime,7,0,5,3,127,8,0,0,0.4,0,10,/Users/eashraf/hadoop/hadoop-hdfs-project/hadoop-hdfs/src/test/java/org/apache/hadoop/hdfs/TestModTime.java,39
hadoop,org.apache.hadoop.hdfs,TestReplication,6,0,13,8,347,51,0,0,0.23076923076923078,0,19,/Users/eashraf/hadoop/hadoop-hdfs-project/hadoop-hdfs/src/test/java/org/apache/hadoop/hdfs/TestReplication.java,51
hadoop,org.apache.hadoop.hdfs,TestMissingBlocksAlert,1,0,1,1,68,4,0,0,0.0,0,10,/Users/eashraf/hadoop/hadoop-hdfs-project/hadoop-hdfs/src/test/java/org/apache/hadoop/hdfs/TestMissingBlocksAlert.java,38
hadoop,org.apache.hadoop.hdfs,TestInjectionForSimulatedStorage,6,0,2,1,86,11,0,0,0.0,0,12,/Users/eashraf/hadoop/hadoop-hdfs-project/hadoop-hdfs/src/test/java/org/apache/hadoop/hdfs/TestInjectionForSimulatedStorage.java,44
hadoop,org.apache.hadoop.hdfs,TestRollingUpgrade,1,0,14,10,376,30,0,0,0.5,3,21,/Users/eashraf/hadoop/hadoop-hdfs-project/hadoop-hdfs/src/test/java/org/apache/hadoop/hdfs/TestRollingUpgrade.java,48
hadoop,org.apache.hadoop.hdfs,TestCrcCorruption,1,0,7,5,202,22,0,0,0.42857142857142855,0,13,/Users/eashraf/hadoop/hadoop-hdfs-project/hadoop-hdfs/src/test/java/org/apache/hadoop/hdfs/TestCrcCorruption.java,46
hadoop,org.apache.hadoop.hdfs,TestFileCreationDelete,0,0,1,1,54,1,0,0,-1.0,0,8,/Users/eashraf/hadoop/hadoop-hdfs-project/hadoop-hdfs/src/test/java/org/apache/hadoop/hdfs/TestFileCreationDelete.java,30
hadoop,org.apache.hadoop.hdfs,TestClose,0,0,1,1,25,2,0,0,-1.0,0,3,/Users/eashraf/hadoop/hadoop-hdfs-project/hadoop-hdfs/src/test/java/org/apache/hadoop/hdfs/TestClose.java,32
hadoop,org.apache.hadoop.hdfs,TestWriteConfigurationToDFS,0,0,1,1,32,2,0,0,-1.0,0,7,/Users/eashraf/hadoop/hadoop-hdfs-project/hadoop-hdfs/src/test/java/org/apache/hadoop/hdfs/TestWriteConfigurationToDFS.java,28
hadoop,org.apache.hadoop.hdfs,TestSeekBug,2,0,8,4,131,10,0,0,0.0,0,8,/Users/eashraf/hadoop/hadoop-hdfs-project/hadoop-hdfs/src/test/java/org/apache/hadoop/hdfs/TestSeekBug.java,35
hadoop,org.apache.hadoop.hdfs,TestBlockReaderLocalLegacy,0,0,4,3,92,6,0,0,-1.0,0,14,/Users/eashraf/hadoop/hadoop-hdfs-project/hadoop-hdfs/src/test/java/org/apache/hadoop/hdfs/TestBlockReaderLocalLegacy.java,43
hadoop,org.apache.hadoop.hdfs,TestDatanodeRegistration,2,1,5,5,192,12,0,0,0.8,0,14,/Users/eashraf/hadoop/hadoop-hdfs-project/hadoop-hdfs/src/test/java/org/apache/hadoop/hdfs/TestDatanodeRegistration.java,44
hadoop,org.apache.hadoop.hdfs,TestDatanodeRegistration.MonitorDNS,1,0,0,0,10,0,0,0,-1.0,0,0,/Users/eashraf/hadoop/hadoop-hdfs-project/hadoop-hdfs/src/test/java/org/apache/hadoop/hdfs/TestDatanodeRegistration.java,51
hadoop,org.apache.hadoop.hdfs,TestParallelShortCircuitReadNoChecksum,1,0,3,3,22,5,0,1,0.6666666666666666,0,6,/Users/eashraf/hadoop/hadoop-hdfs-project/hadoop-hdfs/src/test/java/org/apache/hadoop/hdfs/TestParallelShortCircuitReadNoChecksum.java,30
hadoop,org.apache.hadoop.hdfs,TestParallelShortCircuitRead,1,0,3,3,22,5,0,1,0.6666666666666666,0,6,/Users/eashraf/hadoop/hadoop-hdfs-project/hadoop-hdfs/src/test/java/org/apache/hadoop/hdfs/TestParallelShortCircuitRead.java,30
hadoop,org.apache.hadoop.hdfs,MiniDFSCluster,56,3,123,105,1853,285,1,0,0.04065040650406504,451,39,/Users/eashraf/hadoop/hadoop-hdfs-project/hadoop-hdfs/src/test/java/org/apache/hadoop/hdfs/MiniDFSCluster.java,119
hadoop,org.apache.hadoop.hdfs,MiniDFSCluster.Builder,28,0,0,0,231,0,0,0,-1.0,0,3,/Users/eashraf/hadoop/hadoop-hdfs-project/hadoop-hdfs/src/test/java/org/apache/hadoop/hdfs/MiniDFSCluster.java,146
hadoop,org.apache.hadoop.hdfs,MiniDFSCluster.DataNodeProperties,5,0,0,0,17,0,0,0,-1.0,0,2,/Users/eashraf/hadoop/hadoop-hdfs-project/hadoop-hdfs/src/test/java/org/apache/hadoop/hdfs/MiniDFSCluster.java,491
hadoop,org.apache.hadoop.hdfs,MiniDFSCluster.NameNodeInfo,5,0,0,0,20,0,0,0,-1.0,0,2,/Users/eashraf/hadoop/hadoop-hdfs-project/hadoop-hdfs/src/test/java/org/apache/hadoop/hdfs/MiniDFSCluster.java,532
hadoop,org.apache.hadoop.hdfs,TestPersistBlocks,7,0,7,6,228,15,0,0,0.2857142857142857,0,23,/Users/eashraf/hadoop/hadoop-hdfs-project/hadoop-hdfs/src/test/java/org/apache/hadoop/hdfs/TestPersistBlocks.java,51
hadoop,org.apache.hadoop.hdfs,TestSafeMode,9,1,30,29,369,38,0,0,0.0,0,20,/Users/eashraf/hadoop/hadoop-hdfs-project/hadoop-hdfs/src/test/java/org/apache/hadoop/hdfs/TestSafeMode.java,63
hadoop,org.apache.hadoop.hdfs,TestSafeMode.FSRun,0,0,0,0,3,0,0,0,-1.0,0,0,/Users/eashraf/hadoop/hadoop-hdfs-project/hadoop-hdfs/src/test/java/org/apache/hadoop/hdfs/TestSafeMode.java,284
hadoop,org.apache.hadoop.hdfs,TestReplaceDatanodeOnFailure,9,0,5,4,235,20,0,0,0.4,0,15,/Users/eashraf/hadoop/hadoop-hdfs-project/hadoop-hdfs/src/test/java/org/apache/hadoop/hdfs/TestReplaceDatanodeOnFailure.java,40
hadoop,org.apache.hadoop.hdfs,TestReplaceDatanodeOnFailure.SlowWriter,4,0,0,0,45,0,0,0,-1.0,0,2,/Users/eashraf/hadoop/hadoop-hdfs-project/hadoop-hdfs/src/test/java/org/apache/hadoop/hdfs/TestReplaceDatanodeOnFailure.java,189
hadoop,org.apache.hadoop.hdfs,TestBlockStoragePolicy,22,3,32,16,780,50,0,0,0.3125,3,16,/Users/eashraf/hadoop/hadoop-hdfs-project/hadoop-hdfs/src/test/java/org/apache/hadoop/hdfs/TestBlockStoragePolicy.java,48
hadoop,org.apache.hadoop.hdfs,TestBlockStoragePolicy.CheckChooseStorageTypes,7,0,0,0,73,0,0,0,-1.0,0,0,/Users/eashraf/hadoop/hadoop-hdfs-project/hadoop-hdfs/src/test/java/org/apache/hadoop/hdfs/TestBlockStoragePolicy.java,213
hadoop,org.apache.hadoop.hdfs,TestRead,1,0,4,3,61,5,0,0,0.5,0,7,/Users/eashraf/hadoop/hadoop-hdfs-project/hadoop-hdfs/src/test/java/org/apache/hadoop/hdfs/TestRead.java,33
hadoop,org.apache.hadoop.hdfs,TestLargeBlock,4,0,5,2,117,16,0,0,0.0,0,8,/Users/eashraf/hadoop/hadoop-hdfs-project/hadoop-hdfs/src/test/java/org/apache/hadoop/hdfs/TestLargeBlock.java,36
hadoop,org.apache.hadoop.hdfs,TestListFilesInDFS,1,0,3,2,22,3,0,0,0.6666666666666666,0,2,/Users/eashraf/hadoop/hadoop-hdfs-project/hadoop-hdfs/src/test/java/org/apache/hadoop/hdfs/TestListFilesInDFS.java,28
hadoop,org.apache.hadoop.hdfs,TestFileCreationEmpty,1,0,2,2,46,4,0,0,0.0,0,7,/Users/eashraf/hadoop/hadoop-hdfs-project/hadoop-hdfs/src/test/java/org/apache/hadoop/hdfs/TestFileCreationEmpty.java,28
hadoop,org.apache.hadoop.hdfs,TestBalancerBandwidth,4,1,2,2,43,2,0,0,0.0,0,4,/Users/eashraf/hadoop/hadoop-hdfs-project/hadoop-hdfs/src/test/java/org/apache/hadoop/hdfs/TestBalancerBandwidth.java,30
hadoop,org.apache.hadoop.hdfs,TestBlockReaderLocal,5,0,43,41,480,61,0,0,0.06976744186046512,1,21,/Users/eashraf/hadoop/hadoop-hdfs-project/hadoop-hdfs/src/test/java/org/apache/hadoop/hdfs/TestBlockReaderLocal.java,52
hadoop,org.apache.hadoop.hdfs,TestBlockReaderLocal.BlockReaderLocalTest,2,0,0,0,10,0,0,0,-1.0,0,0,/Users/eashraf/hadoop/hadoop-hdfs-project/hadoop-hdfs/src/test/java/org/apache/hadoop/hdfs/TestBlockReaderLocal.java,103
hadoop,org.apache.hadoop.hdfs,TestBlockReaderLocal.TestBlockReaderLocalImmediateClose,0,0,0,0,2,0,0,0,-1.0,0,0,/Users/eashraf/hadoop/hadoop-hdfs-project/hadoop-hdfs/src/test/java/org/apache/hadoop/hdfs/TestBlockReaderLocal.java,215
hadoop,org.apache.hadoop.hdfs,TestBlockReaderLocal.TestBlockReaderSimpleReads,0,0,0,0,14,0,0,0,-1.0,0,0,/Users/eashraf/hadoop/hadoop-hdfs-project/hadoop-hdfs/src/test/java/org/apache/hadoop/hdfs/TestBlockReaderLocal.java,225
hadoop,org.apache.hadoop.hdfs,TestBlockReaderLocal.TestBlockReaderLocalArrayReads2,0,0,0,0,17,0,0,0,-1.0,0,0,/Users/eashraf/hadoop/hadoop-hdfs-project/hadoop-hdfs/src/test/java/org/apache/hadoop/hdfs/TestBlockReaderLocal.java,274
hadoop,org.apache.hadoop.hdfs,TestBlockReaderLocal.TestBlockReaderLocalByteBufferReads,0,0,0,0,14,0,0,0,-1.0,0,0,/Users/eashraf/hadoop/hadoop-hdfs-project/hadoop-hdfs/src/test/java/org/apache/hadoop/hdfs/TestBlockReaderLocal.java,320
hadoop,org.apache.hadoop.hdfs,TestBlockReaderLocal.TestBlockReaderLocalByteBufferFastLaneReads,0,0,0,0,27,0,0,0,-1.0,0,0,/Users/eashraf/hadoop/hadoop-hdfs-project/hadoop-hdfs/src/test/java/org/apache/hadoop/hdfs/TestBlockReaderLocal.java,367
hadoop,org.apache.hadoop.hdfs,TestBlockReaderLocal.TestBlockReaderLocalReadCorruptStart,1,0,0,0,28,0,0,0,-1.0,0,0,/Users/eashraf/hadoop/hadoop-hdfs-project/hadoop-hdfs/src/test/java/org/apache/hadoop/hdfs/TestBlockReaderLocal.java,438
hadoop,org.apache.hadoop.hdfs,TestBlockReaderLocal.TestBlockReaderLocalReadCorrupt,1,0,0,0,38,0,0,0,-1.0,0,0,/Users/eashraf/hadoop/hadoop-hdfs-project/hadoop-hdfs/src/test/java/org/apache/hadoop/hdfs/TestBlockReaderLocal.java,477
hadoop,org.apache.hadoop.hdfs,TestBlockReaderLocal.TestBlockReaderLocalWithMlockChanges,0,0,0,0,19,0,0,0,-1.0,0,0,/Users/eashraf/hadoop/hadoop-hdfs-project/hadoop-hdfs/src/test/java/org/apache/hadoop/hdfs/TestBlockReaderLocal.java,547
hadoop,org.apache.hadoop.hdfs,TestBlockReaderLocal.TestBlockReaderLocalOnFileWithoutChecksum,0,0,0,0,21,0,0,0,-1.0,0,1,/Users/eashraf/hadoop/hadoop-hdfs-project/hadoop-hdfs/src/test/java/org/apache/hadoop/hdfs/TestBlockReaderLocal.java,601
hadoop,org.apache.hadoop.hdfs,TestBlockReaderLocal.TestBlockReaderLocalReadZeroBytes,0,0,0,0,14,0,0,0,-1.0,0,0,/Users/eashraf/hadoop/hadoop-hdfs-project/hadoop-hdfs/src/test/java/org/apache/hadoop/hdfs/TestBlockReaderLocal.java,628
hadoop,org.apache.hadoop.hdfs,TestClientBlockVerification,4,0,6,6,62,8,0,0,0.0,0,5,/Users/eashraf/hadoop/hadoop-hdfs-project/hadoop-hdfs/src/test/java/org/apache/hadoop/hdfs/TestClientBlockVerification.java,36
hadoop,org.apache.hadoop.hdfs,TestMultiThreadedHflush,10,0,9,6,175,18,0,0,0.3333333333333333,0,10,/Users/eashraf/hadoop/hadoop-hdfs-project/hadoop-hdfs/src/test/java/org/apache/hadoop/hdfs/TestMultiThreadedHflush.java,40
hadoop,org.apache.hadoop.hdfs,TestMultiThreadedHflush.WriterThread,4,0,0,0,30,0,0,0,-1.0,0,1,/Users/eashraf/hadoop/hadoop-hdfs-project/hadoop-hdfs/src/test/java/org/apache/hadoop/hdfs/TestMultiThreadedHflush.java,74
hadoop,org.apache.hadoop.hdfs,TestMultiThreadedHflush.CLIBenchmark,0,0,0,0,22,0,0,0,-1.0,0,1,/Users/eashraf/hadoop/hadoop-hdfs-project/hadoop-hdfs/src/test/java/org/apache/hadoop/hdfs/TestMultiThreadedHflush.java,255
hadoop,org.apache.hadoop.hdfs,DataNodeCluster,3,0,4,1,159,33,0,0,0.0,0,11,/Users/eashraf/hadoop/hadoop-hdfs-project/hadoop-hdfs/src/test/java/org/apache/hadoop/hdfs/DataNodeCluster.java,35
hadoop,org.apache.hadoop.hdfs,TestDFSFinalize,4,0,5,3,108,13,0,0,0.0,0,8,/Users/eashraf/hadoop/hadoop-hdfs-project/hadoop-hdfs/src/test/java/org/apache/hadoop/hdfs/TestDFSFinalize.java,40
hadoop,org.apache.hadoop.hdfs,TestDFSRename,1,0,5,2,108,9,0,0,0.4,0,10,/Users/eashraf/hadoop/hadoop-hdfs-project/hadoop-hdfs/src/test/java/org/apache/hadoop/hdfs/TestDFSRename.java,36
hadoop,org.apache.hadoop.hdfs,TestEncryptedTransfer,4,0,19,15,398,38,0,0,0.10526315789473684,0,15,/Users/eashraf/hadoop/hadoop-hdfs-project/hadoop-hdfs/src/test/java/org/apache/hadoop/hdfs/TestEncryptedTransfer.java,56
hadoop,org.apache.hadoop.hdfs,TestEncryptedTransfer.TestTrustedChannelResolver,0,0,0,0,8,0,0,0,-1.0,0,0,/Users/eashraf/hadoop/hadoop-hdfs-project/hadoop-hdfs/src/test/java/org/apache/hadoop/hdfs/TestEncryptedTransfer.java,611
hadoop,org.apache.hadoop.hdfs,TestFileConcurrentReader,8,0,24,15,287,47,0,0,0.0,0,14,/Users/eashraf/hadoop/hadoop-hdfs-project/hadoop-hdfs/src/test/java/org/apache/hadoop/hdfs/TestFileConcurrentReader.java,50
hadoop,org.apache.hadoop.hdfs,TestFileConcurrentReader.SyncType,0,0,0,0,1,0,0,0,-1.0,0,0,/Users/eashraf/hadoop/hadoop-hdfs-project/hadoop-hdfs/src/test/java/org/apache/hadoop/hdfs/TestFileConcurrentReader.java,56
hadoop,org.apache.hadoop.hdfs,TestParallelShortCircuitReadUnCached,1,0,3,3,32,5,0,1,0.6666666666666666,0,6,/Users/eashraf/hadoop/hadoop-hdfs-project/hadoop-hdfs/src/test/java/org/apache/hadoop/hdfs/TestParallelShortCircuitReadUnCached.java,29
hadoop,org.apache.hadoop.hdfs,TestBlockReaderFactory,1,0,17,17,354,35,0,0,0.4117647058823529,0,14,/Users/eashraf/hadoop/hadoop-hdfs-project/hadoop-hdfs/src/test/java/org/apache/hadoop/hdfs/TestBlockReaderFactory.java,62
hadoop,org.apache.hadoop.hdfs,TestDFSAddressConfig,0,0,1,1,39,3,0,0,-1.0,0,4,/Users/eashraf/hadoop/hadoop-hdfs-project/hadoop-hdfs/src/test/java/org/apache/hadoop/hdfs/TestDFSAddressConfig.java,43
hadoop,org.apache.hadoop.hdfs,PipelinesTestUtil,14,2,1,1,104,1,0,0,0.0,2,2,/Users/eashraf/hadoop/hadoop-hdfs-project/hadoop-hdfs/src/test/aop/org/apache/hadoop/hdfs/PipelinesTestUtil.java,31
hadoop,org.apache.hadoop.hdfs,PipelinesTestUtil.ReceivedCheckAction,3,0,0,0,31,0,0,0,-1.0,0,1,/Users/eashraf/hadoop/hadoop-hdfs-project/hadoop-hdfs/src/test/aop/org/apache/hadoop/hdfs/PipelinesTestUtil.java,39
hadoop,org.apache.hadoop.hdfs,PipelinesTestUtil.AckedCheckAction,3,0,0,0,34,0,0,0,-1.0,0,1,/Users/eashraf/hadoop/hadoop-hdfs-project/hadoop-hdfs/src/test/aop/org/apache/hadoop/hdfs/PipelinesTestUtil.java,76
hadoop,org.apache.hadoop.hdfs,PipelinesTestUtil.PipelinesTest,6,2,0,0,23,0,0,0,-1.0,0,0,/Users/eashraf/hadoop/hadoop-hdfs-project/hadoop-hdfs/src/test/aop/org/apache/hadoop/hdfs/PipelinesTestUtil.java,116
hadoop,org.apache.hadoop.hdfs,PipelinesTestUtil.NodeBytes,2,0,0,0,8,0,0,0,-1.0,0,1,/Users/eashraf/hadoop/hadoop-hdfs-project/hadoop-hdfs/src/test/aop/org/apache/hadoop/hdfs/PipelinesTestUtil.java,145
hadoop,org.apache.hadoop.hdfs,TestFiHFlush,0,0,10,9,114,11,0,0,-1.0,0,7,/Users/eashraf/hadoop/hadoop-hdfs-project/hadoop-hdfs/src/test/aop/org/apache/hadoop/hdfs/TestFiHFlush.java,32
hadoop,org.apache.hadoop.hdfs,TestFiPipelines,10,1,7,5,154,15,0,0,0.0,0,14,/Users/eashraf/hadoop/hadoop-hdfs-project/hadoop-hdfs/src/test/aop/org/apache/hadoop/hdfs/TestFiPipelines.java,42
hadoop,org.apache.hadoop.hdfs,TestFiPipelines.QueueChecker,3,0,0,0,44,0,0,0,-1.0,0,1,/Users/eashraf/hadoop/hadoop-hdfs-project/hadoop-hdfs/src/test/aop/org/apache/hadoop/hdfs/TestFiPipelines.java,172
hadoop,org.apache.hadoop.hdfs,RemoteBlockReader2,21,0,19,13,254,39,0,1,0.3157894736842105,3,15,/Users/eashraf/hadoop/hadoop-hdfs-project/hadoop-hdfs/src/main/java/org/apache/hadoop/hdfs/RemoteBlockReader2.java,59
hadoop,org.apache.hadoop.hdfs,BlockStorageLocationUtil,9,0,4,0,207,27,0,0,0.5,2,8,/Users/eashraf/hadoop/hadoop-hdfs-project/hadoop-hdfs/src/main/java/org/apache/hadoop/hdfs/BlockStorageLocationUtil.java,59
hadoop,org.apache.hadoop.hdfs,BlockStorageLocationUtil.VolumeBlockLocationCallable,8,0,0,0,45,0,0,0,-1.0,0,2,/Users/eashraf/hadoop/hadoop-hdfs-project/hadoop-hdfs/src/main/java/org/apache/hadoop/hdfs/BlockStorageLocationUtil.java,312
hadoop,org.apache.hadoop.hdfs,DFSUtil,12,5,87,71,1303,213,0,0,0.5517241379310345,122,29,/Users/eashraf/hadoop/hadoop-hdfs-project/hadoop-hdfs/src/main/java/org/apache/hadoop/hdfs/DFSUtil.java,113
hadoop,org.apache.hadoop.hdfs,DFSUtil.DecomStaleComparator,1,0,0,0,24,0,0,0,-1.0,0,0,/Users/eashraf/hadoop/hadoop-hdfs-project/hadoop-hdfs/src/main/java/org/apache/hadoop/hdfs/DFSUtil.java,187
hadoop,org.apache.hadoop.hdfs,DFSUtil.ConfiguredNNAddress,3,0,0,0,25,0,0,0,-1.0,0,0,/Users/eashraf/hadoop/hadoop-hdfs-project/hadoop-hdfs/src/main/java/org/apache/hadoop/hdfs/DFSUtil.java,931
hadoop,org.apache.hadoop.hdfs,DFSUtil.AddressMatcher,0,0,0,0,3,0,0,0,-1.0,0,0,/Users/eashraf/hadoop/hadoop-hdfs-project/hadoop-hdfs/src/main/java/org/apache/hadoop/hdfs/DFSUtil.java,1427
hadoop,org.apache.hadoop.hdfs,DFSInotifyEventInputStream,8,1,6,4,142,16,0,0,0.0,3,4,/Users/eashraf/hadoop/hadoop-hdfs-project/hadoop-hdfs/src/main/java/org/apache/hadoop/hdfs/DFSInotifyEventInputStream.java,40
hadoop,org.apache.hadoop.hdfs,DFSConfigKeys,600,600,0,0,608,0,0,0,-1.0,438,1,/Users/eashraf/hadoop/hadoop-hdfs-project/hadoop-hdfs/src/main/java/org/apache/hadoop/hdfs/DFSConfigKeys.java,30
hadoop,org.apache.hadoop.hdfs,DistributedFileSystem,12,0,220,211,1458,279,1,0,0.031818181818181815,164,31,/Users/eashraf/hadoop/hadoop-hdfs-project/hadoop-hdfs/src/main/java/org/apache/hadoop/hdfs/DistributedFileSystem.java,98
hadoop,org.apache.hadoop.hdfs,DistributedFileSystem.DirListingIterator,7,0,0,0,69,0,0,0,-1.0,0,4,/Users/eashraf/hadoop/hadoop-hdfs-project/hadoop-hdfs/src/main/java/org/apache/hadoop/hdfs/DistributedFileSystem.java,918
hadoop,org.apache.hadoop.hdfs,NameNodeProxies,4,0,15,7,277,36,0,0,0.26666666666666666,20,29,/Users/eashraf/hadoop/hadoop-hdfs-project/hadoop-hdfs/src/main/java/org/apache/hadoop/hdfs/NameNodeProxies.java,91
hadoop,org.apache.hadoop.hdfs,NameNodeProxies.ProxyAndInfo,3,0,0,0,22,0,0,0,-1.0,0,1,/Users/eashraf/hadoop/hadoop-hdfs-project/hadoop-hdfs/src/main/java/org/apache/hadoop/hdfs/NameNodeProxies.java,101
hadoop,org.apache.hadoop.hdfs,DFSHedgedReadMetrics,3,3,6,6,26,6,0,0,0.5,2,0,/Users/eashraf/hadoop/hadoop-hdfs-project/hadoop-hdfs/src/main/java/org/apache/hadoop/hdfs/DFSHedgedReadMetrics.java,22
hadoop,org.apache.hadoop.hdfs,LeaseRenewer,16,0,24,5,396,70,0,0,0.125,3,7,/Users/eashraf/hadoop/hadoop-hdfs-project/hadoop-hdfs/src/main/java/org/apache/hadoop/hdfs/LeaseRenewer.java,40
hadoop,org.apache.hadoop.hdfs,LeaseRenewer.Factory,4,0,0,0,69,0,0,0,-1.0,0,1,/Users/eashraf/hadoop/hadoop-hdfs-project/hadoop-hdfs/src/main/java/org/apache/hadoop/hdfs/LeaseRenewer.java,85
hadoop,org.apache.hadoop.hdfs,LeaseRenewer.Key,2,0,0,0,36,0,0,0,-1.0,0,1,/Users/eashraf/hadoop/hadoop-hdfs-project/hadoop-hdfs/src/main/java/org/apache/hadoop/hdfs/LeaseRenewer.java,93
hadoop,org.apache.hadoop.hdfs,BlockReaderLocal,27,0,28,10,518,79,0,1,0.21428571428571427,4,10,/Users/eashraf/hadoop/hadoop-hdfs-project/hadoop-hdfs/src/main/java/org/apache/hadoop/hdfs/BlockReaderLocal.java,44
hadoop,org.apache.hadoop.hdfs,BlockReaderLocal.Builder,8,0,0,0,48,0,0,0,-1.0,0,4,/Users/eashraf/hadoop/hadoop-hdfs-project/hadoop-hdfs/src/main/java/org/apache/hadoop/hdfs/BlockReaderLocal.java,65
hadoop,org.apache.hadoop.hdfs,BlockReaderUtil,0,0,2,2,25,7,0,0,-1.0,3,1,/Users/eashraf/hadoop/hadoop-hdfs-project/hadoop-hdfs/src/main/java/org/apache/hadoop/hdfs/BlockReaderUtil.java,22
hadoop,org.apache.hadoop.hdfs,RemoteBlockReader,20,0,20,14,266,43,0,1,0.5,1,14,/Users/eashraf/hadoop/hadoop-hdfs-project/hadoop-hdfs/src/main/java/org/apache/hadoop/hdfs/RemoteBlockReader.java,54
hadoop,org.apache.hadoop.hdfs,DFSClient,83,2,177,126,2460,270,0,1,0.01694915254237288,97,84,/Users/eashraf/hadoop/hadoop-hdfs-project/hadoop-hdfs/src/main/java/org/apache/hadoop/hdfs/DFSClient.java,235
hadoop,org.apache.hadoop.hdfs,DFSClient.Conf,49,0,0,0,161,0,0,0,-1.0,0,7,/Users/eashraf/hadoop/hadoop-hdfs-project/hadoop-hdfs/src/main/java/org/apache/hadoop/hdfs/DFSClient.java,282
hadoop,org.apache.hadoop.hdfs,DFSClient.Renewer,0,0,0,0,41,0,0,0,-1.0,0,3,/Users/eashraf/hadoop/hadoop-hdfs-project/hadoop-hdfs/src/main/java/org/apache/hadoop/hdfs/DFSClient.java,1117
hadoop,org.apache.hadoop.hdfs,DFSClient.DFSDataInputStream,0,0,0,0,8,0,0,0,-1.0,0,0,/Users/eashraf/hadoop/hadoop-hdfs-project/hadoop-hdfs/src/main/java/org/apache/hadoop/hdfs/DFSClient.java,3117
hadoop,org.apache.hadoop.hdfs,DFSClientFaultInjector,2,2,7,7,25,7,0,0,1.0,4,0,/Users/eashraf/hadoop/hadoop-hdfs-project/hadoop-hdfs/src/main/java/org/apache/hadoop/hdfs/DFSClientFaultInjector.java,26
hadoop,org.apache.hadoop.hdfs,XAttrHelper,0,0,8,8,116,24,0,0,-1.0,10,2,/Users/eashraf/hadoop/hadoop-hdfs-project/hadoop-hdfs/src/main/java/org/apache/hadoop/hdfs/XAttrHelper.java,33
hadoop,org.apache.hadoop.hdfs,RemotePeerFactory,0,0,1,0,10,1,1,0,-1.0,1,2,/Users/eashraf/hadoop/hadoop-hdfs-project/hadoop-hdfs/src/main/java/org/apache/hadoop/hdfs/RemotePeerFactory.java,28
hadoop,org.apache.hadoop.hdfs,CorruptFileBlockIterator,7,0,7,4,56,10,0,0,0.0,1,3,/Users/eashraf/hadoop/hadoop-hdfs-project/hadoop-hdfs/src/main/java/org/apache/hadoop/hdfs/CorruptFileBlockIterator.java,28
hadoop,org.apache.hadoop.hdfs,UnknownCryptoProtocolVersionException,1,0,2,2,9,2,0,0,1.0,1,0,/Users/eashraf/hadoop/hadoop-hdfs-project/hadoop-hdfs/src/main/java/org/apache/hadoop/hdfs/UnknownCryptoProtocolVersionException.java,26
hadoop,org.apache.hadoop.hdfs,UnknownCipherSuiteException,0,0,1,1,8,1,0,0,-1.0,0,0,/Users/eashraf/hadoop/hadoop-hdfs-project/hadoop-hdfs/src/main/java/org/apache/hadoop/hdfs/UnknownCipherSuiteException.java,26
hadoop,org.apache.hadoop.hdfs,DeprecatedUTF8,0,0,5,5,26,5,0,0,-1.0,2,1,/Users/eashraf/hadoop/hadoop-hdfs-project/hadoop-hdfs/src/main/java/org/apache/hadoop/hdfs/DeprecatedUTF8.java,27
hadoop,org.apache.hadoop.hdfs,HdfsConfiguration,0,0,6,5,31,6,0,0,-1.0,116,2,/Users/eashraf/hadoop/hadoop-hdfs-project/hadoop-hdfs/src/main/java/org/apache/hadoop/hdfs/HdfsConfiguration.java,25
hadoop,org.apache.hadoop.hdfs,BlockReaderFactory,23,0,30,21,539,98,0,0,0.06666666666666667,5,29,/Users/eashraf/hadoop/hadoop-hdfs-project/hadoop-hdfs/src/main/java/org/apache/hadoop/hdfs/BlockReaderFactory.java,65
hadoop,org.apache.hadoop.hdfs,BlockReaderFactory.BlockReaderPeer,2,0,0,0,8,0,0,0,-1.0,0,1,/Users/eashraf/hadoop/hadoop-hdfs-project/hadoop-hdfs/src/main/java/org/apache/hadoop/hdfs/BlockReaderFactory.java,704
hadoop,org.apache.hadoop.hdfs,ExtendedBlockId,2,0,7,7,39,8,0,0,0.2857142857142857,15,1,/Users/eashraf/hadoop/hadoop-hdfs-project/hadoop-hdfs/src/main/java/org/apache/hadoop/hdfs/ExtendedBlockId.java,24
hadoop,org.apache.hadoop.hdfs,BlockReaderLocalLegacy,19,0,20,10,433,63,0,1,0.35,1,15,/Users/eashraf/hadoop/hadoop-hdfs-project/hadoop-hdfs/src/main/java/org/apache/hadoop/hdfs/BlockReaderLocalLegacy.java,54
hadoop,org.apache.hadoop.hdfs,BlockReaderLocalLegacy.LocalDatanodeInfo,3,0,0,0,47,0,0,0,-1.0,0,1,/Users/eashraf/hadoop/hadoop-hdfs-project/hadoop-hdfs/src/main/java/org/apache/hadoop/hdfs/BlockReaderLocalLegacy.java,80
hadoop,org.apache.hadoop.hdfs,BlockReader,0,0,9,0,41,9,4,0,-1.0,9,0,/Users/eashraf/hadoop/hadoop-hdfs-project/hadoop-hdfs/src/main/java/org/apache/hadoop/hdfs/BlockReader.java,27
hadoop,org.apache.hadoop.hdfs,PeerCache,9,0,15,6,202,33,0,0,0.13333333333333333,6,5,/Users/eashraf/hadoop/hadoop-hdfs-project/hadoop-hdfs/src/main/java/org/apache/hadoop/hdfs/PeerCache.java,40
hadoop,org.apache.hadoop.hdfs,PeerCache.Key,2,0,0,0,18,0,0,0,-1.0,0,1,/Users/eashraf/hadoop/hadoop-hdfs-project/hadoop-hdfs/src/main/java/org/apache/hadoop/hdfs/PeerCache.java,49
hadoop,org.apache.hadoop.hdfs,PeerCache.Value,2,0,0,0,14,0,0,0,-1.0,0,1,/Users/eashraf/hadoop/hadoop-hdfs-project/hadoop-hdfs/src/main/java/org/apache/hadoop/hdfs/PeerCache.java,73
hadoop,org.apache.hadoop.hdfs,KeyProviderCache,2,1,6,5,56,8,0,0,0.3333333333333333,2,4,/Users/eashraf/hadoop/hadoop-hdfs-project/hadoop-hdfs/src/main/java/org/apache/hadoop/hdfs/KeyProviderCache.java,38
hadoop,org.apache.hadoop.hdfs,HDFSPolicyProvider,1,0,1,1,9,1,0,0,0.0,4,2,/Users/eashraf/hadoop/hadoop-hdfs-project/hadoop-hdfs/src/main/java/org/apache/hadoop/hdfs/HDFSPolicyProvider.java,39
hadoop,org.apache.hadoop.hdfs,DFSOutputStream,74,0,42,13,1621,104,0,0,0.11904761904761904,18,35,/Users/eashraf/hadoop/hadoop-hdfs-project/hadoop-hdfs/src/main/java/org/apache/hadoop/hdfs/DFSOutputStream.java,113
hadoop,org.apache.hadoop.hdfs,DFSOutputStream.Packet,12,0,0,0,103,0,0,0,-1.0,0,2,/Users/eashraf/hadoop/hadoop-hdfs-project/hadoop-hdfs/src/main/java/org/apache/hadoop/hdfs/DFSOutputStream.java,216
hadoop,org.apache.hadoop.hdfs,DFSOutputStream.DataStreamer,27,0,0,0,887,0,0,0,-1.0,0,10,/Users/eashraf/hadoop/hadoop-hdfs-project/hadoop-hdfs/src/main/java/org/apache/hadoop/hdfs/DFSOutputStream.java,378
hadoop,org.apache.hadoop.hdfs,DFSOutputStream.ResponseProcessor,3,0,0,0,83,0,0,0,-1.0,0,3,/Users/eashraf/hadoop/hadoop-hdfs-project/hadoop-hdfs/src/main/java/org/apache/hadoop/hdfs/DFSOutputStream.java,862
hadoop,org.apache.hadoop.hdfs,HAUtil,2,0,21,20,247,34,0,0,0.8095238095238095,33,17,/Users/eashraf/hadoop/hadoop-hdfs-project/hadoop-hdfs/src/main/java/org/apache/hadoop/hdfs/HAUtil.java,59
hadoop,org.apache.hadoop.hdfs,BlockMissingException,3,0,3,3,32,3,0,0,0.0,0,0,/Users/eashraf/hadoop/hadoop-hdfs-project/hadoop-hdfs/src/main/java/org/apache/hadoop/hdfs/BlockMissingException.java,26
hadoop,org.apache.hadoop.hdfs,DFSInputStream,32,1,60,28,1288,195,0,0,0.08333333333333333,24,21,/Users/eashraf/hadoop/hadoop-hdfs-project/hadoop-hdfs/src/main/java/org/apache/hadoop/hdfs/DFSInputStream.java,84
hadoop,org.apache.hadoop.hdfs,DFSInputStream.ReadStatistics,4,0,0,0,69,0,0,0,-1.0,0,0,/Users/eashraf/hadoop/hadoop-hdfs-project/hadoop-hdfs/src/main/java/org/apache/hadoop/hdfs/DFSInputStream.java,141
hadoop,org.apache.hadoop.hdfs,DFSInputStream.ReaderStrategy,0,0,0,0,6,0,0,0,-1.0,0,0,/Users/eashraf/hadoop/hadoop-hdfs-project/hadoop-hdfs/src/main/java/org/apache/hadoop/hdfs/DFSInputStream.java,701
hadoop,org.apache.hadoop.hdfs,DFSInputStream.ByteArrayStrategy,1,0,0,0,14,0,0,0,-1.0,0,0,/Users/eashraf/hadoop/hadoop-hdfs-project/hadoop-hdfs/src/main/java/org/apache/hadoop/hdfs/DFSInputStream.java,724
hadoop,org.apache.hadoop.hdfs,DFSInputStream.ByteBufferStrategy,1,0,0,0,26,0,0,0,-1.0,0,0,/Users/eashraf/hadoop/hadoop-hdfs-project/hadoop-hdfs/src/main/java/org/apache/hadoop/hdfs/DFSInputStream.java,743
hadoop,org.apache.hadoop.hdfs,DFSInputStream.DNAddrPair,3,0,0,0,13,0,0,0,-1.0,0,2,/Users/eashraf/hadoop/hadoop-hdfs-project/hadoop-hdfs/src/main/java/org/apache/hadoop/hdfs/DFSInputStream.java,1603
hadoop,org.apache.hadoop.hdfs,ClientContext,12,0,14,12,122,17,0,0,0.14285714285714285,11,8,/Users/eashraf/hadoop/hadoop-hdfs-project/hadoop-hdfs/src/main/java/org/apache/hadoop/hdfs/ClientContext.java,34
hadoop,org.apache.hadoop.fs.slive,ArgumentParser,6,0,4,0,129,9,0,0,0.0,3,4,/Users/eashraf/hadoop/hadoop-mapreduce-project/hadoop-mapreduce-client/hadoop-mapreduce-client-jobclient/src/test/java/org/apache/hadoop/fs/slive/ArgumentParser.java,30
hadoop,org.apache.hadoop.fs.slive,ArgumentParser.ParsedOutput,3,0,0,0,51,0,0,0,-1.0,0,2,/Users/eashraf/hadoop/hadoop-mapreduce-project/hadoop-mapreduce-client/hadoop-mapreduce-client-jobclient/src/test/java/org/apache/hadoop/fs/slive/ArgumentParser.java,39
hadoop,org.apache.hadoop.fs.slive,DataVerifier,12,0,7,0,274,26,0,0,0.2857142857142857,2,5,/Users/eashraf/hadoop/hadoop-mapreduce-project/hadoop-mapreduce-client/hadoop-mapreduce-client-jobclient/src/test/java/org/apache/hadoop/fs/slive/DataVerifier.java,26
hadoop,org.apache.hadoop.fs.slive,DataVerifier.VerifyOutput,4,0,0,0,30,0,0,0,-1.0,0,0,/Users/eashraf/hadoop/hadoop-mapreduce-project/hadoop-mapreduce-client/hadoop-mapreduce-client-jobclient/src/test/java/org/apache/hadoop/fs/slive/DataVerifier.java,34
hadoop,org.apache.hadoop.fs.slive,DataVerifier.ReadInfo,4,0,0,0,27,0,0,0,-1.0,0,0,/Users/eashraf/hadoop/hadoop-mapreduce-project/hadoop-mapreduce-client/hadoop-mapreduce-client-jobclient/src/test/java/org/apache/hadoop/fs/slive/DataVerifier.java,77
hadoop,org.apache.hadoop.fs.slive,DataVerifier.VerifyInfo,2,0,0,0,17,0,0,0,-1.0,0,0,/Users/eashraf/hadoop/hadoop-mapreduce-project/hadoop-mapreduce-client/hadoop-mapreduce-client-jobclient/src/test/java/org/apache/hadoop/fs/slive/DataVerifier.java,111
hadoop,org.apache.hadoop.fs.slive,TestSlive,3,0,51,19,462,68,0,0,0.39215686274509803,0,27,/Users/eashraf/hadoop/hadoop-mapreduce-project/hadoop-mapreduce-client/hadoop-mapreduce-client-jobclient/src/test/java/org/apache/hadoop/fs/slive/TestSlive.java,47
hadoop,org.apache.hadoop.fs.slive,RouletteSelector,1,0,2,0,31,7,0,0,0.0,2,1,/Users/eashraf/hadoop/hadoop-mapreduce-project/hadoop-mapreduce-client/hadoop-mapreduce-client-jobclient/src/test/java/org/apache/hadoop/fs/slive/RouletteSelector.java,24
hadoop,org.apache.hadoop.fs.slive,AppendOp,1,0,3,0,67,5,0,1,0.6666666666666666,2,8,/Users/eashraf/hadoop/hadoop-mapreduce-project/hadoop-mapreduce-client/hadoop-mapreduce-client-jobclient/src/test/java/org/apache/hadoop/fs/slive/AppendOp.java,34
hadoop,org.apache.hadoop.fs.slive,Helper,1,0,4,0,55,8,0,0,1.0,7,0,/Users/eashraf/hadoop/hadoop-mapreduce-project/hadoop-mapreduce-client/hadoop-mapreduce-client-jobclient/src/test/java/org/apache/hadoop/fs/slive/Helper.java,21
hadoop,org.apache.hadoop.fs.slive,SliveReducer,2,0,4,2,59,8,0,0,0.0,1,7,/Users/eashraf/hadoop/hadoop-mapreduce-project/hadoop-mapreduce-client/hadoop-mapreduce-client-jobclient/src/test/java/org/apache/hadoop/fs/slive/SliveReducer.java,34
hadoop,org.apache.hadoop.fs.slive,OperationFactory,3,0,2,0,44,11,0,0,0.0,1,10,/Users/eashraf/hadoop/hadoop-mapreduce-project/hadoop-mapreduce-client/hadoop-mapreduce-client-jobclient/src/test/java/org/apache/hadoop/fs/slive/OperationFactory.java,27
hadoop,org.apache.hadoop.fs.slive,SleepOp,1,0,5,0,51,7,0,1,0.4,2,5,/Users/eashraf/hadoop/hadoop-mapreduce-project/hadoop-mapreduce-client/hadoop-mapreduce-client-jobclient/src/test/java/org/apache/hadoop/fs/slive/SleepOp.java,29
hadoop,org.apache.hadoop.fs.slive,BadFileException,1,0,2,0,12,2,0,0,1.0,1,0,/Users/eashraf/hadoop/hadoop-mapreduce-project/hadoop-mapreduce-client/hadoop-mapreduce-client-jobclient/src/test/java/org/apache/hadoop/fs/slive/BadFileException.java,23
hadoop,org.apache.hadoop.fs.slive,DeleteOp,1,0,3,0,47,4,0,1,0.6666666666666666,2,5,/Users/eashraf/hadoop/hadoop-mapreduce-project/hadoop-mapreduce-client/hadoop-mapreduce-client-jobclient/src/test/java/org/apache/hadoop/fs/slive/DeleteOp.java,32
hadoop,org.apache.hadoop.fs.slive,Operation,4,0,7,1,56,7,10,0,0.0,8,4,/Users/eashraf/hadoop/hadoop-mapreduce-project/hadoop-mapreduce-client/hadoop-mapreduce-client-jobclient/src/test/java/org/apache/hadoop/fs/slive/Operation.java,28
hadoop,org.apache.hadoop.fs.slive,OperationData,3,0,5,1,56,8,0,0,0.0,3,2,/Users/eashraf/hadoop/hadoop-mapreduce-project/hadoop-mapreduce-client/hadoop-mapreduce-client-jobclient/src/test/java/org/apache/hadoop/fs/slive/OperationData.java,24
hadoop,org.apache.hadoop.fs.slive,CreateOp,3,0,6,0,112,12,0,1,0.3333333333333333,2,9,/Users/eashraf/hadoop/hadoop-mapreduce-project/hadoop-mapreduce-client/hadoop-mapreduce-client-jobclient/src/test/java/org/apache/hadoop/fs/slive/CreateOp.java,33
hadoop,org.apache.hadoop.fs.slive,ReadOp,1,0,3,0,85,5,0,1,0.6666666666666666,2,8,/Users/eashraf/hadoop/hadoop-mapreduce-project/hadoop-mapreduce-client/hadoop-mapreduce-client-jobclient/src/test/java/org/apache/hadoop/fs/slive/ReadOp.java,34
hadoop,org.apache.hadoop.fs.slive,ConfigExtractor,2,0,53,0,612,106,0,0,0.0,18,9,/Users/eashraf/hadoop/hadoop-mapreduce-project/hadoop-mapreduce-client/hadoop-mapreduce-client-jobclient/src/test/java/org/apache/hadoop/fs/slive/ConfigExtractor.java,32
hadoop,org.apache.hadoop.fs.slive,DataWriter,10,0,8,0,262,27,0,0,0.0,4,3,/Users/eashraf/hadoop/hadoop-mapreduce-project/hadoop-mapreduce-client/hadoop-mapreduce-client-jobclient/src/test/java/org/apache/hadoop/fs/slive/DataWriter.java,28
hadoop,org.apache.hadoop.fs.slive,DataWriter.GenerateOutput,2,0,0,0,20,0,0,0,-1.0,0,0,/Users/eashraf/hadoop/hadoop-mapreduce-project/hadoop-mapreduce-client/hadoop-mapreduce-client-jobclient/src/test/java/org/apache/hadoop/fs/slive/DataWriter.java,42
hadoop,org.apache.hadoop.fs.slive,DataWriter.GenerateResult,2,0,0,0,17,0,0,0,-1.0,0,0,/Users/eashraf/hadoop/hadoop-mapreduce-project/hadoop-mapreduce-client/hadoop-mapreduce-client-jobclient/src/test/java/org/apache/hadoop/fs/slive/DataWriter.java,70
hadoop,org.apache.hadoop.fs.slive,DataWriter.WriteInfo,3,0,0,0,22,0,0,0,-1.0,0,0,/Users/eashraf/hadoop/hadoop-mapreduce-project/hadoop-mapreduce-client/hadoop-mapreduce-client-jobclient/src/test/java/org/apache/hadoop/fs/slive/DataWriter.java,91
hadoop,org.apache.hadoop.fs.slive,ObserveableOp,2,0,3,1,40,5,0,1,0.0,1,2,/Users/eashraf/hadoop/hadoop-mapreduce-project/hadoop-mapreduce-client/hadoop-mapreduce-client-jobclient/src/test/java/org/apache/hadoop/fs/slive/ObserveableOp.java,25
hadoop,org.apache.hadoop.fs.slive,ObserveableOp.Observer,0,0,0,0,7,0,0,0,-1.0,0,0,/Users/eashraf/hadoop/hadoop-mapreduce-project/hadoop-mapreduce-client/hadoop-mapreduce-client-jobclient/src/test/java/org/apache/hadoop/fs/slive/ObserveableOp.java,31
hadoop,org.apache.hadoop.fs.slive,Timer,0,0,3,0,26,4,0,0,-1.0,12,0,/Users/eashraf/hadoop/hadoop-mapreduce-project/hadoop-mapreduce-client/hadoop-mapreduce-client-jobclient/src/test/java/org/apache/hadoop/fs/slive/Timer.java,21
hadoop,org.apache.hadoop.fs.slive,ConfigOption,26,0,3,0,54,3,0,0,0.0,5,1,/Users/eashraf/hadoop/hadoop-mapreduce-project/hadoop-mapreduce-client/hadoop-mapreduce-client-jobclient/src/test/java/org/apache/hadoop/fs/slive/ConfigOption.java,23
hadoop,org.apache.hadoop.fs.slive,Weights,2,0,1,0,71,1,0,0,0.0,0,0,/Users/eashraf/hadoop/hadoop-mapreduce-project/hadoop-mapreduce-client/hadoop-mapreduce-client-jobclient/src/test/java/org/apache/hadoop/fs/slive/Weights.java,23
hadoop,org.apache.hadoop.fs.slive,Weights.UniformWeight,2,0,0,0,16,0,0,0,-1.0,0,0,/Users/eashraf/hadoop/hadoop-mapreduce-project/hadoop-mapreduce-client/hadoop-mapreduce-client-jobclient/src/test/java/org/apache/hadoop/fs/slive/Weights.java,31
hadoop,org.apache.hadoop.fs.slive,Weights.MidWeight,0,0,0,0,16,0,0,0,-1.0,0,0,/Users/eashraf/hadoop/hadoop-mapreduce-project/hadoop-mapreduce-client/hadoop-mapreduce-client-jobclient/src/test/java/org/apache/hadoop/fs/slive/Weights.java,56
hadoop,org.apache.hadoop.fs.slive,Weights.EndWeight,0,0,0,0,16,0,0,0,-1.0,0,0,/Users/eashraf/hadoop/hadoop-mapreduce-project/hadoop-mapreduce-client/hadoop-mapreduce-client-jobclient/src/test/java/org/apache/hadoop/fs/slive/Weights.java,80
hadoop,org.apache.hadoop.fs.slive,Weights.BeginWeight,0,0,0,0,16,0,0,0,-1.0,0,0,/Users/eashraf/hadoop/hadoop-mapreduce-project/hadoop-mapreduce-client/hadoop-mapreduce-client-jobclient/src/test/java/org/apache/hadoop/fs/slive/Weights.java,103
hadoop,org.apache.hadoop.fs.slive,Formatter,3,0,3,0,34,5,0,0,1.0,3,0,/Users/eashraf/hadoop/hadoop-mapreduce-project/hadoop-mapreduce-client/hadoop-mapreduce-client-jobclient/src/test/java/org/apache/hadoop/fs/slive/Formatter.java,24
hadoop,org.apache.hadoop.fs.slive,DataHasher,1,0,2,0,16,2,0,0,0.0,2,0,/Users/eashraf/hadoop/hadoop-mapreduce-project/hadoop-mapreduce-client/hadoop-mapreduce-client-jobclient/src/test/java/org/apache/hadoop/fs/slive/DataHasher.java,23
hadoop,org.apache.hadoop.fs.slive,PathFinder,5,0,4,0,57,7,0,0,0.0,2,2,/Users/eashraf/hadoop/hadoop-mapreduce-project/hadoop-mapreduce-client/hadoop-mapreduce-client-jobclient/src/test/java/org/apache/hadoop/fs/slive/PathFinder.java,25
hadoop,org.apache.hadoop.fs.slive,PathFinder.Type,0,0,0,0,1,0,0,0,-1.0,0,0,/Users/eashraf/hadoop/hadoop-mapreduce-project/hadoop-mapreduce-client/hadoop-mapreduce-client-jobclient/src/test/java/org/apache/hadoop/fs/slive/PathFinder.java,31
hadoop,org.apache.hadoop.fs.slive,SliveTest,2,0,10,5,232,31,0,0,0.2,2,22,/Users/eashraf/hadoop/hadoop-mapreduce-project/hadoop-mapreduce-client/hadoop-mapreduce-client-jobclient/src/test/java/org/apache/hadoop/fs/slive/SliveTest.java,49
hadoop,org.apache.hadoop.fs.slive,Range,3,0,5,1,42,6,0,0,0.0,9,0,/Users/eashraf/hadoop/hadoop-mapreduce-project/hadoop-mapreduce-client/hadoop-mapreduce-client-jobclient/src/test/java/org/apache/hadoop/fs/slive/Range.java,23
hadoop,org.apache.hadoop.fs.slive,OperationOutput,7,0,12,1,169,20,0,0,0.0,5,2,/Users/eashraf/hadoop/hadoop-mapreduce-project/hadoop-mapreduce-client/hadoop-mapreduce-client-jobclient/src/test/java/org/apache/hadoop/fs/slive/OperationOutput.java,24
hadoop,org.apache.hadoop.fs.slive,OperationOutput.OutputType,0,0,0,0,1,0,0,0,-1.0,0,0,/Users/eashraf/hadoop/hadoop-mapreduce-project/hadoop-mapreduce-client/hadoop-mapreduce-client-jobclient/src/test/java/org/apache/hadoop/fs/slive/OperationOutput.java,49
hadoop,org.apache.hadoop.fs.slive,WeightSelector,8,0,8,2,114,19,0,0,0.25,2,8,/Users/eashraf/hadoop/hadoop-mapreduce-project/hadoop-mapreduce-client/hadoop-mapreduce-client-jobclient/src/test/java/org/apache/hadoop/fs/slive/WeightSelector.java,36
hadoop,org.apache.hadoop.fs.slive,WeightSelector.Weightable,0,0,0,0,3,0,0,0,-1.0,0,0,/Users/eashraf/hadoop/hadoop-mapreduce-project/hadoop-mapreduce-client/hadoop-mapreduce-client-jobclient/src/test/java/org/apache/hadoop/fs/slive/WeightSelector.java,46
hadoop,org.apache.hadoop.fs.slive,WeightSelector.OperationInfo,3,0,0,0,5,0,0,0,-1.0,0,1,/Users/eashraf/hadoop/hadoop-mapreduce-project/hadoop-mapreduce-client/hadoop-mapreduce-client-jobclient/src/test/java/org/apache/hadoop/fs/slive/WeightSelector.java,52
hadoop,org.apache.hadoop.fs.slive,ConfigMerger,1,0,4,0,465,65,0,0,0.0,2,8,/Users/eashraf/hadoop/hadoop-mapreduce-project/hadoop-mapreduce-client/hadoop-mapreduce-client-jobclient/src/test/java/org/apache/hadoop/fs/slive/ConfigMerger.java,32
hadoop,org.apache.hadoop.fs.slive,ConfigMerger.ConfigException,1,0,0,0,12,0,0,0,-1.0,0,0,/Users/eashraf/hadoop/hadoop-mapreduce-project/hadoop-mapreduce-client/hadoop-mapreduce-client-jobclient/src/test/java/org/apache/hadoop/fs/slive/ConfigMerger.java,38
hadoop,org.apache.hadoop.fs.slive,ReportWriter,14,0,4,0,117,19,0,0,0.0,13,3,/Users/eashraf/hadoop/hadoop-mapreduce-project/hadoop-mapreduce-client/hadoop-mapreduce-client-jobclient/src/test/java/org/apache/hadoop/fs/slive/ReportWriter.java,30
hadoop,org.apache.hadoop.fs.slive,ListOp,1,0,3,0,44,3,0,1,0.6666666666666666,2,6,/Users/eashraf/hadoop/hadoop-mapreduce-project/hadoop-mapreduce-client/hadoop-mapreduce-client-jobclient/src/test/java/org/apache/hadoop/fs/slive/ListOp.java,33
hadoop,org.apache.hadoop.fs.slive,DummyInputFormat,1,0,8,8,51,11,0,0,0.875,1,3,/Users/eashraf/hadoop/hadoop-mapreduce-project/hadoop-mapreduce-client/hadoop-mapreduce-client-jobclient/src/test/java/org/apache/hadoop/fs/slive/DummyInputFormat.java,31
hadoop,org.apache.hadoop.fs.slive,DummyInputFormat.EmptySplit,0,0,0,0,12,0,0,0,-1.0,0,0,/Users/eashraf/hadoop/hadoop-mapreduce-project/hadoop-mapreduce-client/hadoop-mapreduce-client-jobclient/src/test/java/org/apache/hadoop/fs/slive/DummyInputFormat.java,36
hadoop,org.apache.hadoop.fs.slive,SlivePartitioner,0,0,2,2,11,2,0,0,-1.0,1,3,/Users/eashraf/hadoop/hadoop-mapreduce-project/hadoop-mapreduce-client/hadoop-mapreduce-client-jobclient/src/test/java/org/apache/hadoop/fs/slive/SlivePartitioner.java,24
hadoop,org.apache.hadoop.fs.slive,RenameOp,3,0,3,0,67,4,0,1,0.6666666666666666,2,5,/Users/eashraf/hadoop/hadoop-mapreduce-project/hadoop-mapreduce-client/hadoop-mapreduce-client-jobclient/src/test/java/org/apache/hadoop/fs/slive/RenameOp.java,32
hadoop,org.apache.hadoop.fs.slive,RenameOp.SrcTarget,2,0,0,0,16,0,0,0,-1.0,0,1,/Users/eashraf/hadoop/hadoop-mapreduce-project/hadoop-mapreduce-client/hadoop-mapreduce-client-jobclient/src/test/java/org/apache/hadoop/fs/slive/RenameOp.java,43
hadoop,org.apache.hadoop.fs.slive,TruncateOp,1,0,4,0,63,8,0,1,0.5,2,8,/Users/eashraf/hadoop/hadoop-mapreduce-project/hadoop-mapreduce-client/hadoop-mapreduce-client-jobclient/src/test/java/org/apache/hadoop/fs/slive/TruncateOp.java,32
hadoop,org.apache.hadoop.fs.slive,OperationWeight,2,0,3,0,25,3,0,0,0.0,1,1,/Users/eashraf/hadoop/hadoop-mapreduce-project/hadoop-mapreduce-client/hadoop-mapreduce-client-jobclient/src/test/java/org/apache/hadoop/fs/slive/OperationWeight.java,21
hadoop,org.apache.hadoop.fs.slive,SliveMapper,5,0,5,2,109,14,0,0,0.0,1,15,/Users/eashraf/hadoop/hadoop-mapreduce-project/hadoop-mapreduce-client/hadoop-mapreduce-client-jobclient/src/test/java/org/apache/hadoop/fs/slive/SliveMapper.java,39
hadoop,org.apache.hadoop.fs.slive,MkdirOp,1,0,3,0,48,4,0,1,0.6666666666666666,2,5,/Users/eashraf/hadoop/hadoop-mapreduce-project/hadoop-mapreduce-client/hadoop-mapreduce-client-jobclient/src/test/java/org/apache/hadoop/fs/slive/MkdirOp.java,32
hadoop,org.apache.hadoop.fs.slive,Constants,16,0,1,0,40,1,0,0,0.0,9,0,/Users/eashraf/hadoop/hadoop-mapreduce-project/hadoop-mapreduce-client/hadoop-mapreduce-client-jobclient/src/test/java/org/apache/hadoop/fs/slive/Constants.java,23
hadoop,org.apache.hadoop.fs.slive,Constants.Distribution,0,0,0,0,7,0,0,0,-1.0,0,0,/Users/eashraf/hadoop/hadoop-mapreduce-project/hadoop-mapreduce-client/hadoop-mapreduce-client-jobclient/src/test/java/org/apache/hadoop/fs/slive/Constants.java,34
hadoop,org.apache.hadoop.fs.slive,Constants.OperationType,0,0,0,0,7,0,0,0,-1.0,0,0,/Users/eashraf/hadoop/hadoop-mapreduce-project/hadoop-mapreduce-client/hadoop-mapreduce-client-jobclient/src/test/java/org/apache/hadoop/fs/slive/Constants.java,44
hadoop,org.apache.hadoop.mapreduce.security.ssl,TestEncryptedShuffle,4,0,9,5,91,12,0,0,0.0,0,15,/Users/eashraf/hadoop/hadoop-mapreduce-project/hadoop-mapreduce-client/hadoop-mapreduce-client-jobclient/src/test/java/org/apache/hadoop/mapreduce/security/ssl/TestEncryptedShuffle.java,52
hadoop,testjar,UserNamePermission,2,0,1,1,36,1,0,0,0.0,0,6,/Users/eashraf/hadoop/hadoop-mapreduce-project/hadoop-mapreduce-client/hadoop-mapreduce-client-jobclient/src/test/java/testjar/UserNamePermission.java,42
hadoop,testjar,UserNamePermission.UserNameMapper,1,0,0,0,7,0,0,0,-1.0,0,1,/Users/eashraf/hadoop/hadoop-mapreduce-project/hadoop-mapreduce-client/hadoop-mapreduce-client-jobclient/src/test/java/testjar/UserNamePermission.java,47
hadoop,testjar,UserNamePermission.UserNameReducer,0,0,0,0,10,0,0,0,-1.0,0,0,/Users/eashraf/hadoop/hadoop-mapreduce-project/hadoop-mapreduce-client/hadoop-mapreduce-client-jobclient/src/test/java/testjar/UserNamePermission.java,59
hadoop,testjar,CustomOutputCommitter,0,0,0,0,2,0,0,0,-1.0,0,0,/Users/eashraf/hadoop/hadoop-mapreduce-project/hadoop-mapreduce-client/hadoop-mapreduce-client-jobclient/src/test/java/testjar/CustomOutputCommitter.java,23
hadoop,testjar,ExternalIdentityReducer,0,0,3,3,11,4,0,0,-1.0,0,4,/Users/eashraf/hadoop/hadoop-mapreduce-project/hadoop-mapreduce-client/hadoop-mapreduce-client-jobclient/src/test/java/testjar/ExternalIdentityReducer.java,31
hadoop,testjar,ExternalMapperReducer,0,0,4,4,21,6,0,0,-1.0,0,7,/Users/eashraf/hadoop/hadoop-mapreduce-project/hadoop-mapreduce-client/hadoop-mapreduce-client-jobclient/src/test/java/testjar/ExternalMapperReducer.java,34
hadoop,testjar,ClassWordCount,0,0,0,0,15,0,0,0,-1.0,0,0,/Users/eashraf/hadoop/hadoop-mapreduce-project/hadoop-mapreduce-client/hadoop-mapreduce-client-jobclient/src/test/java/testjar/ClassWordCount.java,39
hadoop,testjar,ClassWordCount.MapClass,0,0,0,0,5,0,0,0,-1.0,0,0,/Users/eashraf/hadoop/hadoop-mapreduce-project/hadoop-mapreduce-client/hadoop-mapreduce-client-jobclient/src/test/java/testjar/ClassWordCount.java,45
hadoop,testjar,ClassWordCount.Reduce,0,0,0,0,5,0,0,0,-1.0,0,0,/Users/eashraf/hadoop/hadoop-mapreduce-project/hadoop-mapreduce-client/hadoop-mapreduce-client-jobclient/src/test/java/testjar/ClassWordCount.java,54
hadoop,testjar,JobKillCommitter,0,0,0,0,65,0,0,0,-1.0,0,0,/Users/eashraf/hadoop/hadoop-mapreduce-project/hadoop-mapreduce-client/hadoop-mapreduce-client-jobclient/src/test/java/testjar/JobKillCommitter.java,31
hadoop,testjar,JobKillCommitter.CommitterWithFailSetup,0,0,0,0,8,0,0,0,-1.0,0,0,/Users/eashraf/hadoop/hadoop-mapreduce-project/hadoop-mapreduce-client/hadoop-mapreduce-client-jobclient/src/test/java/testjar/JobKillCommitter.java,32
hadoop,testjar,JobKillCommitter.CommitterWithNoError,0,0,0,0,9,0,0,0,-1.0,0,0,/Users/eashraf/hadoop/hadoop-mapreduce-project/hadoop-mapreduce-client/hadoop-mapreduce-client-jobclient/src/test/java/testjar/JobKillCommitter.java,43
hadoop,testjar,JobKillCommitter.CommitterWithFailCleanup,0,0,0,0,8,0,0,0,-1.0,0,0,/Users/eashraf/hadoop/hadoop-mapreduce-project/hadoop-mapreduce-client/hadoop-mapreduce-client-jobclient/src/test/java/testjar/JobKillCommitter.java,57
hadoop,testjar,JobKillCommitter.MapperPass,0,0,0,0,7,0,0,0,-1.0,0,0,/Users/eashraf/hadoop/hadoop-mapreduce-project/hadoop-mapreduce-client/hadoop-mapreduce-client-jobclient/src/test/java/testjar/JobKillCommitter.java,68
hadoop,testjar,JobKillCommitter.MapperPassSleep,0,0,0,0,8,0,0,0,-1.0,0,0,/Users/eashraf/hadoop/hadoop-mapreduce-project/hadoop-mapreduce-client/hadoop-mapreduce-client-jobclient/src/test/java/testjar/JobKillCommitter.java,77
hadoop,testjar,JobKillCommitter.MapperFail,0,0,0,0,8,0,0,0,-1.0,0,0,/Users/eashraf/hadoop/hadoop-mapreduce-project/hadoop-mapreduce-client/hadoop-mapreduce-client-jobclient/src/test/java/testjar/JobKillCommitter.java,88
hadoop,testjar,JobKillCommitter.ReducerFail,0,0,0,0,8,0,0,0,-1.0,0,0,/Users/eashraf/hadoop/hadoop-mapreduce-project/hadoop-mapreduce-client/hadoop-mapreduce-client-jobclient/src/test/java/testjar/JobKillCommitter.java,99
hadoop,testjar,JobKillCommitter.ReducerPass,0,0,0,0,7,0,0,0,-1.0,0,0,/Users/eashraf/hadoop/hadoop-mapreduce-project/hadoop-mapreduce-client/hadoop-mapreduce-client-jobclient/src/test/java/testjar/JobKillCommitter.java,110
hadoop,testjar,ExternalWritable,1,0,8,8,41,11,0,0,0.25,1,0,/Users/eashraf/hadoop/hadoop-mapreduce-project/hadoop-mapreduce-client/hadoop-mapreduce-client-jobclient/src/test/java/testjar/ExternalWritable.java,27
hadoop,testshell,ExternalMapReduce,0,0,4,4,70,5,0,0,-1.0,0,6,/Users/eashraf/hadoop/hadoop-mapreduce-project/hadoop-mapreduce-client/hadoop-mapreduce-client-jobclient/src/test/java/testshell/ExternalMapReduce.java,42
hadoop,testshell,ExternalMapReduce.MapClass,0,0,0,0,29,0,0,0,-1.0,0,0,/Users/eashraf/hadoop/hadoop-mapreduce-project/hadoop-mapreduce-client/hadoop-mapreduce-client-jobclient/src/test/java/testshell/ExternalMapReduce.java,57
hadoop,testshell,ExternalMapReduce.Reduce,0,0,0,0,4,0,0,0,-1.0,0,0,/Users/eashraf/hadoop/hadoop-mapreduce-project/hadoop-mapreduce-client/hadoop-mapreduce-client-jobclient/src/test/java/testshell/ExternalMapReduce.java,97
hadoop,org.apache.hadoop.examples,TestWordStats,11,0,5,5,201,8,0,0,0.0,0,4,/Users/eashraf/hadoop/hadoop-mapreduce-project/hadoop-mapreduce-examples/src/test/java/org/apache/hadoop/examples/TestWordStats.java,37
hadoop,org.apache.hadoop.examples,TestWordStats.WordStdDevReader,3,0,0,0,44,0,0,0,-1.0,0,0,/Users/eashraf/hadoop/hadoop-mapreduce-project/hadoop-mapreduce-examples/src/test/java/org/apache/hadoop/examples/TestWordStats.java,44
hadoop,org.apache.hadoop.examples,TestWordStats.WordMedianReader,2,0,0,0,59,0,0,0,-1.0,0,0,/Users/eashraf/hadoop/hadoop-mapreduce-project/hadoop-mapreduce-examples/src/test/java/org/apache/hadoop/examples/TestWordStats.java,99
hadoop,org.apache.hadoop.examples,TestWordStats.WordMeanReader,2,0,0,0,39,0,0,0,-1.0,0,0,/Users/eashraf/hadoop/hadoop-mapreduce-project/hadoop-mapreduce-examples/src/test/java/org/apache/hadoop/examples/TestWordStats.java,168
hadoop,org.apache.hadoop.examples,TestBaileyBorweinPlouffe,0,0,2,2,23,5,0,0,-1.0,0,1,/Users/eashraf/hadoop/hadoop-mapreduce-project/hadoop-mapreduce-examples/src/test/java/org/apache/hadoop/examples/TestBaileyBorweinPlouffe.java,22
hadoop,org.apache.hadoop.examples,Join,1,1,3,2,95,13,0,0,0.6666666666666666,1,10,/Users/eashraf/hadoop/hadoop-mapreduce-project/hadoop-mapreduce-examples/src/main/java/org/apache/hadoop/examples/Join.java,47
hadoop,org.apache.hadoop.examples,Sort,2,1,4,3,115,15,0,0,0.5,2,12,/Users/eashraf/hadoop/hadoop-mapreduce-project/hadoop-mapreduce-examples/src/main/java/org/apache/hadoop/examples/Sort.java,44
hadoop,org.apache.hadoop.examples,WordMean,6,0,4,3,111,10,0,0,0.5,2,9,/Users/eashraf/hadoop/hadoop-mapreduce-project/hadoop-mapreduce-examples/src/main/java/org/apache/hadoop/examples/WordMean.java,42
hadoop,org.apache.hadoop.examples,WordMean.WordMeanMapper,1,0,0,0,19,0,0,0,-1.0,0,1,/Users/eashraf/hadoop/hadoop-mapreduce-project/hadoop-mapreduce-examples/src/main/java/org/apache/hadoop/examples/WordMean.java,50
hadoop,org.apache.hadoop.examples,WordMean.WordMeanReducer,1,0,0,0,19,0,0,0,-1.0,0,1,/Users/eashraf/hadoop/hadoop-mapreduce-project/hadoop-mapreduce-examples/src/main/java/org/apache/hadoop/examples/WordMean.java,78
hadoop,org.apache.hadoop.examples,MultiFileWordCount,13,0,3,2,157,4,0,0,0.6666666666666666,1,11,/Users/eashraf/hadoop/hadoop-mapreduce-project/hadoop-mapreduce-examples/src/main/java/org/apache/hadoop/examples/MultiFileWordCount.java,49
hadoop,org.apache.hadoop.examples,MultiFileWordCount.WordOffset,2,0,0,0,31,0,0,0,-1.0,0,0,/Users/eashraf/hadoop/hadoop-mapreduce-project/hadoop-mapreduce-examples/src/main/java/org/apache/hadoop/examples/MultiFileWordCount.java,56
hadoop,org.apache.hadoop.examples,MultiFileWordCount.MyInputFormat,0,0,0,0,8,0,0,0,-1.0,0,0,/Users/eashraf/hadoop/hadoop-mapreduce-project/hadoop-mapreduce-examples/src/main/java/org/apache/hadoop/examples/MultiFileWordCount.java,97
hadoop,org.apache.hadoop.examples,MultiFileWordCount.CombineFileLineRecordReader,9,0,0,0,73,0,0,0,-1.0,0,5,/Users/eashraf/hadoop/hadoop-mapreduce-project/hadoop-mapreduce-examples/src/main/java/org/apache/hadoop/examples/MultiFileWordCount.java,112
hadoop,org.apache.hadoop.examples,MultiFileWordCount.MapClass,2,0,0,0,15,0,0,0,-1.0,0,2,/Users/eashraf/hadoop/hadoop-mapreduce-project/hadoop-mapreduce-examples/src/main/java/org/apache/hadoop/examples/MultiFileWordCount.java,201
hadoop,org.apache.hadoop.examples,ExampleDriver,0,0,1,1,38,1,0,0,-1.0,0,23,/Users/eashraf/hadoop/hadoop-mapreduce-project/hadoop-mapreduce-examples/src/main/java/org/apache/hadoop/examples/ExampleDriver.java,29
hadoop,org.apache.hadoop.examples,Grep,0,0,3,2,47,5,0,0,-1.0,1,13,/Users/eashraf/hadoop/hadoop-mapreduce-project/hadoop-mapreduce-examples/src/main/java/org/apache/hadoop/examples/Grep.java,40
hadoop,org.apache.hadoop.examples,WordStandardDeviation,8,0,4,3,120,11,0,0,0.5,2,9,/Users/eashraf/hadoop/hadoop-mapreduce-project/hadoop-mapreduce-examples/src/main/java/org/apache/hadoop/examples/WordStandardDeviation.java,42
hadoop,org.apache.hadoop.examples,WordStandardDeviation.WordStandardDeviationMapper,2,0,0,0,22,0,0,0,-1.0,0,1,/Users/eashraf/hadoop/hadoop-mapreduce-project/hadoop-mapreduce-examples/src/main/java/org/apache/hadoop/examples/WordStandardDeviation.java,51
hadoop,org.apache.hadoop.examples,WordStandardDeviation.WordStandardDeviationReducer,1,0,0,0,19,0,0,0,-1.0,0,1,/Users/eashraf/hadoop/hadoop-mapreduce-project/hadoop-mapreduce-examples/src/main/java/org/apache/hadoop/examples/WordStandardDeviation.java,87
hadoop,org.apache.hadoop.examples,BaileyBorweinPlouffe,21,1,11,2,462,47,0,0,0.2727272727272727,2,9,/Users/eashraf/hadoop/hadoop-mapreduce-project/hadoop-mapreduce-examples/src/main/java/org/apache/hadoop/examples/BaileyBorweinPlouffe.java,57
hadoop,org.apache.hadoop.examples,BaileyBorweinPlouffe.BbpMapper,0,0,0,0,19,0,0,0,-1.0,0,0,/Users/eashraf/hadoop/hadoop-mapreduce-project/hadoop-mapreduce-examples/src/main/java/org/apache/hadoop/examples/BaileyBorweinPlouffe.java,88
hadoop,org.apache.hadoop.examples,BaileyBorweinPlouffe.BbpReducer,2,0,0,0,65,0,0,0,-1.0,0,0,/Users/eashraf/hadoop/hadoop-mapreduce-project/hadoop-mapreduce-examples/src/main/java/org/apache/hadoop/examples/BaileyBorweinPlouffe.java,111
hadoop,org.apache.hadoop.examples,BaileyBorweinPlouffe.BbpSplit,3,0,0,0,47,0,0,0,-1.0,0,0,/Users/eashraf/hadoop/hadoop-mapreduce-project/hadoop-mapreduce-examples/src/main/java/org/apache/hadoop/examples/BaileyBorweinPlouffe.java,208
hadoop,org.apache.hadoop.examples,BaileyBorweinPlouffe.BbpInputFormat,1,0,0,0,46,0,0,0,-1.0,0,0,/Users/eashraf/hadoop/hadoop-mapreduce-project/hadoop-mapreduce-examples/src/main/java/org/apache/hadoop/examples/BaileyBorweinPlouffe.java,253
hadoop,org.apache.hadoop.examples,BaileyBorweinPlouffe.Fraction,2,0,0,0,36,0,0,0,-1.0,0,0,/Users/eashraf/hadoop/hadoop-mapreduce-project/hadoop-mapreduce-examples/src/main/java/org/apache/hadoop/examples/BaileyBorweinPlouffe.java,559
hadoop,org.apache.hadoop.examples,WordMedian,4,0,4,3,113,10,0,0,0.5,2,8,/Users/eashraf/hadoop/hadoop-mapreduce-project/hadoop-mapreduce-examples/src/main/java/org/apache/hadoop/examples/WordMedian.java,43
hadoop,org.apache.hadoop.examples,WordMedian.WordMedianMapper,1,0,0,0,18,0,0,0,-1.0,0,1,/Users/eashraf/hadoop/hadoop-mapreduce-project/hadoop-mapreduce-examples/src/main/java/org/apache/hadoop/examples/WordMedian.java,48
hadoop,org.apache.hadoop.examples,WordMedian.WordMedianReducer,1,0,0,0,19,0,0,0,-1.0,0,1,/Users/eashraf/hadoop/hadoop-mapreduce-project/hadoop-mapreduce-examples/src/main/java/org/apache/hadoop/examples/WordMedian.java,75
hadoop,org.apache.hadoop.examples,RandomTextWriter,14,7,3,2,136,8,0,0,0.6666666666666666,1,7,/Users/eashraf/hadoop/hadoop-mapreduce-project/hadoop-mapreduce-examples/src/main/java/org/apache/hadoop/examples/RandomTextWriter.java,39
hadoop,org.apache.hadoop.examples,RandomTextWriter.Counters,0,0,0,0,4,0,0,0,-1.0,0,0,/Users/eashraf/hadoop/hadoop-mapreduce-project/hadoop-mapreduce-examples/src/main/java/org/apache/hadoop/examples/RandomTextWriter.java,97
hadoop,org.apache.hadoop.examples,RandomTextWriter.RandomTextMapper,6,0,0,0,48,0,0,0,-1.0,0,0,/Users/eashraf/hadoop/hadoop-mapreduce-project/hadoop-mapreduce-examples/src/main/java/org/apache/hadoop/examples/RandomTextWriter.java,102
hadoop,org.apache.hadoop.examples,SecondarySort,6,0,1,1,150,2,0,0,0.0,1,6,/Users/eashraf/hadoop/hadoop-mapreduce-project/hadoop-mapreduce-examples/src/main/java/org/apache/hadoop/examples/SecondarySort.java,42
hadoop,org.apache.hadoop.examples,SecondarySort.IntPair,2,0,0,0,68,0,0,0,-1.0,0,0,/Users/eashraf/hadoop/hadoop-mapreduce-project/hadoop-mapreduce-examples/src/main/java/org/apache/hadoop/examples/SecondarySort.java,53
hadoop,org.apache.hadoop.examples,SecondarySort.Comparator,0,0,0,0,11,0,0,0,-1.0,0,0,/Users/eashraf/hadoop/hadoop-mapreduce-project/hadoop-mapreduce-examples/src/main/java/org/apache/hadoop/examples/SecondarySort.java,102
hadoop,org.apache.hadoop.examples,SecondarySort.FirstPartitioner,0,0,0,0,8,0,0,0,-1.0,0,0,/Users/eashraf/hadoop/hadoop-mapreduce-project/hadoop-mapreduce-examples/src/main/java/org/apache/hadoop/examples/SecondarySort.java,130
hadoop,org.apache.hadoop.examples,SecondarySort.FirstGroupingComparator,0,0,0,0,13,0,0,0,-1.0,0,0,/Users/eashraf/hadoop/hadoop-mapreduce-project/hadoop-mapreduce-examples/src/main/java/org/apache/hadoop/examples/SecondarySort.java,141
hadoop,org.apache.hadoop.examples,SecondarySort.MapClass,2,0,0,0,21,0,0,0,-1.0,0,1,/Users/eashraf/hadoop/hadoop-mapreduce-project/hadoop-mapreduce-examples/src/main/java/org/apache/hadoop/examples/SecondarySort.java,161
hadoop,org.apache.hadoop.examples,SecondarySort.Reduce,2,0,0,0,14,0,0,0,-1.0,0,1,/Users/eashraf/hadoop/hadoop-mapreduce-project/hadoop-mapreduce-examples/src/main/java/org/apache/hadoop/examples/SecondarySort.java,189
hadoop,org.apache.hadoop.examples,AggregateWordCount,0,0,1,1,30,1,0,0,-1.0,2,2,/Users/eashraf/hadoop/hadoop-mapreduce-project/hadoop-mapreduce-examples/src/main/java/org/apache/hadoop/examples/AggregateWordCount.java,31
hadoop,org.apache.hadoop.examples,AggregateWordCount.WordCountPlugInClass,0,0,0,0,15,0,0,0,-1.0,0,0,/Users/eashraf/hadoop/hadoop-mapreduce-project/hadoop-mapreduce-examples/src/main/java/org/apache/hadoop/examples/AggregateWordCount.java,42
hadoop,org.apache.hadoop.examples,AggregateWordHistogram,0,0,1,1,31,1,0,0,-1.0,1,3,/Users/eashraf/hadoop/hadoop-mapreduce-project/hadoop-mapreduce-examples/src/main/java/org/apache/hadoop/examples/AggregateWordHistogram.java,30
hadoop,org.apache.hadoop.examples,AggregateWordHistogram.AggregateWordHistogramPlugin,0,0,0,0,16,0,0,0,-1.0,0,0,/Users/eashraf/hadoop/hadoop-mapreduce-project/hadoop-mapreduce-examples/src/main/java/org/apache/hadoop/examples/AggregateWordHistogram.java,40
hadoop,org.apache.hadoop.examples,RandomWriter,18,7,2,2,168,5,0,0,1.0,2,10,/Users/eashraf/hadoop/hadoop-mapreduce-project/hadoop-mapreduce-examples/src/main/java/org/apache/hadoop/examples/RandomWriter.java,44
hadoop,org.apache.hadoop.examples,RandomWriter.Counters,0,0,0,0,4,0,0,0,-1.0,0,0,/Users/eashraf/hadoop/hadoop-mapreduce-project/hadoop-mapreduce-examples/src/main/java/org/apache/hadoop/examples/RandomWriter.java,89
hadoop,org.apache.hadoop.examples,RandomWriter.RandomInputFormat,3,0,0,0,53,0,0,0,-1.0,0,2,/Users/eashraf/hadoop/hadoop-mapreduce-project/hadoop-mapreduce-examples/src/main/java/org/apache/hadoop/examples/RandomWriter.java,94
hadoop,org.apache.hadoop.examples,RandomWriter.RandomRecordReader,3,0,0,0,33,0,0,0,-1.0,0,2,/Users/eashraf/hadoop/hadoop-mapreduce-project/hadoop-mapreduce-examples/src/main/java/org/apache/hadoop/examples/RandomWriter.java,116
hadoop,org.apache.hadoop.examples,RandomWriter.RandomMapper,8,0,0,0,48,0,0,0,-1.0,0,1,/Users/eashraf/hadoop/hadoop-mapreduce-project/hadoop-mapreduce-examples/src/main/java/org/apache/hadoop/examples/RandomWriter.java,165
hadoop,org.apache.hadoop.examples,WordCount,3,0,1,1,44,3,0,0,0.0,1,6,/Users/eashraf/hadoop/hadoop-mapreduce-project/hadoop-mapreduce-examples/src/main/java/org/apache/hadoop/examples/WordCount.java,34
hadoop,org.apache.hadoop.examples,WordCount.TokenizerMapper,2,0,0,0,11,0,0,0,-1.0,0,2,/Users/eashraf/hadoop/hadoop-mapreduce-project/hadoop-mapreduce-examples/src/main/java/org/apache/hadoop/examples/WordCount.java,36
hadoop,org.apache.hadoop.examples,WordCount.IntSumReducer,1,0,0,0,11,0,0,0,-1.0,0,1,/Users/eashraf/hadoop/hadoop-mapreduce-project/hadoop-mapreduce-examples/src/main/java/org/apache/hadoop/examples/WordCount.java,52
hadoop,org.apache.hadoop.examples,DBCountPageView,16,0,10,2,285,23,0,0,0.2,2,11,/Users/eashraf/hadoop/hadoop-mapreduce-project/hadoop-mapreduce-examples/src/main/java/org/apache/hadoop/examples/DBCountPageView.java,53
hadoop,org.apache.hadoop.examples,DBCountPageView.AccessRecord,3,0,0,0,28,0,0,0,-1.0,0,0,/Users/eashraf/hadoop/hadoop-mapreduce-project/hadoop-mapreduce-examples/src/main/java/org/apache/hadoop/examples/DBCountPageView.java,282
hadoop,org.apache.hadoop.examples,DBCountPageView.PageviewRecord,2,0,0,0,30,0,0,0,-1.0,0,0,/Users/eashraf/hadoop/hadoop-mapreduce-project/hadoop-mapreduce-examples/src/main/java/org/apache/hadoop/examples/DBCountPageView.java,315
hadoop,org.apache.hadoop.examples,DBCountPageView.PageviewMapper,1,0,0,0,10,0,0,0,-1.0,0,1,/Users/eashraf/hadoop/hadoop-mapreduce-project/hadoop-mapreduce-examples/src/main/java/org/apache/hadoop/examples/DBCountPageView.java,351
hadoop,org.apache.hadoop.examples,DBCountPageView.PageviewReducer,1,0,0,0,13,0,0,0,-1.0,0,1,/Users/eashraf/hadoop/hadoop-mapreduce-project/hadoop-mapreduce-examples/src/main/java/org/apache/hadoop/examples/DBCountPageView.java,367
hadoop,org.apache.hadoop.examples,QuasiMonteCarlo,10,0,3,3,228,7,0,0,0.6666666666666666,1,11,/Users/eashraf/hadoop/hadoop-mapreduce-project/hadoop-mapreduce-examples/src/main/java/org/apache/hadoop/examples/QuasiMonteCarlo.java,44
hadoop,org.apache.hadoop.examples,QuasiMonteCarlo.HaltonSequence,6,0,0,0,59,0,0,0,-1.0,0,0,/Users/eashraf/hadoop/hadoop-mapreduce-project/hadoop-mapreduce-examples/src/main/java/org/apache/hadoop/examples/QuasiMonteCarlo.java,83
hadoop,org.apache.hadoop.examples,QuasiMonteCarlo.QmcMapper,0,0,0,0,33,0,0,0,-1.0,0,0,/Users/eashraf/hadoop/hadoop-mapreduce-project/hadoop-mapreduce-examples/src/main/java/org/apache/hadoop/examples/QuasiMonteCarlo.java,147
hadoop,org.apache.hadoop.examples,QuasiMonteCarlo.QmcReducer,2,0,0,0,37,0,0,0,-1.0,0,1,/Users/eashraf/hadoop/hadoop-mapreduce-project/hadoop-mapreduce-examples/src/main/java/org/apache/hadoop/examples/QuasiMonteCarlo.java,195
hadoop,org.apache.hadoop.examples.pi.math,TestModular,4,0,10,2,260,72,0,0,0.3,0,1,/Users/eashraf/hadoop/hadoop-mapreduce-project/hadoop-mapreduce-examples/src/test/java/org/apache/hadoop/examples/pi/math/TestModular.java,25
hadoop,org.apache.hadoop.examples.pi.math,TestModular.Montgomery2,0,0,0,0,21,0,0,1,-1.0,0,0,/Users/eashraf/hadoop/hadoop-mapreduce-project/hadoop-mapreduce-examples/src/test/java/org/apache/hadoop/examples/pi/math/TestModular.java,253
hadoop,org.apache.hadoop.examples.pi.math,TestSummation,3,0,5,2,95,11,0,0,0.0,0,3,/Users/eashraf/hadoop/hadoop-mapreduce-project/hadoop-mapreduce-examples/src/test/java/org/apache/hadoop/examples/pi/math/TestSummation.java,32
hadoop,org.apache.hadoop.examples.pi.math,TestSummation.Summation2,1,0,0,0,37,0,0,1,-1.0,0,0,/Users/eashraf/hadoop/hadoop-mapreduce-project/hadoop-mapreduce-examples/src/test/java/org/apache/hadoop/examples/pi/math/TestSummation.java,80
hadoop,org.apache.hadoop.examples.pi.math,TestLongLong,2,0,5,2,41,8,0,0,0.0,0,1,/Users/eashraf/hadoop/hadoop-mapreduce-project/hadoop-mapreduce-examples/src/test/java/org/apache/hadoop/examples/pi/math/TestLongLong.java,23
hadoop,org.apache.hadoop.examples.pi.math,ArithmeticProgression,4,4,9,6,103,21,0,0,0.3333333333333333,3,1,/Users/eashraf/hadoop/hadoop-mapreduce-project/hadoop-mapreduce-examples/src/main/java/org/apache/hadoop/examples/pi/math/ArithmeticProgression.java,22
hadoop,org.apache.hadoop.examples.pi.math,Modular,1,0,3,3,82,23,0,0,1.0,4,0,/Users/eashraf/hadoop/hadoop-mapreduce-project/hadoop-mapreduce-examples/src/main/java/org/apache/hadoop/examples/pi/math/Modular.java,20
hadoop,org.apache.hadoop.examples.pi.math,Montgomery,9,0,2,0,48,6,1,0,0.0,1,2,/Users/eashraf/hadoop/hadoop-mapreduce-project/hadoop-mapreduce-examples/src/main/java/org/apache/hadoop/examples/pi/math/Montgomery.java,20
hadoop,org.apache.hadoop.examples.pi.math,Montgomery.Product,3,0,0,0,12,0,0,0,-1.0,0,1,/Users/eashraf/hadoop/hadoop-mapreduce-project/hadoop-mapreduce-examples/src/main/java/org/apache/hadoop/examples/pi/math/Montgomery.java,64
hadoop,org.apache.hadoop.examples.pi.math,LongLong,8,0,7,1,68,7,0,0,0.0,3,0,/Users/eashraf/hadoop/hadoop-mapreduce-project/hadoop-mapreduce-examples/src/main/java/org/apache/hadoop/examples/pi/math/LongLong.java,22
hadoop,org.apache.hadoop.examples.pi.math,Bellard,13,0,6,5,251,11,0,0,0.6666666666666666,2,3,/Users/eashraf/hadoop/hadoop-mapreduce-project/hadoop-mapreduce-examples/src/main/java/org/apache/hadoop/examples/pi/math/Bellard.java,33
hadoop,org.apache.hadoop.examples.pi.math,Bellard.Parameter,5,0,0,0,36,0,0,0,-1.0,0,0,/Users/eashraf/hadoop/hadoop-mapreduce-project/hadoop-mapreduce-examples/src/main/java/org/apache/hadoop/examples/pi/math/Bellard.java,49
hadoop,org.apache.hadoop.examples.pi.math,Bellard.Sum,8,0,0,0,145,0,0,0,-1.0,0,1,/Users/eashraf/hadoop/hadoop-mapreduce-project/hadoop-mapreduce-examples/src/main/java/org/apache/hadoop/examples/pi/math/Bellard.java,114
hadoop,org.apache.hadoop.examples.pi.math,Bellard.Tail,2,0,0,0,34,0,0,0,-1.0,0,0,/Users/eashraf/hadoop/hadoop-mapreduce-project/hadoop-mapreduce-examples/src/main/java/org/apache/hadoop/examples/pi/math/Bellard.java,211
hadoop,org.apache.hadoop.examples.pi.math,Summation,5,2,19,14,200,37,1,0,0.2631578947368421,9,4,/Users/eashraf/hadoop/hadoop-mapreduce-project/hadoop-mapreduce-examples/src/main/java/org/apache/hadoop/examples/pi/math/Summation.java,27
hadoop,org.apache.hadoop.examples.terasort,TestTeraSort,6,0,6,2,46,6,0,0,0.5,0,3,/Users/eashraf/hadoop/hadoop-mapreduce-project/hadoop-mapreduce-examples/src/test/java/org/apache/hadoop/examples/terasort/TestTeraSort.java,30
hadoop,org.apache.hadoop.examples.terasort,Unsigned16,3,0,20,18,238,41,0,0,0.0,9,0,/Users/eashraf/hadoop/hadoop-mapreduce-project/hadoop-mapreduce-examples/src/main/java/org/apache/hadoop/examples/terasort/Unsigned16.java,27
hadoop,org.apache.hadoop.examples.terasort,Random16,3,0,2,2,48,6,0,0,0.0,1,1,/Users/eashraf/hadoop/hadoop-mapreduce-project/hadoop-mapreduce-examples/src/main/java/org/apache/hadoop/examples/terasort/Random16.java,20
hadoop,org.apache.hadoop.examples.terasort,Random16.RandomConstant,2,0,0,0,11,0,0,0,-1.0,0,1,/Users/eashraf/hadoop/hadoop-mapreduce-project/hadoop-mapreduce-examples/src/main/java/org/apache/hadoop/examples/terasort/Random16.java,47
hadoop,org.apache.hadoop.examples.terasort,TeraOutputFormat,4,0,5,4,71,10,0,0,0.8,2,11,/Users/eashraf/hadoop/hadoop-mapreduce-project/hadoop-mapreduce-examples/src/main/java/org/apache/hadoop/examples/terasort/TeraOutputFormat.java,39
hadoop,org.apache.hadoop.examples.terasort,TeraOutputFormat.TeraRecordWriter,2,0,0,0,18,0,0,0,-1.0,0,1,/Users/eashraf/hadoop/hadoop-mapreduce-project/hadoop-mapreduce-examples/src/main/java/org/apache/hadoop/examples/terasort/TeraOutputFormat.java,60
hadoop,org.apache.hadoop.examples.terasort,TeraSort,14,0,6,6,246,7,0,0,0.3333333333333333,2,10,/Users/eashraf/hadoop/hadoop-mapreduce-project/hadoop-mapreduce-examples/src/main/java/org/apache/hadoop/examples/terasort/TeraSort.java,42
hadoop,org.apache.hadoop.examples.terasort,TeraSort.TotalOrderPartitioner,8,0,0,0,156,0,0,0,-1.0,0,4,/Users/eashraf/hadoop/hadoop-mapreduce-project/hadoop-mapreduce-examples/src/main/java/org/apache/hadoop/examples/terasort/TeraSort.java,54
hadoop,org.apache.hadoop.examples.terasort,TeraSort.TrieNode,1,0,0,0,14,0,0,0,-1.0,0,0,/Users/eashraf/hadoop/hadoop-mapreduce-project/hadoop-mapreduce-examples/src/main/java/org/apache/hadoop/examples/terasort/TeraSort.java,64
hadoop,org.apache.hadoop.examples.terasort,TeraSort.InnerTrieNode,1,0,0,0,31,0,0,0,-1.0,0,0,/Users/eashraf/hadoop/hadoop-mapreduce-project/hadoop-mapreduce-examples/src/main/java/org/apache/hadoop/examples/terasort/TeraSort.java,79
hadoop,org.apache.hadoop.examples.terasort,TeraSort.LeafTrieNode,3,0,0,0,30,0,0,0,-1.0,0,1,/Users/eashraf/hadoop/hadoop-mapreduce-project/hadoop-mapreduce-examples/src/main/java/org/apache/hadoop/examples/terasort/TeraSort.java,113
hadoop,org.apache.hadoop.examples.terasort,TeraSort.SimplePartitioner,3,0,0,0,24,0,0,0,-1.0,0,2,/Users/eashraf/hadoop/hadoop-mapreduce-project/hadoop-mapreduce-examples/src/main/java/org/apache/hadoop/examples/terasort/TeraSort.java,233
hadoop,org.apache.hadoop.examples.terasort,GenSort,1,0,6,2,167,26,0,0,0.0,0,2,/Users/eashraf/hadoop/hadoop-mapreduce-project/hadoop-mapreduce-examples/src/main/java/org/apache/hadoop/examples/terasort/GenSort.java,29
hadoop,org.apache.hadoop.examples.terasort,TeraChecksum,3,0,3,2,54,4,0,0,0.6666666666666666,0,6,/Users/eashraf/hadoop/hadoop-mapreduce-project/hadoop-mapreduce-examples/src/main/java/org/apache/hadoop/examples/terasort/TeraChecksum.java,37
hadoop,org.apache.hadoop.examples.terasort,TeraChecksum.ChecksumMapper,3,0,0,0,15,0,0,0,-1.0,0,1,/Users/eashraf/hadoop/hadoop-mapreduce-project/hadoop-mapreduce-examples/src/main/java/org/apache/hadoop/examples/terasort/TeraChecksum.java,38
hadoop,org.apache.hadoop.examples.terasort,TeraChecksum.ChecksumReducer,0,0,0,0,9,0,0,0,-1.0,0,0,/Users/eashraf/hadoop/hadoop-mapreduce-project/hadoop-mapreduce-examples/src/main/java/org/apache/hadoop/examples/terasort/TeraChecksum.java,59
hadoop,org.apache.hadoop.examples.terasort,TeraInputFormat,17,0,4,4,216,14,0,0,0.0,7,12,/Users/eashraf/hadoop/hadoop-mapreduce-project/hadoop-mapreduce-examples/src/main/java/org/apache/hadoop/examples/terasort/TeraInputFormat.java,45
hadoop,org.apache.hadoop.examples.terasort,TeraInputFormat.TextSampler,1,0,0,0,38,0,0,0,-1.0,0,0,/Users/eashraf/hadoop/hadoop-mapreduce-project/hadoop-mapreduce-examples/src/main/java/org/apache/hadoop/examples/terasort/TeraInputFormat.java,63
hadoop,org.apache.hadoop.examples.terasort,TeraInputFormat.SamplerThreadGroup,1,0,0,0,12,0,0,0,-1.0,0,0,/Users/eashraf/hadoop/hadoop-mapreduce-project/hadoop-mapreduce-examples/src/main/java/org/apache/hadoop/examples/terasort/TeraInputFormat.java,191
hadoop,org.apache.hadoop.examples.terasort,TeraInputFormat.TeraRecordReader,7,0,0,0,60,0,0,0,-1.0,0,2,/Users/eashraf/hadoop/hadoop-mapreduce-project/hadoop-mapreduce-examples/src/main/java/org/apache/hadoop/examples/terasort/TeraInputFormat.java,210
hadoop,org.apache.hadoop.examples.terasort,TeraScheduler,12,0,8,4,198,35,0,0,0.0,1,3,/Users/eashraf/hadoop/hadoop-mapreduce-project/hadoop-mapreduce-examples/src/main/java/org/apache/hadoop/examples/terasort/TeraScheduler.java,33
hadoop,org.apache.hadoop.examples.terasort,TeraScheduler.Split,3,0,0,0,18,0,0,0,-1.0,0,0,/Users/eashraf/hadoop/hadoop-mapreduce-project/hadoop-mapreduce-examples/src/main/java/org/apache/hadoop/examples/terasort/TeraScheduler.java,42
hadoop,org.apache.hadoop.examples.terasort,TeraScheduler.Host,2,0,0,0,14,0,0,0,-1.0,0,0,/Users/eashraf/hadoop/hadoop-mapreduce-project/hadoop-mapreduce-examples/src/main/java/org/apache/hadoop/examples/terasort/TeraScheduler.java,60
hadoop,org.apache.hadoop.examples.terasort,TeraValidate,10,0,4,2,118,5,0,0,0.75,1,8,/Users/eashraf/hadoop/hadoop-mapreduce-project/hadoop-mapreduce-examples/src/main/java/org/apache/hadoop/examples/terasort/TeraValidate.java,40
hadoop,org.apache.hadoop.examples.terasort,TeraValidate.ValidateMapper,5,0,0,0,40,0,0,0,-1.0,0,2,/Users/eashraf/hadoop/hadoop-mapreduce-project/hadoop-mapreduce-examples/src/main/java/org/apache/hadoop/examples/terasort/TeraValidate.java,63
hadoop,org.apache.hadoop.examples.terasort,TeraValidate.ValidateReducer,3,0,0,0,37,0,0,0,-1.0,0,1,/Users/eashraf/hadoop/hadoop-mapreduce-project/hadoop-mapreduce-examples/src/main/java/org/apache/hadoop/examples/terasort/TeraValidate.java,111
hadoop,org.apache.hadoop.examples.terasort,TeraGen,18,1,6,2,194,12,0,0,0.3333333333333333,1,12,/Users/eashraf/hadoop/hadoop-mapreduce-project/hadoop-mapreduce-examples/src/main/java/org/apache/hadoop/examples/terasort/TeraGen.java,53
hadoop,org.apache.hadoop.examples.terasort,TeraGen.Counters,0,0,0,0,1,0,0,0,-1.0,0,0,/Users/eashraf/hadoop/hadoop-mapreduce-project/hadoop-mapreduce-examples/src/main/java/org/apache/hadoop/examples/terasort/TeraGen.java,71
hadoop,org.apache.hadoop.examples.terasort,TeraGen.RangeInputFormat,6,0,0,0,91,0,0,0,-1.0,0,2,/Users/eashraf/hadoop/hadoop-mapreduce-project/hadoop-mapreduce-examples/src/main/java/org/apache/hadoop/examples/terasort/TeraGen.java,74
hadoop,org.apache.hadoop.examples.terasort,TeraGen.RangeInputSplit,2,0,0,0,27,0,0,0,-1.0,0,0,/Users/eashraf/hadoop/hadoop-mapreduce-project/hadoop-mapreduce-examples/src/main/java/org/apache/hadoop/examples/terasort/TeraGen.java,80
hadoop,org.apache.hadoop.examples.terasort,TeraGen.RangeRecordReader,4,0,0,0,40,0,0,0,-1.0,0,1,/Users/eashraf/hadoop/hadoop-mapreduce-project/hadoop-mapreduce-examples/src/main/java/org/apache/hadoop/examples/terasort/TeraGen.java,113
hadoop,org.apache.hadoop.examples.terasort,TeraGen.SortGenMapper,10,0,0,0,37,0,0,0,-1.0,0,4,/Users/eashraf/hadoop/hadoop-mapreduce-project/hadoop-mapreduce-examples/src/main/java/org/apache/hadoop/examples/terasort/TeraGen.java,199
hadoop,org.apache.hadoop.examples.dancing,Sudoku,14,0,6,3,252,31,0,0,0.0,1,1,/Users/eashraf/hadoop/hadoop-mapreduce-project/hadoop-mapreduce-examples/src/main/java/org/apache/hadoop/examples/dancing/Sudoku.java,26
hadoop,org.apache.hadoop.examples.dancing,Sudoku.ColumnName,0,0,0,0,5,0,0,0,-1.0,0,0,/Users/eashraf/hadoop/hadoop-mapreduce-project/hadoop-mapreduce-examples/src/main/java/org/apache/hadoop/examples/dancing/Sudoku.java,53
hadoop,org.apache.hadoop.examples.dancing,Sudoku.SolutionPrinter,1,0,0,0,25,0,0,1,-1.0,0,1,/Users/eashraf/hadoop/hadoop-mapreduce-project/hadoop-mapreduce-examples/src/main/java/org/apache/hadoop/examples/dancing/Sudoku.java,97
hadoop,org.apache.hadoop.examples.dancing,Sudoku.ColumnConstraint,2,0,0,0,14,0,0,0,-1.0,0,0,/Users/eashraf/hadoop/hadoop-mapreduce-project/hadoop-mapreduce-examples/src/main/java/org/apache/hadoop/examples/dancing/Sudoku.java,166
hadoop,org.apache.hadoop.examples.dancing,Sudoku.RowConstraint,2,0,0,0,14,0,0,0,-1.0,0,0,/Users/eashraf/hadoop/hadoop-mapreduce-project/hadoop-mapreduce-examples/src/main/java/org/apache/hadoop/examples/dancing/Sudoku.java,181
hadoop,org.apache.hadoop.examples.dancing,Sudoku.SquareConstraint,3,0,0,0,16,0,0,0,-1.0,0,0,/Users/eashraf/hadoop/hadoop-mapreduce-project/hadoop-mapreduce-examples/src/main/java/org/apache/hadoop/examples/dancing/Sudoku.java,196
hadoop,org.apache.hadoop.examples.dancing,Sudoku.CellConstraint,2,0,0,0,14,0,0,0,-1.0,0,0,/Users/eashraf/hadoop/hadoop-mapreduce-project/hadoop-mapreduce-examples/src/main/java/org/apache/hadoop/examples/dancing/Sudoku.java,213
hadoop,org.apache.hadoop.examples.dancing,OneSidedPentomino,0,0,4,3,42,4,0,1,-1.0,1,1,/Users/eashraf/hadoop/hadoop-mapreduce-project/hadoop-mapreduce-examples/src/main/java/org/apache/hadoop/examples/dancing/OneSidedPentomino.java,21
hadoop,org.apache.hadoop.examples.dancing,Pentomino,20,4,13,9,361,47,1,0,0.15384615384615385,4,1,/Users/eashraf/hadoop/hadoop-mapreduce-project/hadoop-mapreduce-examples/src/main/java/org/apache/hadoop/examples/dancing/Pentomino.java,23
hadoop,org.apache.hadoop.examples.dancing,Pentomino.ColumnName,0,0,0,0,5,0,0,0,-1.0,0,0,/Users/eashraf/hadoop/hadoop-mapreduce-project/hadoop-mapreduce-examples/src/main/java/org/apache/hadoop/examples/dancing/Pentomino.java,29
hadoop,org.apache.hadoop.examples.dancing,Pentomino.Piece,4,0,0,0,75,0,0,0,-1.0,0,0,/Users/eashraf/hadoop/hadoop-mapreduce-project/hadoop-mapreduce-examples/src/main/java/org/apache/hadoop/examples/dancing/Pentomino.java,37
hadoop,org.apache.hadoop.examples.dancing,Pentomino.Point,2,0,0,0,11,0,0,0,-1.0,0,0,/Users/eashraf/hadoop/hadoop-mapreduce-project/hadoop-mapreduce-examples/src/main/java/org/apache/hadoop/examples/dancing/Pentomino.java,120
hadoop,org.apache.hadoop.examples.dancing,Pentomino.SolutionCategory,0,0,0,0,1,0,0,0,-1.0,0,0,/Users/eashraf/hadoop/hadoop-mapreduce-project/hadoop-mapreduce-examples/src/main/java/org/apache/hadoop/examples/dancing/Pentomino.java,174
hadoop,org.apache.hadoop.examples.dancing,Pentomino.SolutionPrinter,2,0,0,0,14,0,0,1,-1.0,0,1,/Users/eashraf/hadoop/hadoop-mapreduce-project/hadoop-mapreduce-examples/src/main/java/org/apache/hadoop/examples/dancing/Pentomino.java,232
hadoop,org.apache.hadoop.examples.dancing,DistributedPentomino,10,0,3,2,143,11,0,0,0.6666666666666666,1,9,/Users/eashraf/hadoop/hadoop-mapreduce-project/hadoop-mapreduce-examples/src/main/java/org/apache/hadoop/examples/dancing/DistributedPentomino.java,38
hadoop,org.apache.hadoop.examples.dancing,DistributedPentomino.PentMap,6,0,0,0,53,0,0,0,-1.0,0,3,/Users/eashraf/hadoop/hadoop-mapreduce-project/hadoop-mapreduce-examples/src/main/java/org/apache/hadoop/examples/dancing/DistributedPentomino.java,54
hadoop,org.apache.hadoop.examples.dancing,DistributedPentomino.SolutionCatcher,0,0,0,0,18,0,0,1,-1.0,0,2,/Users/eashraf/hadoop/hadoop-mapreduce-project/hadoop-mapreduce-examples/src/main/java/org/apache/hadoop/examples/dancing/DistributedPentomino.java,69
hadoop,org.apache.hadoop.examples.dancing,DancingLinks,10,0,17,9,364,46,3,0,0.0,7,0,/Users/eashraf/hadoop/hadoop-mapreduce-project/hadoop-mapreduce-examples/src/main/java/org/apache/hadoop/examples/dancing/DancingLinks.java,25
hadoop,org.apache.hadoop.examples.dancing,DancingLinks.Node,5,0,0,0,20,0,0,0,-1.0,0,0,/Users/eashraf/hadoop/hadoop-mapreduce-project/hadoop-mapreduce-examples/src/main/java/org/apache/hadoop/examples/dancing/DancingLinks.java,41
hadoop,org.apache.hadoop.examples.dancing,DancingLinks.ColumnHeader,2,0,0,0,15,0,0,0,-1.0,0,0,/Users/eashraf/hadoop/hadoop-mapreduce-project/hadoop-mapreduce-examples/src/main/java/org/apache/hadoop/examples/dancing/DancingLinks.java,67
hadoop,org.apache.hadoop.examples.dancing,DancingLinks.SolutionAcceptor,0,0,0,0,10,0,0,0,-1.0,0,0,/Users/eashraf/hadoop/hadoop-mapreduce-project/hadoop-mapreduce-examples/src/main/java/org/apache/hadoop/examples/dancing/DancingLinks.java,186
hadoop,org.apache.hadoop.examples.pi,DistSum,24,0,12,7,535,21,0,0,0.4166666666666667,2,12,/Users/eashraf/hadoop/hadoop-mapreduce-project/hadoop-mapreduce-examples/src/main/java/org/apache/hadoop/examples/pi/DistSum.java,59
hadoop,org.apache.hadoop.examples.pi,DistSum.Parameters,9,0,0,0,72,0,0,0,-1.0,0,0,/Users/eashraf/hadoop/hadoop-mapreduce-project/hadoop-mapreduce-examples/src/main/java/org/apache/hadoop/examples/pi/DistSum.java,74
hadoop,org.apache.hadoop.examples.pi,DistSum.Machine,3,0,0,0,121,0,0,0,-1.0,0,1,/Users/eashraf/hadoop/hadoop-mapreduce-project/hadoop-mapreduce-examples/src/main/java/org/apache/hadoop/examples/pi/DistSum.java,149
hadoop,org.apache.hadoop.examples.pi,DistSum.SummationSplit,2,0,0,0,42,0,0,1,-1.0,0,1,/Users/eashraf/hadoop/hadoop-mapreduce-project/hadoop-mapreduce-examples/src/main/java/org/apache/hadoop/examples/pi/DistSum.java,175
hadoop,org.apache.hadoop.examples.pi,DistSum.AbstractInputFormat,1,0,0,0,49,0,0,0,-1.0,0,0,/Users/eashraf/hadoop/hadoop-mapreduce-project/hadoop-mapreduce-examples/src/main/java/org/apache/hadoop/examples/pi/DistSum.java,205
hadoop,org.apache.hadoop.examples.pi,DistSum.MapSide,1,0,0,0,43,0,0,0,-1.0,0,0,/Users/eashraf/hadoop/hadoop-mapreduce-project/hadoop-mapreduce-examples/src/main/java/org/apache/hadoop/examples/pi/DistSum.java,240
hadoop,org.apache.hadoop.examples.pi,DistSum.PartitionInputFormat,0,0,0,0,19,0,0,0,-1.0,0,0,/Users/eashraf/hadoop/hadoop-mapreduce-project/hadoop-mapreduce-examples/src/main/java/org/apache/hadoop/examples/pi/DistSum.java,261
hadoop,org.apache.hadoop.examples.pi,DistSum.SummingMapper,0,0,0,0,8,0,0,0,-1.0,0,0,/Users/eashraf/hadoop/hadoop-mapreduce-project/hadoop-mapreduce-examples/src/main/java/org/apache/hadoop/examples/pi/DistSum.java,282
hadoop,org.apache.hadoop.examples.pi,DistSum.ReduceSide,1,0,0,0,74,0,0,0,-1.0,0,0,/Users/eashraf/hadoop/hadoop-mapreduce-project/hadoop-mapreduce-examples/src/main/java/org/apache/hadoop/examples/pi/DistSum.java,293
hadoop,org.apache.hadoop.examples.pi,DistSum.SummationInputFormat,0,0,0,0,15,0,0,0,-1.0,0,0,/Users/eashraf/hadoop/hadoop-mapreduce-project/hadoop-mapreduce-examples/src/main/java/org/apache/hadoop/examples/pi/DistSum.java,322
hadoop,org.apache.hadoop.examples.pi,DistSum.PartitionMapper,0,0,0,0,17,0,0,0,-1.0,0,0,/Users/eashraf/hadoop/hadoop-mapreduce-project/hadoop-mapreduce-examples/src/main/java/org/apache/hadoop/examples/pi/DistSum.java,338
hadoop,org.apache.hadoop.examples.pi,DistSum.IndexPartitioner,0,0,0,0,11,0,0,0,-1.0,0,0,/Users/eashraf/hadoop/hadoop-mapreduce-project/hadoop-mapreduce-examples/src/main/java/org/apache/hadoop/examples/pi/DistSum.java,355
hadoop,org.apache.hadoop.examples.pi,DistSum.SummingReducer,0,0,0,0,9,0,0,0,-1.0,0,0,/Users/eashraf/hadoop/hadoop-mapreduce-project/hadoop-mapreduce-examples/src/main/java/org/apache/hadoop/examples/pi/DistSum.java,364
hadoop,org.apache.hadoop.examples.pi,DistSum.MixMachine,2,0,0,0,39,0,0,0,-1.0,0,2,/Users/eashraf/hadoop/hadoop-mapreduce-project/hadoop-mapreduce-examples/src/main/java/org/apache/hadoop/examples/pi/DistSum.java,377
hadoop,org.apache.hadoop.examples.pi,DistSum.Computation,3,0,0,0,38,0,0,0,-1.0,0,2,/Users/eashraf/hadoop/hadoop-mapreduce-project/hadoop-mapreduce-examples/src/main/java/org/apache/hadoop/examples/pi/DistSum.java,524
hadoop,org.apache.hadoop.examples.pi,Parser,2,0,8,2,130,28,0,0,0.375,1,3,/Users/eashraf/hadoop/hadoop-mapreduce-project/hadoop-mapreduce-examples/src/main/java/org/apache/hadoop/examples/pi/Parser.java,39
hadoop,org.apache.hadoop.examples.pi,Util,9,2,17,13,269,47,0,0,0.47058823529411764,10,5,/Users/eashraf/hadoop/hadoop-mapreduce-project/hadoop-mapreduce-examples/src/main/java/org/apache/hadoop/examples/pi/Util.java,52
hadoop,org.apache.hadoop.examples.pi,Util.Timer,3,0,0,0,39,0,0,0,-1.0,0,0,/Users/eashraf/hadoop/hadoop-mapreduce-project/hadoop-mapreduce-examples/src/main/java/org/apache/hadoop/examples/pi/Util.java,59
hadoop,org.apache.hadoop.examples.pi,SummationWritable,1,0,13,11,116,17,0,1,0.3076923076923077,2,3,/Users/eashraf/hadoop/hadoop-mapreduce-project/hadoop-mapreduce-examples/src/main/java/org/apache/hadoop/examples/pi/SummationWritable.java,29
hadoop,org.apache.hadoop.examples.pi,SummationWritable.ArithmeticProgressionWritable,0,0,0,0,20,0,0,0,-1.0,0,0,/Users/eashraf/hadoop/hadoop-mapreduce-project/hadoop-mapreduce-examples/src/main/java/org/apache/hadoop/examples/pi/SummationWritable.java,119
hadoop,org.apache.hadoop.examples.pi,Container,0,0,1,1,10,1,3,0,-1.0,0,0,/Users/eashraf/hadoop/hadoop-mapreduce-project/hadoop-mapreduce-examples/src/main/java/org/apache/hadoop/examples/pi/Container.java,20
hadoop,org.apache.hadoop.examples.pi,TaskResult,2,0,12,10,89,16,0,1,0.3333333333333333,2,3,/Users/eashraf/hadoop/hadoop-mapreduce-project/hadoop-mapreduce-examples/src/main/java/org/apache/hadoop/examples/pi/TaskResult.java,27
hadoop,org.apache.hadoop.examples.pi,DistBbp,2,1,3,2,55,10,0,0,1.0,1,5,/Users/eashraf/hadoop/hadoop-mapreduce-project/hadoop-mapreduce-examples/src/main/java/org/apache/hadoop/examples/pi/DistBbp.java,34
hadoop,org.apache.hadoop.examples.pi,Combinable,0,0,1,1,12,1,1,0,-1.0,0,0,/Users/eashraf/hadoop/hadoop-mapreduce-project/hadoop-mapreduce-examples/src/main/java/org/apache/hadoop/examples/pi/Combinable.java,20
hadoop,org.apache.hadoop.typedbytes,TestTypedBytesWritable,0,0,2,2,29,2,0,0,-1.0,0,1,/Users/eashraf/hadoop/hadoop-tools/hadoop-streaming/src/test/java/org/apache/hadoop/typedbytes/TestTypedBytesWritable.java,31
hadoop,org.apache.hadoop.typedbytes,TypedBytesWritable,0,0,6,6,67,9,0,0,-1.0,6,3,/Users/eashraf/hadoop/hadoop-tools/hadoop-streaming/src/main/java/org/apache/hadoop/typedbytes/TypedBytesWritable.java,29
hadoop,org.apache.hadoop.typedbytes,TypedBytesInput,2,0,34,31,455,68,0,0,0.08823529411764706,8,3,/Users/eashraf/hadoop/hadoop-tools/hadoop-streaming/src/main/java/org/apache/hadoop/typedbytes/TypedBytesInput.java,31
hadoop,org.apache.hadoop.typedbytes,Type,1,0,1,0,8,1,0,0,0.0,5,0,/Users/eashraf/hadoop/hadoop-tools/hadoop-streaming/src/main/java/org/apache/hadoop/typedbytes/Type.java,21
hadoop,org.apache.hadoop.typedbytes,TypedBytesWritableInput,3,0,39,36,270,82,0,0,0.07692307692307693,0,21,/Users/eashraf/hadoop/hadoop-tools/hadoop-streaming/src/main/java/org/apache/hadoop/typedbytes/TypedBytesWritableInput.java,46
hadoop,org.apache.hadoop.typedbytes,TypedBytesOutput,2,0,26,23,262,40,0,0,0.11538461538461539,8,3,/Users/eashraf/hadoop/hadoop-tools/hadoop-streaming/src/main/java/org/apache/hadoop/typedbytes/TypedBytesOutput.java,32
hadoop,org.apache.hadoop.typedbytes,TypedBytesWritableOutput,2,0,24,21,165,42,0,0,0.16666666666666666,2,19,/Users/eashraf/hadoop/hadoop-tools/hadoop-streaming/src/main/java/org/apache/hadoop/typedbytes/TypedBytesWritableOutput.java,46
hadoop,org.apache.hadoop.typedbytes,TypedBytesRecordInput,3,0,21,18,108,21,0,0,0.2857142857142857,0,1,/Users/eashraf/hadoop/hadoop-tools/hadoop-streaming/src/main/java/org/apache/hadoop/typedbytes/TypedBytesRecordInput.java,28
hadoop,org.apache.hadoop.typedbytes,TypedBytesRecordInput.TypedBytesIndex,1,0,0,0,12,0,0,0,-1.0,0,0,/Users/eashraf/hadoop/hadoop-tools/hadoop-streaming/src/main/java/org/apache/hadoop/typedbytes/TypedBytesRecordInput.java,143
hadoop,org.apache.hadoop.typedbytes,TypedBytesRecordOutput,2,0,21,18,87,21,0,0,0.23809523809523808,1,2,/Users/eashraf/hadoop/hadoop-tools/hadoop-streaming/src/main/java/org/apache/hadoop/typedbytes/TypedBytesRecordOutput.java,30
hadoop,org.apache.hadoop.streaming,TestStreamingSeparator,7,0,5,3,51,5,0,0,0.4,0,4,/Users/eashraf/hadoop/hadoop-tools/hadoop-streaming/src/test/java/org/apache/hadoop/streaming/TestStreamingSeparator.java,31
hadoop,org.apache.hadoop.streaming,TestGzipInput,0,0,2,1,13,2,0,1,-1.0,0,0,/Users/eashraf/hadoop/hadoop-tools/hadoop-streaming/src/test/java/org/apache/hadoop/streaming/TestGzipInput.java,26
hadoop,org.apache.hadoop.streaming,TestStreamingCounters,0,0,3,2,21,3,0,1,-1.0,0,1,/Users/eashraf/hadoop/hadoop-tools/hadoop-streaming/src/test/java/org/apache/hadoop/streaming/TestStreamingCounters.java,30
hadoop,org.apache.hadoop.streaming,OutputOnlyApp,0,0,1,1,15,3,0,0,-1.0,0,0,/Users/eashraf/hadoop/hadoop-tools/hadoop-streaming/src/test/java/org/apache/hadoop/streaming/OutputOnlyApp.java,23
hadoop,org.apache.hadoop.streaming,TestMultipleArchiveFiles,15,0,5,1,85,7,0,1,0.0,0,7,/Users/eashraf/hadoop/hadoop-tools/hadoop-streaming/src/test/java/org/apache/hadoop/streaming/TestMultipleArchiveFiles.java,38
hadoop,org.apache.hadoop.streaming,TestStreamingOutputOnlyKeys,0,0,4,4,17,4,0,1,-1.0,0,0,/Users/eashraf/hadoop/hadoop-tools/hadoop-streaming/src/test/java/org/apache/hadoop/streaming/TestStreamingOutputOnlyKeys.java,25
hadoop,org.apache.hadoop.streaming,TestStreamingStderr,0,0,8,5,46,9,0,0,-1.0,0,3,/Users/eashraf/hadoop/hadoop-tools/hadoop-streaming/src/test/java/org/apache/hadoop/streaming/TestStreamingStderr.java,30
hadoop,org.apache.hadoop.streaming,TrApp,3,0,7,4,63,11,1,0,0.0,1,1,/Users/eashraf/hadoop/hadoop-tools/hadoop-streaming/src/test/java/org/apache/hadoop/streaming/TrApp.java,25
hadoop,org.apache.hadoop.streaming,RawBytesReduceApp,1,0,5,3,44,7,0,0,0.0,0,1,/Users/eashraf/hadoop/hadoop-tools/hadoop-streaming/src/test/java/org/apache/hadoop/streaming/RawBytesReduceApp.java,27
hadoop,org.apache.hadoop.streaming,ValueCountReduce,0,0,4,4,19,5,0,0,-1.0,0,3,/Users/eashraf/hadoop/hadoop-tools/hadoop-streaming/src/test/java/org/apache/hadoop/streaming/ValueCountReduce.java,34
hadoop,org.apache.hadoop.streaming,TestDumpTypedBytes,0,0,1,1,52,3,0,0,-1.0,0,6,/Users/eashraf/hadoop/hadoop-tools/hadoop-streaming/src/test/java/org/apache/hadoop/streaming/TestDumpTypedBytes.java,37
hadoop,org.apache.hadoop.streaming,FailApp,0,0,3,3,25,6,0,0,-1.0,0,0,/Users/eashraf/hadoop/hadoop-tools/hadoop-streaming/src/test/java/org/apache/hadoop/streaming/FailApp.java,23
hadoop,org.apache.hadoop.streaming,TestStreamXmlMultipleRecords,7,0,9,7,92,13,0,1,0.3333333333333333,0,3,/Users/eashraf/hadoop/hadoop-tools/hadoop-streaming/src/test/java/org/apache/hadoop/streaming/TestStreamXmlMultipleRecords.java,32
hadoop,org.apache.hadoop.streaming,TypedBytesMapApp,1,0,3,3,25,5,0,0,0.0,0,2,/Users/eashraf/hadoop/hadoop-tools/hadoop-streaming/src/test/java/org/apache/hadoop/streaming/TypedBytesMapApp.java,28
hadoop,org.apache.hadoop.streaming,TestFileArgs,7,0,6,3,57,9,0,1,0.3333333333333333,0,5,/Users/eashraf/hadoop/hadoop-tools/hadoop-streaming/src/test/java/org/apache/hadoop/streaming/TestFileArgs.java,35
hadoop,org.apache.hadoop.streaming,TestStreamXmlRecordReader,0,0,3,1,28,3,0,1,-1.0,0,0,/Users/eashraf/hadoop/hadoop-tools/hadoop-streaming/src/test/java/org/apache/hadoop/streaming/TestStreamXmlRecordReader.java,25
hadoop,org.apache.hadoop.streaming,TestStreamingCombiner,1,0,3,2,18,3,0,1,1.0,0,1,/Users/eashraf/hadoop/hadoop-tools/hadoop-streaming/src/test/java/org/apache/hadoop/streaming/TestStreamingCombiner.java,28
hadoop,org.apache.hadoop.streaming,TestRawBytesStreaming,6,0,4,2,47,4,0,0,0.5,0,4,/Users/eashraf/hadoop/hadoop-tools/hadoop-streaming/src/test/java/org/apache/hadoop/streaming/TestRawBytesStreaming.java,32
hadoop,org.apache.hadoop.streaming,TestUnconsumedInput,6,0,4,2,48,5,0,0,0.5,0,5,/Users/eashraf/hadoop/hadoop-tools/hadoop-streaming/src/test/java/org/apache/hadoop/streaming/TestUnconsumedInput.java,37
hadoop,org.apache.hadoop.streaming,TestStreamingStatus,15,0,15,5,159,23,0,0,0.0,0,15,/Users/eashraf/hadoop/hadoop-tools/hadoop-streaming/src/test/java/org/apache/hadoop/streaming/TestStreamingStatus.java,46
hadoop,org.apache.hadoop.streaming,UtilTest,4,0,8,5,91,17,0,0,0.75,14,0,/Users/eashraf/hadoop/hadoop-tools/hadoop-streaming/src/test/java/org/apache/hadoop/streaming/UtilTest.java,33
hadoop,org.apache.hadoop.streaming,TypedBytesReduceApp,0,0,2,2,26,4,0,0,-1.0,0,2,/Users/eashraf/hadoop/hadoop-tools/hadoop-streaming/src/test/java/org/apache/hadoop/streaming/TypedBytesReduceApp.java,28
hadoop,org.apache.hadoop.streaming,StreamAggregate,0,0,3,3,24,5,0,1,-1.0,0,1,/Users/eashraf/hadoop/hadoop-tools/hadoop-streaming/src/test/java/org/apache/hadoop/streaming/StreamAggregate.java,25
hadoop,org.apache.hadoop.streaming,TestStreamReduceNone,6,0,5,3,51,5,0,0,0.4,0,4,/Users/eashraf/hadoop/hadoop-tools/hadoop-streaming/src/test/java/org/apache/hadoop/streaming/TestStreamReduceNone.java,31
hadoop,org.apache.hadoop.streaming,TestMRFramework,0,0,1,1,14,1,0,0,-1.0,0,4,/Users/eashraf/hadoop/hadoop-tools/hadoop-streaming/src/test/java/org/apache/hadoop/streaming/TestMRFramework.java,27
hadoop,org.apache.hadoop.streaming,RawBytesMapApp,2,0,5,3,33,7,0,0,0.0,0,1,/Users/eashraf/hadoop/hadoop-tools/hadoop-streaming/src/test/java/org/apache/hadoop/streaming/RawBytesMapApp.java,28
hadoop,org.apache.hadoop.streaming,TestStreamingBackground,5,0,4,4,34,4,0,0,0.75,0,2,/Users/eashraf/hadoop/hadoop-tools/hadoop-streaming/src/test/java/org/apache/hadoop/streaming/TestStreamingBackground.java,31
hadoop,org.apache.hadoop.streaming,UniqApp,1,0,3,3,25,5,0,0,0.0,0,0,/Users/eashraf/hadoop/hadoop-tools/hadoop-streaming/src/test/java/org/apache/hadoop/streaming/UniqApp.java,24
hadoop,org.apache.hadoop.streaming,TestSymLink,9,0,2,2,66,7,0,0,1.0,0,9,/Users/eashraf/hadoop/hadoop-tools/hadoop-streaming/src/test/java/org/apache/hadoop/streaming/TestSymLink.java,40
hadoop,org.apache.hadoop.streaming,TestStreamDataProtocol,7,0,5,3,52,5,0,0,0.4,0,4,/Users/eashraf/hadoop/hadoop-tools/hadoop-streaming/src/test/java/org/apache/hadoop/streaming/TestStreamDataProtocol.java,32
hadoop,org.apache.hadoop.streaming,TestStreaming,14,1,15,4,119,15,10,0,0.0,4,6,/Users/eashraf/hadoop/hadoop-tools/hadoop-streaming/src/test/java/org/apache/hadoop/streaming/TestStreaming.java,38
hadoop,org.apache.hadoop.streaming,DelayEchoApp,0,0,3,3,27,5,0,0,-1.0,0,0,/Users/eashraf/hadoop/hadoop-tools/hadoop-streaming/src/test/java/org/apache/hadoop/streaming/DelayEchoApp.java,23
hadoop,org.apache.hadoop.streaming,TestStreamingExitStatus,5,0,8,7,49,9,0,0,0.25,0,2,/Users/eashraf/hadoop/hadoop-tools/hadoop-streaming/src/test/java/org/apache/hadoop/streaming/TestStreamingExitStatus.java,31
hadoop,org.apache.hadoop.streaming,TestStreamingKeyValue,6,0,7,5,64,7,0,0,0.2857142857142857,0,6,/Users/eashraf/hadoop/hadoop-tools/hadoop-streaming/src/test/java/org/apache/hadoop/streaming/TestStreamingKeyValue.java,29
hadoop,org.apache.hadoop.streaming,TestStreamingBadRecords,7,0,5,2,135,12,0,0,0.8,0,7,/Users/eashraf/hadoop/hadoop-tools/hadoop-streaming/src/test/java/org/apache/hadoop/streaming/TestStreamingBadRecords.java,46
hadoop,org.apache.hadoop.streaming,TestStreamingBadRecords.App,1,0,0,0,29,0,0,0,-1.0,0,1,/Users/eashraf/hadoop/hadoop-tools/hadoop-streaming/src/test/java/org/apache/hadoop/streaming/TestStreamingBadRecords.java,249
hadoop,org.apache.hadoop.streaming,TestStreamingBadRecords.BadApp,0,0,0,0,27,0,0,0,-1.0,0,0,/Users/eashraf/hadoop/hadoop-tools/hadoop-streaming/src/test/java/org/apache/hadoop/streaming/TestStreamingBadRecords.java,284
hadoop,org.apache.hadoop.streaming,TestStreamingOutputKeyValueTypes,0,0,16,14,103,16,0,1,-1.0,0,1,/Users/eashraf/hadoop/hadoop-tools/hadoop-streaming/src/test/java/org/apache/hadoop/streaming/TestStreamingOutputKeyValueTypes.java,35
hadoop,org.apache.hadoop.streaming,TestStreamingOutputKeyValueTypes.MyReducer,0,0,0,0,8,0,0,0,-1.0,0,0,/Users/eashraf/hadoop/hadoop-tools/hadoop-streaming/src/test/java/org/apache/hadoop/streaming/TestStreamingOutputKeyValueTypes.java,80
hadoop,org.apache.hadoop.streaming,TestClassWithNoPackage,0,0,2,2,18,2,0,0,-1.0,0,3,/Users/eashraf/hadoop/hadoop-tools/hadoop-streaming/src/test/java/org/apache/hadoop/streaming/TestClassWithNoPackage.java,30
hadoop,org.apache.hadoop.streaming,TestLoadTypedBytes,0,0,1,1,48,3,0,0,-1.0,0,8,/Users/eashraf/hadoop/hadoop-tools/hadoop-streaming/src/test/java/org/apache/hadoop/streaming/TestLoadTypedBytes.java,37
hadoop,org.apache.hadoop.streaming,TestMultipleCachefiles,12,0,3,3,79,8,0,0,0.6666666666666666,0,9,/Users/eashraf/hadoop/hadoop-tools/hadoop-streaming/src/test/java/org/apache/hadoop/streaming/TestMultipleCachefiles.java,41
hadoop,org.apache.hadoop.streaming,TestAutoInputFormat,4,0,1,1,60,6,0,0,0.0,0,13,/Users/eashraf/hadoop/hadoop-tools/hadoop-streaming/src/test/java/org/apache/hadoop/streaming/TestAutoInputFormat.java,42
hadoop,org.apache.hadoop.streaming,TestStreamAggregate,6,0,5,3,50,5,0,0,0.6,0,5,/Users/eashraf/hadoop/hadoop-tools/hadoop-streaming/src/test/java/org/apache/hadoop/streaming/TestStreamAggregate.java,28
hadoop,org.apache.hadoop.streaming,StderrApp,0,0,3,3,45,8,0,0,-1.0,1,0,/Users/eashraf/hadoop/hadoop-tools/hadoop-streaming/src/test/java/org/apache/hadoop/streaming/StderrApp.java,23
hadoop,org.apache.hadoop.streaming,TestStreamingFailure,1,0,3,2,17,3,0,1,0.6666666666666666,0,0,/Users/eashraf/hadoop/hadoop-tools/hadoop-streaming/src/test/java/org/apache/hadoop/streaming/TestStreamingFailure.java,27
hadoop,org.apache.hadoop.streaming,TestTypedBytesStreaming,6,0,5,3,39,5,0,0,0.4,0,4,/Users/eashraf/hadoop/hadoop-tools/hadoop-streaming/src/test/java/org/apache/hadoop/streaming/TestTypedBytesStreaming.java,34
hadoop,org.apache.hadoop.streaming,TestStreamJob,0,0,3,3,54,3,0,0,-1.0,0,5,/Users/eashraf/hadoop/hadoop-tools/hadoop-streaming/src/test/java/org/apache/hadoop/streaming/TestStreamJob.java,31
hadoop,org.apache.hadoop.streaming,TrAppReduce,3,0,7,4,60,11,0,0,0.0,0,1,/Users/eashraf/hadoop/hadoop-tools/hadoop-streaming/src/test/java/org/apache/hadoop/streaming/TrAppReduce.java,25
hadoop,org.apache.hadoop.streaming,Environment,1,0,4,3,84,14,0,0,1.0,5,2,/Users/eashraf/hadoop/hadoop-tools/hadoop-streaming/src/main/java/org/apache/hadoop/streaming/Environment.java,30
hadoop,org.apache.hadoop.streaming,StreamJob,45,0,29,10,764,117,0,0,0.06896551724137931,19,32,/Users/eashraf/hadoop/hadoop-tools/hadoop-streaming/src/main/java/org/apache/hadoop/streaming/StreamJob.java,77
hadoop,org.apache.hadoop.streaming,JarBuilder,3,0,10,4,182,33,0,0,0.2,1,0,/Users/eashraf/hadoop/hadoop-tools/hadoop-streaming/src/main/java/org/apache/hadoop/streaming/JarBuilder.java,26
hadoop,org.apache.hadoop.streaming,PipeMapper,5,0,10,6,93,17,0,1,0.6,2,6,/Users/eashraf/hadoop/hadoop-tools/hadoop-streaming/src/main/java/org/apache/hadoop/streaming/PipeMapper.java,35
hadoop,org.apache.hadoop.streaming,StreamUtil,3,0,11,6,155,21,0,0,0.9090909090909091,20,7,/Users/eashraf/hadoop/hadoop-tools/hadoop-streaming/src/main/java/org/apache/hadoop/streaming/StreamUtil.java,35
hadoop,org.apache.hadoop.streaming,AutoInputFormat,2,0,2,2,33,3,0,0,0.0,2,9,/Users/eashraf/hadoop/hadoop-tools/hadoop-streaming/src/main/java/org/apache/hadoop/streaming/AutoInputFormat.java,36
hadoop,org.apache.hadoop.streaming,LoadTypedBytes,1,0,7,6,62,10,0,0,0.42857142857142855,2,7,/Users/eashraf/hadoop/hadoop-tools/hadoop-streaming/src/main/java/org/apache/hadoop/streaming/LoadTypedBytes.java,32
hadoop,org.apache.hadoop.streaming,DumpTypedBytes,1,0,8,6,92,16,0,0,0.375,2,13,/Users/eashraf/hadoop/hadoop-tools/hadoop-streaming/src/main/java/org/apache/hadoop/streaming/DumpTypedBytes.java,42
hadoop,org.apache.hadoop.streaming,StreamKeyValUtil,0,0,7,7,90,10,0,0,-1.0,1,3,/Users/eashraf/hadoop/hadoop-tools/hadoop-streaming/src/main/java/org/apache/hadoop/streaming/StreamKeyValUtil.java,26
hadoop,org.apache.hadoop.streaming,PipeMapRed,41,0,28,10,490,64,2,0,0.17857142857142858,10,12,/Users/eashraf/hadoop/hadoop-tools/hadoop-streaming/src/main/java/org/apache/hadoop/streaming/PipeMapRed.java,44
hadoop,org.apache.hadoop.streaming,PipeMapRed.MROutputThread,4,0,0,0,49,0,0,0,-1.0,0,3,/Users/eashraf/hadoop/hadoop-tools/hadoop-streaming/src/main/java/org/apache/hadoop/streaming/PipeMapRed.java,365
hadoop,org.apache.hadoop.streaming,PipeMapRed.MRErrorThread,5,0,0,0,98,0,0,0,-1.0,0,1,/Users/eashraf/hadoop/hadoop-tools/hadoop-streaming/src/main/java/org/apache/hadoop/streaming/PipeMapRed.java,417
hadoop,org.apache.hadoop.streaming,HadoopStreaming,0,0,2,1,44,7,0,0,-1.0,0,4,/Users/eashraf/hadoop/hadoop-tools/hadoop-streaming/src/main/java/org/apache/hadoop/streaming/HadoopStreaming.java,25
hadoop,org.apache.hadoop.streaming,StreamBaseRecordReader,15,0,10,8,96,13,1,0,0.5,0,6,/Users/eashraf/hadoop/hadoop-tools/hadoop-streaming/src/main/java/org/apache/hadoop/streaming/StreamBaseRecordReader.java,35
hadoop,org.apache.hadoop.streaming,PathFinder,3,0,5,5,63,11,0,0,0.0,1,1,/Users/eashraf/hadoop/hadoop-tools/hadoop-streaming/src/main/java/org/apache/hadoop/streaming/PathFinder.java,26
hadoop,org.apache.hadoop.streaming,PipeCombiner,0,0,2,0,17,3,0,2,-1.0,1,1,/Users/eashraf/hadoop/hadoop-tools/hadoop-streaming/src/main/java/org/apache/hadoop/streaming/PipeCombiner.java,26
hadoop,org.apache.hadoop.streaming,StreamXmlRecordReader,21,0,12,4,215,46,0,1,0.0,0,7,/Users/eashraf/hadoop/hadoop-tools/hadoop-streaming/src/main/java/org/apache/hadoop/streaming/StreamXmlRecordReader.java,34
hadoop,org.apache.hadoop.streaming,PipeReducer,4,0,10,6,102,17,1,1,0.5,1,7,/Users/eashraf/hadoop/hadoop-tools/hadoop-streaming/src/main/java/org/apache/hadoop/streaming/PipeReducer.java,37
hadoop,org.apache.hadoop.streaming,PipeMapRunner,0,0,1,1,7,1,0,0,-1.0,1,4,/Users/eashraf/hadoop/hadoop-tools/hadoop-streaming/src/main/java/org/apache/hadoop/streaming/PipeMapRunner.java,28
hadoop,org.apache.hadoop.streaming,StreamInputFormat,0,0,1,1,38,3,0,0,-1.0,1,2,/Users/eashraf/hadoop/hadoop-tools/hadoop-streaming/src/main/java/org/apache/hadoop/streaming/StreamInputFormat.java,30
hadoop,org.apache.hadoop.streaming.io,TestKeyOnlyTextOutputReader,2,0,1,1,28,1,0,0,0.0,0,3,/Users/eashraf/hadoop/hadoop-tools/hadoop-streaming/src/test/java/org/apache/hadoop/streaming/io/TestKeyOnlyTextOutputReader.java,34
hadoop,org.apache.hadoop.streaming.io,TestKeyOnlyTextOutputReader.MyPipeMapRed,2,0,0,0,13,0,0,0,-1.0,0,1,/Users/eashraf/hadoop/hadoop-tools/hadoop-streaming/src/test/java/org/apache/hadoop/streaming/io/TestKeyOnlyTextOutputReader.java,50
hadoop,org.apache.hadoop.streaming.io,IdentifierResolver,8,4,9,5,90,12,0,0,0.0,1,0,/Users/eashraf/hadoop/hadoop-tools/hadoop-streaming/src/main/java/org/apache/hadoop/streaming/io/IdentifierResolver.java,26
hadoop,org.apache.hadoop.streaming.io,RawBytesInputWriter,3,0,4,3,36,5,0,1,0.0,0,3,/Users/eashraf/hadoop/hadoop-tools/hadoop-streaming/src/main/java/org/apache/hadoop/streaming/io/RawBytesInputWriter.java,30
hadoop,org.apache.hadoop.streaming.io,KeyOnlyTextInputWriter,0,0,2,2,8,2,0,2,-1.0,0,0,/Users/eashraf/hadoop/hadoop-tools/hadoop-streaming/src/main/java/org/apache/hadoop/streaming/io/KeyOnlyTextInputWriter.java,24
hadoop,org.apache.hadoop.streaming.io,TypedBytesOutputReader,5,0,5,5,41,7,0,1,0.0,0,3,/Users/eashraf/hadoop/hadoop-tools/hadoop-streaming/src/main/java/org/apache/hadoop/streaming/io/TypedBytesOutputReader.java,28
hadoop,org.apache.hadoop.streaming.io,OutputReader,0,0,5,5,27,5,4,0,-1.0,3,1,/Users/eashraf/hadoop/hadoop-tools/hadoop-streaming/src/main/java/org/apache/hadoop/streaming/io/OutputReader.java,25
hadoop,org.apache.hadoop.streaming.io,KeyOnlyTextOutputReader,6,0,5,5,47,7,0,1,0.4,1,5,/Users/eashraf/hadoop/hadoop-tools/hadoop-streaming/src/main/java/org/apache/hadoop/streaming/io/KeyOnlyTextOutputReader.java,32
hadoop,org.apache.hadoop.streaming.io,InputWriter,0,0,3,3,18,3,3,0,-1.0,2,1,/Users/eashraf/hadoop/hadoop-tools/hadoop-streaming/src/main/java/org/apache/hadoop/streaming/io/InputWriter.java,25
hadoop,org.apache.hadoop.streaming.io,TextOutputReader,9,0,6,5,71,10,0,1,0.0,1,7,/Users/eashraf/hadoop/hadoop-tools/hadoop-streaming/src/main/java/org/apache/hadoop/streaming/io/TextOutputReader.java,35
hadoop,org.apache.hadoop.streaming.io,TextInputWriter,2,0,4,3,40,6,1,1,0.0,1,3,/Users/eashraf/hadoop/hadoop-tools/hadoop-streaming/src/main/java/org/apache/hadoop/streaming/io/TextInputWriter.java,28
hadoop,org.apache.hadoop.streaming.io,RawBytesOutputReader,4,0,7,5,52,9,0,1,0.0,0,2,/Users/eashraf/hadoop/hadoop-tools/hadoop-streaming/src/main/java/org/apache/hadoop/streaming/io/RawBytesOutputReader.java,28
hadoop,org.apache.hadoop.streaming.io,TypedBytesInputWriter,2,0,4,3,27,5,0,1,0.0,0,3,/Users/eashraf/hadoop/hadoop-tools/hadoop-streaming/src/main/java/org/apache/hadoop/streaming/io/TypedBytesInputWriter.java,29
hadoop,org.apache.hadoop.streaming.mapreduce,TestStreamXmlRecordReader,5,0,7,4,82,8,0,0,0.0,0,10,/Users/eashraf/hadoop/hadoop-tools/hadoop-streaming/src/test/java/org/apache/hadoop/streaming/mapreduce/TestStreamXmlRecordReader.java,44
hadoop,org.apache.hadoop.streaming.mapreduce,StreamBaseRecordReader,15,0,10,8,96,13,1,0,0.5,0,7,/Users/eashraf/hadoop/hadoop-tools/hadoop-streaming/src/main/java/org/apache/hadoop/streaming/mapreduce/StreamBaseRecordReader.java,34
hadoop,org.apache.hadoop.streaming.mapreduce,StreamXmlRecordReader,23,0,16,8,230,50,0,1,0.125,0,9,/Users/eashraf/hadoop/hadoop-tools/hadoop-streaming/src/main/java/org/apache/hadoop/streaming/mapreduce/StreamXmlRecordReader.java,36
hadoop,org.apache.hadoop.streaming.mapreduce,StreamInputFormat,0,0,1,1,39,3,0,0,-1.0,1,8,/Users/eashraf/hadoop/hadoop-tools/hadoop-streaming/src/main/java/org/apache/hadoop/streaming/mapreduce/StreamInputFormat.java,35
hadoop,org.apache.hadoop.record,RecordOutput,0,0,14,14,104,14,2,0,-1.0,1,1,/Users/eashraf/hadoop/hadoop-tools/hadoop-streaming/src/main/java/org/apache/hadoop/record/RecordOutput.java,28
hadoop,org.apache.hadoop.record,Index,0,0,2,0,8,2,1,0,-1.0,2,0,/Users/eashraf/hadoop/hadoop-tools/hadoop-streaming/src/main/java/org/apache/hadoop/record/Index.java,24
hadoop,org.apache.hadoop.record,BinaryRecordInput,3,0,20,17,92,20,0,1,0.35,1,3,/Users/eashraf/hadoop/hadoop-tools/hadoop-streaming/src/main/java/org/apache/hadoop/record/BinaryRecordInput.java,29
hadoop,org.apache.hadoop.record,BinaryRecordInput.BinaryIndex,1,0,0,0,12,0,0,1,-1.0,0,0,/Users/eashraf/hadoop/hadoop-tools/hadoop-streaming/src/main/java/org/apache/hadoop/record/BinaryRecordInput.java,39
hadoop,org.apache.hadoop.record,Utils,9,1,29,10,419,76,0,0,0.6551724137931034,3,3,/Users/eashraf/hadoop/hadoop-tools/hadoop-streaming/src/main/java/org/apache/hadoop/record/Utils.java,30
hadoop,org.apache.hadoop.record,BinaryRecordOutput,2,0,20,17,80,20,0,1,0.35,1,2,/Users/eashraf/hadoop/hadoop-tools/hadoop-streaming/src/main/java/org/apache/hadoop/record/BinaryRecordOutput.java,31
hadoop,org.apache.hadoop.record,RecordInput,0,0,14,0,86,14,1,0,-1.0,1,2,/Users/eashraf/hadoop/hadoop-tools/hadoop-streaming/src/main/java/org/apache/hadoop/record/RecordInput.java,26
hadoop,org.apache.hadoop.record,RecordComparator,0,0,3,2,21,3,0,0,-1.0,0,1,/Users/eashraf/hadoop/hadoop-tools/hadoop-streaming/src/main/java/org/apache/hadoop/record/RecordComparator.java,26
hadoop,org.apache.hadoop.record,CsvRecordOutput,2,0,17,15,99,21,0,1,0.0,1,2,/Users/eashraf/hadoop/hadoop-tools/hadoop-streaming/src/main/java/org/apache/hadoop/record/CsvRecordOutput.java,31
hadoop,org.apache.hadoop.record,Buffer,2,0,19,19,185,31,0,0,0.0,9,0,/Users/eashraf/hadoop/hadoop-tools/hadoop-streaming/src/main/java/org/apache/hadoop/record/Buffer.java,26
hadoop,org.apache.hadoop.record,Record,0,0,8,8,52,8,0,0,-1.0,0,5,/Users/eashraf/hadoop/hadoop-tools/hadoop-streaming/src/main/java/org/apache/hadoop/record/Record.java,30
hadoop,org.apache.hadoop.fs.s3,S3InMemoryFileSystem,0,0,1,1,8,1,0,1,-1.0,1,0,/Users/eashraf/hadoop/hadoop-tools/hadoop-aws/src/test/java/org/apache/hadoop/fs/s3/S3InMemoryFileSystem.java,24
hadoop,org.apache.hadoop.fs.s3,InMemoryFileSystemStore,3,0,16,14,127,29,0,1,0.125,0,4,/Users/eashraf/hadoop/hadoop-tools/hadoop-aws/src/test/java/org/apache/hadoop/fs/s3/InMemoryFileSystemStore.java,40
hadoop,org.apache.hadoop.fs.s3,TestINode,0,0,3,3,24,3,0,0,-1.0,0,2,/Users/eashraf/hadoop/hadoop-tools/hadoop-aws/src/test/java/org/apache/hadoop/fs/s3/TestINode.java,28
hadoop,org.apache.hadoop.fs.s3,TestS3InMemoryFileSystem,3,0,3,3,27,4,0,0,0.0,0,3,/Users/eashraf/hadoop/hadoop-tools/hadoop-aws/src/test/java/org/apache/hadoop/fs/s3/TestS3InMemoryFileSystem.java,31
hadoop,org.apache.hadoop.fs.s3,TestS3FileSystem,0,0,2,1,18,2,0,0,-1.0,0,1,/Users/eashraf/hadoop/hadoop-tools/hadoop-aws/src/test/java/org/apache/hadoop/fs/s3/TestS3FileSystem.java,28
hadoop,org.apache.hadoop.fs.s3,TestInMemoryS3FileSystemContract,0,0,1,0,5,1,0,1,-1.0,0,1,/Users/eashraf/hadoop/hadoop-tools/hadoop-aws/src/test/java/org/apache/hadoop/fs/s3/TestInMemoryS3FileSystemContract.java,23
hadoop,org.apache.hadoop.fs.s3,Jets3tS3FileSystemContractTest,0,0,1,0,5,1,0,1,-1.0,0,1,/Users/eashraf/hadoop/hadoop-tools/hadoop-aws/src/test/java/org/apache/hadoop/fs/s3/Jets3tS3FileSystemContractTest.java,23
hadoop,org.apache.hadoop.fs.s3,S3FileSystemContractBaseTest,2,1,4,1,22,5,2,0,0.5,0,2,/Users/eashraf/hadoop/hadoop-tools/hadoop-aws/src/test/java/org/apache/hadoop/fs/s3/S3FileSystemContractBaseTest.java,29
hadoop,org.apache.hadoop.fs.s3,TestS3Credentials,0,0,1,1,12,1,0,0,-1.0,0,1,/Users/eashraf/hadoop/hadoop-tools/hadoop-aws/src/test/java/org/apache/hadoop/fs/s3/TestS3Credentials.java,26
hadoop,org.apache.hadoop.fs.s3,S3FileSystemConfigKeys,10,10,0,0,15,0,0,0,-1.0,1,0,/Users/eashraf/hadoop/hadoop-tools/hadoop-aws/src/main/java/org/apache/hadoop/fs/s3/S3FileSystemConfigKeys.java,25
hadoop,org.apache.hadoop.fs.s3,INode,4,2,8,8,73,15,0,0,0.25,8,2,/Users/eashraf/hadoop/hadoop-tools/hadoop-aws/src/main/java/org/apache/hadoop/fs/s3/INode.java,32
hadoop,org.apache.hadoop.fs.s3,INode.FileType,0,0,0,0,1,0,0,0,-1.0,0,0,/Users/eashraf/hadoop/hadoop-tools/hadoop-aws/src/main/java/org/apache/hadoop/fs/s3/INode.java,40
hadoop,org.apache.hadoop.fs.s3,S3Credentials,2,0,3,3,50,11,0,0,0.0,4,1,/Users/eashraf/hadoop/hadoop-tools/hadoop-aws/src/main/java/org/apache/hadoop/fs/s3/S3Credentials.java,27
hadoop,org.apache.hadoop.fs.s3,S3InputStream,10,0,13,12,130,32,0,0,0.38461538461538464,0,5,/Users/eashraf/hadoop/hadoop-tools/hadoop-aws/src/main/java/org/apache/hadoop/fs/s3/S3InputStream.java,34
hadoop,org.apache.hadoop.fs.s3,S3Exception,1,0,1,1,9,1,0,0,0.0,2,0,/Users/eashraf/hadoop/hadoop-tools/hadoop-aws/src/main/java/org/apache/hadoop/fs/s3/S3Exception.java,26
hadoop,org.apache.hadoop.fs.s3,Jets3tFileSystemStore,14,0,27,14,335,63,0,1,0.07407407407407407,2,7,/Users/eashraf/hadoop/hadoop-tools/hadoop-aws/src/main/java/org/apache/hadoop/fs/s3/Jets3tFileSystemStore.java,51
hadoop,org.apache.hadoop.fs.s3,S3FileSystem,3,0,25,18,328,72,1,0,0.24,1,12,/Users/eashraf/hadoop/hadoop-tools/hadoop-aws/src/main/java/org/apache/hadoop/fs/s3/S3FileSystem.java,46
hadoop,org.apache.hadoop.fs.s3,S3FileSystem.S3FileStatus,0,0,0,0,19,0,0,0,-1.0,0,0,/Users/eashraf/hadoop/hadoop-tools/hadoop-aws/src/main/java/org/apache/hadoop/fs/s3/S3FileSystem.java,463
hadoop,org.apache.hadoop.fs.s3,VersionMismatchException,1,0,1,1,9,1,0,1,0.0,0,0,/Users/eashraf/hadoop/hadoop-tools/hadoop-aws/src/main/java/org/apache/hadoop/fs/s3/VersionMismatchException.java,23
hadoop,org.apache.hadoop.fs.s3,S3FileSystemException,1,0,1,1,9,1,1,0,0.0,1,0,/Users/eashraf/hadoop/hadoop-tools/hadoop-aws/src/main/java/org/apache/hadoop/fs/s3/S3FileSystemException.java,25
hadoop,org.apache.hadoop.fs.s3,FileSystemStore,0,0,14,0,27,14,2,0,-1.0,7,4,/Users/eashraf/hadoop/hadoop-tools/hadoop-aws/src/main/java/org/apache/hadoop/fs/s3/FileSystemStore.java,31
hadoop,org.apache.hadoop.fs.s3,S3OutputStream,16,0,11,6,130,26,0,0,0.0,0,6,/Users/eashraf/hadoop/hadoop-tools/hadoop-aws/src/main/java/org/apache/hadoop/fs/s3/S3OutputStream.java,38
hadoop,org.apache.hadoop.fs.s3,Block,2,0,4,4,20,4,0,0,0.0,7,0,/Users/eashraf/hadoop/hadoop-tools/hadoop-aws/src/main/java/org/apache/hadoop/fs/s3/Block.java,24
hadoop,org.apache.hadoop.fs.s3,MigrationTool,2,0,5,3,195,20,0,0,0.4,0,5,/Users/eashraf/hadoop/hadoop-tools/hadoop-aws/src/main/java/org/apache/hadoop/fs/s3/MigrationTool.java,43
hadoop,org.apache.hadoop.fs.s3,MigrationTool.Store,0,0,0,0,5,0,0,0,-1.0,0,0,/Users/eashraf/hadoop/hadoop-tools/hadoop-aws/src/main/java/org/apache/hadoop/fs/s3/MigrationTool.java,190
hadoop,org.apache.hadoop.fs.s3,MigrationTool.UnversionedStore,0,0,0,0,79,0,0,0,-1.0,0,1,/Users/eashraf/hadoop/hadoop-tools/hadoop-aws/src/main/java/org/apache/hadoop/fs/s3/MigrationTool.java,198
hadoop,org.apache.hadoop.fs.contract.s3n,TestS3NContractDelete,0,0,1,0,5,1,0,0,-1.0,0,1,/Users/eashraf/hadoop/hadoop-tools/hadoop-aws/src/test/java/org/apache/hadoop/fs/contract/s3n/TestS3NContractDelete.java,25
hadoop,org.apache.hadoop.fs.contract.s3n,NativeS3Contract,1,1,2,2,13,2,0,0,1.0,0,1,/Users/eashraf/hadoop/hadoop-tools/hadoop-aws/src/test/java/org/apache/hadoop/fs/contract/s3n/NativeS3Contract.java,24
hadoop,org.apache.hadoop.fs.contract.s3n,TestS3NContractSeek,0,0,1,0,5,1,0,0,-1.0,0,1,/Users/eashraf/hadoop/hadoop-tools/hadoop-aws/src/test/java/org/apache/hadoop/fs/contract/s3n/TestS3NContractSeek.java,25
hadoop,org.apache.hadoop.fs.contract.s3n,TestS3NContractCreate,0,0,2,1,8,2,0,0,-1.0,0,2,/Users/eashraf/hadoop/hadoop-tools/hadoop-aws/src/test/java/org/apache/hadoop/fs/contract/s3n/TestS3NContractCreate.java,26
hadoop,org.apache.hadoop.fs.contract.s3n,TestS3NContractRootDir,0,0,1,0,8,1,0,0,-1.0,0,1,/Users/eashraf/hadoop/hadoop-tools/hadoop-aws/src/test/java/org/apache/hadoop/fs/contract/s3n/TestS3NContractRootDir.java,25
hadoop,org.apache.hadoop.fs.contract.s3n,TestS3NContractOpen,0,0,1,0,5,1,0,0,-1.0,0,1,/Users/eashraf/hadoop/hadoop-tools/hadoop-aws/src/test/java/org/apache/hadoop/fs/contract/s3n/TestS3NContractOpen.java,25
hadoop,org.apache.hadoop.fs.contract.s3n,TestS3NContractRename,0,0,1,0,5,1,0,0,-1.0,0,1,/Users/eashraf/hadoop/hadoop-tools/hadoop-aws/src/test/java/org/apache/hadoop/fs/contract/s3n/TestS3NContractRename.java,25
hadoop,org.apache.hadoop.fs.contract.s3n,TestS3NContractMkdir,0,0,1,0,8,1,0,0,-1.0,0,1,/Users/eashraf/hadoop/hadoop-tools/hadoop-aws/src/test/java/org/apache/hadoop/fs/contract/s3n/TestS3NContractMkdir.java,25
hadoop,org.apache.hadoop.fs.contract.s3a,TestS3AContractRename,0,0,2,1,21,2,0,0,-1.0,0,3,/Users/eashraf/hadoop/hadoop-tools/hadoop-aws/src/test/java/org/apache/hadoop/fs/contract/s3a/TestS3AContractRename.java,32
hadoop,org.apache.hadoop.fs.contract.s3a,S3AContract,1,1,2,2,13,2,0,0,1.0,0,1,/Users/eashraf/hadoop/hadoop-tools/hadoop-aws/src/test/java/org/apache/hadoop/fs/contract/s3a/S3AContract.java,24
hadoop,org.apache.hadoop.fs.contract.s3a,TestS3AContractMkdir,0,0,1,0,8,1,0,0,-1.0,0,1,/Users/eashraf/hadoop/hadoop-tools/hadoop-aws/src/test/java/org/apache/hadoop/fs/contract/s3a/TestS3AContractMkdir.java,25
hadoop,org.apache.hadoop.fs.contract.s3a,TestS3AContractCreate,0,0,2,1,8,2,0,0,-1.0,0,2,/Users/eashraf/hadoop/hadoop-tools/hadoop-aws/src/test/java/org/apache/hadoop/fs/contract/s3a/TestS3AContractCreate.java,26
hadoop,org.apache.hadoop.fs.contract.s3a,TestS3AContractOpen,0,0,1,0,5,1,0,0,-1.0,0,1,/Users/eashraf/hadoop/hadoop-tools/hadoop-aws/src/test/java/org/apache/hadoop/fs/contract/s3a/TestS3AContractOpen.java,25
hadoop,org.apache.hadoop.fs.contract.s3a,TestS3AContractSeek,0,0,1,0,5,1,0,0,-1.0,0,1,/Users/eashraf/hadoop/hadoop-tools/hadoop-aws/src/test/java/org/apache/hadoop/fs/contract/s3a/TestS3AContractSeek.java,25
hadoop,org.apache.hadoop.fs.contract.s3a,TestS3AContractDelete,0,0,1,0,5,1,0,0,-1.0,0,1,/Users/eashraf/hadoop/hadoop-tools/hadoop-aws/src/test/java/org/apache/hadoop/fs/contract/s3a/TestS3AContractDelete.java,25
hadoop,org.apache.hadoop.fs.contract.s3a,TestS3AContractRootDir,0,0,1,0,8,1,0,0,-1.0,0,1,/Users/eashraf/hadoop/hadoop-tools/hadoop-aws/src/test/java/org/apache/hadoop/fs/contract/s3a/TestS3AContractRootDir.java,25
hadoop,org.apache.hadoop.fs.s3a.scale,S3AScaleTestBase,6,3,6,3,38,6,1,0,0.0,0,4,/Users/eashraf/hadoop/hadoop-tools/hadoop-aws/src/test/java/org/apache/hadoop/fs/s3a/scale/S3AScaleTestBase.java,37
hadoop,org.apache.hadoop.fs.s3a.scale,TestS3ADeleteManyFiles,2,1,3,3,60,6,0,1,1.0,0,2,/Users/eashraf/hadoop/hadoop-tools/hadoop-aws/src/test/java/org/apache/hadoop/fs/s3a/scale/TestS3ADeleteManyFiles.java,39
hadoop,org.apache.hadoop.fs.s3a,TestS3AFileSystemContract,2,1,6,5,46,9,0,0,1.0,1,3,/Users/eashraf/hadoop/hadoop-tools/hadoop-aws/src/test/java/org/apache/hadoop/fs/s3a/TestS3AFileSystemContract.java,27
hadoop,org.apache.hadoop.fs.s3a,TestS3ABlocksize,2,1,3,2,34,5,0,0,1.0,0,6,/Users/eashraf/hadoop/hadoop-tools/hadoop-aws/src/test/java/org/apache/hadoop/fs/s3a/TestS3ABlocksize.java,38
hadoop,org.apache.hadoop.fs.s3a,TestS3AConfiguration,5,1,5,5,123,14,0,0,0.0,0,4,/Users/eashraf/hadoop/hadoop-tools/hadoop-aws/src/test/java/org/apache/hadoop/fs/s3a/TestS3AConfiguration.java,35
hadoop,org.apache.hadoop.fs.s3a,S3ATestUtils,0,0,1,1,19,3,0,0,-1.0,3,4,/Users/eashraf/hadoop/hadoop-tools/hadoop-aws/src/test/java/org/apache/hadoop/fs/s3a/S3ATestUtils.java,28
hadoop,org.apache.hadoop.fs.s3a,S3AFileStatus,1,0,5,5,29,5,0,0,0.6,1,1,/Users/eashraf/hadoop/hadoop-tools/hadoop-aws/src/main/java/org/apache/hadoop/fs/s3a/S3AFileStatus.java,24
hadoop,org.apache.hadoop.fs.s3a,AnonymousAWSCredentialsProvider,0,0,3,3,10,3,0,0,-1.0,0,0,/Users/eashraf/hadoop/hadoop-tools/hadoop-aws/src/main/java/org/apache/hadoop/fs/s3a/AnonymousAWSCredentialsProvider.java,25
hadoop,org.apache.hadoop.fs.s3a,S3AFileSystem,17,2,38,25,904,163,0,0,0.23684210526315788,6,9,/Users/eashraf/hadoop/hadoop-tools/hadoop-aws/src/main/java/org/apache/hadoop/fs/s3a/S3AFileSystem.java,79
hadoop,org.apache.hadoop.fs.s3a,S3AOutputStream,19,1,5,5,123,14,0,0,0.0,0,6,/Users/eashraf/hadoop/hadoop-tools/hadoop-aws/src/main/java/org/apache/hadoop/fs/s3a/S3AOutputStream.java,46
hadoop,org.apache.hadoop.fs.s3a,S3AOutputStream.ProgressableProgressListener,4,0,0,0,29,0,0,0,-1.0,0,2,/Users/eashraf/hadoop/hadoop-tools/hadoop-aws/src/main/java/org/apache/hadoop/fs/s3a/S3AOutputStream.java,167
hadoop,org.apache.hadoop.fs.s3a,BasicAWSCredentialsProvider,2,0,4,4,19,5,0,0,0.75,0,0,/Users/eashraf/hadoop/hadoop-tools/hadoop-aws/src/main/java/org/apache/hadoop/fs/s3a/BasicAWSCredentialsProvider.java,27
hadoop,org.apache.hadoop.fs.s3a,S3AInputStream,10,2,12,9,141,27,0,0,0.25,0,3,/Users/eashraf/hadoop/hadoop-tools/hadoop-aws/src/main/java/org/apache/hadoop/fs/s3a/S3AInputStream.java,36
hadoop,org.apache.hadoop.fs.s3a,Constants,42,42,0,0,44,0,0,0,-1.0,3,0,/Users/eashraf/hadoop/hadoop-tools/hadoop-aws/src/main/java/org/apache/hadoop/fs/s3a/Constants.java,22
hadoop,org.apache.hadoop.fs.s3native,TestJets3tNativeFileSystemStore,3,0,6,5,54,8,0,0,0.3333333333333333,0,4,/Users/eashraf/hadoop/hadoop-tools/hadoop-aws/src/test/java/org/apache/hadoop/fs/s3native/TestJets3tNativeFileSystemStore.java,44
hadoop,org.apache.hadoop.fs.s3native,InMemoryNativeFileSystemStore,3,0,14,12,120,26,0,1,0.14285714285714285,0,4,/Users/eashraf/hadoop/hadoop-tools/hadoop-aws/src/test/java/org/apache/hadoop/fs/s3native/InMemoryNativeFileSystemStore.java,44
hadoop,org.apache.hadoop.fs.s3native,TestS3NInMemoryFileSystem,3,0,3,3,27,4,0,0,0.0,0,3,/Users/eashraf/hadoop/hadoop-tools/hadoop-aws/src/test/java/org/apache/hadoop/fs/s3native/TestS3NInMemoryFileSystem.java,33
hadoop,org.apache.hadoop.fs.s3native,NativeS3FileSystemContractBaseTest,6,1,13,9,152,26,2,0,0.46153846153846156,0,4,/Users/eashraf/hadoop/hadoop-tools/hadoop-aws/src/test/java/org/apache/hadoop/fs/s3native/NativeS3FileSystemContractBaseTest.java,33
hadoop,org.apache.hadoop.fs.s3native,NativeS3FileSystemContractBaseTest.TestInputStream,4,0,0,0,33,0,0,0,-1.0,0,0,/Users/eashraf/hadoop/hadoop-tools/hadoop-aws/src/test/java/org/apache/hadoop/fs/s3native/NativeS3FileSystemContractBaseTest.java,167
hadoop,org.apache.hadoop.fs.s3native,NativeS3FileSystemContractBaseTest.MockNativeFileSystemStore,0,0,0,0,5,0,0,2,-1.0,0,0,/Users/eashraf/hadoop/hadoop-tools/hadoop-aws/src/test/java/org/apache/hadoop/fs/s3native/NativeS3FileSystemContractBaseTest.java,209
hadoop,org.apache.hadoop.fs.s3native,TestInMemoryNativeS3FileSystemContract,0,0,1,0,5,1,0,1,-1.0,0,1,/Users/eashraf/hadoop/hadoop-tools/hadoop-aws/src/test/java/org/apache/hadoop/fs/s3native/TestInMemoryNativeS3FileSystemContract.java,23
hadoop,org.apache.hadoop.fs.s3native,Jets3tNativeS3FileSystemContractTest,0,0,1,0,5,1,0,1,-1.0,0,1,/Users/eashraf/hadoop/hadoop-tools/hadoop-aws/src/test/java/org/apache/hadoop/fs/s3native/Jets3tNativeS3FileSystemContractTest.java,23
hadoop,org.apache.hadoop.fs.s3native,S3NInMemoryFileSystem,0,0,1,1,8,1,0,1,-1.0,1,0,/Users/eashraf/hadoop/hadoop-tools/hadoop-aws/src/test/java/org/apache/hadoop/fs/s3native/S3NInMemoryFileSystem.java,24
hadoop,org.apache.hadoop.fs.s3native,S3NativeFileSystemConfigKeys,10,10,0,0,15,0,0,0,-1.0,0,0,/Users/eashraf/hadoop/hadoop-tools/hadoop-aws/src/main/java/org/apache/hadoop/fs/s3native/S3NativeFileSystemConfigKeys.java,25
hadoop,org.apache.hadoop.fs.s3native,NativeFileSystemStore,0,0,12,0,25,12,2,0,-1.0,5,3,/Users/eashraf/hadoop/hadoop-tools/hadoop-aws/src/main/java/org/apache/hadoop/fs/s3native/NativeFileSystemStore.java,30
hadoop,org.apache.hadoop.fs.s3native,PartialListing,3,0,4,4,23,4,0,0,0.0,4,1,/Users/eashraf/hadoop/hadoop-tools/hadoop-aws/src/main/java/org/apache/hadoop/fs/s3native/PartialListing.java,24
hadoop,org.apache.hadoop.fs.s3native,Jets3tNativeFileSystemStore,8,1,19,15,332,42,1,1,0.10526315789473684,2,6,/Users/eashraf/hadoop/hadoop-tools/hadoop-aws/src/main/java/org/apache/hadoop/fs/s3native/Jets3tNativeFileSystemStore.java,60
hadoop,org.apache.hadoop.fs.s3native,FileMetadata,3,0,5,5,25,5,0,0,0.0,5,0,/Users/eashraf/hadoop/hadoop-tools/hadoop-aws/src/main/java/org/apache/hadoop/fs/s3native/FileMetadata.java,24
hadoop,org.apache.hadoop.fs.s3native,NativeS3FileSystem,19,1,25,17,556,86,1,0,0.2,1,15,/Users/eashraf/hadoop/hadoop-tools/hadoop-aws/src/main/java/org/apache/hadoop/fs/s3native/NativeS3FileSystem.java,64
hadoop,org.apache.hadoop.fs.s3native,NativeS3FileSystem.NativeS3FsInputStream,5,0,0,0,108,0,0,0,-1.0,0,2,/Users/eashraf/hadoop/hadoop-tools/hadoop-aws/src/main/java/org/apache/hadoop/fs/s3native/NativeS3FileSystem.java,96
hadoop,org.apache.hadoop.fs.s3native,NativeS3FileSystem.NativeS3FsOutputStream,7,0,0,0,59,0,0,0,-1.0,0,2,/Users/eashraf/hadoop/hadoop-tools/hadoop-aws/src/main/java/org/apache/hadoop/fs/s3native/NativeS3FileSystem.java,221
hadoop,org.apache.hadoop.yarn.sls.nodemanager,TestNMSimulator,3,0,4,3,48,5,0,0,0.0,0,8,/Users/eashraf/hadoop/hadoop-tools/hadoop-sls/src/test/java/org/apache/hadoop/yarn/sls/nodemanager/TestNMSimulator.java,32
hadoop,org.apache.hadoop.yarn.sls.nodemanager,NMSimulator,10,0,12,7,150,22,0,0,0.16666666666666666,2,20,/Users/eashraf/hadoop/hadoop-tools/hadoop-sls/src/main/java/org/apache/hadoop/yarn/sls/nodemanager/NMSimulator.java,60
hadoop,org.apache.hadoop.yarn.sls.nodemanager,NodeInfo,12,0,3,3,103,3,0,0,0.0,1,6,/Users/eashraf/hadoop/hadoop-tools/hadoop-sls/src/main/java/org/apache/hadoop/yarn/sls/nodemanager/NodeInfo.java,42
hadoop,org.apache.hadoop.yarn.sls.nodemanager,NodeInfo.FakeRMNodeImpl,11,0,0,0,88,0,0,0,-1.0,0,6,/Users/eashraf/hadoop/hadoop-tools/hadoop-sls/src/main/java/org/apache/hadoop/yarn/sls/nodemanager/NodeInfo.java,51
hadoop,org.apache.hadoop.yarn.sls.appmaster,TestAMSimulator,2,0,3,3,33,3,0,0,0.0,0,3,/Users/eashraf/hadoop/hadoop-tools/hadoop-sls/src/test/java/org/apache/hadoop/yarn/sls/appmaster/TestAMSimulator.java,34
hadoop,org.apache.hadoop.yarn.sls.appmaster,TestAMSimulator.MockAMSimulator,0,0,0,0,8,0,0,1,-1.0,0,0,/Users/eashraf/hadoop/hadoop-tools/hadoop-sls/src/test/java/org/apache/hadoop/yarn/sls/appmaster/TestAMSimulator.java,51
hadoop,org.apache.hadoop.yarn.sls.appmaster,MRAMSimulator,22,1,10,5,240,41,0,1,0.3,0,12,/Users/eashraf/hadoop/hadoop-tools/hadoop-sls/src/main/java/org/apache/hadoop/yarn/sls/appmaster/MRAMSimulator.java,50
hadoop,org.apache.hadoop.yarn.sls.appmaster,AMSimulator,19,0,23,13,206,33,2,0,0.21739130434782608,1,25,/Users/eashraf/hadoop/hadoop-tools/hadoop-sls/src/main/java/org/apache/hadoop/yarn/sls/appmaster/AMSimulator.java,77
hadoop,org.apache.hadoop.yarn.sls.web,TestSLSWebApp,0,0,3,3,63,8,0,0,-1.0,0,1,/Users/eashraf/hadoop/hadoop-tools/hadoop-sls/src/test/java/org/apache/hadoop/yarn/sls/web/TestSLSWebApp.java,32
hadoop,org.apache.hadoop.yarn.sls.web,SLSWebApp,24,0,10,5,319,56,0,0,0.0,2,4,/Users/eashraf/hadoop/hadoop-tools/hadoop-sls/src/main/java/org/apache/hadoop/yarn/sls/web/SLSWebApp.java,54
hadoop,org.apache.hadoop.yarn.sls,TestSLSRunner,0,0,2,2,26,4,0,0,-1.0,0,1,/Users/eashraf/hadoop/hadoop-tools/hadoop-sls/src/test/java/org/apache/hadoop/yarn/sls/TestSLSRunner.java,30
hadoop,org.apache.hadoop.yarn.sls,RumenToSLSConverter,3,0,5,1,161,19,0,0,0.0,0,1,/Users/eashraf/hadoop/hadoop-tools/hadoop-sls/src/main/java/org/apache/hadoop/yarn/sls/RumenToSLSConverter.java,47
hadoop,org.apache.hadoop.yarn.sls,SLSRunner,24,2,13,6,326,45,0,0,0.0,8,16,/Users/eashraf/hadoop/hadoop-tools/hadoop-sls/src/main/java/org/apache/hadoop/yarn/sls/SLSRunner.java,71
hadoop,org.apache.hadoop.yarn.sls.scheduler,TestTaskRunner,16,15,7,7,164,7,0,0,0.0,0,1,/Users/eashraf/hadoop/hadoop-tools/hadoop-sls/src/test/java/org/apache/hadoop/yarn/sls/scheduler/TestTaskRunner.java,28
hadoop,org.apache.hadoop.yarn.sls.scheduler,TestTaskRunner.SingleTask,2,2,0,0,20,0,0,1,-1.0,0,1,/Users/eashraf/hadoop/hadoop-tools/hadoop-sls/src/test/java/org/apache/hadoop/yarn/sls/scheduler/TestTaskRunner.java,42
hadoop,org.apache.hadoop.yarn.sls.scheduler,TestTaskRunner.DualTask,3,3,0,0,24,0,0,1,-1.0,0,1,/Users/eashraf/hadoop/hadoop-tools/hadoop-sls/src/test/java/org/apache/hadoop/yarn/sls/scheduler/TestTaskRunner.java,78
hadoop,org.apache.hadoop.yarn.sls.scheduler,TestTaskRunner.TriTask,4,4,0,0,28,0,0,1,-1.0,0,1,/Users/eashraf/hadoop/hadoop-tools/hadoop-sls/src/test/java/org/apache/hadoop/yarn/sls/scheduler/TestTaskRunner.java,119
hadoop,org.apache.hadoop.yarn.sls.scheduler,TestTaskRunner.MultiTask,4,4,0,0,25,0,0,1,-1.0,0,1,/Users/eashraf/hadoop/hadoop-tools/hadoop-sls/src/test/java/org/apache/hadoop/yarn/sls/scheduler/TestTaskRunner.java,165
hadoop,org.apache.hadoop.yarn.sls.scheduler,TestTaskRunner.PreStartTask,2,2,0,0,18,0,0,1,-1.0,0,1,/Users/eashraf/hadoop/hadoop-tools/hadoop-sls/src/test/java/org/apache/hadoop/yarn/sls/scheduler/TestTaskRunner.java,209
hadoop,org.apache.hadoop.yarn.sls.scheduler,ContainerSimulator,7,0,12,12,62,13,0,0,0.0,2,2,/Users/eashraf/hadoop/hadoop-tools/hadoop-sls/src/main/java/org/apache/hadoop/yarn/sls/scheduler/ContainerSimulator.java,29
hadoop,org.apache.hadoop.yarn.sls.scheduler,NodeUpdateSchedulerEventWrapper,0,0,1,1,5,1,0,0,-1.0,2,1,/Users/eashraf/hadoop/hadoop-tools/hadoop-sls/src/main/java/org/apache/hadoop/yarn/sls/scheduler/NodeUpdateSchedulerEventWrapper.java,26
hadoop,org.apache.hadoop.yarn.sls.scheduler,SchedulerMetrics,5,0,11,11,54,13,3,0,0.18181818181818182,4,3,/Users/eashraf/hadoop/hadoop-tools/hadoop-sls/src/main/java/org/apache/hadoop/yarn/sls/scheduler/SchedulerMetrics.java,35
hadoop,org.apache.hadoop.yarn.sls.scheduler,TaskRunner,11,0,7,6,114,9,5,0,0.0,7,0,/Users/eashraf/hadoop/hadoop-tools/hadoop-sls/src/main/java/org/apache/hadoop/yarn/sls/scheduler/TaskRunner.java,32
hadoop,org.apache.hadoop.yarn.sls.scheduler,TaskRunner.Task,7,0,0,0,75,0,0,0,-1.0,0,0,/Users/eashraf/hadoop/hadoop-tools/hadoop-sls/src/main/java/org/apache/hadoop/yarn/sls/scheduler/TaskRunner.java,35
hadoop,org.apache.hadoop.yarn.sls.scheduler,RMNodeWrapper,3,0,21,20,74,22,0,0,0.09523809523809523,2,3,/Users/eashraf/hadoop/hadoop-tools/hadoop-sls/src/main/java/org/apache/hadoop/yarn/sls/scheduler/RMNodeWrapper.java,39
hadoop,org.apache.hadoop.yarn.sls.scheduler,CapacitySchedulerMetrics,0,0,2,2,8,2,0,1,-1.0,0,0,/Users/eashraf/hadoop/hadoop-tools/hadoop-sls/src/main/java/org/apache/hadoop/yarn/sls/scheduler/CapacitySchedulerMetrics.java,24
hadoop,org.apache.hadoop.yarn.sls.scheduler,FairSchedulerMetrics,3,0,24,24,179,26,0,1,0.7916666666666666,0,5,/Users/eashraf/hadoop/hadoop-tools/hadoop-sls/src/main/java/org/apache/hadoop/yarn/sls/scheduler/FairSchedulerMetrics.java,32
hadoop,org.apache.hadoop.yarn.sls.scheduler,SLSCapacityScheduler,30,2,34,24,527,103,0,1,0.35294117647058826,0,26,/Users/eashraf/hadoop/hadoop-tools/hadoop-sls/src/main/java/org/apache/hadoop/yarn/sls/scheduler/SLSCapacityScheduler.java,105
hadoop,org.apache.hadoop.yarn.sls.scheduler,SLSCapacityScheduler.HistogramsRunnable,0,0,0,0,14,0,0,0,-1.0,0,0,/Users/eashraf/hadoop/hadoop-tools/hadoop-sls/src/main/java/org/apache/hadoop/yarn/sls/scheduler/SLSCapacityScheduler.java,679
hadoop,org.apache.hadoop.yarn.sls.scheduler,SLSCapacityScheduler.MetricsLogRunnable,1,0,0,0,30,0,0,0,-1.0,0,0,/Users/eashraf/hadoop/hadoop-tools/hadoop-sls/src/main/java/org/apache/hadoop/yarn/sls/scheduler/SLSCapacityScheduler.java,694
hadoop,org.apache.hadoop.yarn.sls.scheduler,SchedulerWrapper,0,0,9,9,11,9,2,0,-1.0,1,3,/Users/eashraf/hadoop/hadoop-tools/hadoop-sls/src/main/java/org/apache/hadoop/yarn/sls/scheduler/SchedulerWrapper.java,29
hadoop,org.apache.hadoop.yarn.sls.scheduler,ResourceSchedulerWrapper,31,2,58,47,603,127,0,1,0.1896551724137931,0,34,/Users/eashraf/hadoop/hadoop-tools/hadoop-sls/src/main/java/org/apache/hadoop/yarn/sls/scheduler/ResourceSchedulerWrapper.java,99
hadoop,org.apache.hadoop.yarn.sls.scheduler,ResourceSchedulerWrapper.HistogramsRunnable,0,0,0,0,14,0,0,0,-1.0,0,0,/Users/eashraf/hadoop/hadoop-tools/hadoop-sls/src/main/java/org/apache/hadoop/yarn/sls/scheduler/ResourceSchedulerWrapper.java,676
hadoop,org.apache.hadoop.yarn.sls.scheduler,ResourceSchedulerWrapper.MetricsLogRunnable,1,0,0,0,30,0,0,0,-1.0,0,0,/Users/eashraf/hadoop/hadoop-tools/hadoop-sls/src/main/java/org/apache/hadoop/yarn/sls/scheduler/ResourceSchedulerWrapper.java,691
hadoop,org.apache.hadoop.yarn.sls.scheduler,FifoSchedulerMetrics,0,0,4,4,22,4,0,1,-1.0,0,2,/Users/eashraf/hadoop/hadoop-tools/hadoop-sls/src/main/java/org/apache/hadoop/yarn/sls/scheduler/FifoSchedulerMetrics.java,29
hadoop,org.apache.hadoop.yarn.sls.utils,TestSLSUtils,0,0,1,1,8,1,0,0,-1.0,0,1,/Users/eashraf/hadoop/hadoop-tools/hadoop-sls/src/test/java/org/apache/hadoop/yarn/sls/utils/TestSLSUtils.java,24
hadoop,org.apache.hadoop.yarn.sls.utils,SLSUtils,0,0,4,4,83,11,0,0,-1.0,5,4,/Users/eashraf/hadoop/hadoop-tools/hadoop-sls/src/main/java/org/apache/hadoop/yarn/sls/utils/SLSUtils.java,41
hadoop,org.apache.hadoop.yarn.sls.conf,SLSConfiguration,31,31,0,0,33,0,0,0,-1.0,5,0,/Users/eashraf/hadoop/hadoop-tools/hadoop-sls/src/main/java/org/apache/hadoop/yarn/sls/conf/SLSConfiguration.java,24
hadoop,org.apache.hadoop.contrib.utils.join,SampleDataJoinReducer,0,0,1,0,23,4,0,2,-1.0,1,2,/Users/eashraf/hadoop/hadoop-tools/hadoop-datajoin/src/test/java/org/apache/hadoop/contrib/utils/join/SampleDataJoinReducer.java,26
hadoop,org.apache.hadoop.contrib.utils.join,SampleDataJoinMapper,0,0,3,0,20,3,0,2,-1.0,1,2,/Users/eashraf/hadoop/hadoop-tools/hadoop-datajoin/src/test/java/org/apache/hadoop/contrib/utils/join/SampleDataJoinMapper.java,27
hadoop,org.apache.hadoop.contrib.utils.join,TestDataJoin,1,0,7,2,106,20,0,0,0.0,0,12,/Users/eashraf/hadoop/hadoop-tools/hadoop-datajoin/src/test/java/org/apache/hadoop/contrib/utils/join/TestDataJoin.java,39
hadoop,org.apache.hadoop.contrib.utils.join,SampleTaggedMapOutput,1,0,5,5,23,5,0,1,0.0,3,1,/Users/eashraf/hadoop/hadoop-tools/hadoop-datajoin/src/test/java/org/apache/hadoop/contrib/utils/join/SampleTaggedMapOutput.java,30
hadoop,org.apache.hadoop.contrib.utils.join,DataJoinReducerBase,8,2,10,4,142,23,1,1,0.2,0,6,/Users/eashraf/hadoop/hadoop-tools/hadoop-datajoin/src/main/java/org/apache/hadoop/contrib/utils/join/DataJoinReducerBase.java,32
hadoop,org.apache.hadoop.contrib.utils.join,DataJoinJob,0,0,4,4,123,12,0,0,-1.0,0,11,/Users/eashraf/hadoop/hadoop-tools/hadoop-datajoin/src/main/java/org/apache/hadoop/contrib/utils/join/DataJoinJob.java,39
hadoop,org.apache.hadoop.contrib.utils.join,ArrayListBackedIterator,2,0,8,8,32,8,0,1,0.375,0,0,/Users/eashraf/hadoop/hadoop-tools/hadoop-datajoin/src/main/java/org/apache/hadoop/contrib/utils/join/ArrayListBackedIterator.java,25
hadoop,org.apache.hadoop.contrib.utils.join,DataJoinMapperBase,4,0,7,4,58,11,1,1,0.42857142857142855,0,6,/Users/eashraf/hadoop/hadoop-tools/hadoop-datajoin/src/main/java/org/apache/hadoop/contrib/utils/join/DataJoinMapperBase.java,30
hadoop,org.apache.hadoop.contrib.utils.join,JobBase,3,1,9,1,105,13,2,0,0.0,0,1,/Users/eashraf/hadoop/hadoop-tools/hadoop-datajoin/src/main/java/org/apache/hadoop/contrib/utils/join/JobBase.java,32
hadoop,org.apache.hadoop.contrib.utils.join,TaggedMapOutput,1,0,5,5,19,5,1,0,0.6,4,3,/Users/eashraf/hadoop/hadoop-tools/hadoop-datajoin/src/main/java/org/apache/hadoop/contrib/utils/join/TaggedMapOutput.java,26
hadoop,org.apache.hadoop.contrib.utils.join,ResetableIterator,0,0,3,3,8,3,1,0,-1.0,1,0,/Users/eashraf/hadoop/hadoop-tools/hadoop-datajoin/src/main/java/org/apache/hadoop/contrib/utils/join/ResetableIterator.java,24
hadoop,org.apache.hadoop.mapred.gridmix,TestGridmixSubmission,1,0,8,6,114,10,0,1,0.75,0,9,/Users/eashraf/hadoop/hadoop-tools/hadoop-gridmix/src/test/java/org/apache/hadoop/mapred/gridmix/TestGridmixSubmission.java,44
hadoop,org.apache.hadoop.mapred.gridmix,TestGridmixSummary,0,0,7,5,220,9,0,0,-1.0,0,18,/Users/eashraf/hadoop/hadoop-tools/hadoop-gridmix/src/test/java/org/apache/hadoop/mapred/gridmix/TestGridmixSummary.java,40
hadoop,org.apache.hadoop.mapred.gridmix,TestGridmixSummary.FakeJobFactory,0,0,0,0,23,0,0,2,-1.0,0,0,/Users/eashraf/hadoop/hadoop-tools/hadoop-gridmix/src/test/java/org/apache/hadoop/mapred/gridmix/TestGridmixSummary.java,133
hadoop,org.apache.hadoop.mapred.gridmix,TestGridmixSummary.FakeJobStoryProducer,0,0,0,0,10,0,0,0,-1.0,0,0,/Users/eashraf/hadoop/hadoop-tools/hadoop-gridmix/src/test/java/org/apache/hadoop/mapred/gridmix/TestGridmixSummary.java,138
hadoop,org.apache.hadoop.mapred.gridmix,TestResourceUsageEmulators,13,0,7,4,324,8,0,0,0.42857142857142855,1,15,/Users/eashraf/hadoop/hadoop-tools/hadoop-gridmix/src/test/java/org/apache/hadoop/mapred/gridmix/TestResourceUsageEmulators.java,42
hadoop,org.apache.hadoop.mapred.gridmix,TestResourceUsageEmulators.TestResourceUsageEmulatorPlugin,5,0,0,0,77,0,0,0,-1.0,0,2,/Users/eashraf/hadoop/hadoop-tools/hadoop-gridmix/src/test/java/org/apache/hadoop/mapred/gridmix/TestResourceUsageEmulators.java,46
hadoop,org.apache.hadoop.mapred.gridmix,TestResourceUsageEmulators.TestOthers,1,0,0,0,9,0,0,0,-1.0,0,0,/Users/eashraf/hadoop/hadoop-tools/hadoop-gridmix/src/test/java/org/apache/hadoop/mapred/gridmix/TestResourceUsageEmulators.java,146
hadoop,org.apache.hadoop.mapred.gridmix,TestResourceUsageEmulators.TestCpu,1,0,0,0,9,0,0,0,-1.0,0,0,/Users/eashraf/hadoop/hadoop-tools/hadoop-gridmix/src/test/java/org/apache/hadoop/mapred/gridmix/TestResourceUsageEmulators.java,159
hadoop,org.apache.hadoop.mapred.gridmix,TestResourceUsageEmulators.FakeResourceUsageMonitor,1,0,0,0,15,0,0,1,-1.0,0,0,/Users/eashraf/hadoop/hadoop-tools/hadoop-gridmix/src/test/java/org/apache/hadoop/mapred/gridmix/TestResourceUsageEmulators.java,225
hadoop,org.apache.hadoop.mapred.gridmix,TestResourceUsageEmulators.FakeProgressive,1,0,0,0,12,0,0,1,-1.0,0,0,/Users/eashraf/hadoop/hadoop-tools/hadoop-gridmix/src/test/java/org/apache/hadoop/mapred/gridmix/TestResourceUsageEmulators.java,246
hadoop,org.apache.hadoop.mapred.gridmix,TestResourceUsageEmulators.DummyReporter,1,0,0,0,22,0,0,0,-1.0,0,1,/Users/eashraf/hadoop/hadoop-tools/hadoop-gridmix/src/test/java/org/apache/hadoop/mapred/gridmix/TestResourceUsageEmulators.java,264
hadoop,org.apache.hadoop.mapred.gridmix,TestResourceUsageEmulators.FakeResourceUsageMatcherRunner,0,0,0,0,8,0,0,0,-1.0,0,0,/Users/eashraf/hadoop/hadoop-tools/hadoop-gridmix/src/test/java/org/apache/hadoop/mapred/gridmix/TestResourceUsageEmulators.java,300
hadoop,org.apache.hadoop.mapred.gridmix,TestResourceUsageEmulators.FakeCpuUsageEmulatorCore,3,0,0,0,25,0,0,0,-1.0,0,0,/Users/eashraf/hadoop/hadoop-tools/hadoop-gridmix/src/test/java/org/apache/hadoop/mapred/gridmix/TestResourceUsageEmulators.java,392
hadoop,org.apache.hadoop.mapred.gridmix,TestUserResolve,3,0,6,3,84,7,0,0,0.3333333333333333,0,8,/Users/eashraf/hadoop/hadoop-tools/hadoop-gridmix/src/test/java/org/apache/hadoop/mapred/gridmix/TestUserResolve.java,33
hadoop,org.apache.hadoop.mapred.gridmix,TestSleepJob,2,1,8,7,69,11,0,1,0.625,0,10,/Users/eashraf/hadoop/hadoop-tools/hadoop-gridmix/src/test/java/org/apache/hadoop/mapred/gridmix/TestSleepJob.java,39
hadoop,org.apache.hadoop.mapred.gridmix,TestGridmixMemoryEmulation,2,0,8,5,220,15,0,0,0.625,0,10,/Users/eashraf/hadoop/hadoop-tools/hadoop-gridmix/src/test/java/org/apache/hadoop/mapred/gridmix/TestGridmixMemoryEmulation.java,37
hadoop,org.apache.hadoop.mapred.gridmix,TestGridmixMemoryEmulation.FakeHeapUsageEmulatorCore,1,0,0,0,25,0,0,0,-1.0,0,0,/Users/eashraf/hadoop/hadoop-tools/hadoop-gridmix/src/test/java/org/apache/hadoop/mapred/gridmix/TestGridmixMemoryEmulation.java,41
hadoop,org.apache.hadoop.mapred.gridmix,TestGridmixMemoryEmulation.FakeHeapUsageEmulatorPlugin,1,0,0,0,16,0,0,0,-1.0,0,0,/Users/eashraf/hadoop/hadoop-tools/hadoop-gridmix/src/test/java/org/apache/hadoop/mapred/gridmix/TestGridmixMemoryEmulation.java,78
hadoop,org.apache.hadoop.mapred.gridmix,TestGridMixClasses,11,0,14,12,529,20,0,0,0.7857142857142857,0,37,/Users/eashraf/hadoop/hadoop-tools/hadoop-gridmix/src/test/java/org/apache/hadoop/mapred/gridmix/TestGridMixClasses.java,87
hadoop,org.apache.hadoop.mapred.gridmix,TestGridMixClasses.FakeRecordLLReader,1,0,0,0,21,0,0,0,-1.0,0,0,/Users/eashraf/hadoop/hadoop-tools/hadoop-gridmix/src/test/java/org/apache/hadoop/mapred/gridmix/TestGridMixClasses.java,229
hadoop,org.apache.hadoop.mapred.gridmix,TestGridMixClasses.FakeRecordReader,1,0,0,0,21,0,0,0,-1.0,0,0,/Users/eashraf/hadoop/hadoop-tools/hadoop-gridmix/src/test/java/org/apache/hadoop/mapred/gridmix/TestGridMixClasses.java,271
hadoop,org.apache.hadoop.mapred.gridmix,TestGridMixClasses.LoadRecordGkGrWriter,1,0,0,0,11,0,0,0,-1.0,0,0,/Users/eashraf/hadoop/hadoop-tools/hadoop-gridmix/src/test/java/org/apache/hadoop/mapred/gridmix/TestGridMixClasses.java,313
hadoop,org.apache.hadoop.mapred.gridmix,TestGridMixClasses.LoadRecordGkNullWriter,1,0,0,0,11,0,0,0,-1.0,0,0,/Users/eashraf/hadoop/hadoop-tools/hadoop-gridmix/src/test/java/org/apache/hadoop/mapred/gridmix/TestGridMixClasses.java,334
hadoop,org.apache.hadoop.mapred.gridmix,TestGridMixClasses.LoadRecordWriter,1,0,0,0,11,0,0,0,-1.0,0,0,/Users/eashraf/hadoop/hadoop-tools/hadoop-gridmix/src/test/java/org/apache/hadoop/mapred/gridmix/TestGridMixClasses.java,355
hadoop,org.apache.hadoop.mapred.gridmix,TestGridMixClasses.FakeRecordFactory,1,0,0,0,12,0,0,1,-1.0,0,0,/Users/eashraf/hadoop/hadoop-tools/hadoop-gridmix/src/test/java/org/apache/hadoop/mapred/gridmix/TestGridMixClasses.java,502
hadoop,org.apache.hadoop.mapred.gridmix,TestGridMixClasses.FakeInputStream,1,0,0,0,32,0,0,0,-1.0,0,0,/Users/eashraf/hadoop/hadoop-tools/hadoop-gridmix/src/test/java/org/apache/hadoop/mapred/gridmix/TestGridMixClasses.java,524
hadoop,org.apache.hadoop.mapred.gridmix,TestGridMixClasses.FakeFSDataInputStream,0,0,0,0,5,0,0,0,-1.0,0,0,/Users/eashraf/hadoop/hadoop-tools/hadoop-gridmix/src/test/java/org/apache/hadoop/mapred/gridmix/TestGridMixClasses.java,580
hadoop,org.apache.hadoop.mapred.gridmix,TestGridMixClasses.FakeRawKeyValueIterator,1,0,0,0,35,0,0,0,-1.0,0,1,/Users/eashraf/hadoop/hadoop-tools/hadoop-gridmix/src/test/java/org/apache/hadoop/mapred/gridmix/TestGridMixClasses.java,699
hadoop,org.apache.hadoop.mapred.gridmix,TestGridMixClasses.FakeRawComparator,0,0,0,0,17,0,0,0,-1.0,0,0,/Users/eashraf/hadoop/hadoop-tools/hadoop-gridmix/src/test/java/org/apache/hadoop/mapred/gridmix/TestGridMixClasses.java,749
hadoop,org.apache.hadoop.mapred.gridmix,TestGridMixClasses.FakeJobSubmitter,1,0,0,0,12,0,0,2,-1.0,0,0,/Users/eashraf/hadoop/hadoop-tools/hadoop-gridmix/src/test/java/org/apache/hadoop/mapred/gridmix/TestGridMixClasses.java,813
hadoop,org.apache.hadoop.mapred.gridmix,TestGridMixClasses.LoadRecordReduceWriter,0,0,0,0,6,0,0,0,-1.0,0,0,/Users/eashraf/hadoop/hadoop-tools/hadoop-gridmix/src/test/java/org/apache/hadoop/mapred/gridmix/TestGridMixClasses.java,925
hadoop,org.apache.hadoop.mapred.gridmix,TestGridMixClasses.FakeRawKeyValueReducerIterator,1,0,0,0,35,0,0,0,-1.0,0,1,/Users/eashraf/hadoop/hadoop-tools/hadoop-gridmix/src/test/java/org/apache/hadoop/mapred/gridmix/TestGridMixClasses.java,940
hadoop,org.apache.hadoop.mapred.gridmix,DebugJobFactory,0,0,1,1,45,4,0,0,-1.0,2,6,/Users/eashraf/hadoop/hadoop-tools/hadoop-gridmix/src/test/java/org/apache/hadoop/mapred/gridmix/DebugJobFactory.java,29
hadoop,org.apache.hadoop.mapred.gridmix,DebugJobFactory.Debuggable,0,0,0,0,3,0,0,0,-1.0,0,0,/Users/eashraf/hadoop/hadoop-tools/hadoop-gridmix/src/test/java/org/apache/hadoop/mapred/gridmix/DebugJobFactory.java,34
hadoop,org.apache.hadoop.mapred.gridmix,DebugJobFactory.DebugReplayJobFactory,0,0,0,0,8,0,0,3,-1.0,0,0,/Users/eashraf/hadoop/hadoop-tools/hadoop-gridmix/src/test/java/org/apache/hadoop/mapred/gridmix/DebugJobFactory.java,57
hadoop,org.apache.hadoop.mapred.gridmix,DebugJobFactory.DebugSerialJobFactory,0,0,0,0,8,0,0,3,-1.0,0,0,/Users/eashraf/hadoop/hadoop-tools/hadoop-gridmix/src/test/java/org/apache/hadoop/mapred/gridmix/DebugJobFactory.java,74
hadoop,org.apache.hadoop.mapred.gridmix,DebugJobFactory.DebugStressJobFactory,0,0,0,0,8,0,0,3,-1.0,0,0,/Users/eashraf/hadoop/hadoop-tools/hadoop-gridmix/src/test/java/org/apache/hadoop/mapred/gridmix/DebugJobFactory.java,90
hadoop,org.apache.hadoop.mapred.gridmix,TestDistCacheEmulation,1,0,14,6,221,20,0,0,0.21428571428571427,0,25,/Users/eashraf/hadoop/hadoop-tools/hadoop-gridmix/src/test/java/org/apache/hadoop/mapred/gridmix/TestDistCacheEmulation.java,53
hadoop,org.apache.hadoop.mapred.gridmix,TestCompressionEmulationUtils,0,0,14,12,319,21,0,0,-1.0,0,18,/Users/eashraf/hadoop/hadoop-tools/hadoop-gridmix/src/test/java/org/apache/hadoop/mapred/gridmix/TestCompressionEmulationUtils.java,53
hadoop,org.apache.hadoop.mapred.gridmix,TestCompressionEmulationUtils.CustomInputFormat,0,0,0,0,18,0,0,2,-1.0,0,2,/Users/eashraf/hadoop/hadoop-tools/hadoop-gridmix/src/test/java/org/apache/hadoop/mapred/gridmix/TestCompressionEmulationUtils.java,58
hadoop,org.apache.hadoop.mapred.gridmix,TestRandomAlgorithm,1,0,6,2,75,18,0,0,0.0,0,1,/Users/eashraf/hadoop/hadoop-tools/hadoop-gridmix/src/test/java/org/apache/hadoop/mapred/gridmix/TestRandomAlgorithm.java,35
hadoop,org.apache.hadoop.mapred.gridmix,TestRecordFactory,1,0,4,4,37,5,0,0,0.0,0,6,/Users/eashraf/hadoop/hadoop-tools/hadoop-gridmix/src/test/java/org/apache/hadoop/mapred/gridmix/TestRecordFactory.java,31
hadoop,org.apache.hadoop.mapred.gridmix,TestPseudoLocalFs,0,0,6,2,158,12,0,0,-1.0,0,5,/Users/eashraf/hadoop/hadoop-tools/hadoop-gridmix/src/test/java/org/apache/hadoop/mapred/gridmix/TestPseudoLocalFs.java,32
hadoop,org.apache.hadoop.mapred.gridmix,TestRandomTextDataGenerator,0,0,3,3,38,4,0,0,-1.0,0,1,/Users/eashraf/hadoop/hadoop-tools/hadoop-gridmix/src/test/java/org/apache/hadoop/mapred/gridmix/TestRandomTextDataGenerator.java,29
hadoop,org.apache.hadoop.mapred.gridmix,CommonJobTest,10,1,1,0,199,4,3,0,0.0,0,18,/Users/eashraf/hadoop/hadoop-tools/hadoop-gridmix/src/test/java/org/apache/hadoop/mapred/gridmix/CommonJobTest.java,59
hadoop,org.apache.hadoop.mapred.gridmix,CommonJobTest.DebugGridmix,2,0,0,0,15,0,0,1,-1.0,0,2,/Users/eashraf/hadoop/hadoop-tools/hadoop-gridmix/src/test/java/org/apache/hadoop/mapred/gridmix/CommonJobTest.java,68
hadoop,org.apache.hadoop.mapred.gridmix,CommonJobTest.TestMonitor,3,0,0,0,132,0,0,2,-1.0,0,7,/Users/eashraf/hadoop/hadoop-tools/hadoop-gridmix/src/test/java/org/apache/hadoop/mapred/gridmix/CommonJobTest.java,94
hadoop,org.apache.hadoop.mapred.gridmix,DebugJobProducer,24,1,4,3,176,7,0,0,0.75,2,2,/Users/eashraf/hadoop/hadoop-tools/hadoop-gridmix/src/test/java/org/apache/hadoop/mapred/gridmix/DebugJobProducer.java,47
hadoop,org.apache.hadoop.mapred.gridmix,DebugJobProducer.MockJob,20,0,0,0,136,0,0,0,-1.0,0,2,/Users/eashraf/hadoop/hadoop-tools/hadoop-gridmix/src/test/java/org/apache/hadoop/mapred/gridmix/DebugJobProducer.java,96
hadoop,org.apache.hadoop.mapred.gridmix,TestGridmixRecord,1,0,11,4,203,18,0,0,0.18181818181818182,0,6,/Users/eashraf/hadoop/hadoop-tools/hadoop-gridmix/src/test/java/org/apache/hadoop/mapred/gridmix/TestGridmixRecord.java,34
hadoop,org.apache.hadoop.mapred.gridmix,DummyResourceCalculatorPlugin,9,9,8,8,89,8,1,0,0.75,2,0,/Users/eashraf/hadoop/hadoop-tools/hadoop-gridmix/src/test/java/org/apache/hadoop/mapred/gridmix/DummyResourceCalculatorPlugin.java,24
hadoop,org.apache.hadoop.mapred.gridmix,TestLoadJob,1,1,4,4,25,4,0,1,0.75,0,3,/Users/eashraf/hadoop/hadoop-tools/hadoop-gridmix/src/test/java/org/apache/hadoop/mapred/gridmix/TestLoadJob.java,33
hadoop,org.apache.hadoop.mapred.gridmix,TestFileQueue,7,0,6,5,85,10,0,0,0.5,0,4,/Users/eashraf/hadoop/hadoop-tools/hadoop-gridmix/src/test/java/org/apache/hadoop/mapred/gridmix/TestFileQueue.java,37
hadoop,org.apache.hadoop.mapred.gridmix,TestHighRamJob,0,0,2,1,104,2,0,0,-1.0,0,8,/Users/eashraf/hadoop/hadoop-tools/hadoop-gridmix/src/test/java/org/apache/hadoop/mapred/gridmix/TestHighRamJob.java,37
hadoop,org.apache.hadoop.mapred.gridmix,TestHighRamJob.DummyGridmixJob,0,0,0,0,20,0,0,1,-1.0,0,0,/Users/eashraf/hadoop/hadoop-tools/hadoop-gridmix/src/test/java/org/apache/hadoop/mapred/gridmix/TestHighRamJob.java,42
hadoop,org.apache.hadoop.mapred.gridmix,GridmixTestUtils,7,0,4,3,68,9,0,0,0.0,6,8,/Users/eashraf/hadoop/hadoop-tools/hadoop-gridmix/src/test/java/org/apache/hadoop/mapred/gridmix/GridmixTestUtils.java,17
hadoop,org.apache.hadoop.mapred.gridmix,TestFilePool,3,0,8,6,120,15,0,0,0.375,0,7,/Users/eashraf/hadoop/hadoop-tools/hadoop-gridmix/src/test/java/org/apache/hadoop/mapred/gridmix/TestFilePool.java,41
hadoop,org.apache.hadoop.mapred.gridmix,JobSubmitter,9,1,7,7,153,9,1,1,0.2857142857142857,7,5,/Users/eashraf/hadoop/hadoop-tools/hadoop-gridmix/src/main/java/org/apache/hadoop/mapred/gridmix/JobSubmitter.java,33
hadoop,org.apache.hadoop.mapred.gridmix,JobSubmitter.SubmitTask,1,0,0,0,72,0,0,0,-1.0,0,2,/Users/eashraf/hadoop/hadoop-tools/hadoop-gridmix/src/main/java/org/apache/hadoop/mapred/gridmix/JobSubmitter.java,75
hadoop,org.apache.hadoop.mapred.gridmix,Gridmix,26,12,25,5,550,54,4,0,0.08,10,29,/Users/eashraf/hadoop/hadoop-tools/hadoop-gridmix/src/main/java/org/apache/hadoop/mapred/gridmix/Gridmix.java,51
hadoop,org.apache.hadoop.mapred.gridmix,Gridmix.Shutdown,3,0,0,0,63,0,0,0,-1.0,0,0,/Users/eashraf/hadoop/hadoop-tools/hadoop-gridmix/src/main/java/org/apache/hadoop/mapred/gridmix/Gridmix.java,627
hadoop,org.apache.hadoop.mapred.gridmix,Gridmix.Component,0,0,0,0,25,0,0,0,-1.0,0,0,/Users/eashraf/hadoop/hadoop-tools/hadoop-gridmix/src/main/java/org/apache/hadoop/mapred/gridmix/Gridmix.java,769
hadoop,org.apache.hadoop.mapred.gridmix,ExecutionSummarizer,20,0,31,2,205,36,0,1,0.0,2,11,/Users/eashraf/hadoop/hadoop-tools/hadoop-gridmix/src/main/java/org/apache/hadoop/mapred/gridmix/ExecutionSummarizer.java,35
hadoop,org.apache.hadoop.mapred.gridmix,Progressive,0,0,1,1,6,1,3,0,-1.0,8,0,/Users/eashraf/hadoop/hadoop-tools/hadoop-gridmix/src/main/java/org/apache/hadoop/mapred/gridmix/Progressive.java,20
hadoop,org.apache.hadoop.mapred.gridmix,FilePool,17,3,4,4,207,5,0,0,0.0,8,4,/Users/eashraf/hadoop/hadoop-tools/hadoop-gridmix/src/main/java/org/apache/hadoop/mapred/gridmix/FilePool.java,44
hadoop,org.apache.hadoop.mapred.gridmix,FilePool.Node,1,0,0,0,11,0,0,0,-1.0,0,0,/Users/eashraf/hadoop/hadoop-tools/hadoop-gridmix/src/main/java/org/apache/hadoop/mapred/gridmix/FilePool.java,120
hadoop,org.apache.hadoop.mapred.gridmix,FilePool.LeafDesc,2,0,0,0,33,0,0,0,-1.0,0,0,/Users/eashraf/hadoop/hadoop-tools/hadoop-gridmix/src/main/java/org/apache/hadoop/mapred/gridmix/FilePool.java,140
hadoop,org.apache.hadoop.mapred.gridmix,FilePool.InnerDesc,4,0,0,0,78,0,0,0,-1.0,0,0,/Users/eashraf/hadoop/hadoop-tools/hadoop-gridmix/src/main/java/org/apache/hadoop/mapred/gridmix/FilePool.java,184
hadoop,org.apache.hadoop.mapred.gridmix,FilePool.MinFileFilter,2,0,0,0,22,0,0,0,-1.0,0,0,/Users/eashraf/hadoop/hadoop-tools/hadoop-gridmix/src/main/java/org/apache/hadoop/mapred/gridmix/FilePool.java,276
hadoop,org.apache.hadoop.mapred.gridmix,GenerateDistCacheData,9,0,4,3,134,4,0,1,1.0,5,10,/Users/eashraf/hadoop/hadoop-tools/hadoop-gridmix/src/main/java/org/apache/hadoop/mapred/gridmix/GenerateDistCacheData.java,56
hadoop,org.apache.hadoop.mapred.gridmix,GenerateDistCacheData.GenDCDataMapper,3,0,0,0,21,0,0,0,-1.0,0,3,/Users/eashraf/hadoop/hadoop-tools/hadoop-gridmix/src/main/java/org/apache/hadoop/mapred/gridmix/GenerateDistCacheData.java,136
hadoop,org.apache.hadoop.mapred.gridmix,GenerateDistCacheData.GenDCDataFormat,0,0,0,0,60,0,0,0,-1.0,0,2,/Users/eashraf/hadoop/hadoop-tools/hadoop-gridmix/src/main/java/org/apache/hadoop/mapred/gridmix/GenerateDistCacheData.java,175
hadoop,org.apache.hadoop.mapred.gridmix,GridmixRecord,9,0,18,9,190,35,2,0,0.1111111111111111,14,5,/Users/eashraf/hadoop/hadoop-tools/hadoop-gridmix/src/main/java/org/apache/hadoop/mapred/gridmix/GridmixRecord.java,33
hadoop,org.apache.hadoop.mapred.gridmix,GridmixRecord.Comparator,0,0,0,0,18,0,0,0,-1.0,0,0,/Users/eashraf/hadoop/hadoop-tools/hadoop-gridmix/src/main/java/org/apache/hadoop/mapred/gridmix/GridmixRecord.java,248
hadoop,org.apache.hadoop.mapred.gridmix,UserResolver,0,0,3,3,22,3,3,0,-1.0,12,2,/Users/eashraf/hadoop/hadoop-tools/hadoop-gridmix/src/main/java/org/apache/hadoop/mapred/gridmix/UserResolver.java,27
hadoop,org.apache.hadoop.mapred.gridmix,ClusterSummarizer,7,0,9,2,61,9,0,1,0.0,2,4,/Users/eashraf/hadoop/hadoop-tools/hadoop-gridmix/src/main/java/org/apache/hadoop/mapred/gridmix/ClusterSummarizer.java,29
hadoop,org.apache.hadoop.mapred.gridmix,FileQueue,8,0,6,5,60,10,0,0,0.0,2,5,/Users/eashraf/hadoop/hadoop-tools/hadoop-gridmix/src/main/java/org/apache/hadoop/mapred/gridmix/FileQueue.java,28
hadoop,org.apache.hadoop.mapred.gridmix,CompressionEmulationUtil,13,0,19,0,360,36,0,0,0.10526315789473684,10,22,/Users/eashraf/hadoop/hadoop-tools/hadoop-gridmix/src/main/java/org/apache/hadoop/mapred/gridmix/CompressionEmulationUtil.java,57
hadoop,org.apache.hadoop.mapred.gridmix,CompressionEmulationUtil.RandomTextDataMapper,1,0,0,0,23,0,0,0,-1.0,0,1,/Users/eashraf/hadoop/hadoop-tools/hadoop-gridmix/src/main/java/org/apache/hadoop/mapred/gridmix/CompressionEmulationUtil.java,104
hadoop,org.apache.hadoop.mapred.gridmix,CompressionEmulationUtil.CompressionRatioLookupTable,3,0,0,0,85,0,0,0,-1.0,0,0,/Users/eashraf/hadoop/hadoop-tools/hadoop-gridmix/src/main/java/org/apache/hadoop/mapred/gridmix/CompressionEmulationUtil.java,167
hadoop,org.apache.hadoop.mapred.gridmix,DistributedCacheEmulator,10,0,14,2,266,37,0,0,0.14285714285714285,6,18,/Users/eashraf/hadoop/hadoop-tools/hadoop-gridmix/src/main/java/org/apache/hadoop/mapred/gridmix/DistributedCacheEmulator.java,53
hadoop,org.apache.hadoop.mapred.gridmix,JobMonitor,9,1,10,7,196,11,1,1,0.0,2,4,/Users/eashraf/hadoop/hadoop-tools/hadoop-gridmix/src/main/java/org/apache/hadoop/mapred/gridmix/JobMonitor.java,39
hadoop,org.apache.hadoop.mapred.gridmix,JobMonitor.MonitorThread,0,0,0,0,95,0,0,0,-1.0,0,1,/Users/eashraf/hadoop/hadoop-tools/hadoop-gridmix/src/main/java/org/apache/hadoop/mapred/gridmix/JobMonitor.java,132
hadoop,org.apache.hadoop.mapred.gridmix,GridmixJob,18,2,30,9,295,58,5,0,0.1,12,15,/Users/eashraf/hadoop/hadoop-tools/hadoop-gridmix/src/main/java/org/apache/hadoop/mapred/gridmix/GridmixJob.java,55
hadoop,org.apache.hadoop.mapred.gridmix,GridmixJob.DraftPartitioner,0,0,0,0,5,0,0,0,-1.0,0,0,/Users/eashraf/hadoop/hadoop-tools/hadoop-gridmix/src/main/java/org/apache/hadoop/mapred/gridmix/GridmixJob.java,449
hadoop,org.apache.hadoop.mapred.gridmix,GridmixJob.SpecGroupingComparator,2,0,0,0,38,0,0,0,-1.0,0,2,/Users/eashraf/hadoop/hadoop-tools/hadoop-gridmix/src/main/java/org/apache/hadoop/mapred/gridmix/GridmixJob.java,455
hadoop,org.apache.hadoop.mapred.gridmix,GridmixJob.RawBytesOutputFormat,0,0,0,0,16,0,0,0,-1.0,0,0,/Users/eashraf/hadoop/hadoop-tools/hadoop-gridmix/src/main/java/org/apache/hadoop/mapred/gridmix/GridmixJob.java,498
hadoop,org.apache.hadoop.mapred.gridmix,JobCreator,4,2,8,6,68,12,0,0,0.875,7,8,/Users/eashraf/hadoop/hadoop-tools/hadoop-gridmix/src/main/java/org/apache/hadoop/mapred/gridmix/JobCreator.java,36
hadoop,org.apache.hadoop.mapred.gridmix,LoadSplit,14,0,13,12,136,25,0,0,0.15384615384615385,1,3,/Users/eashraf/hadoop/hadoop-tools/hadoop-gridmix/src/main/java/org/apache/hadoop/mapred/gridmix/LoadSplit.java,28
hadoop,org.apache.hadoop.mapred.gridmix,RecordFactory,0,0,2,2,14,2,4,0,-1.0,7,2,/Users/eashraf/hadoop/hadoop-tools/hadoop-gridmix/src/main/java/org/apache/hadoop/mapred/gridmix/RecordFactory.java,23
hadoop,org.apache.hadoop.mapred.gridmix,AvgRecordFactory,11,2,5,5,79,9,0,1,0.4,4,3,/Users/eashraf/hadoop/hadoop-tools/hadoop-gridmix/src/main/java/org/apache/hadoop/mapred/gridmix/AvgRecordFactory.java,24
hadoop,org.apache.hadoop.mapred.gridmix,ReplayJobFactory,1,1,4,4,74,4,1,2,1.0,0,6,/Users/eashraf/hadoop/hadoop-tools/hadoop-gridmix/src/main/java/org/apache/hadoop/mapred/gridmix/ReplayJobFactory.java,33
hadoop,org.apache.hadoop.mapred.gridmix,ReplayJobFactory.ReplayReaderThread,0,0,0,0,44,0,0,0,-1.0,0,0,/Users/eashraf/hadoop/hadoop-tools/hadoop-gridmix/src/main/java/org/apache/hadoop/mapred/gridmix/ReplayJobFactory.java,67
hadoop,org.apache.hadoop.mapred.gridmix,GenerateData,30,6,7,3,274,12,1,1,0.8571428571428571,9,15,/Users/eashraf/hadoop/hadoop-tools/hadoop-gridmix/src/main/java/org/apache/hadoop/mapred/gridmix/GenerateData.java,62
hadoop,org.apache.hadoop.mapred.gridmix,GenerateData.DataStatistics,3,0,0,0,22,0,0,0,-1.0,0,0,/Users/eashraf/hadoop/hadoop-tools/hadoop-gridmix/src/main/java/org/apache/hadoop/mapred/gridmix/GenerateData.java,102
hadoop,org.apache.hadoop.mapred.gridmix,GenerateData.GenDataMapper,2,0,0,0,14,0,0,0,-1.0,0,1,/Users/eashraf/hadoop/hadoop-tools/hadoop-gridmix/src/main/java/org/apache/hadoop/mapred/gridmix/GenerateData.java,210
hadoop,org.apache.hadoop.mapred.gridmix,GenerateData.GenDataFormat,6,0,0,0,58,0,0,0,-1.0,0,2,/Users/eashraf/hadoop/hadoop-tools/hadoop-gridmix/src/main/java/org/apache/hadoop/mapred/gridmix/GenerateData.java,235
hadoop,org.apache.hadoop.mapred.gridmix,GenerateData.GenSplit,3,0,0,0,38,0,0,0,-1.0,0,0,/Users/eashraf/hadoop/hadoop-tools/hadoop-gridmix/src/main/java/org/apache/hadoop/mapred/gridmix/GenerateData.java,306
hadoop,org.apache.hadoop.mapred.gridmix,GenerateData.RawBytesOutputFormat,9,0,0,0,47,0,0,0,-1.0,0,3,/Users/eashraf/hadoop/hadoop-tools/hadoop-gridmix/src/main/java/org/apache/hadoop/mapred/gridmix/GenerateData.java,349
hadoop,org.apache.hadoop.mapred.gridmix,GenerateData.ChunkWriter,9,0,0,0,42,0,0,0,-1.0,0,3,/Users/eashraf/hadoop/hadoop-tools/hadoop-gridmix/src/main/java/org/apache/hadoop/mapred/gridmix/GenerateData.java,360
hadoop,org.apache.hadoop.mapred.gridmix,PseudoLocalFs,11,0,19,15,214,21,0,0,0.47368421052631576,2,4,/Users/eashraf/hadoop/hadoop-tools/hadoop-gridmix/src/main/java/org/apache/hadoop/mapred/gridmix/PseudoLocalFs.java,38
hadoop,org.apache.hadoop.mapred.gridmix,PseudoLocalFs.RandomInputStream,5,0,0,0,86,0,0,0,-1.0,0,1,/Users/eashraf/hadoop/hadoop-tools/hadoop-gridmix/src/main/java/org/apache/hadoop/mapred/gridmix/PseudoLocalFs.java,187
hadoop,org.apache.hadoop.mapred.gridmix,SerialJobFactory,2,1,5,4,113,5,1,2,1.0,1,7,/Users/eashraf/hadoop/hadoop-tools/hadoop-gridmix/src/main/java/org/apache/hadoop/mapred/gridmix/SerialJobFactory.java,34
hadoop,org.apache.hadoop.mapred.gridmix,SerialJobFactory.SerialReaderThread,0,0,0,0,71,0,0,0,-1.0,0,0,/Users/eashraf/hadoop/hadoop-tools/hadoop-gridmix/src/main/java/org/apache/hadoop/mapred/gridmix/SerialJobFactory.java,62
hadoop,org.apache.hadoop.mapred.gridmix,Statistics,22,1,15,11,271,23,0,0,0.13333333333333333,6,9,/Users/eashraf/hadoop/hadoop-tools/hadoop-gridmix/src/main/java/org/apache/hadoop/mapred/gridmix/Statistics.java,44
hadoop,org.apache.hadoop.mapred.gridmix,Statistics.StatCollector,0,0,0,0,49,0,0,0,-1.0,0,0,/Users/eashraf/hadoop/hadoop-tools/hadoop-gridmix/src/main/java/org/apache/hadoop/mapred/gridmix/Statistics.java,219
hadoop,org.apache.hadoop.mapred.gridmix,Statistics.JobStats,4,0,0,0,39,0,0,0,-1.0,0,2,/Users/eashraf/hadoop/hadoop-tools/hadoop-gridmix/src/main/java/org/apache/hadoop/mapred/gridmix/Statistics.java,303
hadoop,org.apache.hadoop.mapred.gridmix,Statistics.ClusterStats,2,0,0,0,45,0,0,0,-1.0,0,1,/Users/eashraf/hadoop/hadoop-tools/hadoop-gridmix/src/main/java/org/apache/hadoop/mapred/gridmix/Statistics.java,351
hadoop,org.apache.hadoop.mapred.gridmix,ReadRecordFactory,4,1,5,5,47,7,0,1,0.0,1,5,/Users/eashraf/hadoop/hadoop-tools/hadoop-gridmix/src/main/java/org/apache/hadoop/mapred/gridmix/ReadRecordFactory.java,26
hadoop,org.apache.hadoop.mapred.gridmix,EchoUserResolver,1,1,4,4,21,4,0,1,1.0,0,2,/Users/eashraf/hadoop/hadoop-tools/hadoop-gridmix/src/main/java/org/apache/hadoop/mapred/gridmix/EchoUserResolver.java,28
hadoop,org.apache.hadoop.mapred.gridmix,InputStriper,7,1,4,1,86,13,0,0,0.5,2,5,/Users/eashraf/hadoop/hadoop-tools/hadoop-gridmix/src/main/java/org/apache/hadoop/mapred/gridmix/InputStriper.java,39
hadoop,org.apache.hadoop.mapred.gridmix,StressJobFactory,24,6,7,4,370,28,1,2,0.2857142857142857,1,9,/Users/eashraf/hadoop/hadoop-tools/hadoop-gridmix/src/main/java/org/apache/hadoop/mapred/gridmix/StressJobFactory.java,40
hadoop,org.apache.hadoop.mapred.gridmix,StressJobFactory.StressReaderThread,0,0,0,0,84,0,0,0,-1.0,0,0,/Users/eashraf/hadoop/hadoop-tools/hadoop-gridmix/src/main/java/org/apache/hadoop/mapred/gridmix/StressJobFactory.java,139
hadoop,org.apache.hadoop.mapred.gridmix,StressJobFactory.LoadStatus,6,0,0,0,89,0,0,0,-1.0,0,0,/Users/eashraf/hadoop/hadoop-tools/hadoop-gridmix/src/main/java/org/apache/hadoop/mapred/gridmix/StressJobFactory.java,477
hadoop,org.apache.hadoop.mapred.gridmix,SubmitterUserResolver,2,1,4,4,23,4,0,1,0.75,3,2,/Users/eashraf/hadoop/hadoop-tools/hadoop-gridmix/src/main/java/org/apache/hadoop/mapred/gridmix/SubmitterUserResolver.java,27
hadoop,org.apache.hadoop.mapred.gridmix,LoadJob,30,1,5,3,427,11,0,1,1.0,1,23,/Users/eashraf/hadoop/hadoop-tools/hadoop-gridmix/src/main/java/org/apache/hadoop/mapred/gridmix/LoadJob.java,52
hadoop,org.apache.hadoop.mapred.gridmix,LoadJob.LoadSortComparator,2,0,0,0,36,0,0,2,-1.0,0,1,/Users/eashraf/hadoop/hadoop-tools/hadoop-gridmix/src/main/java/org/apache/hadoop/mapred/gridmix/LoadJob.java,97
hadoop,org.apache.hadoop.mapred.gridmix,LoadJob.ResourceUsageMatcherRunner,7,0,0,0,62,0,0,1,-1.0,0,3,/Users/eashraf/hadoop/hadoop-tools/hadoop-gridmix/src/main/java/org/apache/hadoop/mapred/gridmix/LoadJob.java,142
hadoop,org.apache.hadoop.mapred.gridmix,LoadJob.BoostingProgress,2,0,0,0,16,0,0,1,-1.0,0,1,/Users/eashraf/hadoop/hadoop-tools/hadoop-gridmix/src/main/java/org/apache/hadoop/mapred/gridmix/LoadJob.java,155
hadoop,org.apache.hadoop.mapred.gridmix,LoadJob.StatusReporter,2,0,0,0,25,0,0,0,-1.0,0,2,/Users/eashraf/hadoop/hadoop-tools/hadoop-gridmix/src/main/java/org/apache/hadoop/mapred/gridmix/LoadJob.java,237
hadoop,org.apache.hadoop.mapred.gridmix,LoadJob.LoadMapper,8,0,0,0,114,0,0,0,-1.0,0,6,/Users/eashraf/hadoop/hadoop-tools/hadoop-gridmix/src/main/java/org/apache/hadoop/mapred/gridmix/LoadJob.java,267
hadoop,org.apache.hadoop.mapred.gridmix,LoadJob.LoadReducer,7,0,0,0,72,0,0,0,-1.0,0,3,/Users/eashraf/hadoop/hadoop-tools/hadoop-gridmix/src/main/java/org/apache/hadoop/mapred/gridmix/LoadJob.java,439
hadoop,org.apache.hadoop.mapred.gridmix,LoadJob.LoadRecordReader,3,0,0,0,28,0,0,0,-1.0,0,2,/Users/eashraf/hadoop/hadoop-tools/hadoop-gridmix/src/main/java/org/apache/hadoop/mapred/gridmix/LoadJob.java,542
hadoop,org.apache.hadoop.mapred.gridmix,LoadJob.LoadInputFormat,0,0,0,0,8,0,0,0,-1.0,0,0,/Users/eashraf/hadoop/hadoop-tools/hadoop-gridmix/src/main/java/org/apache/hadoop/mapred/gridmix/LoadJob.java,584
hadoop,org.apache.hadoop.mapred.gridmix,StatListener,0,0,1,0,10,1,3,0,-1.0,1,0,/Users/eashraf/hadoop/hadoop-tools/hadoop-gridmix/src/main/java/org/apache/hadoop/mapred/gridmix/StatListener.java,21
hadoop,org.apache.hadoop.mapred.gridmix,GridmixSplit,12,0,11,10,112,21,0,0,0.18181818181818182,1,2,/Users/eashraf/hadoop/hadoop-tools/hadoop-gridmix/src/main/java/org/apache/hadoop/mapred/gridmix/GridmixSplit.java,27
hadoop,org.apache.hadoop.mapred.gridmix,IntermediateRecordFactory,6,0,5,5,73,8,0,1,0.0,0,4,/Users/eashraf/hadoop/hadoop-tools/hadoop-gridmix/src/main/java/org/apache/hadoop/mapred/gridmix/IntermediateRecordFactory.java,24
hadoop,org.apache.hadoop.mapred.gridmix,RandomTextDataGenerator,8,0,8,0,95,11,0,0,0.375,5,1,/Users/eashraf/hadoop/hadoop-tools/hadoop-gridmix/src/main/java/org/apache/hadoop/mapred/gridmix/RandomTextDataGenerator.java,29
hadoop,org.apache.hadoop.mapred.gridmix,RoundRobinUserResolver,4,1,5,3,80,14,0,1,0.4,2,6,/Users/eashraf/hadoop/hadoop-tools/hadoop-gridmix/src/main/java/org/apache/hadoop/mapred/gridmix/RoundRobinUserResolver.java,36
hadoop,org.apache.hadoop.mapred.gridmix,SleepJob,24,5,7,3,260,16,0,1,0.42857142857142855,3,14,/Users/eashraf/hadoop/hadoop-tools/hadoop-gridmix/src/main/java/org/apache/hadoop/mapred/gridmix/SleepJob.java,56
hadoop,org.apache.hadoop.mapred.gridmix,SleepJob.SleepMapper,0,0,0,0,24,0,0,0,-1.0,0,1,/Users/eashraf/hadoop/hadoop-tools/hadoop-gridmix/src/main/java/org/apache/hadoop/mapred/gridmix/SleepJob.java,129
hadoop,org.apache.hadoop.mapred.gridmix,SleepJob.SleepReducer,1,0,0,0,29,0,0,0,-1.0,0,1,/Users/eashraf/hadoop/hadoop-tools/hadoop-gridmix/src/main/java/org/apache/hadoop/mapred/gridmix/SleepJob.java,165
hadoop,org.apache.hadoop.mapred.gridmix,SleepJob.SleepInputFormat,5,0,0,0,46,0,0,0,-1.0,0,1,/Users/eashraf/hadoop/hadoop-tools/hadoop-gridmix/src/main/java/org/apache/hadoop/mapred/gridmix/SleepJob.java,208
hadoop,org.apache.hadoop.mapred.gridmix,SleepJob.SleepSplit,6,0,0,0,65,0,0,0,-1.0,0,0,/Users/eashraf/hadoop/hadoop-tools/hadoop-gridmix/src/main/java/org/apache/hadoop/mapred/gridmix/SleepJob.java,275
hadoop,org.apache.hadoop.mapred.gridmix,JobFactory,15,1,12,8,200,22,4,1,0.25,8,11,/Users/eashraf/hadoop/hadoop-tools/hadoop-gridmix/src/main/java/org/apache/hadoop/mapred/gridmix/JobFactory.java,46
hadoop,org.apache.hadoop.mapred.gridmix,JobFactory.MinTaskInfo,0,0,0,0,20,0,0,0,-1.0,0,0,/Users/eashraf/hadoop/hadoop-tools/hadoop-gridmix/src/main/java/org/apache/hadoop/mapred/gridmix/JobFactory.java,114
hadoop,org.apache.hadoop.mapred.gridmix,JobFactory.FilterJobStory,1,0,0,0,45,0,0,0,-1.0,0,1,/Users/eashraf/hadoop/hadoop-tools/hadoop-gridmix/src/main/java/org/apache/hadoop/mapred/gridmix/JobFactory.java,137
hadoop,org.apache.hadoop.mapred.gridmix,RandomAlgorithms,6,0,1,1,155,4,0,0,0.0,1,0,/Users/eashraf/hadoop/hadoop-tools/hadoop-gridmix/src/main/java/org/apache/hadoop/mapred/gridmix/RandomAlgorithms.java,24
hadoop,org.apache.hadoop.mapred.gridmix,RandomAlgorithms.IndexMapper,0,0,0,0,6,0,0,0,-1.0,0,0,/Users/eashraf/hadoop/hadoop-tools/hadoop-gridmix/src/main/java/org/apache/hadoop/mapred/gridmix/RandomAlgorithms.java,29
hadoop,org.apache.hadoop.mapred.gridmix,RandomAlgorithms.SparseIndexMapper,2,0,0,0,38,0,0,0,-1.0,0,0,/Users/eashraf/hadoop/hadoop-tools/hadoop-gridmix/src/main/java/org/apache/hadoop/mapred/gridmix/RandomAlgorithms.java,36
hadoop,org.apache.hadoop.mapred.gridmix,RandomAlgorithms.DenseIndexMapper,1,0,0,0,31,0,0,0,-1.0,0,0,/Users/eashraf/hadoop/hadoop-tools/hadoop-gridmix/src/main/java/org/apache/hadoop/mapred/gridmix/RandomAlgorithms.java,79
hadoop,org.apache.hadoop.mapred.gridmix,RandomAlgorithms.Selector,3,0,0,0,56,0,0,0,-1.0,0,0,/Users/eashraf/hadoop/hadoop-tools/hadoop-gridmix/src/main/java/org/apache/hadoop/mapred/gridmix/RandomAlgorithms.java,117
hadoop,org.apache.hadoop.mapred.gridmix,GridmixJobSubmissionPolicy,3,1,7,6,31,7,0,0,0.7142857142857143,7,7,/Users/eashraf/hadoop/hadoop-tools/hadoop-gridmix/src/main/java/org/apache/hadoop/mapred/gridmix/GridmixJobSubmissionPolicy.java,30
hadoop,org.apache.hadoop.mapred.gridmix,GridmixKey,13,0,23,20,219,34,1,1,0.08695652173913043,18,3,/Users/eashraf/hadoop/hadoop-tools/hadoop-gridmix/src/main/java/org/apache/hadoop/mapred/gridmix/GridmixKey.java,30
hadoop,org.apache.hadoop.mapred.gridmix,GridmixKey.Spec,5,0,0,0,49,0,0,0,-1.0,0,1,/Users/eashraf/hadoop/hadoop-tools/hadoop-gridmix/src/main/java/org/apache/hadoop/mapred/gridmix/GridmixKey.java,211
hadoop,org.apache.hadoop.mapred.gridmix,GridmixKey.Comparator,2,0,0,0,24,0,0,1,-1.0,0,2,/Users/eashraf/hadoop/hadoop-tools/hadoop-gridmix/src/main/java/org/apache/hadoop/mapred/gridmix/GridmixKey.java,270
hadoop,org.apache.hadoop.mapred.gridmix,Summarizer,3,0,7,1,40,7,0,0,0.2857142857142857,4,5,/Users/eashraf/hadoop/hadoop-tools/hadoop-gridmix/src/main/java/org/apache/hadoop/mapred/gridmix/Summarizer.java,25
hadoop,org.apache.hadoop.mapred.gridmix.emulators.resourceusage,TotalHeapUsageEmulatorPlugin,16,4,7,5,131,12,0,1,0.2857142857142857,1,4,/Users/eashraf/hadoop/hadoop-tools/hadoop-gridmix/src/main/java/org/apache/hadoop/mapred/gridmix/emulators/resourceusage/TotalHeapUsageEmulatorPlugin.java,27
hadoop,org.apache.hadoop.mapred.gridmix.emulators.resourceusage,TotalHeapUsageEmulatorPlugin.HeapUsageEmulatorCore,0,0,0,0,17,0,0,0,-1.0,0,0,/Users/eashraf/hadoop/hadoop-tools/hadoop-gridmix/src/main/java/org/apache/hadoop/mapred/gridmix/emulators/resourceusage/TotalHeapUsageEmulatorPlugin.java,98
hadoop,org.apache.hadoop.mapred.gridmix.emulators.resourceusage,TotalHeapUsageEmulatorPlugin.DefaultHeapUsageEmulator,1,0,0,0,29,0,0,0,-1.0,0,0,/Users/eashraf/hadoop/hadoop-tools/hadoop-gridmix/src/main/java/org/apache/hadoop/mapred/gridmix/emulators/resourceusage/TotalHeapUsageEmulatorPlugin.java,124
hadoop,org.apache.hadoop.mapred.gridmix.emulators.resourceusage,CumulativeCpuUsageEmulatorPlugin,13,1,7,5,140,12,0,1,0.2857142857142857,1,4,/Users/eashraf/hadoop/hadoop-tools/hadoop-gridmix/src/main/java/org/apache/hadoop/mapred/gridmix/emulators/resourceusage/CumulativeCpuUsageEmulatorPlugin.java,28
hadoop,org.apache.hadoop.mapred.gridmix.emulators.resourceusage,CumulativeCpuUsageEmulatorPlugin.CpuUsageEmulatorCore,0,0,0,0,13,0,0,0,-1.0,0,0,/Users/eashraf/hadoop/hadoop-tools/hadoop-gridmix/src/main/java/org/apache/hadoop/mapred/gridmix/emulators/resourceusage/CumulativeCpuUsageEmulatorPlugin.java,77
hadoop,org.apache.hadoop.mapred.gridmix.emulators.resourceusage,CumulativeCpuUsageEmulatorPlugin.DefaultCpuUsageEmulator,3,0,0,0,53,0,0,0,-1.0,0,0,/Users/eashraf/hadoop/hadoop-tools/hadoop-gridmix/src/main/java/org/apache/hadoop/mapred/gridmix/emulators/resourceusage/CumulativeCpuUsageEmulatorPlugin.java,99
hadoop,org.apache.hadoop.mapred.gridmix.emulators.resourceusage,ResourceUsageMatcher,2,1,3,3,53,11,0,0,0.0,3,6,/Users/eashraf/hadoop/hadoop-tools/hadoop-gridmix/src/main/java/org/apache/hadoop/mapred/gridmix/emulators/resourceusage/ResourceUsageMatcher.java,30
hadoop,org.apache.hadoop.mapred.gridmix.emulators.resourceusage,ResourceUsageEmulatorPlugin,0,0,2,0,15,2,2,0,-1.0,2,4,/Users/eashraf/hadoop/hadoop-tools/hadoop-gridmix/src/main/java/org/apache/hadoop/mapred/gridmix/emulators/resourceusage/ResourceUsageEmulatorPlugin.java,27
hadoop,org.apache.hadoop.fs.swift,TestSwiftFileSystemDirectories,0,0,7,5,79,7,0,2,-1.0,0,4,/Users/eashraf/hadoop/hadoop-tools/hadoop-openstack/src/test/java/org/apache/hadoop/fs/swift/TestSwiftFileSystemDirectories.java,29
hadoop,org.apache.hadoop.fs.swift,TestSwiftObjectPath,2,0,11,9,92,11,0,1,0.7272727272727273,0,5,/Users/eashraf/hadoop/hadoop-tools/hadoop-openstack/src/test/java/org/apache/hadoop/fs/swift/TestSwiftObjectPath.java,35
hadoop,org.apache.hadoop.fs.swift,TestSeek,6,1,13,11,165,14,0,2,0.23076923076923078,0,6,/Users/eashraf/hadoop/hadoop-tools/hadoop-openstack/src/test/java/org/apache/hadoop/fs/swift/TestSeek.java,36
hadoop,org.apache.hadoop.fs.swift,TestSwiftFileSystemConcurrency,4,1,3,3,61,5,0,2,0.0,0,3,/Users/eashraf/hadoop/hadoop-tools/hadoop-openstack/src/test/java/org/apache/hadoop/fs/swift/TestSwiftFileSystemConcurrency.java,34
hadoop,org.apache.hadoop.fs.swift,TestReadPastBuffer,7,2,7,6,83,8,0,2,0.42857142857142855,0,6,/Users/eashraf/hadoop/hadoop-tools/hadoop-openstack/src/test/java/org/apache/hadoop/fs/swift/TestReadPastBuffer.java,32
hadoop,org.apache.hadoop.fs.swift,TestSwiftFileSystemPartitionedUploads,5,4,15,9,259,21,0,2,0.4666666666666667,1,10,/Users/eashraf/hadoop/hadoop-tools/hadoop-openstack/src/test/java/org/apache/hadoop/fs/swift/TestSwiftFileSystemPartitionedUploads.java,41
hadoop,org.apache.hadoop.fs.swift,TestSwiftFileSystemContract,1,0,8,4,70,8,0,0,0.75,0,4,/Users/eashraf/hadoop/hadoop-tools/hadoop-openstack/src/test/java/org/apache/hadoop/fs/swift/TestSwiftFileSystemContract.java,35
hadoop,org.apache.hadoop.fs.swift,TestSwiftFileSystemBlocksize,0,0,4,4,22,4,0,2,-1.0,0,3,/Users/eashraf/hadoop/hadoop-tools/hadoop-openstack/src/test/java/org/apache/hadoop/fs/swift/TestSwiftFileSystemBlocksize.java,26
hadoop,org.apache.hadoop.fs.swift,TestSwiftFileSystemBasicOps,1,0,18,16,193,21,0,2,0.5555555555555556,0,4,/Users/eashraf/hadoop/hadoop-tools/hadoop-openstack/src/test/java/org/apache/hadoop/fs/swift/TestSwiftFileSystemBasicOps.java,40
hadoop,org.apache.hadoop.fs.swift,AcceptAllFilter,0,0,1,1,8,1,0,0,-1.0,1,1,/Users/eashraf/hadoop/hadoop-tools/hadoop-openstack/src/test/java/org/apache/hadoop/fs/swift/AcceptAllFilter.java,23
hadoop,org.apache.hadoop.fs.swift,SwiftFileSystemBaseTest,5,0,31,7,282,35,13,1,0.22580645161290322,0,6,/Users/eashraf/hadoop/hadoop-tools/hadoop-openstack/src/test/java/org/apache/hadoop/fs/swift/SwiftFileSystemBaseTest.java,50
hadoop,org.apache.hadoop.fs.swift,TestLogResources,1,0,5,3,29,6,0,1,0.4,0,0,/Users/eashraf/hadoop/hadoop-tools/hadoop-openstack/src/test/java/org/apache/hadoop/fs/swift/TestLogResources.java,27
hadoop,org.apache.hadoop.fs.swift,TestSwiftConfig,1,1,18,15,115,18,0,0,0.0,0,2,/Users/eashraf/hadoop/hadoop-tools/hadoop-openstack/src/test/java/org/apache/hadoop/fs/swift/TestSwiftConfig.java,42
hadoop,org.apache.hadoop.fs.swift,TestSwiftFileSystemRename,0,0,14,14,175,18,0,2,-1.0,0,4,/Users/eashraf/hadoop/hadoop-tools/hadoop-openstack/src/test/java/org/apache/hadoop/fs/swift/TestSwiftFileSystemRename.java,36
hadoop,org.apache.hadoop.fs.swift,TestSwiftFileSystemRead,0,0,3,3,44,3,0,2,-1.0,0,3,/Users/eashraf/hadoop/hadoop-tools/hadoop-openstack/src/test/java/org/apache/hadoop/fs/swift/TestSwiftFileSystemRead.java,32
hadoop,org.apache.hadoop.fs.swift,TestSwiftFileSystemLsOperations,1,0,10,9,95,13,0,2,0.7,0,3,/Users/eashraf/hadoop/hadoop-tools/hadoop-openstack/src/test/java/org/apache/hadoop/fs/swift/TestSwiftFileSystemLsOperations.java,32
hadoop,org.apache.hadoop.fs.swift,SwiftTestConstants,2,0,0,0,13,0,3,0,-1.0,0,0,/Users/eashraf/hadoop/hadoop-tools/hadoop-openstack/src/test/java/org/apache/hadoop/fs/swift/SwiftTestConstants.java,21
hadoop,org.apache.hadoop.fs.swift,TestSwiftFileSystemDelete,0,0,6,6,52,6,0,2,-1.0,0,2,/Users/eashraf/hadoop/hadoop-tools/hadoop-openstack/src/test/java/org/apache/hadoop/fs/swift/TestSwiftFileSystemDelete.java,26
hadoop,org.apache.hadoop.fs.swift,TestFSMainOperationsSwift,1,0,52,50,169,53,0,0,1.0,0,5,/Users/eashraf/hadoop/hadoop-tools/hadoop-openstack/src/test/java/org/apache/hadoop/fs/swift/TestFSMainOperationsSwift.java,34
hadoop,org.apache.hadoop.fs.swift,TestSwiftFileSystemExtendedContract,0,0,8,8,80,8,0,2,-1.0,0,10,/Users/eashraf/hadoop/hadoop-tools/hadoop-openstack/src/test/java/org/apache/hadoop/fs/swift/TestSwiftFileSystemExtendedContract.java,37
hadoop,org.apache.hadoop.fs.swift,TestSwiftFileSystemBlockLocation,0,0,11,8,86,13,0,2,-1.0,0,5,/Users/eashraf/hadoop/hadoop-tools/hadoop-openstack/src/test/java/org/apache/hadoop/fs/swift/TestSwiftFileSystemBlockLocation.java,30
hadoop,org.apache.hadoop.fs.swift.contract,SwiftContract,1,1,2,2,13,2,0,0,1.0,0,2,/Users/eashraf/hadoop/hadoop-tools/hadoop-openstack/src/test/java/org/apache/hadoop/fs/swift/contract/SwiftContract.java,25
hadoop,org.apache.hadoop.fs.swift.contract,TestSwiftContractMkdir,0,0,1,0,8,1,0,0,-1.0,0,1,/Users/eashraf/hadoop/hadoop-tools/hadoop-openstack/src/test/java/org/apache/hadoop/fs/swift/contract/TestSwiftContractMkdir.java,25
hadoop,org.apache.hadoop.fs.swift.contract,TestSwiftContractDelete,0,0,1,0,5,1,0,0,-1.0,0,1,/Users/eashraf/hadoop/hadoop-tools/hadoop-openstack/src/test/java/org/apache/hadoop/fs/swift/contract/TestSwiftContractDelete.java,25
hadoop,org.apache.hadoop.fs.swift.contract,TestSwiftContractRootDir,0,0,1,0,8,1,0,0,-1.0,0,1,/Users/eashraf/hadoop/hadoop-tools/hadoop-openstack/src/test/java/org/apache/hadoop/fs/swift/contract/TestSwiftContractRootDir.java,25
hadoop,org.apache.hadoop.fs.swift.contract,TestSwiftContractOpen,0,0,3,2,11,3,0,0,-1.0,0,2,/Users/eashraf/hadoop/hadoop-tools/hadoop-openstack/src/test/java/org/apache/hadoop/fs/swift/contract/TestSwiftContractOpen.java,26
hadoop,org.apache.hadoop.fs.swift.contract,TestSwiftContractSeek,0,0,1,0,5,1,0,0,-1.0,0,1,/Users/eashraf/hadoop/hadoop-tools/hadoop-openstack/src/test/java/org/apache/hadoop/fs/swift/contract/TestSwiftContractSeek.java,25
hadoop,org.apache.hadoop.fs.swift.contract,TestSwiftContractRename,0,0,1,0,5,1,0,0,-1.0,0,1,/Users/eashraf/hadoop/hadoop-tools/hadoop-openstack/src/test/java/org/apache/hadoop/fs/swift/contract/TestSwiftContractRename.java,25
hadoop,org.apache.hadoop.fs.swift.contract,TestSwiftContractCreate,0,0,2,1,8,2,0,0,-1.0,0,2,/Users/eashraf/hadoop/hadoop-tools/hadoop-openstack/src/test/java/org/apache/hadoop/fs/swift/contract/TestSwiftContractCreate.java,26
hadoop,org.apache.hadoop.fs.swift.hdfs2,TestV2LsOperations,1,0,6,5,68,9,0,0,0.3333333333333333,0,5,/Users/eashraf/hadoop/hadoop-tools/hadoop-openstack/src/test/java/org/apache/hadoop/fs/swift/hdfs2/TestV2LsOperations.java,31
hadoop,org.apache.hadoop.fs.swift.hdfs2,TestSwiftFileSystemDirectoriesHdfs2,0,0,1,0,14,1,0,0,-1.0,0,1,/Users/eashraf/hadoop/hadoop-tools/hadoop-openstack/src/test/java/org/apache/hadoop/fs/swift/hdfs2/TestSwiftFileSystemDirectoriesHdfs2.java,24
hadoop,org.apache.hadoop.fs.swift.scale,TestWriteManySmallFiles,1,1,1,1,51,3,0,1,0.0,0,5,/Users/eashraf/hadoop/hadoop-tools/hadoop-openstack/src/test/java/org/apache/hadoop/fs/swift/scale/TestWriteManySmallFiles.java,30
hadoop,org.apache.hadoop.fs.swift.scale,SwiftScaleTestBase,3,3,1,0,11,1,1,0,0.0,0,0,/Users/eashraf/hadoop/hadoop-tools/hadoop-openstack/src/test/java/org/apache/hadoop/fs/swift/scale/SwiftScaleTestBase.java,23
hadoop,org.apache.hadoop.fs.swift.http,TestSwiftRestClient,4,0,6,4,55,9,0,0,0.0,0,6,/Users/eashraf/hadoop/hadoop-tools/hadoop-openstack/src/test/java/org/apache/hadoop/fs/swift/http/TestSwiftRestClient.java,41
hadoop,org.apache.hadoop.fs.swift.http,TestRestClientBindings,9,0,15,13,104,16,0,0,0.13333333333333333,0,2,/Users/eashraf/hadoop/hadoop-tools/hadoop-openstack/src/test/java/org/apache/hadoop/fs/swift/http/TestRestClientBindings.java,46
hadoop,org.apache.hadoop.fs.swift.http,SwiftRestClient,31,1,81,42,1200,138,0,0,0.19753086419753085,4,13,/Users/eashraf/hadoop/hadoop-tools/hadoop-openstack/src/main/java/org/apache/hadoop/fs/swift/http/SwiftRestClient.java,82
hadoop,org.apache.hadoop.fs.swift.http,SwiftRestClient.HttpMethodProcessor,0,0,0,0,34,0,0,0,-1.0,0,0,/Users/eashraf/hadoop/hadoop-tools/hadoop-openstack/src/main/java/org/apache/hadoop/fs/swift/http/SwiftRestClient.java,279
hadoop,org.apache.hadoop.fs.swift.http,SwiftRestClient.GetMethodProcessor,0,0,0,0,5,0,0,0,-1.0,0,0,/Users/eashraf/hadoop/hadoop-tools/hadoop-openstack/src/main/java/org/apache/hadoop/fs/swift/http/SwiftRestClient.java,327
hadoop,org.apache.hadoop.fs.swift.http,SwiftRestClient.PostMethodProcessor,0,0,0,0,5,0,0,0,-1.0,0,0,/Users/eashraf/hadoop/hadoop-tools/hadoop-openstack/src/main/java/org/apache/hadoop/fs/swift/http/SwiftRestClient.java,334
hadoop,org.apache.hadoop.fs.swift.http,SwiftRestClient.AuthPostMethod,0,0,0,0,8,0,0,0,-1.0,0,0,/Users/eashraf/hadoop/hadoop-tools/hadoop-openstack/src/main/java/org/apache/hadoop/fs/swift/http/SwiftRestClient.java,341
hadoop,org.apache.hadoop.fs.swift.http,SwiftRestClient.AuthMethodProcessor,0,0,0,0,9,0,0,0,-1.0,0,0,/Users/eashraf/hadoop/hadoop-tools/hadoop-openstack/src/main/java/org/apache/hadoop/fs/swift/http/SwiftRestClient.java,354
hadoop,org.apache.hadoop.fs.swift.http,SwiftRestClient.PutMethodProcessor,0,0,0,0,12,0,0,0,-1.0,0,0,/Users/eashraf/hadoop/hadoop-tools/hadoop-openstack/src/main/java/org/apache/hadoop/fs/swift/http/SwiftRestClient.java,366
hadoop,org.apache.hadoop.fs.swift.http,SwiftRestClient.CopyMethodProcessor,0,0,0,0,16,0,0,0,-1.0,0,0,/Users/eashraf/hadoop/hadoop-tools/hadoop-openstack/src/main/java/org/apache/hadoop/fs/swift/http/SwiftRestClient.java,388
hadoop,org.apache.hadoop.fs.swift.http,SwiftRestClient.DeleteMethodProcessor,0,0,0,0,12,0,0,0,-1.0,0,0,/Users/eashraf/hadoop/hadoop-tools/hadoop-openstack/src/main/java/org/apache/hadoop/fs/swift/http/SwiftRestClient.java,411
hadoop,org.apache.hadoop.fs.swift.http,SwiftRestClient.HeadMethodProcessor,0,0,0,0,5,0,0,0,-1.0,0,0,/Users/eashraf/hadoop/hadoop-tools/hadoop-openstack/src/main/java/org/apache/hadoop/fs/swift/http/SwiftRestClient.java,433
hadoop,org.apache.hadoop.fs.swift.http,SwiftRestClient.AuthenticationPost,1,0,0,0,78,0,0,0,-1.0,0,1,/Users/eashraf/hadoop/hadoop-tools/hadoop-openstack/src/main/java/org/apache/hadoop/fs/swift/http/SwiftRestClient.java,1084
hadoop,org.apache.hadoop.fs.swift.http,HttpInputStreamWithRelease,8,0,10,6,166,23,0,0,0.0,2,1,/Users/eashraf/hadoop/hadoop-tools/hadoop-openstack/src/main/java/org/apache/hadoop/fs/swift/http/HttpInputStreamWithRelease.java,33
hadoop,org.apache.hadoop.fs.swift.http,SwiftProtocolConstants,70,68,0,0,195,0,0,0,-1.0,8,0,/Users/eashraf/hadoop/hadoop-tools/hadoop-openstack/src/main/java/org/apache/hadoop/fs/swift/http/SwiftProtocolConstants.java,23
hadoop,org.apache.hadoop.fs.swift.http,HttpBodyContent,2,0,3,3,22,3,0,0,0.0,2,1,/Users/eashraf/hadoop/hadoop-tools/hadoop-openstack/src/main/java/org/apache/hadoop/fs/swift/http/HttpBodyContent.java,20
hadoop,org.apache.hadoop.fs.swift.http,ExceptionDiags,4,2,3,1,61,8,0,0,0.6666666666666666,1,0,/Users/eashraf/hadoop/hadoop-tools/hadoop-openstack/src/main/java/org/apache/hadoop/fs/swift/http/ExceptionDiags.java,31
hadoop,org.apache.hadoop.fs.swift.http,CopyMethod,0,0,2,2,14,2,0,0,-1.0,1,0,/Users/eashraf/hadoop/hadoop-tools/hadoop-openstack/src/main/java/org/apache/hadoop/fs/swift/http/CopyMethod.java,23
hadoop,org.apache.hadoop.fs.swift.http,RestClientBindings,2,1,10,7,128,18,0,0,0.0,5,1,/Users/eashraf/hadoop/hadoop-tools/hadoop-openstack/src/main/java/org/apache/hadoop/fs/swift/http/RestClientBindings.java,31
hadoop,org.apache.hadoop.fs.swift.snative,SwiftNativeInputStream,10,0,16,8,263,37,0,0,0.125,0,7,/Users/eashraf/hadoop/hadoop-tools/hadoop-openstack/src/main/java/org/apache/hadoop/fs/swift/snative/SwiftNativeInputStream.java,36
hadoop,org.apache.hadoop.fs.swift.snative,StrictBufferedFSInputStream,0,0,2,2,17,4,0,0,-1.0,0,2,/Users/eashraf/hadoop/hadoop-tools/hadoop-openstack/src/main/java/org/apache/hadoop/fs/swift/snative/StrictBufferedFSInputStream.java,29
hadoop,org.apache.hadoop.fs.swift.snative,SwiftNativeFileSystem,5,1,39,31,468,68,0,0,0.10256410256410256,6,11,/Users/eashraf/hadoop/hadoop-tools/hadoop-openstack/src/main/java/org/apache/hadoop/fs/swift/snative/SwiftNativeFileSystem.java,50
hadoop,org.apache.hadoop.fs.swift.snative,SwiftNativeOutputStream,15,1,19,6,249,38,0,0,0.0,1,4,/Users/eashraf/hadoop/hadoop-tools/hadoop-openstack/src/main/java/org/apache/hadoop/fs/swift/snative/SwiftNativeOutputStream.java,37
hadoop,org.apache.hadoop.fs.swift.snative,SwiftNativeFileSystemStore,5,0,37,28,639,88,0,0,0.0,3,10,/Users/eashraf/hadoop/hadoop-tools/hadoop-openstack/src/main/java/org/apache/hadoop/fs/swift/snative/SwiftNativeFileSystemStore.java,59
hadoop,org.apache.hadoop.fs.swift.snative,SwiftFileStatus,0,0,8,8,49,8,0,0,-1.0,3,2,/Users/eashraf/hadoop/hadoop-tools/hadoop-openstack/src/main/java/org/apache/hadoop/fs/swift/snative/SwiftFileStatus.java,25
hadoop,org.apache.hadoop.fs.swift.snative,SwiftObjectFileStatus,6,0,15,12,70,17,0,0,0.13333333333333333,1,0,/Users/eashraf/hadoop/hadoop-tools/hadoop-openstack/src/main/java/org/apache/hadoop/fs/swift/snative/SwiftObjectFileStatus.java,23
hadoop,org.apache.hadoop.fs.swift.util,JSONUtil,1,0,6,5,82,6,0,0,0.3333333333333333,2,0,/Users/eashraf/hadoop/hadoop-tools/hadoop-openstack/src/main/java/org/apache/hadoop/fs/swift/util/JSONUtil.java,33
hadoop,org.apache.hadoop.fs.swift.util,SwiftTestUtils,3,2,31,31,373,50,0,0,0.3870967741935484,17,7,/Users/eashraf/hadoop/hadoop-tools/hadoop-openstack/src/main/java/org/apache/hadoop/fs/swift/util/SwiftTestUtils.java,38
hadoop,org.apache.hadoop.fs.swift.util,Duration,2,0,7,6,28,7,0,0,0.0,5,0,/Users/eashraf/hadoop/hadoop-tools/hadoop-openstack/src/main/java/org/apache/hadoop/fs/swift/util/Duration.java,21
hadoop,org.apache.hadoop.fs.swift.util,DurationStatsTable,1,0,3,3,47,7,0,0,0.0,1,2,/Users/eashraf/hadoop/hadoop-tools/hadoop-openstack/src/main/java/org/apache/hadoop/fs/swift/util/DurationStatsTable.java,25
hadoop,org.apache.hadoop.fs.swift.util,SwiftUtils,1,1,11,11,152,23,0,0,0.8181818181818182,10,4,/Users/eashraf/hadoop/hadoop-tools/hadoop-openstack/src/main/java/org/apache/hadoop/fs/swift/util/SwiftUtils.java,29
hadoop,org.apache.hadoop.fs.swift.util,SwiftObjectPath,4,0,12,11,108,19,0,0,0.16666666666666666,6,3,/Users/eashraf/hadoop/hadoop-tools/hadoop-openstack/src/main/java/org/apache/hadoop/fs/swift/util/SwiftObjectPath.java,28
hadoop,org.apache.hadoop.fs.swift.util,DurationStats,7,0,11,11,111,13,0,0,0.18181818181818182,2,1,/Users/eashraf/hadoop/hadoop-tools/hadoop-openstack/src/main/java/org/apache/hadoop/fs/swift/util/DurationStats.java,21
hadoop,org.apache.hadoop.fs.swift.auth,ApiKeyAuthenticationRequest,1,0,4,4,33,4,0,1,0.0,0,1,/Users/eashraf/hadoop/hadoop-tools/hadoop-openstack/src/main/java/org/apache/hadoop/fs/swift/auth/ApiKeyAuthenticationRequest.java,23
hadoop,org.apache.hadoop.fs.swift.auth,AuthenticationRequestWrapper,1,0,4,4,32,4,0,0,0.5,0,1,/Users/eashraf/hadoop/hadoop-tools/hadoop-openstack/src/main/java/org/apache/hadoop/fs/swift/auth/AuthenticationRequestWrapper.java,21
hadoop,org.apache.hadoop.fs.swift.auth,PasswordAuthenticationRequest,1,0,4,4,32,4,0,1,0.0,0,1,/Users/eashraf/hadoop/hadoop-tools/hadoop-openstack/src/main/java/org/apache/hadoop/fs/swift/auth/PasswordAuthenticationRequest.java,21
hadoop,org.apache.hadoop.fs.swift.auth,AuthenticationWrapper,1,0,2,2,21,2,0,0,0.0,0,1,/Users/eashraf/hadoop/hadoop-tools/hadoop-openstack/src/main/java/org/apache/hadoop/fs/swift/auth/AuthenticationWrapper.java,21
hadoop,org.apache.hadoop.fs.swift.auth,KeyStoneAuthRequest,1,0,4,4,26,4,0,1,0.0,0,1,/Users/eashraf/hadoop/hadoop-tools/hadoop-openstack/src/main/java/org/apache/hadoop/fs/swift/auth/KeyStoneAuthRequest.java,21
hadoop,org.apache.hadoop.fs.swift.auth,AuthenticationResponse,4,0,8,8,33,8,0,0,0.5,1,2,/Users/eashraf/hadoop/hadoop-tools/hadoop-openstack/src/main/java/org/apache/hadoop/fs/swift/auth/AuthenticationResponse.java,27
hadoop,org.apache.hadoop.fs.swift.auth,KeystoneApiKeyCredentials,2,0,6,6,32,6,0,0,0.0,1,0,/Users/eashraf/hadoop/hadoop-tools/hadoop-openstack/src/main/java/org/apache/hadoop/fs/swift/auth/KeystoneApiKeyCredentials.java,21
hadoop,org.apache.hadoop.fs.swift.auth,AuthenticationRequest,1,0,4,4,26,4,3,0,0.5,3,0,/Users/eashraf/hadoop/hadoop-tools/hadoop-openstack/src/main/java/org/apache/hadoop/fs/swift/auth/AuthenticationRequest.java,21
hadoop,org.apache.hadoop.fs.swift.auth,ApiKeyCredentials,2,0,7,7,53,7,0,0,0.2857142857142857,1,0,/Users/eashraf/hadoop/hadoop-tools/hadoop-openstack/src/main/java/org/apache/hadoop/fs/swift/auth/ApiKeyCredentials.java,22
hadoop,org.apache.hadoop.fs.swift.auth,Roles,5,0,10,10,61,10,0,0,0.5,0,0,/Users/eashraf/hadoop/hadoop-tools/hadoop-openstack/src/main/java/org/apache/hadoop/fs/swift/auth/Roles.java,21
hadoop,org.apache.hadoop.fs.swift.auth,PasswordCredentials,2,0,7,7,53,7,0,0,0.2857142857142857,1,0,/Users/eashraf/hadoop/hadoop-tools/hadoop-openstack/src/main/java/org/apache/hadoop/fs/swift/auth/PasswordCredentials.java,22
hadoop,org.apache.hadoop.fs.swift.auth.entities,Catalog,4,0,8,8,69,8,0,0,0.5,0,0,/Users/eashraf/hadoop/hadoop-tools/hadoop-openstack/src/main/java/org/apache/hadoop/fs/swift/auth/entities/Catalog.java,25
hadoop,org.apache.hadoop.fs.swift.auth.entities,User,5,0,10,10,85,10,0,0,0.5,1,0,/Users/eashraf/hadoop/hadoop-tools/hadoop-openstack/src/main/java/org/apache/hadoop/fs/swift/auth/entities/User.java,26
hadoop,org.apache.hadoop.fs.swift.auth.entities,AccessToken,3,0,7,7,56,7,0,0,0.0,2,1,/Users/eashraf/hadoop/hadoop-tools/hadoop-openstack/src/main/java/org/apache/hadoop/fs/swift/auth/entities/AccessToken.java,23
hadoop,org.apache.hadoop.fs.swift.auth.entities,Endpoint,10,0,20,20,135,20,0,0,0.5,0,0,/Users/eashraf/hadoop/hadoop-tools/hadoop-openstack/src/main/java/org/apache/hadoop/fs/swift/auth/entities/Endpoint.java,25
hadoop,org.apache.hadoop.fs.swift.auth.entities,Tenant,4,0,8,8,69,8,0,0,0.5,1,0,/Users/eashraf/hadoop/hadoop-tools/hadoop-openstack/src/main/java/org/apache/hadoop/fs/swift/auth/entities/Tenant.java,23
hadoop,org.apache.hadoop.fs.swift.exceptions,SwiftException,0,0,4,4,17,4,7,0,-1.0,0,0,/Users/eashraf/hadoop/hadoop-tools/hadoop-openstack/src/main/java/org/apache/hadoop/fs/swift/exceptions/SwiftException.java,23
hadoop,org.apache.hadoop.fs.swift.exceptions,SwiftInvalidResponseException,4,4,8,8,73,10,3,2,0.0,0,0,/Users/eashraf/hadoop/hadoop-tools/hadoop-openstack/src/main/java/org/apache/hadoop/fs/swift/exceptions/SwiftInvalidResponseException.java,26
hadoop,org.apache.hadoop.fs.swift.exceptions,SwiftAuthenticationFailedException,0,0,3,3,14,3,0,3,-1.0,0,0,/Users/eashraf/hadoop/hadoop-tools/hadoop-openstack/src/main/java/org/apache/hadoop/fs/swift/exceptions/SwiftAuthenticationFailedException.java,25
hadoop,org.apache.hadoop.fs.swift.exceptions,SwiftThrottledRequestException,0,0,1,1,8,1,0,3,-1.0,0,0,/Users/eashraf/hadoop/hadoop-tools/hadoop-openstack/src/main/java/org/apache/hadoop/fs/swift/exceptions/SwiftThrottledRequestException.java,25
hadoop,org.apache.hadoop.fs.swift.exceptions,SwiftConfigurationException,0,0,2,2,11,2,0,1,-1.0,0,0,/Users/eashraf/hadoop/hadoop-tools/hadoop-openstack/src/main/java/org/apache/hadoop/fs/swift/exceptions/SwiftConfigurationException.java,21
hadoop,org.apache.hadoop.fs.swift.exceptions,SwiftInternalStateException,0,0,3,3,14,3,0,1,-1.0,0,0,/Users/eashraf/hadoop/hadoop-tools/hadoop-openstack/src/main/java/org/apache/hadoop/fs/swift/exceptions/SwiftInternalStateException.java,21
hadoop,org.apache.hadoop.fs.swift.exceptions,SwiftJsonMarshallingException,0,0,2,2,11,2,0,1,-1.0,0,0,/Users/eashraf/hadoop/hadoop-tools/hadoop-openstack/src/main/java/org/apache/hadoop/fs/swift/exceptions/SwiftJsonMarshallingException.java,21
hadoop,org.apache.hadoop.fs.swift.exceptions,SwiftConnectionException,0,0,3,3,13,3,1,1,-1.0,0,0,/Users/eashraf/hadoop/hadoop-tools/hadoop-openstack/src/main/java/org/apache/hadoop/fs/swift/exceptions/SwiftConnectionException.java,21
hadoop,org.apache.hadoop.fs.swift.exceptions,SwiftUnsupportedFeatureException,0,0,1,1,8,1,0,1,-1.0,0,0,/Users/eashraf/hadoop/hadoop-tools/hadoop-openstack/src/main/java/org/apache/hadoop/fs/swift/exceptions/SwiftUnsupportedFeatureException.java,21
hadoop,org.apache.hadoop.fs.swift.exceptions,SwiftBadRequestException,0,0,3,3,14,3,0,3,-1.0,0,0,/Users/eashraf/hadoop/hadoop-tools/hadoop-openstack/src/main/java/org/apache/hadoop/fs/swift/exceptions/SwiftBadRequestException.java,25
hadoop,org.apache.hadoop.fs.swift.exceptions,SwiftConnectionClosedException,1,1,2,2,12,2,0,1,0.0,0,0,/Users/eashraf/hadoop/hadoop-tools/hadoop-openstack/src/main/java/org/apache/hadoop/fs/swift/exceptions/SwiftConnectionClosedException.java,20
hadoop,org.apache.hadoop.fs.swift.exceptions,SwiftOperationFailedException,0,0,2,2,11,2,0,1,-1.0,0,0,/Users/eashraf/hadoop/hadoop-tools/hadoop-openstack/src/main/java/org/apache/hadoop/fs/swift/exceptions/SwiftOperationFailedException.java,21
hadoop,org.apache.hadoop.tools.util,TestDistCpUtils,7,0,32,31,757,41,0,0,0.21875,6,10,/Users/eashraf/hadoop/hadoop-tools/hadoop-distcp/src/test/java/org/apache/hadoop/tools/util/TestDistCpUtils.java,44
hadoop,org.apache.hadoop.tools.util,TestThrottledInputStream,2,0,8,1,98,15,0,0,0.0,0,2,/Users/eashraf/hadoop/hadoop-tools/hadoop-distcp/src/test/java/org/apache/hadoop/tools/util/TestThrottledInputStream.java,29
hadoop,org.apache.hadoop.tools.util,TestThrottledInputStream.CB,0,0,0,0,1,0,0,0,-1.0,0,0,/Users/eashraf/hadoop/hadoop-tools/hadoop-distcp/src/test/java/org/apache/hadoop/tools/util/TestThrottledInputStream.java,33
hadoop,org.apache.hadoop.tools.util,DistCpTestUtils,0,0,2,2,42,4,0,0,-1.0,2,5,/Users/eashraf/hadoop/hadoop-tools/hadoop-distcp/src/test/java/org/apache/hadoop/tools/util/DistCpTestUtils.java,36
hadoop,org.apache.hadoop.tools.util,TestRetriableCommand,2,0,1,1,41,1,0,0,0.0,0,1,/Users/eashraf/hadoop/hadoop-tools/hadoop-distcp/src/test/java/org/apache/hadoop/tools/util/TestRetriableCommand.java,28
hadoop,org.apache.hadoop.tools.util,TestRetriableCommand.MyRetriableCommand,2,0,0,0,16,0,0,1,-1.0,0,0,/Users/eashraf/hadoop/hadoop-tools/hadoop-distcp/src/test/java/org/apache/hadoop/tools/util/TestRetriableCommand.java,30
hadoop,org.apache.hadoop.tools.util,RetriableCommand,5,0,5,4,70,7,1,0,0.4,0,2,/Users/eashraf/hadoop/hadoop-tools/hadoop-distcp/src/main/java/org/apache/hadoop/tools/util/RetriableCommand.java,32
hadoop,org.apache.hadoop.tools.util,ThrottledInputStream,6,0,12,11,113,19,0,0,0.0,2,0,/Users/eashraf/hadoop/hadoop-tools/hadoop-distcp/src/main/java/org/apache/hadoop/tools/util/ThrottledInputStream.java,29
hadoop,org.apache.hadoop.tools.util,DistCpUtils,2,0,20,19,340,54,0,0,0.75,14,14,/Users/eashraf/hadoop/hadoop-tools/hadoop-distcp/src/main/java/org/apache/hadoop/tools/util/DistCpUtils.java,56
hadoop,org.apache.hadoop.tools.mapred,TestCopyCommitter,6,1,13,10,305,28,0,0,0.0,0,13,/Users/eashraf/hadoop/hadoop-tools/hadoop-distcp/src/test/java/org/apache/hadoop/tools/mapred/TestCopyCommitter.java,45
hadoop,org.apache.hadoop.tools.mapred,TestCopyCommitter.NullInputFormat,0,0,0,0,8,0,0,0,-1.0,0,0,/Users/eashraf/hadoop/hadoop-tools/hadoop-distcp/src/test/java/org/apache/hadoop/tools/mapred/TestCopyCommitter.java,409
hadoop,org.apache.hadoop.tools.mapred,TestCopyMapper,9,0,47,28,723,77,0,0,0.0,0,20,/Users/eashraf/hadoop/hadoop-tools/hadoop-distcp/src/test/java/org/apache/hadoop/tools/mapred/TestCopyMapper.java,58
hadoop,org.apache.hadoop.tools.mapred,TestRetriableFileCopyCommand,0,0,1,1,21,1,0,0,-1.0,0,1,/Users/eashraf/hadoop/hadoop-tools/hadoop-distcp/src/test/java/org/apache/hadoop/tools/mapred/TestRetriableFileCopyCommand.java,34
hadoop,org.apache.hadoop.tools.mapred,TestCopyOutputFormat,1,0,4,4,94,4,0,0,0.0,0,3,/Users/eashraf/hadoop/hadoop-tools/hadoop-distcp/src/test/java/org/apache/hadoop/tools/mapred/TestCopyOutputFormat.java,34
hadoop,org.apache.hadoop.tools.mapred,TestUniformSizeInputFormat,6,0,7,4,96,13,0,0,0.0,0,15,/Users/eashraf/hadoop/hadoop-tools/hadoop-distcp/src/test/java/org/apache/hadoop/tools/mapred/TestUniformSizeInputFormat.java,49
hadoop,org.apache.hadoop.tools.mapred,CopyOutputFormat,0,0,8,6,77,12,0,0,-1.0,2,4,/Users/eashraf/hadoop/hadoop-tools/hadoop-distcp/src/main/java/org/apache/hadoop/tools/mapred/CopyOutputFormat.java,30
hadoop,org.apache.hadoop.tools.mapred,RetriableFileCopyCommand,4,0,16,2,192,29,0,0,0.125,1,14,/Users/eashraf/hadoop/hadoop-tools/hadoop-distcp/src/main/java/org/apache/hadoop/tools/mapred/RetriableFileCopyCommand.java,49
hadoop,org.apache.hadoop.tools.mapred,RetriableFileCopyCommand.CopyReadException,0,0,0,0,8,0,0,0,-1.0,0,0,/Users/eashraf/hadoop/hadoop-tools/hadoop-distcp/src/main/java/org/apache/hadoop/tools/mapred/RetriableFileCopyCommand.java,327
hadoop,org.apache.hadoop.tools.mapred,UniformSizeInputFormat,1,0,5,2,88,13,0,0,0.4,2,10,/Users/eashraf/hadoop/hadoop-tools/hadoop-distcp/src/main/java/org/apache/hadoop/tools/mapred/UniformSizeInputFormat.java,40
hadoop,org.apache.hadoop.tools.mapred,RetriableDirectoryCreateCommand,0,0,2,1,25,2,0,0,-1.0,0,3,/Users/eashraf/hadoop/hadoop-tools/hadoop-distcp/src/main/java/org/apache/hadoop/tools/mapred/RetriableDirectoryCreateCommand.java,26
hadoop,org.apache.hadoop.tools.mapred,CopyMapper,10,0,13,2,237,32,0,0,0.0,2,14,/Users/eashraf/hadoop/hadoop-tools/hadoop-distcp/src/main/java/org/apache/hadoop/tools/mapred/CopyMapper.java,46
hadoop,org.apache.hadoop.tools.mapred,CopyMapper.Counter,0,0,0,0,4,0,0,0,-1.0,0,0,/Users/eashraf/hadoop/hadoop-tools/hadoop-distcp/src/main/java/org/apache/hadoop/tools/mapred/CopyMapper.java,52
hadoop,org.apache.hadoop.tools.mapred,CopyMapper.FileAction,0,0,0,0,4,0,0,0,-1.0,0,0,/Users/eashraf/hadoop/hadoop-tools/hadoop-distcp/src/main/java/org/apache/hadoop/tools/mapred/CopyMapper.java,67
hadoop,org.apache.hadoop.tools.mapred,CopyCommitter,5,0,9,3,200,24,0,0,0.0,1,8,/Users/eashraf/hadoop/hadoop-tools/hadoop-distcp/src/main/java/org/apache/hadoop/tools/mapred/CopyCommitter.java,41
hadoop,org.apache.hadoop.tools.mapred.lib,TestDynamicInputFormat,6,0,7,4,99,10,0,0,0.2857142857142857,0,12,/Users/eashraf/hadoop/hadoop-tools/hadoop-distcp/src/test/java/org/apache/hadoop/tools/mapred/lib/TestDynamicInputFormat.java,46
hadoop,org.apache.hadoop.tools.mapred.lib,DynamicInputFormat,5,0,19,2,186,32,0,0,0.10526315789473684,2,9,/Users/eashraf/hadoop/hadoop-tools/hadoop-distcp/src/main/java/org/apache/hadoop/tools/mapred/lib/DynamicInputFormat.java,38
hadoop,org.apache.hadoop.tools.mapred.lib,DynamicRecordReader,11,0,8,6,114,17,0,0,0.0,0,5,/Users/eashraf/hadoop/hadoop-tools/hadoop-distcp/src/main/java/org/apache/hadoop/tools/mapred/lib/DynamicRecordReader.java,31
hadoop,org.apache.hadoop.tools.mapred.lib,DynamicInputChunk,9,0,17,9,145,25,0,0,0.0,2,13,/Users/eashraf/hadoop/hadoop-tools/hadoop-distcp/src/main/java/org/apache/hadoop/tools/mapred/lib/DynamicInputChunk.java,39
hadoop,org.apache.hadoop.mapred.tools,TestGetGroups,1,0,3,2,16,3,0,0,0.6666666666666666,0,1,/Users/eashraf/hadoop/hadoop-tools/hadoop-extras/src/test/java/org/apache/hadoop/mapred/tools/TestGetGroups.java,31
hadoop,org.apache.hadoop.mapred.tools,GetGroups,0,0,4,1,22,4,0,0,-1.0,0,2,/Users/eashraf/hadoop/hadoop-tools/hadoop-extras/src/main/java/org/apache/hadoop/mapred/tools/GetGroups.java,28
hadoop,org.apache.hadoop.fs.azure,TestBlobDataValidation,2,0,8,6,133,14,0,0,0.25,0,3,/Users/eashraf/hadoop/hadoop-tools/hadoop-azure/src/test/java/org/apache/hadoop/fs/azure/TestBlobDataValidation.java,53
hadoop,org.apache.hadoop.fs.azure,TestBlobDataValidation.ContentMD5Checker,1,0,0,0,32,0,0,0,-1.0,0,0,/Users/eashraf/hadoop/hadoop-tools/hadoop-azure/src/test/java/org/apache/hadoop/fs/azure/TestBlobDataValidation.java,159
hadoop,org.apache.hadoop.fs.azure,TestNativeAzureFileSystemMocked,0,0,7,6,17,7,0,1,-1.0,0,1,/Users/eashraf/hadoop/hadoop-tools/hadoop-azure/src/test/java/org/apache/hadoop/fs/azure/TestNativeAzureFileSystemMocked.java,24
hadoop,org.apache.hadoop.fs.azure,TestWasbUriAndConfiguration,6,0,21,15,227,25,0,0,0.2857142857142857,0,9,/Users/eashraf/hadoop/hadoop-tools/hadoop-azure/src/test/java/org/apache/hadoop/fs/azure/TestWasbUriAndConfiguration.java,48
hadoop,org.apache.hadoop.fs.azure,TestNativeAzureFSPageBlobLive,0,0,1,0,11,1,0,1,-1.0,0,3,/Users/eashraf/hadoop/hadoop-tools/hadoop-azure/src/test/java/org/apache/hadoop/fs/azure/TestNativeAzureFSPageBlobLive.java,22
hadoop,org.apache.hadoop.fs.azure,InMemoryBlockBlobStore,10,0,16,16,114,18,0,0,0.0,8,0,/Users/eashraf/hadoop/hadoop-tools/hadoop-azure/src/test/java/org/apache/hadoop/fs/azure/InMemoryBlockBlobStore.java,28
hadoop,org.apache.hadoop.fs.azure,InMemoryBlockBlobStore.ListBlobEntry,4,0,0,0,24,0,0,0,-1.0,0,0,/Users/eashraf/hadoop/hadoop-tools/hadoop-azure/src/test/java/org/apache/hadoop/fs/azure/InMemoryBlockBlobStore.java,40
hadoop,org.apache.hadoop.fs.azure,InMemoryBlockBlobStore.Entry,4,0,0,0,12,0,0,0,-1.0,0,0,/Users/eashraf/hadoop/hadoop-tools/hadoop-azure/src/test/java/org/apache/hadoop/fs/azure/InMemoryBlockBlobStore.java,177
hadoop,org.apache.hadoop.fs.azure,TestNativeAzureFileSystemFileNameCheck,3,0,7,6,78,7,0,0,0.0,0,5,/Users/eashraf/hadoop/hadoop-tools/hadoop-azure/src/test/java/org/apache/hadoop/fs/azure/TestNativeAzureFileSystemFileNameCheck.java,34
hadoop,org.apache.hadoop.fs.azure,NativeAzureFileSystemBaseTest,14,1,60,43,1012,82,3,0,0.06666666666666667,0,13,/Users/eashraf/hadoop/hadoop-tools/hadoop-azure/src/test/java/org/apache/hadoop/fs/azure/NativeAzureFileSystemBaseTest.java,73
hadoop,org.apache.hadoop.fs.azure,NativeAzureFileSystemBaseTest.RenameVariation,0,0,0,0,1,0,0,0,-1.0,0,0,/Users/eashraf/hadoop/hadoop-tools/hadoop-azure/src/test/java/org/apache/hadoop/fs/azure/NativeAzureFileSystemBaseTest.java,240
hadoop,org.apache.hadoop.fs.azure,NativeAzureFileSystemBaseTest.RenameFolderVariation,0,0,0,0,1,0,0,0,-1.0,0,0,/Users/eashraf/hadoop/hadoop-tools/hadoop-azure/src/test/java/org/apache/hadoop/fs/azure/NativeAzureFileSystemBaseTest.java,293
hadoop,org.apache.hadoop.fs.azure,NativeAzureFileSystemBaseTest.FileFolder,3,0,0,0,167,0,0,0,-1.0,0,1,/Users/eashraf/hadoop/hadoop-tools/hadoop-azure/src/test/java/org/apache/hadoop/fs/azure/NativeAzureFileSystemBaseTest.java,930
hadoop,org.apache.hadoop.fs.azure,NativeAzureFileSystemBaseTest.LeaseLockAction,2,0,0,0,66,0,0,0,-1.0,0,1,/Users/eashraf/hadoop/hadoop-tools/hadoop-azure/src/test/java/org/apache/hadoop/fs/azure/NativeAzureFileSystemBaseTest.java,1449
hadoop,org.apache.hadoop.fs.azure,TestAzureFileSystemErrorConditions,3,0,13,10,160,14,0,0,0.5384615384615384,0,7,/Users/eashraf/hadoop/hadoop-tools/hadoop-azure/src/test/java/org/apache/hadoop/fs/azure/TestAzureFileSystemErrorConditions.java,44
hadoop,org.apache.hadoop.fs.azure,TestAzureFileSystemErrorConditions.ConnectionRecognizer,0,0,0,0,3,0,0,0,-1.0,0,0,/Users/eashraf/hadoop/hadoop-tools/hadoop-azure/src/test/java/org/apache/hadoop/fs/azure/TestAzureFileSystemErrorConditions.java,115
hadoop,org.apache.hadoop.fs.azure,TestAzureFileSystemErrorConditions.TransientErrorInjector,2,0,0,0,18,0,0,0,-1.0,0,0,/Users/eashraf/hadoop/hadoop-tools/hadoop-azure/src/test/java/org/apache/hadoop/fs/azure/TestAzureFileSystemErrorConditions.java,119
hadoop,org.apache.hadoop.fs.azure,TestNativeAzureFileSystemOperationsMocked,1,0,8,7,34,9,0,0,0.5,0,3,/Users/eashraf/hadoop/hadoop-tools/hadoop-azure/src/test/java/org/apache/hadoop/fs/azure/TestNativeAzureFileSystemOperationsMocked.java,27
hadoop,org.apache.hadoop.fs.azure,MockStorageInterface,13,0,11,9,317,13,0,1,0.45454545454545453,5,1,/Users/eashraf/hadoop/hadoop-tools/hadoop-azure/src/test/java/org/apache/hadoop/fs/azure/MockStorageInterface.java,57
hadoop,org.apache.hadoop.fs.azure,MockStorageInterface.MockCloudBlobContainerWrapper,4,0,0,0,58,0,0,0,-1.0,0,0,/Users/eashraf/hadoop/hadoop-tools/hadoop-azure/src/test/java/org/apache/hadoop/fs/azure/MockStorageInterface.java,169
hadoop,org.apache.hadoop.fs.azure,MockStorageInterface.PreExistingContainer,2,0,0,0,8,0,0,0,-1.0,0,0,/Users/eashraf/hadoop/hadoop-tools/hadoop-azure/src/test/java/org/apache/hadoop/fs/azure/MockStorageInterface.java,262
hadoop,org.apache.hadoop.fs.azure,MockStorageInterface.MockCloudBlobDirectoryWrapper,1,0,0,0,55,0,0,0,-1.0,0,1,/Users/eashraf/hadoop/hadoop-tools/hadoop-azure/src/test/java/org/apache/hadoop/fs/azure/MockStorageInterface.java,272
hadoop,org.apache.hadoop.fs.azure,MockStorageInterface.MockCloudBlobWrapper,3,0,0,0,65,0,0,0,-1.0,0,0,/Users/eashraf/hadoop/hadoop-tools/hadoop-azure/src/test/java/org/apache/hadoop/fs/azure/MockStorageInterface.java,349
hadoop,org.apache.hadoop.fs.azure,MockStorageInterface.MockCloudBlockBlobWrapper,0,0,0,0,23,0,0,0,-1.0,0,0,/Users/eashraf/hadoop/hadoop-tools/hadoop-azure/src/test/java/org/apache/hadoop/fs/azure/MockStorageInterface.java,461
hadoop,org.apache.hadoop.fs.azure,MockStorageInterface.MockCloudPageBlobWrapper,0,0,0,0,29,0,0,0,-1.0,0,0,/Users/eashraf/hadoop/hadoop-tools/hadoop-azure/src/test/java/org/apache/hadoop/fs/azure/MockStorageInterface.java,503
hadoop,org.apache.hadoop.fs.azure,TestNativeAzureFileSystemBlockLocations,0,0,12,9,80,13,0,0,-1.0,0,7,/Users/eashraf/hadoop/hadoop-tools/hadoop-azure/src/test/java/org/apache/hadoop/fs/azure/TestNativeAzureFileSystemBlockLocations.java,32
hadoop,org.apache.hadoop.fs.azure,TestWasbFsck,3,0,6,4,69,8,0,0,0.0,0,9,/Users/eashraf/hadoop/hadoop-tools/hadoop-azure/src/test/java/org/apache/hadoop/fs/azure/TestWasbFsck.java,35
hadoop,org.apache.hadoop.fs.azure,AzureBlobStorageTestAccount,25,9,52,35,491,83,0,0,0.038461538461538464,27,9,/Users/eashraf/hadoop/hadoop-tools/hadoop-azure/src/test/java/org/apache/hadoop/fs/azure/AzureBlobStorageTestAccount.java,58
hadoop,org.apache.hadoop.fs.azure,AzureBlobStorageTestAccount.CreateOptions,0,0,0,0,1,0,0,0,-1.0,0,0,/Users/eashraf/hadoop/hadoop-tools/hadoop-azure/src/test/java/org/apache/hadoop/fs/azure/AzureBlobStorageTestAccount.java,503
hadoop,org.apache.hadoop.fs.azure,AzureBlobStorageTestAccount.StandardCollector,0,0,0,0,9,0,0,0,-1.0,0,0,/Users/eashraf/hadoop/hadoop-tools/hadoop-azure/src/test/java/org/apache/hadoop/fs/azure/AzureBlobStorageTestAccount.java,854
hadoop,org.apache.hadoop.fs.azure,TestNativeAzureFileSystemContractLive,1,0,8,5,34,11,0,0,0.75,0,1,/Users/eashraf/hadoop/hadoop-tools/hadoop-azure/src/test/java/org/apache/hadoop/fs/azure/TestNativeAzureFileSystemContractLive.java,24
hadoop,org.apache.hadoop.fs.azure,TestReadAndSeekPageBlobAfterWrite,11,0,15,8,209,26,0,0,0.0,0,11,/Users/eashraf/hadoop/hadoop-tools/hadoop-azure/src/test/java/org/apache/hadoop/fs/azure/TestReadAndSeekPageBlobAfterWrite.java,43
hadoop,org.apache.hadoop.fs.azure,TestNativeAzureFileSystemContractEmulator,1,0,3,0,21,6,0,0,0.0,0,1,/Users/eashraf/hadoop/hadoop-tools/hadoop-azure/src/test/java/org/apache/hadoop/fs/azure/TestNativeAzureFileSystemContractEmulator.java,23
hadoop,org.apache.hadoop.fs.azure,TestShellDecryptionKeyProvider,2,1,2,2,37,4,0,0,1.0,0,4,/Users/eashraf/hadoop/hadoop-tools/hadoop-azure/src/test/java/org/apache/hadoop/fs/azure/TestShellDecryptionKeyProvider.java,33
hadoop,org.apache.hadoop.fs.azure,TestAzureConcurrentOutOfBandIo,9,0,3,3,107,9,0,0,0.0,0,2,/Users/eashraf/hadoop/hadoop-tools/hadoop-azure/src/test/java/org/apache/hadoop/fs/azure/TestAzureConcurrentOutOfBandIo.java,35
hadoop,org.apache.hadoop.fs.azure,TestAzureConcurrentOutOfBandIo.DataBlockWriter,4,0,0,0,51,0,0,0,-1.0,0,1,/Users/eashraf/hadoop/hadoop-tools/hadoop-azure/src/test/java/org/apache/hadoop/fs/azure/TestAzureConcurrentOutOfBandIo.java,63
hadoop,org.apache.hadoop.fs.azure,TestOutOfBandAzureBlobOperationsLive,2,0,11,11,95,13,0,0,0.0,0,5,/Users/eashraf/hadoop/hadoop-tools/hadoop-azure/src/test/java/org/apache/hadoop/fs/azure/TestOutOfBandAzureBlobOperationsLive.java,35
hadoop,org.apache.hadoop.fs.azure,TestOutOfBandAzureBlobOperations,3,0,10,9,96,13,0,0,0.0,0,5,/Users/eashraf/hadoop/hadoop-tools/hadoop-azure/src/test/java/org/apache/hadoop/fs/azure/TestOutOfBandAzureBlobOperations.java,36
hadoop,org.apache.hadoop.fs.azure,TestOutOfBandAzureBlobOperations.DeepCreateTestVariation,0,0,0,0,1,0,0,0,-1.0,0,0,/Users/eashraf/hadoop/hadoop-tools/hadoop-azure/src/test/java/org/apache/hadoop/fs/azure/TestOutOfBandAzureBlobOperations.java,129
hadoop,org.apache.hadoop.fs.azure,TestNativeAzureFileSystemConcurrency,3,0,12,10,112,17,0,0,0.4166666666666667,0,8,/Users/eashraf/hadoop/hadoop-tools/hadoop-azure/src/test/java/org/apache/hadoop/fs/azure/TestNativeAzureFileSystemConcurrency.java,43
hadoop,org.apache.hadoop.fs.azure,TestNativeAzureFileSystemLive,0,0,3,2,41,7,0,1,-1.0,0,2,/Users/eashraf/hadoop/hadoop-tools/hadoop-azure/src/test/java/org/apache/hadoop/fs/azure/TestNativeAzureFileSystemLive.java,31
hadoop,org.apache.hadoop.fs.azure,TestBlobMetadata,5,0,10,8,138,10,0,0,0.3,0,11,/Users/eashraf/hadoop/hadoop-tools/hadoop-azure/src/test/java/org/apache/hadoop/fs/azure/TestBlobMetadata.java,42
hadoop,org.apache.hadoop.fs.azure,TestBlobMetadata.FsWithPreExistingContainer,2,0,0,0,31,0,0,0,-1.0,0,3,/Users/eashraf/hadoop/hadoop-tools/hadoop-azure/src/test/java/org/apache/hadoop/fs/azure/TestBlobMetadata.java,91
hadoop,org.apache.hadoop.fs.azure,TestNativeAzureFileSystemUploadLogic,2,0,9,5,117,18,0,0,0.0,0,4,/Users/eashraf/hadoop/hadoop-tools/hadoop-azure/src/test/java/org/apache/hadoop/fs/azure/TestNativeAzureFileSystemUploadLogic.java,35
hadoop,org.apache.hadoop.fs.azure,TestNativeAzureFileSystemUploadLogic.FlushFrequencyVariation,0,0,0,0,13,0,0,0,-1.0,0,0,/Users/eashraf/hadoop/hadoop-tools/hadoop-azure/src/test/java/org/apache/hadoop/fs/azure/TestNativeAzureFileSystemUploadLogic.java,58
hadoop,org.apache.hadoop.fs.azure,TestNativeAzureFileSystemContractMocked,0,0,6,5,18,6,0,0,-1.0,0,1,/Users/eashraf/hadoop/hadoop-tools/hadoop-azure/src/test/java/org/apache/hadoop/fs/azure/TestNativeAzureFileSystemContractMocked.java,24
hadoop,org.apache.hadoop.fs.azure,TestContainerChecks,1,0,5,5,92,6,0,0,0.0,0,2,/Users/eashraf/hadoop/hadoop-tools/hadoop-azure/src/test/java/org/apache/hadoop/fs/azure/TestContainerChecks.java,39
hadoop,org.apache.hadoop.fs.azure,TestBlobTypeSpeedDifference,2,0,7,2,99,13,0,0,0.0,0,4,/Users/eashraf/hadoop/hadoop-tools/hadoop-azure/src/test/java/org/apache/hadoop/fs/azure/TestBlobTypeSpeedDifference.java,33
hadoop,org.apache.hadoop.fs.azure,TestBlobTypeSpeedDifference.TestResult,2,0,0,0,8,0,0,0,-1.0,0,0,/Users/eashraf/hadoop/hadoop-tools/hadoop-azure/src/test/java/org/apache/hadoop/fs/azure/TestBlobTypeSpeedDifference.java,61
hadoop,org.apache.hadoop.fs.azure,SelfRenewingLease,9,1,5,5,106,9,0,0,0.0,6,0,/Users/eashraf/hadoop/hadoop-tools/hadoop-azure/src/main/java/org/apache/hadoop/fs/azure/SelfRenewingLease.java,31
hadoop,org.apache.hadoop.fs.azure,SelfRenewingLease.Renewer,0,0,0,0,31,0,0,0,-1.0,0,0,/Users/eashraf/hadoop/hadoop-tools/hadoop-azure/src/main/java/org/apache/hadoop/fs/azure/SelfRenewingLease.java,154
hadoop,org.apache.hadoop.fs.azure,StorageInterfaceImpl,5,0,7,7,233,7,0,1,0.0,1,0,/Users/eashraf/hadoop/hadoop-tools/hadoop-azure/src/main/java/org/apache/hadoop/fs/azure/StorageInterfaceImpl.java,54
hadoop,org.apache.hadoop.fs.azure,StorageInterfaceImpl.WrappingIterator,1,0,0,0,38,0,0,0,-1.0,0,0,/Users/eashraf/hadoop/hadoop-tools/hadoop-azure/src/main/java/org/apache/hadoop/fs/azure/StorageInterfaceImpl.java,103
hadoop,org.apache.hadoop.fs.azure,StorageInterfaceImpl.CloudBlobDirectoryWrapperImpl,1,0,0,0,21,0,0,0,-1.0,0,0,/Users/eashraf/hadoop/hadoop-tools/hadoop-azure/src/main/java/org/apache/hadoop/fs/azure/StorageInterfaceImpl.java,152
hadoop,org.apache.hadoop.fs.azure,StorageInterfaceImpl.CloudBlobContainerWrapperImpl,1,0,0,0,37,0,0,0,-1.0,0,0,/Users/eashraf/hadoop/hadoop-tools/hadoop-azure/src/main/java/org/apache/hadoop/fs/azure/StorageInterfaceImpl.java,196
hadoop,org.apache.hadoop.fs.azure,StorageInterfaceImpl.CloudBlobWrapperImpl,1,0,0,0,82,0,0,0,-1.0,0,0,/Users/eashraf/hadoop/hadoop-tools/hadoop-azure/src/main/java/org/apache/hadoop/fs/azure/StorageInterfaceImpl.java,268
hadoop,org.apache.hadoop.fs.azure,StorageInterfaceImpl.CloudBlockBlobWrapperImpl,0,0,0,0,14,0,0,0,-1.0,0,0,/Users/eashraf/hadoop/hadoop-tools/hadoop-azure/src/main/java/org/apache/hadoop/fs/azure/StorageInterfaceImpl.java,420
hadoop,org.apache.hadoop.fs.azure,StorageInterfaceImpl.CloudPageBlobWrapperImpl,0,0,0,0,14,0,0,0,-1.0,0,0,/Users/eashraf/hadoop/hadoop-tools/hadoop-azure/src/main/java/org/apache/hadoop/fs/azure/StorageInterfaceImpl.java,443
hadoop,org.apache.hadoop.fs.azure,AzureLinkedStack,4,0,7,7,72,12,0,0,0.0,1,0,/Users/eashraf/hadoop/hadoop-tools/hadoop-azure/src/main/java/org/apache/hadoop/fs/azure/AzureLinkedStack.java,21
hadoop,org.apache.hadoop.fs.azure,AzureLinkedStack.AzureLinkedNode,2,0,0,0,18,0,0,0,-1.0,0,0,/Users/eashraf/hadoop/hadoop-tools/hadoop-azure/src/main/java/org/apache/hadoop/fs/azure/AzureLinkedStack.java,40
hadoop,org.apache.hadoop.fs.azure,StorageInterface,0,0,7,7,273,7,2,0,-1.0,1,0,/Users/eashraf/hadoop/hadoop-tools/hadoop-azure/src/main/java/org/apache/hadoop/fs/azure/StorageInterface.java,45
hadoop,org.apache.hadoop.fs.azure,StorageInterface.CloudBlobDirectoryWrapper,0,0,0,0,22,0,0,0,-1.0,0,0,/Users/eashraf/hadoop/hadoop-tools/hadoop-azure/src/main/java/org/apache/hadoop/fs/azure/StorageInterface.java,147
hadoop,org.apache.hadoop.fs.azure,StorageInterface.CloudBlobContainerWrapper,0,0,0,0,66,0,0,0,-1.0,0,0,/Users/eashraf/hadoop/hadoop-tools/hadoop-azure/src/main/java/org/apache/hadoop/fs/azure/StorageInterface.java,205
hadoop,org.apache.hadoop.fs.azure,StorageInterface.CloudBlobWrapper,0,0,0,0,95,0,0,0,-1.0,0,0,/Users/eashraf/hadoop/hadoop-tools/hadoop-azure/src/main/java/org/apache/hadoop/fs/azure/StorageInterface.java,349
hadoop,org.apache.hadoop.fs.azure,StorageInterface.CloudBlockBlobWrapper,0,0,0,0,12,0,0,0,-1.0,0,0,/Users/eashraf/hadoop/hadoop-tools/hadoop-azure/src/main/java/org/apache/hadoop/fs/azure/StorageInterface.java,578
hadoop,org.apache.hadoop.fs.azure,StorageInterface.CloudPageBlobWrapper,0,0,0,0,35,0,0,0,-1.0,0,0,/Users/eashraf/hadoop/hadoop-tools/hadoop-azure/src/main/java/org/apache/hadoop/fs/azure/StorageInterface.java,603
hadoop,org.apache.hadoop.fs.azure,Wasb,0,0,2,1,11,2,0,0,-1.0,0,1,/Users/eashraf/hadoop/hadoop-tools/hadoop-azure/src/main/java/org/apache/hadoop/fs/azure/Wasb.java,30
hadoop,org.apache.hadoop.fs.azure,WasbFsck,3,0,9,5,134,29,0,0,0.3333333333333333,2,6,/Users/eashraf/hadoop/hadoop-tools/hadoop-azure/src/main/java/org/apache/hadoop/fs/azure/WasbFsck.java,37
hadoop,org.apache.hadoop.fs.azure,AzureNativeFileSystemStore,79,5,86,27,1386,223,0,1,0.046511627906976744,11,24,/Users/eashraf/hadoop/hadoop-tools/hadoop-azure/src/main/java/org/apache/hadoop/fs/azure/AzureNativeFileSystemStore.java,86
hadoop,org.apache.hadoop.fs.azure,AzureNativeFileSystemStore.TestHookOperationContext,0,0,0,0,6,0,0,0,-1.0,0,0,/Users/eashraf/hadoop/hadoop-tools/hadoop-azure/src/main/java/org/apache/hadoop/fs/azure/AzureNativeFileSystemStore.java,254
hadoop,org.apache.hadoop.fs.azure,AzureNativeFileSystemStore.PermissionStatusJsonSerializer,3,0,0,0,24,0,0,0,-1.0,0,0,/Users/eashraf/hadoop/hadoop-tools/hadoop-azure/src/main/java/org/apache/hadoop/fs/azure/AzureNativeFileSystemStore.java,307
hadoop,org.apache.hadoop.fs.azure,AzureNativeFileSystemStore.ContainerState,0,0,0,0,16,0,0,0,-1.0,0,0,/Users/eashraf/hadoop/hadoop-tools/hadoop-azure/src/main/java/org/apache/hadoop/fs/azure/AzureNativeFileSystemStore.java,930
hadoop,org.apache.hadoop.fs.azure,AzureNativeFileSystemStore.ContainerAccessType,0,0,0,0,10,0,0,0,-1.0,0,0,/Users/eashraf/hadoop/hadoop-tools/hadoop-azure/src/main/java/org/apache/hadoop/fs/azure/AzureNativeFileSystemStore.java,953
hadoop,org.apache.hadoop.fs.azure,SyncableDataOutputStream,0,0,3,3,24,5,0,0,-1.0,1,0,/Users/eashraf/hadoop/hadoop-tools/hadoop-azure/src/main/java/org/apache/hadoop/fs/azure/SyncableDataOutputStream.java,27
hadoop,org.apache.hadoop.fs.azure,NativeFileSystemStore,0,0,24,0,37,24,1,0,-1.0,1,7,/Users/eashraf/hadoop/hadoop-tools/hadoop-azure/src/main/java/org/apache/hadoop/fs/azure/NativeFileSystemStore.java,34
hadoop,org.apache.hadoop.fs.azure,SimpleKeyProvider,1,0,2,1,12,2,1,1,0.0,3,2,/Users/eashraf/hadoop/hadoop-tools/hadoop-azure/src/main/java/org/apache/hadoop/fs/azure/SimpleKeyProvider.java,24
hadoop,org.apache.hadoop.fs.azure,PartialListing,3,0,4,4,23,4,0,0,0.0,3,1,/Users/eashraf/hadoop/hadoop-tools/hadoop-azure/src/main/java/org/apache/hadoop/fs/azure/PartialListing.java,23
hadoop,org.apache.hadoop.fs.azure,PageBlobOutputStream,19,3,15,9,342,32,0,0,0.0,1,1,/Users/eashraf/hadoop/hadoop-tools/hadoop-azure/src/main/java/org/apache/hadoop/fs/azure/PageBlobOutputStream.java,53
hadoop,org.apache.hadoop.fs.azure,PageBlobOutputStream.WriteRequest,2,0,0,0,90,0,0,0,-1.0,0,0,/Users/eashraf/hadoop/hadoop-tools/hadoop-azure/src/main/java/org/apache/hadoop/fs/azure/PageBlobOutputStream.java,240
hadoop,org.apache.hadoop.fs.azure,KeyProvider,0,0,1,0,13,1,1,0,-1.0,2,2,/Users/eashraf/hadoop/hadoop-tools/hadoop-azure/src/main/java/org/apache/hadoop/fs/azure/KeyProvider.java,24
hadoop,org.apache.hadoop.fs.azure,SendRequestIntercept,5,1,6,2,72,8,0,0,0.0,1,0,/Users/eashraf/hadoop/hadoop-tools/hadoop-azure/src/main/java/org/apache/hadoop/fs/azure/SendRequestIntercept.java,35
hadoop,org.apache.hadoop.fs.azure,PageBlobInputStream,11,0,19,7,279,46,0,0,0.10526315789473684,1,1,/Users/eashraf/hadoop/hadoop-tools/hadoop-azure/src/main/java/org/apache/hadoop/fs/azure/PageBlobInputStream.java,41
hadoop,org.apache.hadoop.fs.azure,PageBlobFormatHelpers,3,3,4,3,27,4,0,0,1.0,2,0,/Users/eashraf/hadoop/hadoop-tools/hadoop-azure/src/main/java/org/apache/hadoop/fs/azure/PageBlobFormatHelpers.java,25
hadoop,org.apache.hadoop.fs.azure,SelfThrottlingIntercept,5,1,4,4,85,9,0,0,0.0,1,0,/Users/eashraf/hadoop/hadoop-tools/hadoop-azure/src/main/java/org/apache/hadoop/fs/azure/SelfThrottlingIntercept.java,59
hadoop,org.apache.hadoop.fs.azure,SelfThrottlingIntercept.SendingRequestListener,0,0,0,0,5,0,0,0,-1.0,0,0,/Users/eashraf/hadoop/hadoop-tools/hadoop-azure/src/main/java/org/apache/hadoop/fs/azure/SelfThrottlingIntercept.java,177
hadoop,org.apache.hadoop.fs.azure,SelfThrottlingIntercept.ResponseReceivedListener,0,0,0,0,5,0,0,0,-1.0,0,0,/Users/eashraf/hadoop/hadoop-tools/hadoop-azure/src/main/java/org/apache/hadoop/fs/azure/SelfThrottlingIntercept.java,188
hadoop,org.apache.hadoop.fs.azure,ShellDecryptionKeyProvider,1,0,1,1,24,2,0,2,0.0,1,3,/Users/eashraf/hadoop/hadoop-tools/hadoop-azure/src/main/java/org/apache/hadoop/fs/azure/ShellDecryptionKeyProvider.java,28
hadoop,org.apache.hadoop.fs.azure,BlobMaterialization,0,0,0,0,10,0,0,0,-1.0,4,0,/Users/eashraf/hadoop/hadoop-tools/hadoop-azure/src/main/java/org/apache/hadoop/fs/azure/BlobMaterialization.java,23
hadoop,org.apache.hadoop.fs.azure,AzureException,1,0,3,3,15,3,0,0,1.0,4,0,/Users/eashraf/hadoop/hadoop-tools/hadoop-azure/src/main/java/org/apache/hadoop/fs/azure/AzureException.java,25
hadoop,org.apache.hadoop.fs.azure,NativeAzureFileSystem,50,3,60,33,1464,182,1,0,0.08333333333333333,16,21,/Users/eashraf/hadoop/hadoop-tools/hadoop-azure/src/main/java/org/apache/hadoop/fs/azure/NativeAzureFileSystem.java,83
hadoop,org.apache.hadoop.fs.azure,NativeAzureFileSystem.FolderRenamePending,10,1,0,0,314,0,0,0,-1.0,0,4,/Users/eashraf/hadoop/hadoop-tools/hadoop-azure/src/main/java/org/apache/hadoop/fs/azure/NativeAzureFileSystem.java,96
hadoop,org.apache.hadoop.fs.azure,NativeAzureFileSystem.Secure,0,0,0,0,8,0,0,1,-1.0,0,0,/Users/eashraf/hadoop/hadoop-tools/hadoop-azure/src/main/java/org/apache/hadoop/fs/azure/NativeAzureFileSystem.java,590
hadoop,org.apache.hadoop.fs.azure,NativeAzureFileSystem.NativeAzureFsInputStream,6,0,0,0,69,0,0,0,-1.0,0,0,/Users/eashraf/hadoop/hadoop-tools/hadoop-azure/src/main/java/org/apache/hadoop/fs/azure/NativeAzureFileSystem.java,647
hadoop,org.apache.hadoop.fs.azure,NativeAzureFileSystem.NativeAzureFsOutputStream,3,0,0,0,84,0,0,0,-1.0,0,0,/Users/eashraf/hadoop/hadoop-tools/hadoop-azure/src/main/java/org/apache/hadoop/fs/azure/NativeAzureFileSystem.java,776
hadoop,org.apache.hadoop.fs.azure,NativeAzureFileSystem.UMaskApplyMode,0,0,0,0,1,0,0,0,-1.0,0,0,/Users/eashraf/hadoop/hadoop-tools/hadoop-azure/src/main/java/org/apache/hadoop/fs/azure/NativeAzureFileSystem.java,1786
hadoop,org.apache.hadoop.fs.azure,NativeAzureFileSystem.DanglingFileHandler,0,0,0,0,6,0,0,0,-1.0,0,0,/Users/eashraf/hadoop/hadoop-tools/hadoop-azure/src/main/java/org/apache/hadoop/fs/azure/NativeAzureFileSystem.java,2257
hadoop,org.apache.hadoop.fs.azure,NativeAzureFileSystem.DanglingFileDeleter,0,0,0,0,12,0,0,0,-1.0,0,0,/Users/eashraf/hadoop/hadoop-tools/hadoop-azure/src/main/java/org/apache/hadoop/fs/azure/NativeAzureFileSystem.java,2266
hadoop,org.apache.hadoop.fs.azure,NativeAzureFileSystem.DanglingFileRecoverer,1,0,0,0,19,0,0,0,-1.0,0,1,/Users/eashraf/hadoop/hadoop-tools/hadoop-azure/src/main/java/org/apache/hadoop/fs/azure/NativeAzureFileSystem.java,2282
hadoop,org.apache.hadoop.fs.azure,FileMetadata,6,0,9,9,66,9,0,0,0.0,5,2,/Users/eashraf/hadoop/hadoop-tools/hadoop-azure/src/main/java/org/apache/hadoop/fs/azure/FileMetadata.java,24
hadoop,org.apache.hadoop.fs.azure,KeyProviderException,1,0,3,3,15,3,0,0,1.0,5,0,/Users/eashraf/hadoop/hadoop-tools/hadoop-azure/src/main/java/org/apache/hadoop/fs/azure/KeyProviderException.java,23
hadoop,org.apache.hadoop.fs.azure.metrics,TestNativeAzureFileSystemMetricsSystem,1,0,4,3,48,4,0,0,0.5,0,2,/Users/eashraf/hadoop/hadoop-tools/hadoop-azure/src/test/java/org/apache/hadoop/fs/azure/metrics/TestNativeAzureFileSystemMetricsSystem.java,28
hadoop,org.apache.hadoop.fs.azure.metrics,TestBandwidthGaugeUpdater,0,0,3,3,39,6,0,0,-1.0,0,3,/Users/eashraf/hadoop/hadoop-tools/hadoop-azure/src/test/java/org/apache/hadoop/fs/azure/metrics/TestBandwidthGaugeUpdater.java,29
hadoop,org.apache.hadoop.fs.azure.metrics,AzureMetricsTestUtil,0,0,7,7,41,7,0,0,-1.0,2,1,/Users/eashraf/hadoop/hadoop-tools/hadoop-azure/src/test/java/org/apache/hadoop/fs/azure/metrics/AzureMetricsTestUtil.java,30
hadoop,org.apache.hadoop.fs.azure.metrics,TestAzureFileSystemInstrumentation,7,0,20,10,310,24,0,0,0.0,0,9,/Users/eashraf/hadoop/hadoop-tools/hadoop-azure/src/test/java/org/apache/hadoop/fs/azure/metrics/TestAzureFileSystemInstrumentation.java,59
hadoop,org.apache.hadoop.fs.azure.metrics,TestAzureFileSystemInstrumentation.TagMatcher,1,0,0,0,17,0,0,0,-1.0,0,0,/Users/eashraf/hadoop/hadoop-tools/hadoop-azure/src/test/java/org/apache/hadoop/fs/azure/metrics/TestAzureFileSystemInstrumentation.java,496
hadoop,org.apache.hadoop.fs.azure.metrics,TestAzureFileSystemInstrumentation.TagExistsMatcher,1,0,0,0,19,0,0,0,-1.0,0,0,/Users/eashraf/hadoop/hadoop-tools/hadoop-azure/src/test/java/org/apache/hadoop/fs/azure/metrics/TestAzureFileSystemInstrumentation.java,520
hadoop,org.apache.hadoop.fs.azure.metrics,TestAzureFileSystemInstrumentation.InRange,3,0,0,0,19,0,0,0,-1.0,0,0,/Users/eashraf/hadoop/hadoop-tools/hadoop-azure/src/test/java/org/apache/hadoop/fs/azure/metrics/TestAzureFileSystemInstrumentation.java,546
hadoop,org.apache.hadoop.fs.azure.metrics,TestRollingWindowAverage,0,0,1,1,18,1,0,0,-1.0,0,1,/Users/eashraf/hadoop/hadoop-tools/hadoop-azure/src/test/java/org/apache/hadoop/fs/azure/metrics/TestRollingWindowAverage.java,24
hadoop,org.apache.hadoop.fs.azure.metrics,ErrorMetricUpdater,2,0,3,2,30,5,0,0,0.0,1,1,/Users/eashraf/hadoop/hadoop-tools/hadoop-azure/src/main/java/org/apache/hadoop/fs/azure/metrics/ErrorMetricUpdater.java,33
hadoop,org.apache.hadoop.fs.azure.metrics,AzureFileSystemInstrumentation,42,18,26,26,230,28,0,0,0.5384615384615384,11,6,/Users/eashraf/hadoop/hadoop-tools/hadoop-azure/src/main/java/org/apache/hadoop/fs/azure/metrics/AzureFileSystemInstrumentation.java,35
hadoop,org.apache.hadoop.fs.azure.metrics,ResponseReceivedMetricUpdater,3,1,5,2,75,12,0,0,0.0,1,2,/Users/eashraf/hadoop/hadoop-tools/hadoop-azure/src/main/java/org/apache/hadoop/fs/azure/metrics/ResponseReceivedMetricUpdater.java,34
hadoop,org.apache.hadoop.fs.azure.metrics,BandwidthGaugeUpdater,15,2,11,8,201,22,0,0,0.18181818181818182,4,1,/Users/eashraf/hadoop/hadoop-tools/hadoop-azure/src/main/java/org/apache/hadoop/fs/azure/metrics/BandwidthGaugeUpdater.java,28
hadoop,org.apache.hadoop.fs.azure.metrics,BandwidthGaugeUpdater.BlockTransferWindow,3,0,0,0,22,0,0,0,-1.0,0,0,/Users/eashraf/hadoop/hadoop-tools/hadoop-azure/src/main/java/org/apache/hadoop/fs/azure/metrics/BandwidthGaugeUpdater.java,238
hadoop,org.apache.hadoop.fs.azure.metrics,BandwidthGaugeUpdater.UploadBandwidthUpdater,0,0,0,0,18,0,0,0,-1.0,0,0,/Users/eashraf/hadoop/hadoop-tools/hadoop-azure/src/main/java/org/apache/hadoop/fs/azure/metrics/BandwidthGaugeUpdater.java,258
hadoop,org.apache.hadoop.fs.azure.metrics,RollingWindowAverage,4,0,4,3,63,7,0,0,0.0,2,0,/Users/eashraf/hadoop/hadoop-tools/hadoop-azure/src/main/java/org/apache/hadoop/fs/azure/metrics/RollingWindowAverage.java,26
hadoop,org.apache.hadoop.fs.azure.metrics,RollingWindowAverage.DataPoint,2,0,0,0,17,0,0,0,-1.0,0,0,/Users/eashraf/hadoop/hadoop-tools/hadoop-azure/src/main/java/org/apache/hadoop/fs/azure/metrics/RollingWindowAverage.java,81
hadoop,org.apache.hadoop.fs.azure.metrics,AzureFileSystemMetricsSystem,2,0,5,4,34,8,0,0,0.4,2,2,/Users/eashraf/hadoop/hadoop-tools/hadoop-azure/src/main/java/org/apache/hadoop/fs/azure/metrics/AzureFileSystemMetricsSystem.java,25
hadoop,org.apache.hadoop.ant.condition,DfsIsDir,1,0,1,0,6,1,0,1,0.0,0,0,/Users/eashraf/hadoop/hadoop-tools/hadoop-ant/src/main/java/org/apache/hadoop/ant/condition/DfsIsDir.java,21
hadoop,org.apache.hadoop.ant.condition,DfsExists,1,0,1,0,6,1,0,1,0.0,0,0,/Users/eashraf/hadoop/hadoop-tools/hadoop-ant/src/main/java/org/apache/hadoop/ant/condition/DfsExists.java,21
hadoop,org.apache.hadoop.ant.condition,DfsBaseConditional,2,0,5,2,25,5,3,0,0.0,0,0,/Users/eashraf/hadoop/hadoop-tools/hadoop-ant/src/main/java/org/apache/hadoop/ant/condition/DfsBaseConditional.java,23
hadoop,org.apache.hadoop.ant.condition,DfsZeroLen,1,0,1,0,6,1,0,1,0.0,0,0,/Users/eashraf/hadoop/hadoop-tools/hadoop-ant/src/main/java/org/apache/hadoop/ant/condition/DfsZeroLen.java,21
hadoop,org.apache.hadoop.ant,DfsTask,12,0,13,10,133,24,0,0,0.3076923076923077,0,3,/Users/eashraf/hadoop/hadoop-tools/hadoop-ant/src/main/java/org/apache/hadoop/ant/DfsTask.java,37
hadoop,org.apache.hadoop.tools.rumen,ConcatenatedInputFilesDemuxer,12,0,3,3,195,8,0,1,0.0,0,4,/Users/eashraf/hadoop/hadoop-tools/hadoop-rumen/src/test/java/org/apache/hadoop/tools/rumen/ConcatenatedInputFilesDemuxer.java,27
hadoop,org.apache.hadoop.tools.rumen,ConcatenatedInputFilesDemuxer.DelimitedInputStream,8,0,0,0,157,0,0,0,-1.0,0,0,/Users/eashraf/hadoop/hadoop-tools/hadoop-rumen/src/test/java/org/apache/hadoop/tools/rumen/ConcatenatedInputFilesDemuxer.java,92
hadoop,org.apache.hadoop.tools.rumen,TestRandomSeedGenerator,0,0,1,1,10,1,0,0,-1.0,0,0,/Users/eashraf/hadoop/hadoop-tools/hadoop-rumen/src/test/java/org/apache/hadoop/tools/rumen/TestRandomSeedGenerator.java,25
hadoop,org.apache.hadoop.tools.rumen,HistogramRawTestData,3,0,6,6,23,6,0,0,0.5,1,0,/Users/eashraf/hadoop/hadoop-tools/hadoop-rumen/src/test/java/org/apache/hadoop/tools/rumen/HistogramRawTestData.java,24
hadoop,org.apache.hadoop.tools.rumen,TestPiecewiseLinearInterpolation,1,0,2,1,59,8,0,0,0.0,0,5,/Users/eashraf/hadoop/hadoop-tools/hadoop-rumen/src/test/java/org/apache/hadoop/tools/rumen/TestPiecewiseLinearInterpolation.java,26
hadoop,org.apache.hadoop.tools.rumen,TestHistograms,0,0,3,2,83,9,0,0,-1.0,0,10,/Users/eashraf/hadoop/hadoop-tools/hadoop-rumen/src/test/java/org/apache/hadoop/tools/rumen/TestHistograms.java,38
hadoop,org.apache.hadoop.tools.rumen,LogRecordType,3,0,5,1,32,7,0,0,0.0,4,0,/Users/eashraf/hadoop/hadoop-tools/hadoop-rumen/src/main/java/org/apache/hadoop/tools/rumen/LogRecordType.java,25
hadoop,org.apache.hadoop.tools.rumen,DefaultOutputter,2,0,3,3,33,5,0,1,0.0,3,7,/Users/eashraf/hadoop/hadoop-tools/hadoop-rumen/src/main/java/org/apache/hadoop/tools/rumen/DefaultOutputter.java,31
hadoop,org.apache.hadoop.tools.rumen,ResourceUsageMetrics,4,0,15,13,103,18,0,1,0.13333333333333333,14,4,/Users/eashraf/hadoop/hadoop-tools/hadoop-rumen/src/main/java/org/apache/hadoop/tools/rumen/ResourceUsageMetrics.java,27
hadoop,org.apache.hadoop.tools.rumen,TaskInfo,6,0,8,8,55,8,0,0,0.0,7,1,/Users/eashraf/hadoop/hadoop-tools/hadoop-rumen/src/main/java/org/apache/hadoop/tools/rumen/TaskInfo.java,20
hadoop,org.apache.hadoop.tools.rumen,Anonymizer,9,0,8,3,170,20,0,0,0.25,0,12,/Users/eashraf/hadoop/hadoop-tools/hadoop-rumen/src/main/java/org/apache/hadoop/tools/rumen/Anonymizer.java,46
hadoop,org.apache.hadoop.tools.rumen,TraceBuilder,10,0,5,2,204,17,0,0,0.0,0,15,/Users/eashraf/hadoop/hadoop-tools/hadoop-rumen/src/main/java/org/apache/hadoop/tools/rumen/TraceBuilder.java,48
hadoop,org.apache.hadoop.tools.rumen,TraceBuilder.MyOptions,5,0,0,0,76,0,0,0,-1.0,0,1,/Users/eashraf/hadoop/hadoop-tools/hadoop-rumen/src/main/java/org/apache/hadoop/tools/rumen/TraceBuilder.java,60
hadoop,org.apache.hadoop.tools.rumen,TraceBuilder.HistoryLogsComparator,0,0,0,0,8,0,0,0,-1.0,0,0,/Users/eashraf/hadoop/hadoop-tools/hadoop-rumen/src/main/java/org/apache/hadoop/tools/rumen/TraceBuilder.java,96
hadoop,org.apache.hadoop.tools.rumen,Version20LogInterfaceUtils,0,0,1,0,16,3,0,0,-1.0,0,1,/Users/eashraf/hadoop/hadoop-tools/hadoop-rumen/src/main/java/org/apache/hadoop/tools/rumen/Version20LogInterfaceUtils.java,23
hadoop,org.apache.hadoop.tools.rumen,Outputter,0,0,2,2,18,2,1,0,-1.0,3,2,/Users/eashraf/hadoop/hadoop-tools/hadoop-rumen/src/main/java/org/apache/hadoop/tools/rumen/Outputter.java,26
hadoop,org.apache.hadoop.tools.rumen,JobHistoryParser,0,0,1,0,11,1,2,0,-1.0,2,0,/Users/eashraf/hadoop/hadoop-tools/hadoop-rumen/src/main/java/org/apache/hadoop/tools/rumen/JobHistoryParser.java,25
hadoop,org.apache.hadoop.tools.rumen,TopologyBuilder,1,0,11,3,85,22,0,0,0.18181818181818182,1,8,/Users/eashraf/hadoop/hadoop-tools/hadoop-rumen/src/main/java/org/apache/hadoop/tools/rumen/TopologyBuilder.java,32
hadoop,org.apache.hadoop.tools.rumen,DeepInequalityException,2,0,2,2,23,2,0,0,0.0,9,1,/Users/eashraf/hadoop/hadoop-tools/hadoop-rumen/src/main/java/org/apache/hadoop/tools/rumen/DeepInequalityException.java,20
hadoop,org.apache.hadoop.tools.rumen,Node,5,0,12,11,94,20,2,0,0.16666666666666666,5,0,/Users/eashraf/hadoop/hadoop-tools/hadoop-rumen/src/main/java/org/apache/hadoop/tools/rumen/Node.java,25
hadoop,org.apache.hadoop.tools.rumen,JobConfPropertyNames,1,0,2,1,8,2,0,0,0.0,1,1,/Users/eashraf/hadoop/hadoop-tools/hadoop-rumen/src/main/java/org/apache/hadoop/tools/rumen/JobConfPropertyNames.java,24
hadoop,org.apache.hadoop.tools.rumen,ReduceTaskAttemptInfo,3,0,6,6,44,6,0,1,0.0,2,2,/Users/eashraf/hadoop/hadoop-tools/hadoop-rumen/src/main/java/org/apache/hadoop/tools/rumen/ReduceTaskAttemptInfo.java,24
hadoop,org.apache.hadoop.tools.rumen,DeskewedJobTraceReader,11,0,7,3,99,17,0,0,0.0,1,2,/Users/eashraf/hadoop/hadoop-tools/hadoop-rumen/src/main/java/org/apache/hadoop/tools/rumen/DeskewedJobTraceReader.java,33
hadoop,org.apache.hadoop.tools.rumen,DeskewedJobTraceReader.JobComparator,0,0,0,0,5,0,0,0,-1.0,0,0,/Users/eashraf/hadoop/hadoop-tools/hadoop-rumen/src/main/java/org/apache/hadoop/tools/rumen/DeskewedJobTraceReader.java,63
hadoop,org.apache.hadoop.tools.rumen,DeskewedJobTraceReader.OutOfOrderException,1,0,0,0,6,0,0,0,-1.0,0,0,/Users/eashraf/hadoop/hadoop-tools/hadoop-rumen/src/main/java/org/apache/hadoop/tools/rumen/DeskewedJobTraceReader.java,141
hadoop,org.apache.hadoop.tools.rumen,CDFRandomGenerator,3,0,9,2,45,10,1,0,0.3333333333333333,2,1,/Users/eashraf/hadoop/hadoop-tools/hadoop-rumen/src/main/java/org/apache/hadoop/tools/rumen/CDFRandomGenerator.java,25
hadoop,org.apache.hadoop.tools.rumen,Pair,2,0,3,0,15,3,0,0,0.0,8,0,/Users/eashraf/hadoop/hadoop-tools/hadoop-rumen/src/main/java/org/apache/hadoop/tools/rumen/Pair.java,20
hadoop,org.apache.hadoop.tools.rumen,LoggedLocation,3,0,5,3,70,15,0,1,0.4,3,3,/Users/eashraf/hadoop/hadoop-tools/hadoop-rumen/src/main/java/org/apache/hadoop/tools/rumen/LoggedLocation.java,31
hadoop,org.apache.hadoop.tools.rumen,ZombieJob,15,0,44,18,661,130,0,1,0.0,1,23,/Users/eashraf/hadoop/hadoop-tools/hadoop-rumen/src/main/java/org/apache/hadoop/tools/rumen/ZombieJob.java,41
hadoop,org.apache.hadoop.tools.rumen,ZombieJob.NoValueToMakeUpRuntime,1,0,0,0,15,0,0,0,-1.0,0,0,/Users/eashraf/hadoop/hadoop-tools/hadoop-rumen/src/main/java/org/apache/hadoop/tools/rumen/ZombieJob.java,880
hadoop,org.apache.hadoop.tools.rumen,Pre21JobHistoryConstants,5,0,0,0,30,0,0,0,-1.0,9,2,/Users/eashraf/hadoop/hadoop-tools/hadoop-rumen/src/main/java/org/apache/hadoop/tools/rumen/Pre21JobHistoryConstants.java,25
hadoop,org.apache.hadoop.tools.rumen,Pre21JobHistoryConstants.Keys,0,0,0,0,4,0,0,0,-1.0,0,0,/Users/eashraf/hadoop/hadoop-tools/hadoop-rumen/src/main/java/org/apache/hadoop/tools/rumen/Pre21JobHistoryConstants.java,30
hadoop,org.apache.hadoop.tools.rumen,Pre21JobHistoryConstants.Values,0,0,0,0,4,0,0,0,-1.0,0,0,/Users/eashraf/hadoop/hadoop-tools/hadoop-rumen/src/main/java/org/apache/hadoop/tools/rumen/Pre21JobHistoryConstants.java,44
hadoop,org.apache.hadoop.tools.rumen,LoggedDiscreteCDF,4,0,12,5,86,19,0,1,0.16666666666666666,8,5,/Users/eashraf/hadoop/hadoop-tools/hadoop-rumen/src/main/java/org/apache/hadoop/tools/rumen/LoggedDiscreteCDF.java,23
hadoop,org.apache.hadoop.tools.rumen,DefaultInputDemuxer,2,0,3,3,35,6,0,1,0.0,0,4,/Users/eashraf/hadoop/hadoop-tools/hadoop-rumen/src/main/java/org/apache/hadoop/tools/rumen/DefaultInputDemuxer.java,26
hadoop,org.apache.hadoop.tools.rumen,JobStory,0,0,13,13,78,13,1,0,-1.0,12,3,/Users/eashraf/hadoop/hadoop-tools/hadoop-rumen/src/main/java/org/apache/hadoop/tools/rumen/JobStory.java,26
hadoop,org.apache.hadoop.tools.rumen,SingleEventEmitter,0,0,1,0,3,1,16,0,-1.0,0,2,/Users/eashraf/hadoop/hadoop-tools/hadoop-rumen/src/main/java/org/apache/hadoop/tools/rumen/SingleEventEmitter.java,22
hadoop,org.apache.hadoop.tools.rumen,Task20LineHistoryEventEmitter,4,0,3,0,91,3,0,1,1.0,0,1,/Users/eashraf/hadoop/hadoop-tools/hadoop-rumen/src/main/java/org/apache/hadoop/tools/rumen/Task20LineHistoryEventEmitter.java,35
hadoop,org.apache.hadoop.tools.rumen,Task20LineHistoryEventEmitter.TaskStartedEventEmitter,0,0,0,0,18,0,0,1,-1.0,0,0,/Users/eashraf/hadoop/hadoop-tools/hadoop-rumen/src/main/java/org/apache/hadoop/tools/rumen/Task20LineHistoryEventEmitter.java,56
hadoop,org.apache.hadoop.tools.rumen,Task20LineHistoryEventEmitter.TaskUpdatedEventEmitter,0,0,0,0,13,0,0,1,-1.0,0,0,/Users/eashraf/hadoop/hadoop-tools/hadoop-rumen/src/main/java/org/apache/hadoop/tools/rumen/Task20LineHistoryEventEmitter.java,85
hadoop,org.apache.hadoop.tools.rumen,Task20LineHistoryEventEmitter.TaskFinishedEventEmitter,0,0,0,0,21,0,0,1,-1.0,0,0,/Users/eashraf/hadoop/hadoop-tools/hadoop-rumen/src/main/java/org/apache/hadoop/tools/rumen/Task20LineHistoryEventEmitter.java,104
hadoop,org.apache.hadoop.tools.rumen,Task20LineHistoryEventEmitter.TaskFailedEventEmitter,0,0,0,0,18,0,0,1,-1.0,0,0,/Users/eashraf/hadoop/hadoop-tools/hadoop-rumen/src/main/java/org/apache/hadoop/tools/rumen/Task20LineHistoryEventEmitter.java,139
hadoop,org.apache.hadoop.tools.rumen,LoggedJob,34,0,85,35,442,120,1,1,0.11764705882352941,9,6,/Users/eashraf/hadoop/hadoop-tools/hadoop-rumen/src/main/java/org/apache/hadoop/tools/rumen/LoggedJob.java,34
hadoop,org.apache.hadoop.tools.rumen,LoggedJob.JobType,0,0,0,0,1,0,0,0,-1.0,0,0,/Users/eashraf/hadoop/hadoop-tools/hadoop-rumen/src/main/java/org/apache/hadoop/tools/rumen/LoggedJob.java,44
hadoop,org.apache.hadoop.tools.rumen,LoggedJob.JobPriority,0,0,0,0,1,0,0,0,-1.0,0,0,/Users/eashraf/hadoop/hadoop-tools/hadoop-rumen/src/main/java/org/apache/hadoop/tools/rumen/LoggedJob.java,48
hadoop,org.apache.hadoop.tools.rumen,ZombieCluster,1,0,5,4,85,15,0,2,0.6,1,5,/Users/eashraf/hadoop/hadoop-tools/hadoop-rumen/src/main/java/org/apache/hadoop/tools/rumen/ZombieCluster.java,31
hadoop,org.apache.hadoop.tools.rumen,LoggedTask,13,0,44,14,255,65,1,1,0.11363636363636363,3,6,/Users/eashraf/hadoop/hadoop-tools/hadoop-rumen/src/main/java/org/apache/hadoop/tools/rumen/LoggedTask.java,34
hadoop,org.apache.hadoop.tools.rumen,LoggedTask.SetField,1,0,0,0,7,0,0,0,-1.0,0,1,/Users/eashraf/hadoop/hadoop-tools/hadoop-rumen/src/main/java/org/apache/hadoop/tools/rumen/LoggedTask.java,257
hadoop,org.apache.hadoop.tools.rumen,Hadoop20JHParser,7,0,8,5,139,17,0,1,0.25,0,6,/Users/eashraf/hadoop/hadoop-tools/hadoop-rumen/src/main/java/org/apache/hadoop/tools/rumen/Hadoop20JHParser.java,32
hadoop,org.apache.hadoop.tools.rumen,Hadoop20JHParser.LineType,2,0,0,0,42,0,0,0,-1.0,0,1,/Users/eashraf/hadoop/hadoop-tools/hadoop-rumen/src/main/java/org/apache/hadoop/tools/rumen/Hadoop20JHParser.java,79
hadoop,org.apache.hadoop.tools.rumen,RewindableInputStream,1,0,6,6,40,6,0,0,0.0,2,0,/Users/eashraf/hadoop/hadoop-tools/hadoop-rumen/src/main/java/org/apache/hadoop/tools/rumen/RewindableInputStream.java,24
hadoop,org.apache.hadoop.tools.rumen,TaskAttempt20LineEventEmitter,5,0,1,0,85,1,2,1,0.0,0,1,/Users/eashraf/hadoop/hadoop-tools/hadoop-rumen/src/main/java/org/apache/hadoop/tools/rumen/TaskAttempt20LineEventEmitter.java,32
hadoop,org.apache.hadoop.tools.rumen,TaskAttempt20LineEventEmitter.TaskAttemptStartedEventEmitter,0,0,0,0,28,0,0,1,-1.0,0,0,/Users/eashraf/hadoop/hadoop-tools/hadoop-rumen/src/main/java/org/apache/hadoop/tools/rumen/TaskAttempt20LineEventEmitter.java,54
hadoop,org.apache.hadoop.tools.rumen,TaskAttempt20LineEventEmitter.TaskAttemptFinishedEventEmitter,0,0,0,0,19,0,0,1,-1.0,0,0,/Users/eashraf/hadoop/hadoop-tools/hadoop-rumen/src/main/java/org/apache/hadoop/tools/rumen/TaskAttempt20LineEventEmitter.java,98
hadoop,org.apache.hadoop.tools.rumen,TaskAttempt20LineEventEmitter.TaskAttemptUnsuccessfulCompletionEventEmitter,0,0,0,0,23,0,0,1,-1.0,0,0,/Users/eashraf/hadoop/hadoop-tools/hadoop-rumen/src/main/java/org/apache/hadoop/tools/rumen/TaskAttempt20LineEventEmitter.java,132
hadoop,org.apache.hadoop.tools.rumen,ParsedTaskAttempt,6,0,13,8,75,13,0,2,0.15384615384615385,1,1,/Users/eashraf/hadoop/hadoop-tools/hadoop-rumen/src/main/java/org/apache/hadoop/tools/rumen/ParsedTaskAttempt.java,28
hadoop,org.apache.hadoop.tools.rumen,MachineNode,7,0,11,10,155,11,0,1,1.0,5,2,/Users/eashraf/hadoop/hadoop-tools/hadoop-rumen/src/main/java/org/apache/hadoop/tools/rumen/MachineNode.java,20
hadoop,org.apache.hadoop.tools.rumen,MachineNode.Builder,1,0,0,0,83,0,0,0,-1.0,0,1,/Users/eashraf/hadoop/hadoop-tools/hadoop-rumen/src/main/java/org/apache/hadoop/tools/rumen/MachineNode.java,111
hadoop,org.apache.hadoop.tools.rumen,ClusterTopologyReader,1,0,4,3,42,5,0,0,0.0,1,4,/Users/eashraf/hadoop/hadoop-tools/hadoop-rumen/src/main/java/org/apache/hadoop/tools/rumen/ClusterTopologyReader.java,26
hadoop,org.apache.hadoop.tools.rumen,ParsedTask,4,0,11,8,86,15,0,2,0.2727272727272727,1,1,/Users/eashraf/hadoop/hadoop-tools/hadoop-rumen/src/main/java/org/apache/hadoop/tools/rumen/ParsedTask.java,29
hadoop,org.apache.hadoop.tools.rumen,JobHistoryUtils,0,0,7,0,99,18,0,0,-1.0,4,4,/Users/eashraf/hadoop/hadoop-tools/hadoop-rumen/src/main/java/org/apache/hadoop/tools/rumen/JobHistoryUtils.java,32
hadoop,org.apache.hadoop.tools.rumen,JobHistoryParserFactory,0,0,1,1,34,3,0,0,-1.0,1,2,/Users/eashraf/hadoop/hadoop-tools/hadoop-rumen/src/main/java/org/apache/hadoop/tools/rumen/JobHistoryParserFactory.java,23
hadoop,org.apache.hadoop.tools.rumen,JobHistoryParserFactory.VersionDetector,0,0,0,0,19,0,0,0,-1.0,0,0,/Users/eashraf/hadoop/hadoop-tools/hadoop-rumen/src/main/java/org/apache/hadoop/tools/rumen/JobHistoryParserFactory.java,41
hadoop,org.apache.hadoop.tools.rumen,PossiblyDecompressedInputStream,2,0,4,4,30,6,0,0,0.0,3,8,/Users/eashraf/hadoop/hadoop-tools/hadoop-rumen/src/main/java/org/apache/hadoop/tools/rumen/PossiblyDecompressedInputStream.java,32
hadoop,org.apache.hadoop.tools.rumen,HistoryEventEmitter,1,0,6,0,51,11,3,0,0.5,2,4,/Users/eashraf/hadoop/hadoop-tools/hadoop-rumen/src/main/java/org/apache/hadoop/tools/rumen/HistoryEventEmitter.java,30
hadoop,org.apache.hadoop.tools.rumen,HistoryEventEmitter.PostEmitAction,0,0,0,0,1,0,0,0,-1.0,0,0,/Users/eashraf/hadoop/hadoop-tools/hadoop-rumen/src/main/java/org/apache/hadoop/tools/rumen/HistoryEventEmitter.java,41
hadoop,org.apache.hadoop.tools.rumen,TaskAttemptInfo,3,0,6,4,43,7,2,0,0.3333333333333333,3,2,/Users/eashraf/hadoop/hadoop-tools/hadoop-rumen/src/main/java/org/apache/hadoop/tools/rumen/TaskAttemptInfo.java,24
hadoop,org.apache.hadoop.tools.rumen,ParsedConfigFile,13,0,2,0,122,18,0,0,0.0,1,2,/Users/eashraf/hadoop/hadoop-tools/hadoop-rumen/src/main/java/org/apache/hadoop/tools/rumen/ParsedConfigFile.java,44
hadoop,org.apache.hadoop.tools.rumen,MapAttempt20LineHistoryEventEmitter,2,0,3,0,37,3,0,2,1.0,0,0,/Users/eashraf/hadoop/hadoop-tools/hadoop-rumen/src/main/java/org/apache/hadoop/tools/rumen/MapAttempt20LineHistoryEventEmitter.java,31
hadoop,org.apache.hadoop.tools.rumen,MapAttempt20LineHistoryEventEmitter.MapAttemptFinishedEventEmitter,0,0,0,0,20,0,0,1,-1.0,0,0,/Users/eashraf/hadoop/hadoop-tools/hadoop-rumen/src/main/java/org/apache/hadoop/tools/rumen/MapAttempt20LineHistoryEventEmitter.java,48
hadoop,org.apache.hadoop.tools.rumen,Job20LineHistoryEventEmitter,3,0,3,0,158,3,0,1,1.0,0,0,/Users/eashraf/hadoop/hadoop-tools/hadoop-rumen/src/main/java/org/apache/hadoop/tools/rumen/Job20LineHistoryEventEmitter.java,39
hadoop,org.apache.hadoop.tools.rumen,Job20LineHistoryEventEmitter.JobSubmittedEventEmitter,0,0,0,0,43,0,0,1,-1.0,0,0,/Users/eashraf/hadoop/hadoop-tools/hadoop-rumen/src/main/java/org/apache/hadoop/tools/rumen/Job20LineHistoryEventEmitter.java,62
hadoop,org.apache.hadoop.tools.rumen,Job20LineHistoryEventEmitter.JobPriorityChangeEventEmitter,0,0,0,0,13,0,0,1,-1.0,0,0,/Users/eashraf/hadoop/hadoop-tools/hadoop-rumen/src/main/java/org/apache/hadoop/tools/rumen/Job20LineHistoryEventEmitter.java,119
hadoop,org.apache.hadoop.tools.rumen,Job20LineHistoryEventEmitter.JobInitedEventEmitter,0,0,0,0,17,0,0,1,-1.0,0,0,/Users/eashraf/hadoop/hadoop-tools/hadoop-rumen/src/main/java/org/apache/hadoop/tools/rumen/Job20LineHistoryEventEmitter.java,138
hadoop,org.apache.hadoop.tools.rumen,Job20LineHistoryEventEmitter.JobStatusChangedEventEmitter,0,0,0,0,13,0,0,1,-1.0,0,0,/Users/eashraf/hadoop/hadoop-tools/hadoop-rumen/src/main/java/org/apache/hadoop/tools/rumen/Job20LineHistoryEventEmitter.java,163
hadoop,org.apache.hadoop.tools.rumen,Job20LineHistoryEventEmitter.JobInfoChangeEventEmitter,0,0,0,0,14,0,0,1,-1.0,0,0,/Users/eashraf/hadoop/hadoop-tools/hadoop-rumen/src/main/java/org/apache/hadoop/tools/rumen/Job20LineHistoryEventEmitter.java,182
hadoop,org.apache.hadoop.tools.rumen,Job20LineHistoryEventEmitter.JobUnsuccessfulCompletionEventEmitter,0,0,0,0,16,0,0,1,-1.0,0,0,/Users/eashraf/hadoop/hadoop-tools/hadoop-rumen/src/main/java/org/apache/hadoop/tools/rumen/Job20LineHistoryEventEmitter.java,204
hadoop,org.apache.hadoop.tools.rumen,Job20LineHistoryEventEmitter.JobFinishedEventEmitter,0,0,0,0,19,0,0,1,-1.0,0,0,/Users/eashraf/hadoop/hadoop-tools/hadoop-rumen/src/main/java/org/apache/hadoop/tools/rumen/Job20LineHistoryEventEmitter.java,233
hadoop,org.apache.hadoop.tools.rumen,LoggedSingleRelativeRanking,3,0,8,4,50,12,0,1,0.375,2,3,/Users/eashraf/hadoop/hadoop-tools/hadoop-rumen/src/main/java/org/apache/hadoop/tools/rumen/LoggedSingleRelativeRanking.java,25
hadoop,org.apache.hadoop.tools.rumen,TreePath,3,0,3,3,24,3,0,0,0.0,10,0,/Users/eashraf/hadoop/hadoop-tools/hadoop-rumen/src/main/java/org/apache/hadoop/tools/rumen/TreePath.java,21
hadoop,org.apache.hadoop.tools.rumen,JobConfigurationParser,0,0,1,0,63,11,0,0,-1.0,1,0,/Users/eashraf/hadoop/hadoop-tools/hadoop-rumen/src/main/java/org/apache/hadoop/tools/rumen/JobConfigurationParser.java,35
hadoop,org.apache.hadoop.tools.rumen,ClusterStory,0,0,8,6,49,8,1,0,-1.0,1,3,/Users/eashraf/hadoop/hadoop-tools/hadoop-rumen/src/main/java/org/apache/hadoop/tools/rumen/ClusterStory.java,23
hadoop,org.apache.hadoop.tools.rumen,JobBuilder,15,0,35,5,532,119,0,0,0.0,1,33,/Users/eashraf/hadoop/hadoop-tools/hadoop-rumen/src/main/java/org/apache/hadoop/tools/rumen/JobBuilder.java,64
hadoop,org.apache.hadoop.tools.rumen,JsonObjectMapperParser,3,0,4,4,48,4,1,0,0.0,2,3,/Users/eashraf/hadoop/hadoop-tools/hadoop-rumen/src/main/java/org/apache/hadoop/tools/rumen/JsonObjectMapperParser.java,31
hadoop,org.apache.hadoop.tools.rumen,JobStoryProducer,0,0,1,0,11,1,1,0,-1.0,9,1,/Users/eashraf/hadoop/hadoop-tools/hadoop-rumen/src/main/java/org/apache/hadoop/tools/rumen/JobStoryProducer.java,23
hadoop,org.apache.hadoop.tools.rumen,JobTraceReader,0,0,2,2,21,2,0,1,-1.0,6,2,/Users/eashraf/hadoop/hadoop-tools/hadoop-rumen/src/main/java/org/apache/hadoop/tools/rumen/JobTraceReader.java,26
hadoop,org.apache.hadoop.tools.rumen,LoggedTaskAttempt,30,0,91,31,535,118,1,1,0.08791208791208792,9,9,/Users/eashraf/hadoop/hadoop-tools/hadoop-rumen/src/main/java/org/apache/hadoop/tools/rumen/LoggedTaskAttempt.java,40
hadoop,org.apache.hadoop.tools.rumen,LoggedTaskAttempt.SplitVectorKind,1,0,0,0,50,0,0,0,-1.0,0,0,/Users/eashraf/hadoop/hadoop-tools/hadoop-rumen/src/main/java/org/apache/hadoop/tools/rumen/LoggedTaskAttempt.java,100
hadoop,org.apache.hadoop.tools.rumen,LoggedTaskAttempt.SetField,1,0,0,0,7,0,0,0,-1.0,0,1,/Users/eashraf/hadoop/hadoop-tools/hadoop-rumen/src/main/java/org/apache/hadoop/tools/rumen/LoggedTaskAttempt.java,625
hadoop,org.apache.hadoop.tools.rumen,ZombieJobProducer,4,0,7,6,71,9,0,1,0.0,0,7,/Users/eashraf/hadoop/hadoop-tools/hadoop-rumen/src/main/java/org/apache/hadoop/tools/rumen/ZombieJobProducer.java,26
hadoop,org.apache.hadoop.tools.rumen,ParsedLine,5,0,4,0,42,7,0,0,0.0,4,1,/Users/eashraf/hadoop/hadoop-tools/hadoop-rumen/src/main/java/org/apache/hadoop/tools/rumen/ParsedLine.java,24
hadoop,org.apache.hadoop.tools.rumen,JsonObjectMapperWriter,1,0,3,3,26,4,0,0,0.0,1,2,/Users/eashraf/hadoop/hadoop-tools/hadoop-rumen/src/main/java/org/apache/hadoop/tools/rumen/JsonObjectMapperWriter.java,35
hadoop,org.apache.hadoop.tools.rumen,MapTaskAttemptInfo,1,0,4,4,26,4,0,1,0.0,1,2,/Users/eashraf/hadoop/hadoop-tools/hadoop-rumen/src/main/java/org/apache/hadoop/tools/rumen/MapTaskAttemptInfo.java,24
hadoop,org.apache.hadoop.tools.rumen,CurrentJHParser,1,0,4,4,47,4,0,1,0.5,0,1,/Users/eashraf/hadoop/hadoop-tools/hadoop-rumen/src/main/java/org/apache/hadoop/tools/rumen/CurrentJHParser.java,28
hadoop,org.apache.hadoop.tools.rumen,CurrentJHParser.ForkedDataInputStream,0,0,0,0,7,0,0,0,-1.0,0,0,/Users/eashraf/hadoop/hadoop-tools/hadoop-rumen/src/main/java/org/apache/hadoop/tools/rumen/CurrentJHParser.java,34
hadoop,org.apache.hadoop.tools.rumen,ReduceAttempt20LineHistoryEventEmitter,2,0,3,0,39,3,0,2,1.0,0,0,/Users/eashraf/hadoop/hadoop-tools/hadoop-rumen/src/main/java/org/apache/hadoop/tools/rumen/ReduceAttempt20LineHistoryEventEmitter.java,31
hadoop,org.apache.hadoop.tools.rumen,ReduceAttempt20LineHistoryEventEmitter.ReduceAttemptFinishedEventEmitter,0,0,0,0,22,0,0,1,-1.0,0,0,/Users/eashraf/hadoop/hadoop-tools/hadoop-rumen/src/main/java/org/apache/hadoop/tools/rumen/ReduceAttempt20LineHistoryEventEmitter.java,48
hadoop,org.apache.hadoop.tools.rumen,HadoopLogsAnalyzer,77,0,53,3,1219,226,0,0,0.03773584905660377,0,26,/Users/eashraf/hadoop/hadoop-tools/hadoop-rumen/src/main/java/org/apache/hadoop/tools/rumen/HadoopLogsAnalyzer.java,62
hadoop,org.apache.hadoop.tools.rumen,HadoopLogsAnalyzer.JobOutcome,0,0,0,0,1,0,0,0,-1.0,0,0,/Users/eashraf/hadoop/hadoop-tools/hadoop-rumen/src/main/java/org/apache/hadoop/tools/rumen/HadoopLogsAnalyzer.java,204
hadoop,org.apache.hadoop.tools.rumen,HadoopLogsAnalyzer.SetField,1,0,0,0,7,0,0,0,-1.0,0,1,/Users/eashraf/hadoop/hadoop-tools/hadoop-rumen/src/main/java/org/apache/hadoop/tools/rumen/HadoopLogsAnalyzer.java,1086
hadoop,org.apache.hadoop.tools.rumen,Histogram,3,0,8,8,81,15,0,0,0.25,5,0,/Users/eashraf/hadoop/hadoop-tools/hadoop-rumen/src/main/java/org/apache/hadoop/tools/rumen/Histogram.java,28
hadoop,org.apache.hadoop.tools.rumen,LoggedNetworkTopology,3,0,10,5,94,20,0,1,0.4,5,5,/Users/eashraf/hadoop/hadoop-tools/hadoop-rumen/src/main/java/org/apache/hadoop/tools/rumen/LoggedNetworkTopology.java,35
hadoop,org.apache.hadoop.tools.rumen,LoggedNetworkTopology.TopoSort,0,0,0,0,8,0,0,0,-1.0,0,0,/Users/eashraf/hadoop/hadoop-tools/hadoop-rumen/src/main/java/org/apache/hadoop/tools/rumen/LoggedNetworkTopology.java,65
hadoop,org.apache.hadoop.tools.rumen,ParsedJob,6,0,17,8,132,22,0,2,0.17647058823529413,1,0,/Users/eashraf/hadoop/hadoop-tools/hadoop-rumen/src/main/java/org/apache/hadoop/tools/rumen/ParsedJob.java,33
hadoop,org.apache.hadoop.tools.rumen,ParsedHost,3,0,12,6,71,18,0,0,0.25,6,1,/Users/eashraf/hadoop/hadoop-tools/hadoop-rumen/src/main/java/org/apache/hadoop/tools/rumen/ParsedHost.java,27
hadoop,org.apache.hadoop.tools.rumen,InputDemuxer,0,0,2,2,17,2,2,0,-1.0,1,3,/Users/eashraf/hadoop/hadoop-tools/hadoop-rumen/src/main/java/org/apache/hadoop/tools/rumen/InputDemuxer.java,27
hadoop,org.apache.hadoop.tools.rumen,RackNode,0,0,3,3,21,4,0,1,-1.0,3,1,/Users/eashraf/hadoop/hadoop-tools/hadoop-rumen/src/main/java/org/apache/hadoop/tools/rumen/RackNode.java,22
hadoop,org.apache.hadoop.tools.rumen,CDFPiecewiseLinearRandomGenerator,0,0,3,3,29,3,0,1,-1.0,1,1,/Users/eashraf/hadoop/hadoop-tools/hadoop-rumen/src/main/java/org/apache/hadoop/tools/rumen/CDFPiecewiseLinearRandomGenerator.java,20
hadoop,org.apache.hadoop.tools.rumen,Folder,29,0,7,3,352,69,0,0,0.2857142857142857,0,11,/Users/eashraf/hadoop/hadoop-tools/hadoop-rumen/src/main/java/org/apache/hadoop/tools/rumen/Folder.java,44
hadoop,org.apache.hadoop.tools.rumen,Folder.JobEntryComparator,0,0,0,0,7,0,0,0,-1.0,0,0,/Users/eashraf/hadoop/hadoop-tools/hadoop-rumen/src/main/java/org/apache/hadoop/tools/rumen/Folder.java,221
hadoop,org.apache.hadoop.tools.rumen,RandomSeedGenerator,3,0,2,1,40,3,0,0,1.0,2,0,/Users/eashraf/hadoop/hadoop-tools/hadoop-rumen/src/main/java/org/apache/hadoop/tools/rumen/RandomSeedGenerator.java,27
hadoop,org.apache.hadoop.tools.rumen,AbstractClusterStory,6,0,10,7,132,30,1,1,0.2,0,3,/Users/eashraf/hadoop/hadoop-tools/hadoop-rumen/src/main/java/org/apache/hadoop/tools/rumen/AbstractClusterStory.java,30
hadoop,org.apache.hadoop.tools.rumen,DeepCompare,0,0,1,1,11,1,8,0,-1.0,8,2,/Users/eashraf/hadoop/hadoop-tools/hadoop-rumen/src/main/java/org/apache/hadoop/tools/rumen/DeepCompare.java,20
hadoop,org.apache.hadoop.tools.rumen.datatypes,JobName,1,0,3,2,16,3,0,3,0.6666666666666666,0,0,/Users/eashraf/hadoop/hadoop-tools/hadoop-rumen/src/main/java/org/apache/hadoop/tools/rumen/datatypes/JobName.java,21
hadoop,org.apache.hadoop.tools.rumen.datatypes,QueueName,1,0,3,2,16,3,0,3,0.6666666666666666,0,0,/Users/eashraf/hadoop/hadoop-tools/hadoop-rumen/src/main/java/org/apache/hadoop/tools/rumen/datatypes/QueueName.java,21
hadoop,org.apache.hadoop.tools.rumen.datatypes,DataType,0,0,1,0,6,1,2,0,-1.0,3,0,/Users/eashraf/hadoop/hadoop-tools/hadoop-rumen/src/main/java/org/apache/hadoop/tools/rumen/datatypes/DataType.java,20
hadoop,org.apache.hadoop.tools.rumen.datatypes,ClassName,2,1,4,2,28,7,0,3,0.5,0,1,/Users/eashraf/hadoop/hadoop-tools/hadoop-rumen/src/main/java/org/apache/hadoop/tools/rumen/datatypes/ClassName.java,22
hadoop,org.apache.hadoop.tools.rumen.datatypes,DefaultAnonymizableDataType,1,0,4,1,34,8,4,2,0.0,0,3,/Users/eashraf/hadoop/hadoop-tools/hadoop-rumen/src/main/java/org/apache/hadoop/tools/rumen/datatypes/DefaultAnonymizableDataType.java,25
hadoop,org.apache.hadoop.tools.rumen.datatypes,UserName,1,0,3,2,16,3,0,3,0.6666666666666666,0,0,/Users/eashraf/hadoop/hadoop-tools/hadoop-rumen/src/main/java/org/apache/hadoop/tools/rumen/datatypes/UserName.java,20
hadoop,org.apache.hadoop.tools.rumen.datatypes,NodeName,7,1,8,6,127,19,0,2,0.0,3,4,/Users/eashraf/hadoop/hadoop-tools/hadoop-rumen/src/main/java/org/apache/hadoop/tools/rumen/datatypes/NodeName.java,27
hadoop,org.apache.hadoop.tools.rumen.datatypes,NodeName.NodeNameState,2,0,0,0,30,0,0,0,-1.0,0,1,/Users/eashraf/hadoop/hadoop-tools/hadoop-rumen/src/main/java/org/apache/hadoop/tools/rumen/datatypes/NodeName.java,38
hadoop,org.apache.hadoop.tools.rumen.datatypes,JobProperties,2,1,4,4,47,10,0,2,0.5,0,5,/Users/eashraf/hadoop/hadoop-tools/hadoop-rumen/src/main/java/org/apache/hadoop/tools/rumen/datatypes/JobProperties.java,31
hadoop,org.apache.hadoop.tools.rumen.datatypes,AnonymizableDataType,0,0,1,1,6,1,4,1,-1.0,1,2,/Users/eashraf/hadoop/hadoop-tools/hadoop-rumen/src/main/java/org/apache/hadoop/tools/rumen/datatypes/AnonymizableDataType.java,23
hadoop,org.apache.hadoop.tools.rumen.datatypes,DefaultDataType,1,0,2,2,15,2,0,1,0.0,0,0,/Users/eashraf/hadoop/hadoop-tools/hadoop-rumen/src/main/java/org/apache/hadoop/tools/rumen/datatypes/DefaultDataType.java,20
hadoop,org.apache.hadoop.tools.rumen.datatypes,FileName,6,0,7,3,134,22,0,2,0.2857142857142857,0,7,/Users/eashraf/hadoop/hadoop-tools/hadoop-rumen/src/main/java/org/apache/hadoop/tools/rumen/datatypes/FileName.java,32
hadoop,org.apache.hadoop.tools.rumen.datatypes,FileName.FileNameState,2,0,0,0,30,0,0,0,-1.0,0,1,/Users/eashraf/hadoop/hadoop-tools/hadoop-rumen/src/main/java/org/apache/hadoop/tools/rumen/datatypes/FileName.java,46
hadoop,org.apache.hadoop.tools.rumen.datatypes.util,DefaultJobPropertiesParser,0,0,1,1,8,1,0,1,-1.0,0,0,/Users/eashraf/hadoop/hadoop-tools/hadoop-rumen/src/main/java/org/apache/hadoop/tools/rumen/datatypes/util/DefaultJobPropertiesParser.java,23
hadoop,org.apache.hadoop.tools.rumen.datatypes.util,JobPropertyParser,0,0,1,1,10,1,2,0,-1.0,1,0,/Users/eashraf/hadoop/hadoop-tools/hadoop-rumen/src/main/java/org/apache/hadoop/tools/rumen/datatypes/util/JobPropertyParser.java,23
hadoop,org.apache.hadoop.tools.rumen.datatypes.util,MapReduceJobPropertiesParser,5,0,6,3,112,22,0,1,0.0,0,2,/Users/eashraf/hadoop/hadoop-tools/hadoop-rumen/src/main/java/org/apache/hadoop/tools/rumen/datatypes/util/MapReduceJobPropertiesParser.java,36
hadoop,org.apache.hadoop.tools.rumen.state,StatePool,16,3,13,9,203,28,0,0,0.15384615384615385,6,7,/Users/eashraf/hadoop/hadoop-tools/hadoop-rumen/src/main/java/org/apache/hadoop/tools/rumen/state/StatePool.java,49
hadoop,org.apache.hadoop.tools.rumen.state,StatePool.StatePair,2,0,0,0,23,0,0,0,-1.0,0,1,/Users/eashraf/hadoop/hadoop-tools/hadoop-rumen/src/main/java/org/apache/hadoop/tools/rumen/state/StatePool.java,77
hadoop,org.apache.hadoop.tools.rumen.state,StateDeserializer,0,0,2,2,22,2,0,0,-1.0,0,1,/Users/eashraf/hadoop/hadoop-tools/hadoop-rumen/src/main/java/org/apache/hadoop/tools/rumen/state/StateDeserializer.java,30
hadoop,org.apache.hadoop.tools.rumen.state,State,0,0,3,2,17,3,0,0,-1.0,4,0,/Users/eashraf/hadoop/hadoop-tools/hadoop-rumen/src/main/java/org/apache/hadoop/tools/rumen/state/State.java,22
hadoop,org.apache.hadoop.tools.rumen.serializers,BlockingSerializer,0,0,1,1,8,1,0,0,-1.0,0,0,/Users/eashraf/hadoop/hadoop-tools/hadoop-rumen/src/main/java/org/apache/hadoop/tools/rumen/serializers/BlockingSerializer.java,27
hadoop,org.apache.hadoop.tools.rumen.serializers,ObjectStringSerializer,0,0,1,1,8,1,0,0,-1.0,0,0,/Users/eashraf/hadoop/hadoop-tools/hadoop-rumen/src/main/java/org/apache/hadoop/tools/rumen/serializers/ObjectStringSerializer.java,27
hadoop,org.apache.hadoop.tools.rumen.serializers,DefaultRumenSerializer,0,0,1,1,14,2,0,0,-1.0,0,1,/Users/eashraf/hadoop/hadoop-tools/hadoop-rumen/src/main/java/org/apache/hadoop/tools/rumen/serializers/DefaultRumenSerializer.java,28
hadoop,org.apache.hadoop.tools.rumen.serializers,DefaultAnonymizingRumenSerializer,2,0,2,2,20,3,0,0,0.0,0,3,/Users/eashraf/hadoop/hadoop-tools/hadoop-rumen/src/main/java/org/apache/hadoop/tools/rumen/serializers/DefaultAnonymizingRumenSerializer.java,30
hadoop,org.apache.hadoop.tools.rumen.anonymization,WordList,3,0,12,12,75,13,0,0,0.25,5,0,/Users/eashraf/hadoop/hadoop-tools/hadoop-rumen/src/main/java/org/apache/hadoop/tools/rumen/anonymization/WordList.java,25
hadoop,org.apache.hadoop.tools.rumen.anonymization,DataAnonymizer,0,0,1,0,6,1,0,0,-1.0,0,1,/Users/eashraf/hadoop/hadoop-tools/hadoop-rumen/src/main/java/org/apache/hadoop/tools/rumen/anonymization/DataAnonymizer.java,22
hadoop,org.apache.hadoop.tools.rumen.anonymization,WordListAnonymizerUtility,1,0,5,5,58,12,0,0,0.8,1,0,/Users/eashraf/hadoop/hadoop-tools/hadoop-rumen/src/main/java/org/apache/hadoop/tools/rumen/anonymization/WordListAnonymizerUtility.java,23
hadoop,org.apache.hadoop.lib.wsrs,TestJSONMapProvider,0,0,1,1,14,1,0,0,-1.0,0,1,/Users/eashraf/hadoop/hadoop-hdfs-project/hadoop-hdfs-httpfs/src/test/java/org/apache/hadoop/lib/wsrs/TestJSONMapProvider.java,31
hadoop,org.apache.hadoop.lib.wsrs,TestJSONProvider,0,0,1,1,14,1,0,0,-1.0,0,1,/Users/eashraf/hadoop/hadoop-hdfs-project/hadoop-hdfs-httpfs/src/test/java/org/apache/hadoop/lib/wsrs/TestJSONProvider.java,30
hadoop,org.apache.hadoop.lib.wsrs,TestParam,0,0,9,8,85,11,0,0,-1.0,0,8,/Users/eashraf/hadoop/hadoop-hdfs-project/hadoop-hdfs-httpfs/src/test/java/org/apache/hadoop/lib/wsrs/TestParam.java,28
hadoop,org.apache.hadoop.lib.wsrs,TestParam.ENUM,0,0,0,0,1,0,0,0,-1.0,0,0,/Users/eashraf/hadoop/hadoop-hdfs-project/hadoop-hdfs-httpfs/src/test/java/org/apache/hadoop/lib/wsrs/TestParam.java,103
hadoop,org.apache.hadoop.lib.wsrs,TestInputStreamEntity,0,0,1,1,16,1,0,0,-1.0,0,1,/Users/eashraf/hadoop/hadoop-hdfs-project/hadoop-hdfs-httpfs/src/test/java/org/apache/hadoop/lib/wsrs/TestInputStreamEntity.java,29
hadoop,org.apache.hadoop.lib.wsrs,LongParam,0,0,3,1,11,3,0,1,-1.0,1,0,/Users/eashraf/hadoop/hadoop-hdfs-project/hadoop-hdfs-httpfs/src/main/java/org/apache/hadoop/lib/wsrs/LongParam.java,23
hadoop,org.apache.hadoop.lib.wsrs,EnumParam,1,0,3,1,13,3,0,1,0.0,1,1,/Users/eashraf/hadoop/hadoop-hdfs-project/hadoop-hdfs-httpfs/src/main/java/org/apache/hadoop/lib/wsrs/EnumParam.java,26
hadoop,org.apache.hadoop.lib.wsrs,ExceptionProvider,2,0,4,1,23,6,0,0,0.75,0,1,/Users/eashraf/hadoop/hadoop-hdfs-project/hadoop-hdfs-httpfs/src/main/java/org/apache/hadoop/lib/wsrs/ExceptionProvider.java,29
hadoop,org.apache.hadoop.lib.wsrs,BooleanParam,0,0,3,1,17,5,0,1,-1.0,1,0,/Users/eashraf/hadoop/hadoop-hdfs-project/hadoop-hdfs-httpfs/src/main/java/org/apache/hadoop/lib/wsrs/BooleanParam.java,25
hadoop,org.apache.hadoop.lib.wsrs,JSONProvider,1,0,3,3,15,3,0,0,1.0,1,0,/Users/eashraf/hadoop/hadoop-hdfs-project/hadoop-hdfs-httpfs/src/main/java/org/apache/hadoop/lib/wsrs/JSONProvider.java,38
hadoop,org.apache.hadoop.lib.wsrs,ByteParam,0,0,3,1,11,3,0,1,-1.0,1,0,/Users/eashraf/hadoop/hadoop-hdfs-project/hadoop-hdfs-httpfs/src/main/java/org/apache/hadoop/lib/wsrs/ByteParam.java,23
hadoop,org.apache.hadoop.lib.wsrs,StringParam,1,0,5,3,36,9,0,1,0.4,1,0,/Users/eashraf/hadoop/hadoop-hdfs-project/hadoop-hdfs-httpfs/src/main/java/org/apache/hadoop/lib/wsrs/StringParam.java,25
hadoop,org.apache.hadoop.lib.wsrs,EnumSetParam,1,0,5,3,39,9,0,1,0.6,1,1,/Users/eashraf/hadoop/hadoop-hdfs-project/hadoop-hdfs-httpfs/src/main/java/org/apache/hadoop/lib/wsrs/EnumSetParam.java,27
hadoop,org.apache.hadoop.lib.wsrs,Param,2,0,7,5,28,7,8,0,0.0,2,0,/Users/eashraf/hadoop/hadoop-hdfs-project/hadoop-hdfs-httpfs/src/main/java/org/apache/hadoop/lib/wsrs/Param.java,25
hadoop,org.apache.hadoop.lib.wsrs,ParametersProvider,3,0,5,4,67,10,0,0,0.6,0,3,/Users/eashraf/hadoop/hadoop-hdfs-project/hadoop-hdfs-httpfs/src/main/java/org/apache/hadoop/lib/wsrs/ParametersProvider.java,39
hadoop,org.apache.hadoop.lib.wsrs,InputStreamEntity,3,0,3,3,22,4,0,0,0.0,2,1,/Users/eashraf/hadoop/hadoop-hdfs-project/hadoop-hdfs-httpfs/src/main/java/org/apache/hadoop/lib/wsrs/InputStreamEntity.java,29
hadoop,org.apache.hadoop.lib.wsrs,Parameters,1,0,3,3,45,7,0,0,0.0,2,0,/Users/eashraf/hadoop/hadoop-hdfs-project/hadoop-hdfs-httpfs/src/main/java/org/apache/hadoop/lib/wsrs/Parameters.java,27
hadoop,org.apache.hadoop.lib.wsrs,ShortParam,1,0,4,2,16,4,0,1,0.75,1,0,/Users/eashraf/hadoop/hadoop-hdfs-project/hadoop-hdfs-httpfs/src/main/java/org/apache/hadoop/lib/wsrs/ShortParam.java,23
hadoop,org.apache.hadoop.lib.wsrs,JSONMapProvider,1,0,3,3,15,3,0,0,1.0,1,0,/Users/eashraf/hadoop/hadoop-hdfs-project/hadoop-hdfs-httpfs/src/main/java/org/apache/hadoop/lib/wsrs/JSONMapProvider.java,39
hadoop,org.apache.hadoop.lib.wsrs,IntegerParam,0,0,3,1,11,3,0,1,-1.0,1,0,/Users/eashraf/hadoop/hadoop-hdfs-project/hadoop-hdfs-httpfs/src/main/java/org/apache/hadoop/lib/wsrs/IntegerParam.java,23
hadoop,org.apache.hadoop.lib.servlet,TestServerWebApp,0,0,5,5,54,5,0,0,-1.0,0,3,/Users/eashraf/hadoop/hadoop-hdfs-project/hadoop-hdfs-httpfs/src/test/java/org/apache/hadoop/lib/servlet/TestServerWebApp.java,32
hadoop,org.apache.hadoop.lib.servlet,TestHostnameFilter,0,0,4,4,42,4,0,0,-1.0,0,1,/Users/eashraf/hadoop/hadoop-hdfs-project/hadoop-hdfs-httpfs/src/test/java/org/apache/hadoop/lib/servlet/TestHostnameFilter.java,38
hadoop,org.apache.hadoop.lib.servlet,TestMDCFilter,0,0,5,5,64,5,0,0,-1.0,0,2,/Users/eashraf/hadoop/hadoop-hdfs-project/hadoop-hdfs-httpfs/src/test/java/org/apache/hadoop/lib/servlet/TestMDCFilter.java,42
hadoop,org.apache.hadoop.lib.servlet,MDCFilter,0,0,3,3,45,5,0,0,-1.0,1,1,/Users/eashraf/hadoop/hadoop-hdfs-project/hadoop-hdfs-httpfs/src/main/java/org/apache/hadoop/lib/servlet/MDCFilter.java,34
hadoop,org.apache.hadoop.lib.servlet,FileSystemReleaseFilter,1,0,5,4,50,6,0,0,0.6,1,1,/Users/eashraf/hadoop/hadoop-hdfs-project/hadoop-hdfs-httpfs/src/main/java/org/apache/hadoop/lib/servlet/FileSystemReleaseFilter.java,33
hadoop,org.apache.hadoop.lib.servlet,HostnameFilter,2,0,4,4,58,5,0,0,0.75,3,0,/Users/eashraf/hadoop/hadoop-hdfs-project/hadoop-hdfs-httpfs/src/main/java/org/apache/hadoop/lib/servlet/HostnameFilter.java,36
hadoop,org.apache.hadoop.lib.servlet,ServerWebApp,9,1,12,7,135,17,0,0,0.5833333333333334,1,2,/Users/eashraf/hadoop/hadoop-hdfs-project/hadoop-hdfs-httpfs/src/main/java/org/apache/hadoop/lib/servlet/ServerWebApp.java,34
hadoop,org.apache.hadoop.lib.util,TestCheck,0,0,21,21,71,21,0,0,-1.0,0,1,/Users/eashraf/hadoop/hadoop-hdfs-project/hadoop-hdfs-httpfs/src/test/java/org/apache/hadoop/lib/util/TestCheck.java,30
hadoop,org.apache.hadoop.lib.util,TestConfigurationUtils,0,0,6,6,71,6,0,0,-1.0,0,2,/Users/eashraf/hadoop/hadoop-hdfs-project/hadoop-hdfs-httpfs/src/test/java/org/apache/hadoop/lib/util/TestConfigurationUtils.java,31
hadoop,org.apache.hadoop.lib.util,Check,2,0,9,9,128,18,0,0,0.6666666666666666,7,0,/Users/eashraf/hadoop/hadoop-hdfs-project/hadoop-hdfs-httpfs/src/main/java/org/apache/hadoop/lib/util/Check.java,27
hadoop,org.apache.hadoop.lib.util,ConfigurationUtils,0,0,5,4,103,18,0,0,-1.0,5,2,/Users/eashraf/hadoop/hadoop-hdfs-project/hadoop-hdfs-httpfs/src/main/java/org/apache/hadoop/lib/util/ConfigurationUtils.java,38
hadoop,org.apache.hadoop.lib.server,TestServerConstructor,6,0,3,3,22,3,0,0,0.6666666666666666,0,1,/Users/eashraf/hadoop/hadoop-hdfs-project/hadoop-hdfs-httpfs/src/test/java/org/apache/hadoop/lib/server/TestServerConstructor.java,30
hadoop,org.apache.hadoop.lib.server,TestBaseService,1,0,1,1,32,1,0,0,0.0,0,3,/Users/eashraf/hadoop/hadoop-hdfs-project/hadoop-hdfs-httpfs/src/test/java/org/apache/hadoop/lib/server/TestBaseService.java,30
hadoop,org.apache.hadoop.lib.server,TestBaseService.MyService,1,0,0,0,12,0,0,2,-1.0,0,0,/Users/eashraf/hadoop/hadoop-hdfs-project/hadoop-hdfs-httpfs/src/test/java/org/apache/hadoop/lib/server/TestBaseService.java,32
hadoop,org.apache.hadoop.lib.server,TestServer,7,0,32,30,556,32,0,0,0.71875,0,6,/Users/eashraf/hadoop/hadoop-hdfs-project/hadoop-hdfs-httpfs/src/test/java/org/apache/hadoop/lib/server/TestServer.java,49
hadoop,org.apache.hadoop.lib.server,TestServer.LifeCycleService,0,0,0,0,15,0,0,2,-1.0,0,1,/Users/eashraf/hadoop/hadoop-hdfs-project/hadoop-hdfs-httpfs/src/test/java/org/apache/hadoop/lib/server/TestServer.java,239
hadoop,org.apache.hadoop.lib.server,TestServer.TestService,1,0,0,0,21,0,0,1,-1.0,0,1,/Users/eashraf/hadoop/hadoop-hdfs-project/hadoop-hdfs-httpfs/src/test/java/org/apache/hadoop/lib/server/TestServer.java,296
hadoop,org.apache.hadoop.lib.server,TestServer.TestServiceExceptionOnStatusChange,0,0,0,0,5,0,0,0,-1.0,0,1,/Users/eashraf/hadoop/hadoop-hdfs-project/hadoop-hdfs-httpfs/src/test/java/org/apache/hadoop/lib/server/TestServer.java,330
hadoop,org.apache.hadoop.lib.server,TestServer.MyService,5,0,0,0,40,0,0,1,-1.0,0,1,/Users/eashraf/hadoop/hadoop-hdfs-project/hadoop-hdfs-httpfs/src/test/java/org/apache/hadoop/lib/server/TestServer.java,458
hadoop,org.apache.hadoop.lib.server,TestServer.MyService1,0,0,0,0,8,0,0,0,-1.0,0,0,/Users/eashraf/hadoop/hadoop-hdfs-project/hadoop-hdfs-httpfs/src/test/java/org/apache/hadoop/lib/server/TestServer.java,516
hadoop,org.apache.hadoop.lib.server,TestServer.MyService2,0,0,0,0,5,0,0,0,-1.0,0,0,/Users/eashraf/hadoop/hadoop-hdfs-project/hadoop-hdfs-httpfs/src/test/java/org/apache/hadoop/lib/server/TestServer.java,528
hadoop,org.apache.hadoop.lib.server,TestServer.MyService3,0,0,0,0,5,0,0,0,-1.0,0,0,/Users/eashraf/hadoop/hadoop-hdfs-project/hadoop-hdfs-httpfs/src/test/java/org/apache/hadoop/lib/server/TestServer.java,535
hadoop,org.apache.hadoop.lib.server,TestServer.MyService1a,0,0,0,0,5,0,0,0,-1.0,0,0,/Users/eashraf/hadoop/hadoop-hdfs-project/hadoop-hdfs-httpfs/src/test/java/org/apache/hadoop/lib/server/TestServer.java,541
hadoop,org.apache.hadoop.lib.server,TestServer.MyService4,0,0,0,0,5,0,0,0,-1.0,0,0,/Users/eashraf/hadoop/hadoop-hdfs-project/hadoop-hdfs-httpfs/src/test/java/org/apache/hadoop/lib/server/TestServer.java,547
hadoop,org.apache.hadoop.lib.server,TestServer.MyService5,0,0,0,0,8,0,0,0,-1.0,0,0,/Users/eashraf/hadoop/hadoop-hdfs-project/hadoop-hdfs-httpfs/src/test/java/org/apache/hadoop/lib/server/TestServer.java,554
hadoop,org.apache.hadoop.lib.server,TestServer.MyService5a,0,0,0,0,5,0,0,0,-1.0,0,0,/Users/eashraf/hadoop/hadoop-hdfs-project/hadoop-hdfs-httpfs/src/test/java/org/apache/hadoop/lib/server/TestServer.java,566
hadoop,org.apache.hadoop.lib.server,TestServer.MyService6,0,0,0,0,5,0,0,0,-1.0,0,0,/Users/eashraf/hadoop/hadoop-hdfs-project/hadoop-hdfs-httpfs/src/test/java/org/apache/hadoop/lib/server/TestServer.java,573
hadoop,org.apache.hadoop.lib.server,TestServer.MyService7,0,0,0,0,5,0,0,0,-1.0,0,0,/Users/eashraf/hadoop/hadoop-hdfs-project/hadoop-hdfs-httpfs/src/test/java/org/apache/hadoop/lib/server/TestServer.java,580
hadoop,org.apache.hadoop.lib.server,ServiceException,0,0,1,1,13,1,0,1,-1.0,2,1,/Users/eashraf/hadoop/hadoop-hdfs-project/hadoop-hdfs-httpfs/src/main/java/org/apache/hadoop/lib/server/ServiceException.java,24
hadoop,org.apache.hadoop.lib.server,Service,0,0,6,6,37,6,3,0,-1.0,1,2,/Users/eashraf/hadoop/hadoop-hdfs-project/hadoop-hdfs-httpfs/src/main/java/org/apache/hadoop/lib/server/Service.java,23
hadoop,org.apache.hadoop.lib.server,BaseService,3,0,11,6,92,13,2,1,0.45454545454545453,1,4,/Users/eashraf/hadoop/hadoop-hdfs-project/hadoop-hdfs-httpfs/src/main/java/org/apache/hadoop/lib/server/BaseService.java,27
hadoop,org.apache.hadoop.lib.server,Server,15,4,29,18,552,63,0,0,0.0,15,6,/Users/eashraf/hadoop/hadoop-hdfs-project/hadoop-hdfs-httpfs/src/main/java/org/apache/hadoop/lib/server/Server.java,43
hadoop,org.apache.hadoop.lib.server,Server.Status,2,0,0,0,22,0,0,0,-1.0,0,0,/Users/eashraf/hadoop/hadoop-hdfs-project/hadoop-hdfs-httpfs/src/main/java/org/apache/hadoop/lib/server/Server.java,99
hadoop,org.apache.hadoop.lib.server,ServerException,1,0,2,1,40,2,1,0,1.0,3,1,/Users/eashraf/hadoop/hadoop-hdfs-project/hadoop-hdfs-httpfs/src/main/java/org/apache/hadoop/lib/server/ServerException.java,24
hadoop,org.apache.hadoop.lib.server,ServerException.ERROR,1,0,0,0,19,0,0,0,-1.0,0,0,/Users/eashraf/hadoop/hadoop-hdfs-project/hadoop-hdfs-httpfs/src/main/java/org/apache/hadoop/lib/server/ServerException.java,30
hadoop,org.apache.hadoop.lib.lang,TestXException,0,0,1,1,26,1,0,0,-1.0,0,1,/Users/eashraf/hadoop/hadoop-hdfs-project/hadoop-hdfs-httpfs/src/test/java/org/apache/hadoop/lib/lang/TestXException.java,28
hadoop,org.apache.hadoop.lib.lang,TestXException.TestERROR,0,0,0,0,4,0,0,1,-1.0,0,1,/Users/eashraf/hadoop/hadoop-hdfs-project/hadoop-hdfs-httpfs/src/test/java/org/apache/hadoop/lib/lang/TestXException.java,30
hadoop,org.apache.hadoop.lib.lang,TestRunnableCallable,2,0,3,3,47,3,0,0,0.6666666666666666,0,1,/Users/eashraf/hadoop/hadoop-hdfs-project/hadoop-hdfs-httpfs/src/test/java/org/apache/hadoop/lib/lang/TestRunnableCallable.java,30
hadoop,org.apache.hadoop.lib.lang,TestRunnableCallable.R,1,0,0,0,6,0,0,0,-1.0,0,0,/Users/eashraf/hadoop/hadoop-hdfs-project/hadoop-hdfs-httpfs/src/test/java/org/apache/hadoop/lib/lang/TestRunnableCallable.java,32
hadoop,org.apache.hadoop.lib.lang,TestRunnableCallable.C,1,0,0,0,7,0,0,0,-1.0,0,0,/Users/eashraf/hadoop/hadoop-hdfs-project/hadoop-hdfs-httpfs/src/test/java/org/apache/hadoop/lib/lang/TestRunnableCallable.java,41
hadoop,org.apache.hadoop.lib.lang,TestRunnableCallable.CEx,0,0,0,0,5,0,0,0,-1.0,0,0,/Users/eashraf/hadoop/hadoop-hdfs-project/hadoop-hdfs-httpfs/src/test/java/org/apache/hadoop/lib/lang/TestRunnableCallable.java,51
hadoop,org.apache.hadoop.lib.lang,RunnableCallable,2,0,5,5,59,7,0,0,0.0,1,1,/Users/eashraf/hadoop/hadoop-hdfs-project/hadoop-hdfs-httpfs/src/main/java/org/apache/hadoop/lib/lang/RunnableCallable.java,26
hadoop,org.apache.hadoop.lib.lang,XException,1,0,6,3,77,9,1,0,0.3333333333333333,4,1,/Users/eashraf/hadoop/hadoop-hdfs-project/hadoop-hdfs-httpfs/src/main/java/org/apache/hadoop/lib/lang/XException.java,26
hadoop,org.apache.hadoop.lib.lang,XException.ERROR,0,0,0,0,10,0,0,0,-1.0,0,0,/Users/eashraf/hadoop/hadoop-hdfs-project/hadoop-hdfs-httpfs/src/main/java/org/apache/hadoop/lib/lang/XException.java,33
hadoop,org.apache.hadoop.lib.service.security,TestGroupsService,0,0,2,2,22,2,0,0,-1.0,0,5,/Users/eashraf/hadoop/hadoop-hdfs-project/hadoop-hdfs-httpfs/src/test/java/org/apache/hadoop/lib/service/security/TestGroupsService.java,36
hadoop,org.apache.hadoop.lib.service.security,DummyGroupMapping,0,0,3,3,18,5,0,0,-1.0,0,1,/Users/eashraf/hadoop/hadoop-hdfs-project/hadoop-hdfs-httpfs/src/test/java/org/apache/hadoop/lib/service/security/DummyGroupMapping.java,28
hadoop,org.apache.hadoop.lib.service.security,GroupsService,2,0,4,3,18,4,0,0,0.75,0,3,/Users/eashraf/hadoop/hadoop-hdfs-project/hadoop-hdfs-httpfs/src/main/java/org/apache/hadoop/lib/service/security/GroupsService.java,31
hadoop,org.apache.hadoop.lib.service.scheduler,TestSchedulerService,0,0,1,1,11,1,0,0,-1.0,0,5,/Users/eashraf/hadoop/hadoop-hdfs-project/hadoop-hdfs-httpfs/src/test/java/org/apache/hadoop/lib/service/scheduler/TestSchedulerService.java,35
hadoop,org.apache.hadoop.lib.service.scheduler,SchedulerService,5,2,8,8,79,14,0,0,0.5,0,4,/Users/eashraf/hadoop/hadoop-hdfs-project/hadoop-hdfs-httpfs/src/main/java/org/apache/hadoop/lib/service/scheduler/SchedulerService.java,39
hadoop,org.apache.hadoop.lib.service.instrumentation,TestInstrumentationService,0,0,12,11,306,12,0,0,-1.0,0,7,/Users/eashraf/hadoop/hadoop-hdfs-project/hadoop-hdfs-httpfs/src/test/java/org/apache/hadoop/lib/service/instrumentation/TestInstrumentationService.java,44
hadoop,org.apache.hadoop.lib.service.instrumentation,InstrumentationService,33,2,14,13,308,22,0,0,0.5714285714285714,1,2,/Users/eashraf/hadoop/hadoop-hdfs-project/hadoop-hdfs-httpfs/src/main/java/org/apache/hadoop/lib/service/instrumentation/InstrumentationService.java,43
hadoop,org.apache.hadoop.lib.service.instrumentation,InstrumentationService.Cron,4,0,0,0,33,0,0,0,-1.0,0,0,/Users/eashraf/hadoop/hadoop-hdfs-project/hadoop-hdfs-httpfs/src/main/java/org/apache/hadoop/lib/service/instrumentation/InstrumentationService.java,162
hadoop,org.apache.hadoop.lib.service.instrumentation,InstrumentationService.Timer,10,0,0,0,69,0,0,0,-1.0,0,0,/Users/eashraf/hadoop/hadoop-hdfs-project/hadoop-hdfs-httpfs/src/main/java/org/apache/hadoop/lib/service/instrumentation/InstrumentationService.java,201
hadoop,org.apache.hadoop.lib.service.instrumentation,InstrumentationService.VariableHolder,1,0,0,0,19,0,0,0,-1.0,0,0,/Users/eashraf/hadoop/hadoop-hdfs-project/hadoop-hdfs-httpfs/src/main/java/org/apache/hadoop/lib/service/instrumentation/InstrumentationService.java,297
hadoop,org.apache.hadoop.lib.service.instrumentation,InstrumentationService.Sampler,5,0,0,0,36,0,0,0,-1.0,0,0,/Users/eashraf/hadoop/hadoop-hdfs-project/hadoop-hdfs-httpfs/src/main/java/org/apache/hadoop/lib/service/instrumentation/InstrumentationService.java,332
hadoop,org.apache.hadoop.lib.service.instrumentation,InstrumentationService.SamplersRunnable,0,0,0,0,13,0,0,0,-1.0,0,0,/Users/eashraf/hadoop/hadoop-hdfs-project/hadoop-hdfs-httpfs/src/main/java/org/apache/hadoop/lib/service/instrumentation/InstrumentationService.java,390
hadoop,org.apache.hadoop.lib.service.hadoop,TestFileSystemAccessService,0,0,19,18,294,19,0,0,-1.0,0,10,/Users/eashraf/hadoop/hadoop-hdfs-project/hadoop-hdfs-httpfs/src/test/java/org/apache/hadoop/lib/service/hadoop/TestFileSystemAccessService.java,48
hadoop,org.apache.hadoop.lib.service.hadoop,FileSystemAccessService,22,8,22,13,292,40,0,0,0.18181818181818182,1,12,/Users/eashraf/hadoop/hadoop-hdfs-project/hadoop-hdfs-httpfs/src/main/java/org/apache/hadoop/lib/service/hadoop/FileSystemAccessService.java,53
hadoop,org.apache.hadoop.lib.service.hadoop,FileSystemAccessService.CachedFileSystem,4,0,0,0,42,0,0,0,-1.0,0,1,/Users/eashraf/hadoop/hadoop-hdfs-project/hadoop-hdfs-httpfs/src/main/java/org/apache/hadoop/lib/service/hadoop/FileSystemAccessService.java,75
hadoop,org.apache.hadoop.lib.service.hadoop,FileSystemAccessService.FileSystemCachePurger,0,0,0,0,14,0,0,0,-1.0,0,0,/Users/eashraf/hadoop/hadoop-hdfs-project/hadoop-hdfs-httpfs/src/main/java/org/apache/hadoop/lib/service/hadoop/FileSystemAccessService.java,239
hadoop,org.apache.hadoop.fs.http.server,TestHttpFSWithKerberos,0,0,13,10,140,14,0,0,-1.0,0,12,/Users/eashraf/hadoop/hadoop-hdfs-project/hadoop-hdfs-httpfs/src/test/java/org/apache/hadoop/fs/http/server/TestHttpFSWithKerberos.java,59
hadoop,org.apache.hadoop.fs.http.server,HttpFSKerberosAuthenticationHandlerForTesting,0,0,2,2,8,2,0,0,-1.0,0,0,/Users/eashraf/hadoop/hadoop-hdfs-project/hadoop-hdfs-httpfs/src/test/java/org/apache/hadoop/fs/http/server/HttpFSKerberosAuthenticationHandlerForTesting.java,25
hadoop,org.apache.hadoop.fs.http.server,TestHttpFSServer,0,0,20,12,457,31,0,0,-1.0,1,17,/Users/eashraf/hadoop/hadoop-hdfs-project/hadoop-hdfs-httpfs/src/test/java/org/apache/hadoop/fs/http/server/TestHttpFSServer.java,73
hadoop,org.apache.hadoop.fs.http.server,TestHttpFSServer.MockGroups,0,0,0,0,19,0,0,0,-1.0,0,0,/Users/eashraf/hadoop/hadoop-hdfs-project/hadoop-hdfs-httpfs/src/test/java/org/apache/hadoop/fs/http/server/TestHttpFSServer.java,87
hadoop,org.apache.hadoop.fs.http.server,TestHttpFSServerNoXAttrs,2,0,5,1,144,11,0,0,0.0,0,10,/Users/eashraf/hadoop/hadoop-hdfs-project/hadoop-hdfs-httpfs/src/test/java/org/apache/hadoop/fs/http/server/TestHttpFSServerNoXAttrs.java,50
hadoop,org.apache.hadoop.fs.http.server,TestCheckUploadContentTypeFilter,0,0,7,6,40,8,0,0,-1.0,0,3,/Users/eashraf/hadoop/hadoop-hdfs-project/hadoop-hdfs-httpfs/src/test/java/org/apache/hadoop/fs/http/server/TestCheckUploadContentTypeFilter.java,30
hadoop,org.apache.hadoop.fs.http.server,TestHttpFSServerNoACLs,2,0,5,1,171,13,0,0,0.0,0,9,/Users/eashraf/hadoop/hadoop-hdfs-project/hadoop-hdfs-httpfs/src/test/java/org/apache/hadoop/fs/http/server/TestHttpFSServerNoACLs.java,49
hadoop,org.apache.hadoop.fs.http.server,HttpFSServerWebApp,5,2,7,7,69,8,0,0,0.2857142857142857,8,2,/Users/eashraf/hadoop/hadoop-hdfs-project/hadoop-hdfs-httpfs/src/main/java/org/apache/hadoop/fs/http/server/HttpFSServerWebApp.java,32
hadoop,org.apache.hadoop.fs.http.server,CheckUploadContentTypeFilter,1,0,3,3,51,7,0,0,1.0,1,3,/Users/eashraf/hadoop/hadoop-hdfs-project/hadoop-hdfs-httpfs/src/main/java/org/apache/hadoop/fs/http/server/CheckUploadContentTypeFilter.java,38
hadoop,org.apache.hadoop.fs.http.server,HttpFSServer,1,0,10,5,405,43,0,0,0.2,0,14,/Users/eashraf/hadoop/hadoop-hdfs-project/hadoop-hdfs-httpfs/src/main/java/org/apache/hadoop/fs/http/server/HttpFSServer.java,87
hadoop,org.apache.hadoop.fs.http.server,HttpFSParametersProvider,25,23,1,1,372,1,0,0,0.0,2,1,/Users/eashraf/hadoop/hadoop-hdfs-project/hadoop-hdfs-httpfs/src/main/java/org/apache/hadoop/fs/http/server/HttpFSParametersProvider.java,42
hadoop,org.apache.hadoop.fs.http.server,HttpFSParametersProvider.AccessTimeParam,1,1,0,0,15,0,0,0,-1.0,0,1,/Users/eashraf/hadoop/hadoop-hdfs-project/hadoop-hdfs-httpfs/src/main/java/org/apache/hadoop/fs/http/server/HttpFSParametersProvider.java,101
hadoop,org.apache.hadoop.fs.http.server,HttpFSParametersProvider.BlockSizeParam,1,1,0,0,15,0,0,0,-1.0,0,1,/Users/eashraf/hadoop/hadoop-hdfs-project/hadoop-hdfs-httpfs/src/main/java/org/apache/hadoop/fs/http/server/HttpFSParametersProvider.java,119
hadoop,org.apache.hadoop.fs.http.server,HttpFSParametersProvider.DataParam,1,1,0,0,15,0,0,0,-1.0,0,0,/Users/eashraf/hadoop/hadoop-hdfs-project/hadoop-hdfs-httpfs/src/main/java/org/apache/hadoop/fs/http/server/HttpFSParametersProvider.java,138
hadoop,org.apache.hadoop.fs.http.server,HttpFSParametersProvider.OperationParam,1,1,0,0,15,0,0,0,-1.0,0,1,/Users/eashraf/hadoop/hadoop-hdfs-project/hadoop-hdfs-httpfs/src/main/java/org/apache/hadoop/fs/http/server/HttpFSParametersProvider.java,157
hadoop,org.apache.hadoop.fs.http.server,HttpFSParametersProvider.RecursiveParam,1,1,0,0,15,0,0,0,-1.0,0,1,/Users/eashraf/hadoop/hadoop-hdfs-project/hadoop-hdfs-httpfs/src/main/java/org/apache/hadoop/fs/http/server/HttpFSParametersProvider.java,177
hadoop,org.apache.hadoop.fs.http.server,HttpFSParametersProvider.FilterParam,1,1,0,0,15,0,0,0,-1.0,0,0,/Users/eashraf/hadoop/hadoop-hdfs-project/hadoop-hdfs-httpfs/src/main/java/org/apache/hadoop/fs/http/server/HttpFSParametersProvider.java,196
hadoop,org.apache.hadoop.fs.http.server,HttpFSParametersProvider.GroupParam,1,1,0,0,15,0,0,0,-1.0,0,1,/Users/eashraf/hadoop/hadoop-hdfs-project/hadoop-hdfs-httpfs/src/main/java/org/apache/hadoop/fs/http/server/HttpFSParametersProvider.java,216
hadoop,org.apache.hadoop.fs.http.server,HttpFSParametersProvider.LenParam,1,1,0,0,15,0,0,0,-1.0,0,0,/Users/eashraf/hadoop/hadoop-hdfs-project/hadoop-hdfs-httpfs/src/main/java/org/apache/hadoop/fs/http/server/HttpFSParametersProvider.java,236
hadoop,org.apache.hadoop.fs.http.server,HttpFSParametersProvider.ModifiedTimeParam,1,1,0,0,15,0,0,0,-1.0,0,1,/Users/eashraf/hadoop/hadoop-hdfs-project/hadoop-hdfs-httpfs/src/main/java/org/apache/hadoop/fs/http/server/HttpFSParametersProvider.java,255
hadoop,org.apache.hadoop.fs.http.server,HttpFSParametersProvider.OffsetParam,1,1,0,0,15,0,0,0,-1.0,0,0,/Users/eashraf/hadoop/hadoop-hdfs-project/hadoop-hdfs-httpfs/src/main/java/org/apache/hadoop/fs/http/server/HttpFSParametersProvider.java,274
hadoop,org.apache.hadoop.fs.http.server,HttpFSParametersProvider.NewLengthParam,1,1,0,0,15,0,0,0,-1.0,0,1,/Users/eashraf/hadoop/hadoop-hdfs-project/hadoop-hdfs-httpfs/src/main/java/org/apache/hadoop/fs/http/server/HttpFSParametersProvider.java,293
hadoop,org.apache.hadoop.fs.http.server,HttpFSParametersProvider.OverwriteParam,1,1,0,0,15,0,0,0,-1.0,0,1,/Users/eashraf/hadoop/hadoop-hdfs-project/hadoop-hdfs-httpfs/src/main/java/org/apache/hadoop/fs/http/server/HttpFSParametersProvider.java,312
hadoop,org.apache.hadoop.fs.http.server,HttpFSParametersProvider.OwnerParam,1,1,0,0,15,0,0,0,-1.0,0,1,/Users/eashraf/hadoop/hadoop-hdfs-project/hadoop-hdfs-httpfs/src/main/java/org/apache/hadoop/fs/http/server/HttpFSParametersProvider.java,331
hadoop,org.apache.hadoop.fs.http.server,HttpFSParametersProvider.PermissionParam,1,1,0,0,15,0,0,0,-1.0,0,1,/Users/eashraf/hadoop/hadoop-hdfs-project/hadoop-hdfs-httpfs/src/main/java/org/apache/hadoop/fs/http/server/HttpFSParametersProvider.java,351
hadoop,org.apache.hadoop.fs.http.server,HttpFSParametersProvider.AclPermissionParam,1,1,0,0,15,0,0,0,-1.0,0,1,/Users/eashraf/hadoop/hadoop-hdfs-project/hadoop-hdfs-httpfs/src/main/java/org/apache/hadoop/fs/http/server/HttpFSParametersProvider.java,372
hadoop,org.apache.hadoop.fs.http.server,HttpFSParametersProvider.ReplicationParam,1,1,0,0,15,0,0,0,-1.0,0,1,/Users/eashraf/hadoop/hadoop-hdfs-project/hadoop-hdfs-httpfs/src/main/java/org/apache/hadoop/fs/http/server/HttpFSParametersProvider.java,392
hadoop,org.apache.hadoop.fs.http.server,HttpFSParametersProvider.SourcesParam,1,1,0,0,15,0,0,0,-1.0,0,1,/Users/eashraf/hadoop/hadoop-hdfs-project/hadoop-hdfs-httpfs/src/main/java/org/apache/hadoop/fs/http/server/HttpFSParametersProvider.java,411
hadoop,org.apache.hadoop.fs.http.server,HttpFSParametersProvider.DestinationParam,1,1,0,0,15,0,0,0,-1.0,0,1,/Users/eashraf/hadoop/hadoop-hdfs-project/hadoop-hdfs-httpfs/src/main/java/org/apache/hadoop/fs/http/server/HttpFSParametersProvider.java,430
hadoop,org.apache.hadoop.fs.http.server,HttpFSParametersProvider.XAttrNameParam,3,2,0,0,17,0,0,0,-1.0,0,1,/Users/eashraf/hadoop/hadoop-hdfs-project/hadoop-hdfs-httpfs/src/main/java/org/apache/hadoop/fs/http/server/HttpFSParametersProvider.java,449
hadoop,org.apache.hadoop.fs.http.server,HttpFSParametersProvider.XAttrValueParam,1,1,0,0,15,0,0,0,-1.0,0,1,/Users/eashraf/hadoop/hadoop-hdfs-project/hadoop-hdfs-httpfs/src/main/java/org/apache/hadoop/fs/http/server/HttpFSParametersProvider.java,470
hadoop,org.apache.hadoop.fs.http.server,HttpFSParametersProvider.XAttrSetFlagParam,1,1,0,0,15,0,0,0,-1.0,0,1,/Users/eashraf/hadoop/hadoop-hdfs-project/hadoop-hdfs-httpfs/src/main/java/org/apache/hadoop/fs/http/server/HttpFSParametersProvider.java,488
hadoop,org.apache.hadoop.fs.http.server,HttpFSParametersProvider.XAttrEncodingParam,1,1,0,0,15,0,0,0,-1.0,0,1,/Users/eashraf/hadoop/hadoop-hdfs-project/hadoop-hdfs-httpfs/src/main/java/org/apache/hadoop/fs/http/server/HttpFSParametersProvider.java,506
hadoop,org.apache.hadoop.fs.http.server,FSOperations,56,0,6,0,914,10,0,0,1.0,1,9,/Users/eashraf/hadoop/hadoop-hdfs-project/hadoop-hdfs-httpfs/src/main/java/org/apache/hadoop/fs/http/server/FSOperations.java,50
hadoop,org.apache.hadoop.fs.http.server,FSOperations.StatusPair,2,0,0,0,64,0,0,0,-1.0,0,3,/Users/eashraf/hadoop/hadoop-hdfs-project/hadoop-hdfs-httpfs/src/main/java/org/apache/hadoop/fs/http/server/FSOperations.java,56
hadoop,org.apache.hadoop.fs.http.server,FSOperations.StatusPairs,1,0,0,0,50,0,0,0,-1.0,0,1,/Users/eashraf/hadoop/hadoop-hdfs-project/hadoop-hdfs-httpfs/src/main/java/org/apache/hadoop/fs/http/server/FSOperations.java,136
hadoop,org.apache.hadoop.fs.http.server,FSOperations.FSAppend,2,0,0,0,29,0,0,0,-1.0,0,1,/Users/eashraf/hadoop/hadoop-hdfs-project/hadoop-hdfs-httpfs/src/main/java/org/apache/hadoop/fs/http/server/FSOperations.java,327
hadoop,org.apache.hadoop.fs.http.server,FSOperations.FSConcat,2,0,0,0,29,0,0,0,-1.0,0,1,/Users/eashraf/hadoop/hadoop-hdfs-project/hadoop-hdfs-httpfs/src/main/java/org/apache/hadoop/fs/http/server/FSOperations.java,366
hadoop,org.apache.hadoop.fs.http.server,FSOperations.FSTruncate,2,0,0,0,26,0,0,0,-1.0,0,2,/Users/eashraf/hadoop/hadoop-hdfs-project/hadoop-hdfs-httpfs/src/main/java/org/apache/hadoop/fs/http/server/FSOperations.java,407
hadoop,org.apache.hadoop.fs.http.server,FSOperations.FSContentSummary,1,0,0,0,23,0,0,0,-1.0,0,1,/Users/eashraf/hadoop/hadoop-hdfs-project/hadoop-hdfs-httpfs/src/main/java/org/apache/hadoop/fs/http/server/FSOperations.java,449
hadoop,org.apache.hadoop.fs.http.server,FSOperations.FSCreate,6,0,0,0,48,0,0,0,-1.0,0,1,/Users/eashraf/hadoop/hadoop-hdfs-project/hadoop-hdfs-httpfs/src/main/java/org/apache/hadoop/fs/http/server/FSOperations.java,482
hadoop,org.apache.hadoop.fs.http.server,FSOperations.FSDelete,2,0,0,0,26,0,0,0,-1.0,0,2,/Users/eashraf/hadoop/hadoop-hdfs-project/hadoop-hdfs-httpfs/src/main/java/org/apache/hadoop/fs/http/server/FSOperations.java,541
hadoop,org.apache.hadoop.fs.http.server,FSOperations.FSFileChecksum,1,0,0,0,23,0,0,0,-1.0,0,1,/Users/eashraf/hadoop/hadoop-hdfs-project/hadoop-hdfs-httpfs/src/main/java/org/apache/hadoop/fs/http/server/FSOperations.java,579
hadoop,org.apache.hadoop.fs.http.server,FSOperations.FSFileStatus,1,0,0,0,23,0,0,0,-1.0,0,1,/Users/eashraf/hadoop/hadoop-hdfs-project/hadoop-hdfs-httpfs/src/main/java/org/apache/hadoop/fs/http/server/FSOperations.java,612
hadoop,org.apache.hadoop.fs.http.server,FSOperations.FSHomeDir,0,0,0,0,17,0,0,0,-1.0,0,1,/Users/eashraf/hadoop/hadoop-hdfs-project/hadoop-hdfs-httpfs/src/main/java/org/apache/hadoop/fs/http/server/FSOperations.java,646
hadoop,org.apache.hadoop.fs.http.server,FSOperations.FSListStatus,2,0,0,0,30,0,0,0,-1.0,0,2,/Users/eashraf/hadoop/hadoop-hdfs-project/hadoop-hdfs-httpfs/src/main/java/org/apache/hadoop/fs/http/server/FSOperations.java,672
hadoop,org.apache.hadoop.fs.http.server,FSOperations.FSMkdirs,2,0,0,0,27,0,0,0,-1.0,0,2,/Users/eashraf/hadoop/hadoop-hdfs-project/hadoop-hdfs-httpfs/src/main/java/org/apache/hadoop/fs/http/server/FSOperations.java,717
hadoop,org.apache.hadoop.fs.http.server,FSOperations.FSOpen,1,0,0,0,23,0,0,0,-1.0,0,1,/Users/eashraf/hadoop/hadoop-hdfs-project/hadoop-hdfs-httpfs/src/main/java/org/apache/hadoop/fs/http/server/FSOperations.java,756
hadoop,org.apache.hadoop.fs.http.server,FSOperations.FSRename,2,0,0,0,26,0,0,0,-1.0,0,2,/Users/eashraf/hadoop/hadoop-hdfs-project/hadoop-hdfs-httpfs/src/main/java/org/apache/hadoop/fs/http/server/FSOperations.java,789
hadoop,org.apache.hadoop.fs.http.server,FSOperations.FSSetOwner,3,0,0,0,29,0,0,0,-1.0,0,1,/Users/eashraf/hadoop/hadoop-hdfs-project/hadoop-hdfs-httpfs/src/main/java/org/apache/hadoop/fs/http/server/FSOperations.java,826
hadoop,org.apache.hadoop.fs.http.server,FSOperations.FSSetPermission,2,0,0,0,27,0,0,0,-1.0,0,1,/Users/eashraf/hadoop/hadoop-hdfs-project/hadoop-hdfs-httpfs/src/main/java/org/apache/hadoop/fs/http/server/FSOperations.java,865
hadoop,org.apache.hadoop.fs.http.server,FSOperations.FSSetAcl,2,0,0,0,26,0,0,0,-1.0,0,1,/Users/eashraf/hadoop/hadoop-hdfs-project/hadoop-hdfs-httpfs/src/main/java/org/apache/hadoop/fs/http/server/FSOperations.java,903
hadoop,org.apache.hadoop.fs.http.server,FSOperations.FSRemoveAcl,1,0,0,0,23,0,0,0,-1.0,0,1,/Users/eashraf/hadoop/hadoop-hdfs-project/hadoop-hdfs-httpfs/src/main/java/org/apache/hadoop/fs/http/server/FSOperations.java,940
hadoop,org.apache.hadoop.fs.http.server,FSOperations.FSModifyAclEntries,2,0,0,0,26,0,0,0,-1.0,0,1,/Users/eashraf/hadoop/hadoop-hdfs-project/hadoop-hdfs-httpfs/src/main/java/org/apache/hadoop/fs/http/server/FSOperations.java,974
hadoop,org.apache.hadoop.fs.http.server,FSOperations.FSRemoveAclEntries,2,0,0,0,26,0,0,0,-1.0,0,1,/Users/eashraf/hadoop/hadoop-hdfs-project/hadoop-hdfs-httpfs/src/main/java/org/apache/hadoop/fs/http/server/FSOperations.java,1011
hadoop,org.apache.hadoop.fs.http.server,FSOperations.FSRemoveDefaultAcl,1,0,0,0,23,0,0,0,-1.0,0,1,/Users/eashraf/hadoop/hadoop-hdfs-project/hadoop-hdfs-httpfs/src/main/java/org/apache/hadoop/fs/http/server/FSOperations.java,1048
hadoop,org.apache.hadoop.fs.http.server,FSOperations.FSAclStatus,1,0,0,0,23,0,0,0,-1.0,0,1,/Users/eashraf/hadoop/hadoop-hdfs-project/hadoop-hdfs-httpfs/src/main/java/org/apache/hadoop/fs/http/server/FSOperations.java,1082
hadoop,org.apache.hadoop.fs.http.server,FSOperations.FSSetReplication,2,0,0,0,28,0,0,0,-1.0,0,2,/Users/eashraf/hadoop/hadoop-hdfs-project/hadoop-hdfs-httpfs/src/main/java/org/apache/hadoop/fs/http/server/FSOperations.java,1115
hadoop,org.apache.hadoop.fs.http.server,FSOperations.FSSetTimes,3,0,0,0,29,0,0,0,-1.0,0,1,/Users/eashraf/hadoop/hadoop-hdfs-project/hadoop-hdfs-httpfs/src/main/java/org/apache/hadoop/fs/http/server/FSOperations.java,1155
hadoop,org.apache.hadoop.fs.http.server,FSOperations.FSSetXAttr,4,0,0,0,19,0,0,0,-1.0,0,1,/Users/eashraf/hadoop/hadoop-hdfs-project/hadoop-hdfs-httpfs/src/main/java/org/apache/hadoop/fs/http/server/FSOperations.java,1194
hadoop,org.apache.hadoop.fs.http.server,FSOperations.FSRemoveXAttr,2,0,0,0,15,0,0,0,-1.0,0,1,/Users/eashraf/hadoop/hadoop-hdfs-project/hadoop-hdfs-httpfs/src/main/java/org/apache/hadoop/fs/http/server/FSOperations.java,1221
hadoop,org.apache.hadoop.fs.http.server,FSOperations.FSListXAttrs,1,0,0,0,23,0,0,0,-1.0,0,1,/Users/eashraf/hadoop/hadoop-hdfs-project/hadoop-hdfs-httpfs/src/main/java/org/apache/hadoop/fs/http/server/FSOperations.java,1244
hadoop,org.apache.hadoop.fs.http.server,FSOperations.FSGetXAttrs,3,0,0,0,33,0,0,0,-1.0,0,2,/Users/eashraf/hadoop/hadoop-hdfs-project/hadoop-hdfs-httpfs/src/main/java/org/apache/hadoop/fs/http/server/FSOperations.java,1279
hadoop,org.apache.hadoop.fs.http.server,HttpFSReleaseFilter,0,0,1,0,12,1,0,0,-1.0,0,2,/Users/eashraf/hadoop/hadoop-hdfs-project/hadoop-hdfs-httpfs/src/main/java/org/apache/hadoop/fs/http/server/HttpFSReleaseFilter.java,25
hadoop,org.apache.hadoop.fs.http.server,HttpFSAuthenticationFilter,2,0,2,0,53,7,0,0,1.0,0,3,/Users/eashraf/hadoop/hadoop-hdfs-project/hadoop-hdfs-httpfs/src/main/java/org/apache/hadoop/fs/http/server/HttpFSAuthenticationFilter.java,36
hadoop,org.apache.hadoop.fs.http.server,HttpFSExceptionProvider,2,0,2,1,52,9,0,0,1.0,0,0,/Users/eashraf/hadoop/hadoop-hdfs-project/hadoop-hdfs-httpfs/src/main/java/org/apache/hadoop/fs/http/server/HttpFSExceptionProvider.java,34
hadoop,org.apache.hadoop.fs.http.client,TestHttpFSFWithWebhdfsFileSystem,0,0,2,1,8,2,0,2,-1.0,0,0,/Users/eashraf/hadoop/hadoop-hdfs-project/hadoop-hdfs-httpfs/src/test/java/org/apache/hadoop/fs/http/client/TestHttpFSFWithWebhdfsFileSystem.java,25
hadoop,org.apache.hadoop.fs.http.client,TestHttpFSWithHttpFSFileSystem,0,0,5,1,17,5,2,1,-1.0,0,2,/Users/eashraf/hadoop/hadoop-hdfs-project/hadoop-hdfs-httpfs/src/test/java/org/apache/hadoop/fs/http/client/TestHttpFSWithHttpFSFileSystem.java,28
hadoop,org.apache.hadoop.fs.http.client,TestHttpFSFileSystemLocalFileSystem,1,0,6,1,46,7,0,1,0.3333333333333333,0,8,/Users/eashraf/hadoop/hadoop-hdfs-project/hadoop-hdfs-httpfs/src/test/java/org/apache/hadoop/fs/http/client/TestHttpFSFileSystemLocalFileSystem.java,37
hadoop,org.apache.hadoop.fs.http.client,BaseTestHttpFSWith,1,0,39,5,734,79,2,0,0.05128205128205128,0,20,/Users/eashraf/hadoop/hadoop-hdfs-project/hadoop-hdfs-httpfs/src/test/java/org/apache/hadoop/fs/http/client/BaseTestHttpFSWith.java,69
hadoop,org.apache.hadoop.fs.http.client,BaseTestHttpFSWith.Operation,0,0,0,0,1,0,0,0,-1.0,0,0,/Users/eashraf/hadoop/hadoop-hdfs-project/hadoop-hdfs-httpfs/src/test/java/org/apache/hadoop/fs/http/client/BaseTestHttpFSWith.java,813
hadoop,org.apache.hadoop.fs.http.client,TestHttpFSFWithSWebhdfsFileSystem,3,0,5,2,47,5,0,2,0.8,0,3,/Users/eashraf/hadoop/hadoop-hdfs-project/hadoop-hdfs-httpfs/src/test/java/org/apache/hadoop/fs/http/client/TestHttpFSFWithSWebhdfsFileSystem.java,36
hadoop,org.apache.hadoop.fs.http.client,HttpFSFileSystem,75,63,58,49,817,77,1,0,0.1206896551724138,32,19,/Users/eashraf/hadoop/hadoop-hdfs-project/hadoop-hdfs-httpfs/src/main/java/org/apache/hadoop/fs/http/client/HttpFSFileSystem.java,79
hadoop,org.apache.hadoop.fs.http.client,HttpFSFileSystem.FILE_TYPE,0,0,0,0,13,0,0,0,-1.0,0,0,/Users/eashraf/hadoop/hadoop-hdfs-project/hadoop-hdfs-httpfs/src/main/java/org/apache/hadoop/fs/http/client/HttpFSFileSystem.java,131
hadoop,org.apache.hadoop.fs.http.client,HttpFSFileSystem.Operation,1,0,0,0,8,0,0,0,-1.0,0,0,/Users/eashraf/hadoop/hadoop-hdfs-project/hadoop-hdfs-httpfs/src/main/java/org/apache/hadoop/fs/http/client/HttpFSFileSystem.java,191
hadoop,org.apache.hadoop.fs.http.client,HttpFSFileSystem.HttpFSDataInputStream,0,0,0,0,26,0,0,0,-1.0,0,0,/Users/eashraf/hadoop/hadoop-hdfs-project/hadoop-hdfs-httpfs/src/main/java/org/apache/hadoop/fs/http/client/HttpFSFileSystem.java,375
hadoop,org.apache.hadoop.fs.http.client,HttpFSFileSystem.HttpFSDataOutputStream,2,0,0,0,20,0,0,0,-1.0,0,0,/Users/eashraf/hadoop/hadoop-hdfs-project/hadoop-hdfs-httpfs/src/main/java/org/apache/hadoop/fs/http/client/HttpFSFileSystem.java,438
hadoop,org.apache.hadoop.fs.http.client,HttpsFSFileSystem,1,1,1,1,9,1,0,1,0.0,1,0,/Users/eashraf/hadoop/hadoop-hdfs-project/hadoop-hdfs-httpfs/src/main/java/org/apache/hadoop/fs/http/client/HttpsFSFileSystem.java,20
hadoop,org.apache.hadoop.fs.http.client,HttpFSUtils,3,2,3,0,72,9,0,0,0.6666666666666666,1,3,/Users/eashraf/hadoop/hadoop-hdfs-project/hadoop-hdfs-httpfs/src/main/java/org/apache/hadoop/fs/http/client/HttpFSUtils.java,36
hadoop,org.apache.hadoop.lib.service,FileSystemAccess,0,0,4,4,9,4,0,0,-1.0,3,3,/Users/eashraf/hadoop/hadoop-hdfs-project/hadoop-hdfs-httpfs/src/main/java/org/apache/hadoop/lib/service/FileSystemAccess.java,27
hadoop,org.apache.hadoop.lib.service,FileSystemAccess.FileSystemExecutor,0,0,0,0,3,0,0,0,-1.0,0,0,/Users/eashraf/hadoop/hadoop-hdfs-project/hadoop-hdfs-httpfs/src/main/java/org/apache/hadoop/lib/service/FileSystemAccess.java,30
hadoop,org.apache.hadoop.lib.service,Groups,0,0,1,1,3,1,0,0,-1.0,2,0,/Users/eashraf/hadoop/hadoop-hdfs-project/hadoop-hdfs-httpfs/src/main/java/org/apache/hadoop/lib/service/Groups.java,26
hadoop,org.apache.hadoop.lib.service,Scheduler,0,0,2,2,4,2,0,0,-1.0,3,0,/Users/eashraf/hadoop/hadoop-hdfs-project/hadoop-hdfs-httpfs/src/main/java/org/apache/hadoop/lib/service/Scheduler.java,26
hadoop,org.apache.hadoop.lib.service,Instrumentation,0,0,6,6,15,6,0,0,-1.0,5,0,/Users/eashraf/hadoop/hadoop-hdfs-project/hadoop-hdfs-httpfs/src/main/java/org/apache/hadoop/lib/service/Instrumentation.java,25
hadoop,org.apache.hadoop.lib.service,Instrumentation.Cron,0,0,0,0,4,0,0,0,-1.0,0,0,/Users/eashraf/hadoop/hadoop-hdfs-project/hadoop-hdfs-httpfs/src/main/java/org/apache/hadoop/lib/service/Instrumentation.java,28
hadoop,org.apache.hadoop.lib.service,Instrumentation.Variable,0,0,0,0,3,0,0,0,-1.0,0,0,/Users/eashraf/hadoop/hadoop-hdfs-project/hadoop-hdfs-httpfs/src/main/java/org/apache/hadoop/lib/service/Instrumentation.java,35
hadoop,org.apache.hadoop.lib.service,FileSystemAccessException,1,0,1,1,13,1,0,0,0.0,3,0,/Users/eashraf/hadoop/hadoop-hdfs-project/hadoop-hdfs-httpfs/src/main/java/org/apache/hadoop/lib/service/FileSystemAccessException.java,24
hadoop,org.apache.hadoop.lib.service,FileSystemAccessException.ERROR,1,0,0,0,8,0,0,0,-1.0,0,0,/Users/eashraf/hadoop/hadoop-hdfs-project/hadoop-hdfs-httpfs/src/main/java/org/apache/hadoop/lib/service/FileSystemAccessException.java,27
hadoop,org.apache.hadoop.hdfs.nfs.nfs3,TestDFSClientCache,0,0,4,3,49,4,0,0,-1.0,0,5,/Users/eashraf/hadoop/hadoop-hdfs-project/hadoop-hdfs-nfs/src/test/java/org/apache/hadoop/hdfs/nfs/nfs3/TestDFSClientCache.java,35
hadoop,org.apache.hadoop.hdfs.nfs.nfs3,TestReaddir,7,0,5,5,103,6,0,0,0.0,0,15,/Users/eashraf/hadoop/hadoop-hdfs-project/hadoop-hdfs-nfs/src/test/java/org/apache/hadoop/hdfs/nfs/nfs3/TestReaddir.java,58
hadoop,org.apache.hadoop.hdfs.nfs.nfs3,TestWrites,0,0,10,9,401,18,0,0,-1.0,0,25,/Users/eashraf/hadoop/hadoop-hdfs-project/hadoop-hdfs-nfs/src/test/java/org/apache/hadoop/hdfs/nfs/nfs3/TestWrites.java,60
hadoop,org.apache.hadoop.hdfs.nfs.nfs3,TestNfs3HttpServer,5,0,3,3,41,4,0,0,0.0,0,11,/Users/eashraf/hadoop/hadoop-hdfs-project/hadoop-hdfs-nfs/src/test/java/org/apache/hadoop/hdfs/nfs/nfs3/TestNfs3HttpServer.java,37
hadoop,org.apache.hadoop.hdfs.nfs.nfs3,TestClientAccessPrivilege,6,0,4,4,46,5,0,0,0.0,0,15,/Users/eashraf/hadoop/hadoop-hdfs-project/hadoop-hdfs-nfs/src/test/java/org/apache/hadoop/hdfs/nfs/nfs3/TestClientAccessPrivilege.java,45
hadoop,org.apache.hadoop.hdfs.nfs.nfs3,TestExportsTable,0,0,1,1,26,2,0,0,-1.0,0,6,/Users/eashraf/hadoop/hadoop-hdfs-project/hadoop-hdfs-nfs/src/test/java/org/apache/hadoop/hdfs/nfs/nfs3/TestExportsTable.java,31
hadoop,org.apache.hadoop.hdfs.nfs.nfs3,TestRpcProgramNfs3,13,0,29,25,402,34,0,0,0.10344827586206896,0,63,/Users/eashraf/hadoop/hadoop-hdfs-project/hadoop-hdfs-nfs/src/test/java/org/apache/hadoop/hdfs/nfs/nfs3/TestRpcProgramNfs3.java,104
hadoop,org.apache.hadoop.hdfs.nfs.nfs3,TestOpenFileCtxCache,1,0,2,2,68,2,0,0,1.0,0,7,/Users/eashraf/hadoop/hadoop-hdfs-project/hadoop-hdfs-nfs/src/test/java/org/apache/hadoop/hdfs/nfs/nfs3/TestOpenFileCtxCache.java,36
hadoop,org.apache.hadoop.hdfs.nfs.nfs3,TestOffsetRange,0,0,5,5,24,5,0,0,-1.0,0,1,/Users/eashraf/hadoop/hadoop-hdfs-project/hadoop-hdfs-nfs/src/test/java/org/apache/hadoop/hdfs/nfs/nfs3/TestOffsetRange.java,27
hadoop,org.apache.hadoop.hdfs.nfs.nfs3,TestNfs3Utils,0,0,1,1,37,1,0,0,-1.0,0,3,/Users/eashraf/hadoop/hadoop-hdfs-project/hadoop-hdfs-nfs/src/test/java/org/apache/hadoop/hdfs/nfs/nfs3/TestNfs3Utils.java,33
hadoop,org.apache.hadoop.hdfs.nfs.nfs3,PrivilegedNfsGatewayStarter,2,0,4,4,28,6,0,0,0.5,0,3,/Users/eashraf/hadoop/hadoop-hdfs-project/hadoop-hdfs-nfs/src/main/java/org/apache/hadoop/hdfs/nfs/nfs3/PrivilegedNfsGatewayStarter.java,27
hadoop,org.apache.hadoop.hdfs.nfs.nfs3,AsyncDataService,8,0,5,2,81,9,0,0,0.0,2,1,/Users/eashraf/hadoop/hadoop-hdfs-project/hadoop-hdfs-nfs/src/main/java/org/apache/hadoop/hdfs/nfs/nfs3/AsyncDataService.java,28
hadoop,org.apache.hadoop.hdfs.nfs.nfs3,AsyncDataService.WriteBackTask,1,0,0,0,23,0,0,0,-1.0,0,1,/Users/eashraf/hadoop/hadoop-hdfs-project/hadoop-hdfs-nfs/src/main/java/org/apache/hadoop/hdfs/nfs/nfs3/AsyncDataService.java,106
hadoop,org.apache.hadoop.hdfs.nfs.nfs3,Nfs3,1,0,6,5,30,6,0,0,0.3333333333333333,8,5,/Users/eashraf/hadoop/hadoop-hdfs-project/hadoop-hdfs-nfs/src/main/java/org/apache/hadoop/hdfs/nfs/nfs3/Nfs3.java,31
hadoop,org.apache.hadoop.hdfs.nfs.nfs3,Nfs3Utils,5,5,17,16,137,32,0,0,0.5882352941176471,5,10,/Users/eashraf/hadoop/hadoop-hdfs-project/hadoop-hdfs-nfs/src/main/java/org/apache/hadoop/hdfs/nfs/nfs3/Nfs3Utils.java,36
hadoop,org.apache.hadoop.hdfs.nfs.nfs3,Nfs3Metrics,29,0,27,27,140,31,0,0,0.7777777777777778,1,10,/Users/eashraf/hadoop/hadoop-hdfs-project/hadoop-hdfs-nfs/src/main/java/org/apache/hadoop/hdfs/nfs/nfs3/Nfs3Metrics.java,36
hadoop,org.apache.hadoop.hdfs.nfs.nfs3,RpcProgramNfs3,17,2,56,28,1651,256,0,0,0.0,10,89,/Users/eashraf/hadoop/hadoop-hdfs-project/hadoop-hdfs-nfs/src/main/java/org/apache/hadoop/hdfs/nfs/nfs3/RpcProgramNfs3.java,142
hadoop,org.apache.hadoop.hdfs.nfs.nfs3,OpenFileCtxCache,8,0,9,0,187,34,0,0,0.0,2,5,/Users/eashraf/hadoop/hadoop-hdfs-project/hadoop-hdfs-nfs/src/main/java/org/apache/hadoop/hdfs/nfs/nfs3/OpenFileCtxCache.java,37
hadoop,org.apache.hadoop.hdfs.nfs.nfs3,OpenFileCtxCache.StreamMonitor,3,0,0,0,30,0,0,0,-1.0,0,0,/Users/eashraf/hadoop/hadoop-hdfs-project/hadoop-hdfs-nfs/src/main/java/org/apache/hadoop/hdfs/nfs/nfs3/OpenFileCtxCache.java,235
hadoop,org.apache.hadoop.hdfs.nfs.nfs3,OffsetRange,3,1,6,3,39,8,0,0,0.0,2,0,/Users/eashraf/hadoop/hadoop-hdfs-project/hadoop-hdfs-nfs/src/main/java/org/apache/hadoop/hdfs/nfs/nfs3/OffsetRange.java,24
hadoop,org.apache.hadoop.hdfs.nfs.nfs3,WriteManager,10,1,10,0,212,41,0,0,0.0,2,21,/Users/eashraf/hadoop/hadoop-hdfs-project/hadoop-hdfs-nfs/src/main/java/org/apache/hadoop/hdfs/nfs/nfs3/WriteManager.java,50
hadoop,org.apache.hadoop.hdfs.nfs.nfs3,WriteManager.MultipleCachedStreamException,1,0,0,0,6,0,0,0,-1.0,0,0,/Users/eashraf/hadoop/hadoop-hdfs-project/hadoop-hdfs-nfs/src/main/java/org/apache/hadoop/hdfs/nfs/nfs3/WriteManager.java,73
hadoop,org.apache.hadoop.hdfs.nfs.nfs3,OpenFileCtx,26,2,36,7,922,138,0,0,0.0,7,23,/Users/eashraf/hadoop/hadoop-hdfs-project/hadoop-hdfs-nfs/src/main/java/org/apache/hadoop/hdfs/nfs/nfs3/OpenFileCtx.java,65
hadoop,org.apache.hadoop.hdfs.nfs.nfs3,OpenFileCtx.COMMIT_STATUS,0,0,0,0,4,0,0,0,-1.0,0,0,/Users/eashraf/hadoop/hadoop-hdfs-project/hadoop-hdfs-nfs/src/main/java/org/apache/hadoop/hdfs/nfs/nfs3/OpenFileCtx.java,75
hadoop,org.apache.hadoop.hdfs.nfs.nfs3,OpenFileCtx.CommitCtx,5,1,0,0,32,0,0,0,-1.0,0,1,/Users/eashraf/hadoop/hadoop-hdfs-project/hadoop-hdfs-nfs/src/main/java/org/apache/hadoop/hdfs/nfs/nfs3/OpenFileCtx.java,127
hadoop,org.apache.hadoop.hdfs.nfs.nfs3,OpenFileCtx.Dumper,0,0,0,0,98,0,0,0,-1.0,0,0,/Users/eashraf/hadoop/hadoop-hdfs-project/hadoop-hdfs-nfs/src/main/java/org/apache/hadoop/hdfs/nfs/nfs3/OpenFileCtx.java,310
hadoop,org.apache.hadoop.hdfs.nfs.nfs3,DFSClientCache,10,1,16,6,177,20,0,0,0.125,2,8,/Users/eashraf/hadoop/hadoop-hdfs-project/hadoop-hdfs-nfs/src/main/java/org/apache/hadoop/hdfs/nfs/nfs3/DFSClientCache.java,50
hadoop,org.apache.hadoop.hdfs.nfs.nfs3,DFSClientCache.DFSInputStreamCaheKey,2,0,0,0,19,0,0,0,-1.0,0,0,/Users/eashraf/hadoop/hadoop-hdfs-project/hadoop-hdfs-nfs/src/main/java/org/apache/hadoop/hdfs/nfs/nfs3/DFSClientCache.java,77
hadoop,org.apache.hadoop.hdfs.nfs.nfs3,DFSClientCache.CacheFinalizer,0,0,0,0,10,0,0,0,-1.0,0,0,/Users/eashraf/hadoop/hadoop-hdfs-project/hadoop-hdfs-nfs/src/main/java/org/apache/hadoop/hdfs/nfs/nfs3/DFSClientCache.java,128
hadoop,org.apache.hadoop.hdfs.nfs.nfs3,Nfs3HttpServer,4,0,7,4,55,10,0,0,0.0,2,7,/Users/eashraf/hadoop/hadoop-hdfs-project/hadoop-hdfs-nfs/src/main/java/org/apache/hadoop/hdfs/nfs/nfs3/Nfs3HttpServer.java,33
hadoop,org.apache.hadoop.hdfs.nfs.nfs3,WriteCtx,15,3,17,5,152,27,0,0,0.0,2,2,/Users/eashraf/hadoop/hadoop-hdfs-project/hadoop-hdfs-nfs/src/main/java/org/apache/hadoop/hdfs/nfs/nfs3/WriteCtx.java,35
hadoop,org.apache.hadoop.hdfs.nfs.nfs3,WriteCtx.DataState,0,0,0,0,4,0,0,0,-1.0,0,0,/Users/eashraf/hadoop/hadoop-hdfs-project/hadoop-hdfs-nfs/src/main/java/org/apache/hadoop/hdfs/nfs/nfs3/WriteCtx.java,42
hadoop,org.apache.hadoop.hdfs.nfs,TestMountd,1,1,1,1,17,1,0,0,0.0,0,5,/Users/eashraf/hadoop/hadoop-hdfs-project/hadoop-hdfs-nfs/src/test/java/org/apache/hadoop/hdfs/nfs/TestMountd.java,34
hadoop,org.apache.hadoop.hdfs.nfs,TestOutOfOrderWrite,6,1,4,1,90,5,0,0,0.5,0,12,/Users/eashraf/hadoop/hadoop-hdfs-project/hadoop-hdfs-nfs/src/test/java/org/apache/hadoop/hdfs/nfs/TestOutOfOrderWrite.java,53
hadoop,org.apache.hadoop.hdfs.nfs,TestOutOfOrderWrite.WriteHandler,0,0,0,0,29,0,0,0,-1.0,0,1,/Users/eashraf/hadoop/hadoop-hdfs-project/hadoop-hdfs-nfs/src/test/java/org/apache/hadoop/hdfs/nfs/TestOutOfOrderWrite.java,95
hadoop,org.apache.hadoop.hdfs.nfs,TestOutOfOrderWrite.WriteClient,0,0,0,0,14,0,0,0,-1.0,0,0,/Users/eashraf/hadoop/hadoop-hdfs-project/hadoop-hdfs-nfs/src/test/java/org/apache/hadoop/hdfs/nfs/TestOutOfOrderWrite.java,131
hadoop,org.apache.hadoop.hdfs.nfs,TestUdpServer,0,0,6,1,76,6,0,0,-1.0,0,3,/Users/eashraf/hadoop/hadoop-hdfs-project/hadoop-hdfs-nfs/src/test/java/org/apache/hadoop/hdfs/nfs/TestUdpServer.java,34
hadoop,org.apache.hadoop.hdfs.nfs,TestUdpServer.Runtest1,0,0,0,0,5,0,0,0,-1.0,0,0,/Users/eashraf/hadoop/hadoop-hdfs-project/hadoop-hdfs-nfs/src/test/java/org/apache/hadoop/hdfs/nfs/TestUdpServer.java,71
hadoop,org.apache.hadoop.hdfs.nfs,TestUdpServer.Runtest2,0,0,0,0,5,0,0,0,-1.0,0,0,/Users/eashraf/hadoop/hadoop-hdfs-project/hadoop-hdfs-nfs/src/test/java/org/apache/hadoop/hdfs/nfs/TestUdpServer.java,78
hadoop,org.apache.hadoop.hdfs.nfs.mount,RpcProgramMountd,9,4,9,8,150,26,0,0,0.2222222222222222,2,18,/Users/eashraf/hadoop/hadoop-hdfs-project/hadoop-hdfs-nfs/src/main/java/org/apache/hadoop/hdfs/nfs/mount/RpcProgramMountd.java,57
hadoop,org.apache.hadoop.hdfs.nfs.mount,Mountd,0,0,2,2,13,2,0,0,-1.0,2,1,/Users/eashraf/hadoop/hadoop-hdfs-project/hadoop-hdfs-nfs/src/main/java/org/apache/hadoop/hdfs/nfs/mount/Mountd.java,26
hadoop,org.apache.hadoop.hdfs.nfs.conf,NfsConfiguration,0,0,1,0,11,1,0,0,-1.0,20,4,/Users/eashraf/hadoop/hadoop-hdfs-project/hadoop-hdfs-nfs/src/main/java/org/apache/hadoop/hdfs/nfs/conf/NfsConfiguration.java,26
hadoop,org.apache.hadoop.hdfs.nfs.conf,NfsConfigKeys,41,41,0,0,43,0,0,0,-1.0,16,0,/Users/eashraf/hadoop/hadoop-hdfs-project/hadoop-hdfs-nfs/src/main/java/org/apache/hadoop/hdfs/nfs/conf/NfsConfigKeys.java,21
hadoop,org.apache.hadoop.hdfs.crypto,TestHdfsCryptoStreams,5,0,6,4,35,7,0,0,0.0,0,6,/Users/eashraf/hadoop/hadoop-hdfs-project/hadoop-hdfs/src/test/java/org/apache/hadoop/hdfs/crypto/TestHdfsCryptoStreams.java,39
hadoop,org.apache.hadoop.hdfs.tools.offlineEditsViewer,TestOfflineEditsViewer,5,1,9,5,131,18,0,0,0.0,0,5,/Users/eashraf/hadoop/hadoop-hdfs-project/hadoop-hdfs/src/test/java/org/apache/hadoop/hdfs/tools/offlineEditsViewer/TestOfflineEditsViewer.java,46
hadoop,org.apache.hadoop.hdfs.tools.offlineEditsViewer,XmlEditsVisitor,2,0,5,5,74,6,0,1,0.0,1,2,/Users/eashraf/hadoop/hadoop-hdfs-project/hadoop-hdfs/src/main/java/org/apache/hadoop/hdfs/tools/offlineEditsViewer/XmlEditsVisitor.java,35
hadoop,org.apache.hadoop.hdfs.tools.offlineEditsViewer,OfflineEditsXmlLoader,10,0,7,7,175,37,0,1,0.0,0,5,/Users/eashraf/hadoop/hadoop-hdfs-project/hadoop-hdfs/src/main/java/org/apache/hadoop/hdfs/tools/offlineEditsViewer/OfflineEditsXmlLoader.java,46
hadoop,org.apache.hadoop.hdfs.tools.offlineEditsViewer,OfflineEditsXmlLoader.ParseState,0,0,0,0,1,0,0,0,-1.0,0,0,/Users/eashraf/hadoop/hadoop-hdfs-project/hadoop-hdfs/src/main/java/org/apache/hadoop/hdfs/tools/offlineEditsViewer/OfflineEditsXmlLoader.java,64
hadoop,org.apache.hadoop.hdfs.tools.offlineEditsViewer,BinaryEditsVisitor,1,0,4,4,30,4,0,1,0.5,0,3,/Users/eashraf/hadoop/hadoop-hdfs-project/hadoop-hdfs/src/main/java/org/apache/hadoop/hdfs/tools/offlineEditsViewer/BinaryEditsVisitor.java,30
hadoop,org.apache.hadoop.hdfs.tools.offlineEditsViewer,OfflineEditsViewer,4,0,5,4,140,13,0,0,0.4,5,5,/Users/eashraf/hadoop/hadoop-hdfs-project/hadoop-hdfs/src/main/java/org/apache/hadoop/hdfs/tools/offlineEditsViewer/OfflineEditsViewer.java,35
hadoop,org.apache.hadoop.hdfs.tools.offlineEditsViewer,OfflineEditsViewer.Flags,3,0,0,0,25,0,0,0,-1.0,0,0,/Users/eashraf/hadoop/hadoop-hdfs-project/hadoop-hdfs/src/main/java/org/apache/hadoop/hdfs/tools/offlineEditsViewer/OfflineEditsViewer.java,151
hadoop,org.apache.hadoop.hdfs.tools.offlineEditsViewer,OfflineEditsBinaryLoader,6,1,2,2,68,9,0,1,0.0,0,5,/Users/eashraf/hadoop/hadoop-hdfs-project/hadoop-hdfs/src/main/java/org/apache/hadoop/hdfs/tools/offlineEditsViewer/OfflineEditsBinaryLoader.java,32
hadoop,org.apache.hadoop.hdfs.tools.offlineEditsViewer,StatisticsEditsVisitor,3,0,7,6,66,10,0,1,0.0,2,2,/Users/eashraf/hadoop/hadoop-hdfs-project/hadoop-hdfs/src/main/java/org/apache/hadoop/hdfs/tools/offlineEditsViewer/StatisticsEditsVisitor.java,35
hadoop,org.apache.hadoop.hdfs.tools.offlineEditsViewer,OfflineEditsVisitor,0,0,3,0,20,3,3,0,-1.0,4,1,/Users/eashraf/hadoop/hadoop-hdfs-project/hadoop-hdfs/src/main/java/org/apache/hadoop/hdfs/tools/offlineEditsViewer/OfflineEditsVisitor.java,26
hadoop,org.apache.hadoop.hdfs.tools.offlineEditsViewer,TeeOutputStream,1,0,6,6,34,11,0,0,0.0,1,0,/Users/eashraf/hadoop/hadoop-hdfs-project/hadoop-hdfs/src/main/java/org/apache/hadoop/hdfs/tools/offlineEditsViewer/TeeOutputStream.java,23
hadoop,org.apache.hadoop.hdfs.tools.offlineEditsViewer,OfflineEditsVisitorFactory,0,0,1,1,46,5,0,0,-1.0,1,6,/Users/eashraf/hadoop/hadoop-hdfs-project/hadoop-hdfs/src/main/java/org/apache/hadoop/hdfs/tools/offlineEditsViewer/OfflineEditsVisitorFactory.java,29
hadoop,org.apache.hadoop.hdfs.tools.offlineEditsViewer,OfflineEditsLoader,0,0,1,1,29,1,2,0,-1.0,1,2,/Users/eashraf/hadoop/hadoop-hdfs-project/hadoop-hdfs/src/main/java/org/apache/hadoop/hdfs/tools/offlineEditsViewer/OfflineEditsLoader.java,31
hadoop,org.apache.hadoop.hdfs.tools.offlineEditsViewer,OfflineEditsLoader.OfflineEditsLoaderFactory,0,0,0,0,23,0,0,0,-1.0,0,2,/Users/eashraf/hadoop/hadoop-hdfs-project/hadoop-hdfs/src/main/java/org/apache/hadoop/hdfs/tools/offlineEditsViewer/OfflineEditsLoader.java,40
hadoop,org.apache.hadoop.hdfs.tools,TestDFSAdmin,3,0,4,3,69,8,0,0,0.0,0,6,/Users/eashraf/hadoop/hadoop-hdfs-project/hadoop-hdfs/src/test/java/org/apache/hadoop/hdfs/tools/TestDFSAdmin.java,52
hadoop,org.apache.hadoop.hdfs.tools,TestDebugAdmin,4,0,5,4,55,6,0,0,0.0,0,10,/Users/eashraf/hadoop/hadoop-hdfs-project/hadoop-hdfs/src/test/java/org/apache/hadoop/hdfs/tools/TestDebugAdmin.java,41
hadoop,org.apache.hadoop.hdfs.tools,TestGetGroups,1,0,3,2,16,3,0,0,0.6666666666666666,0,1,/Users/eashraf/hadoop/hadoop-hdfs-project/hadoop-hdfs/src/test/java/org/apache/hadoop/hdfs/tools/TestGetGroups.java,30
hadoop,org.apache.hadoop.hdfs.tools,TestStoragePolicyCommands,5,0,3,3,41,5,0,0,0.0,0,8,/Users/eashraf/hadoop/hadoop-hdfs-project/hadoop-hdfs/src/test/java/org/apache/hadoop/hdfs/tools/TestStoragePolicyCommands.java,34
hadoop,org.apache.hadoop.hdfs.tools,TestDelegationTokenFetcher,3,1,2,2,34,2,0,0,0.0,0,7,/Users/eashraf/hadoop/hadoop-hdfs-project/hadoop-hdfs/src/test/java/org/apache/hadoop/hdfs/tools/TestDelegationTokenFetcher.java,43
hadoop,org.apache.hadoop.hdfs.tools,TestDFSAdminWithHA,9,0,14,11,151,17,0,0,0.0,0,8,/Users/eashraf/hadoop/hadoop-hdfs-project/hadoop-hdfs/src/test/java/org/apache/hadoop/hdfs/tools/TestDFSAdminWithHA.java,39
hadoop,org.apache.hadoop.hdfs.tools,TestDFSHAAdminMiniCluster,7,0,9,8,131,13,0,0,0.2222222222222222,0,9,/Users/eashraf/hadoop/hadoop-hdfs-project/hadoop-hdfs/src/test/java/org/apache/hadoop/hdfs/tools/TestDFSHAAdminMiniCluster.java,50
hadoop,org.apache.hadoop.hdfs.tools,TestGetConf,1,0,22,10,306,45,0,0,0.13636363636363635,0,9,/Users/eashraf/hadoop/hadoop-hdfs-project/hadoop-hdfs/src/test/java/org/apache/hadoop/hdfs/tools/TestGetConf.java,58
hadoop,org.apache.hadoop.hdfs.tools,TestGetConf.TestType,0,0,0,0,1,0,0,0,-1.0,0,0,/Users/eashraf/hadoop/hadoop-hdfs-project/hadoop-hdfs/src/test/java/org/apache/hadoop/hdfs/tools/TestGetConf.java,62
hadoop,org.apache.hadoop.hdfs.tools,TestDFSHAAdmin,17,0,27,21,235,29,0,0,0.0,1,10,/Users/eashraf/hadoop/hadoop-hdfs-project/hadoop-hdfs/src/test/java/org/apache/hadoop/hdfs/tools/TestDFSHAAdmin.java,54
hadoop,org.apache.hadoop.hdfs.tools,DelegationTokenFetcher,8,0,9,2,126,27,0,0,0.0,2,12,/Users/eashraf/hadoop/hadoop-hdfs-project/hadoop-hdfs/src/main/java/org/apache/hadoop/hdfs/tools/DelegationTokenFetcher.java,51
hadoop,org.apache.hadoop.hdfs.tools,CryptoAdmin,1,0,5,4,120,9,0,0,0.6,1,2,/Users/eashraf/hadoop/hadoop-hdfs-project/hadoop-hdfs/src/main/java/org/apache/hadoop/hdfs/tools/CryptoAdmin.java,35
hadoop,org.apache.hadoop.hdfs.tools,CryptoAdmin.CreateZoneCommand,0,0,0,0,40,0,0,1,-1.0,0,1,/Users/eashraf/hadoop/hadoop-hdfs-project/hadoop-hdfs/src/main/java/org/apache/hadoop/hdfs/tools/CryptoAdmin.java,91
hadoop,org.apache.hadoop.hdfs.tools,CryptoAdmin.ListZonesCommand,0,0,0,0,32,0,0,1,-1.0,0,1,/Users/eashraf/hadoop/hadoop-hdfs-project/hadoop-hdfs/src/main/java/org/apache/hadoop/hdfs/tools/CryptoAdmin.java,147
hadoop,org.apache.hadoop.hdfs.tools,CacheAdmin,2,0,5,4,671,11,0,0,0.8,1,6,/Users/eashraf/hadoop/hadoop-hdfs-project/hadoop-hdfs/src/main/java/org/apache/hadoop/hdfs/tools/CacheAdmin.java,49
hadoop,org.apache.hadoop.hdfs.tools,CacheAdmin.AddCacheDirectiveInfoCommand,0,0,0,0,68,0,0,1,-1.0,0,2,/Users/eashraf/hadoop/hadoop-hdfs-project/hadoop-hdfs/src/main/java/org/apache/hadoop/hdfs/tools/CacheAdmin.java,110
hadoop,org.apache.hadoop.hdfs.tools,CacheAdmin.RemoveCacheDirectiveInfoCommand,0,0,0,0,47,0,0,1,-1.0,0,1,/Users/eashraf/hadoop/hadoop-hdfs-project/hadoop-hdfs/src/main/java/org/apache/hadoop/hdfs/tools/CacheAdmin.java,207
hadoop,org.apache.hadoop.hdfs.tools,CacheAdmin.ModifyCacheDirectiveInfoCommand,0,0,0,0,79,0,0,1,-1.0,0,2,/Users/eashraf/hadoop/hadoop-hdfs-project/hadoop-hdfs/src/main/java/org/apache/hadoop/hdfs/tools/CacheAdmin.java,268
hadoop,org.apache.hadoop.hdfs.tools,CacheAdmin.RemoveCacheDirectiveInfosCommand,0,0,0,0,49,0,0,1,-1.0,0,1,/Users/eashraf/hadoop/hadoop-hdfs-project/hadoop-hdfs/src/main/java/org/apache/hadoop/hdfs/tools/CacheAdmin.java,370
hadoop,org.apache.hadoop.hdfs.tools,CacheAdmin.ListCacheDirectiveInfoCommand,0,0,0,0,81,0,0,1,-1.0,0,1,/Users/eashraf/hadoop/hadoop-hdfs-project/hadoop-hdfs/src/main/java/org/apache/hadoop/hdfs/tools/CacheAdmin.java,436
hadoop,org.apache.hadoop.hdfs.tools,CacheAdmin.AddCachePoolCommand,1,0,0,0,71,0,0,1,-1.0,0,1,/Users/eashraf/hadoop/hadoop-hdfs-project/hadoop-hdfs/src/main/java/org/apache/hadoop/hdfs/tools/CacheAdmin.java,544
hadoop,org.apache.hadoop.hdfs.tools,CacheAdmin.ModifyCachePoolCommand,0,0,0,0,102,0,0,1,-1.0,0,1,/Users/eashraf/hadoop/hadoop-hdfs-project/hadoop-hdfs/src/main/java/org/apache/hadoop/hdfs/tools/CacheAdmin.java,644
hadoop,org.apache.hadoop.hdfs.tools,CacheAdmin.RemoveCachePoolCommand,0,0,0,0,33,0,0,1,-1.0,0,1,/Users/eashraf/hadoop/hadoop-hdfs-project/hadoop-hdfs/src/main/java/org/apache/hadoop/hdfs/tools/CacheAdmin.java,768
hadoop,org.apache.hadoop.hdfs.tools,CacheAdmin.ListCachePoolsCommand,0,0,0,0,86,0,0,1,-1.0,0,2,/Users/eashraf/hadoop/hadoop-hdfs-project/hadoop-hdfs/src/main/java/org/apache/hadoop/hdfs/tools/CacheAdmin.java,814
hadoop,org.apache.hadoop.hdfs.tools,DebugAdmin,6,0,5,3,273,12,0,0,0.4,1,2,/Users/eashraf/hadoop/hadoop-hdfs-project/hadoop-hdfs/src/main/java/org/apache/hadoop/hdfs/tools/DebugAdmin.java,45
hadoop,org.apache.hadoop.hdfs.tools,DebugAdmin.DebugCommand,3,0,0,0,14,0,0,0,-1.0,0,0,/Users/eashraf/hadoop/hadoop-hdfs-project/hadoop-hdfs/src/main/java/org/apache/hadoop/hdfs/tools/DebugAdmin.java,63
hadoop,org.apache.hadoop.hdfs.tools,DebugAdmin.VerifyBlockChecksumCommand,0,0,0,0,99,0,0,0,-1.0,0,0,/Users/eashraf/hadoop/hadoop-hdfs-project/hadoop-hdfs/src/main/java/org/apache/hadoop/hdfs/tools/DebugAdmin.java,82
hadoop,org.apache.hadoop.hdfs.tools,DebugAdmin.RecoverLeaseCommand,1,0,0,0,82,0,0,0,-1.0,0,0,/Users/eashraf/hadoop/hadoop-hdfs-project/hadoop-hdfs/src/main/java/org/apache/hadoop/hdfs/tools/DebugAdmin.java,196
hadoop,org.apache.hadoop.hdfs.tools,DebugAdmin.HelpCommand,0,0,0,0,18,0,0,0,-1.0,0,0,/Users/eashraf/hadoop/hadoop-hdfs-project/hadoop-hdfs/src/main/java/org/apache/hadoop/hdfs/tools/DebugAdmin.java,285
hadoop,org.apache.hadoop.hdfs.tools,DFSZKFailoverController,3,0,12,3,94,17,0,0,0.4166666666666667,3,15,/Users/eashraf/hadoop/hadoop-hdfs-project/hadoop-hdfs/src/main/java/org/apache/hadoop/hdfs/tools/DFSZKFailoverController.java,51
hadoop,org.apache.hadoop.hdfs.tools,StoragePolicyAdmin,1,0,3,3,156,6,0,0,0.6666666666666666,1,3,/Users/eashraf/hadoop/hadoop-hdfs-project/hadoop-hdfs/src/main/java/org/apache/hadoop/hdfs/tools/StoragePolicyAdmin.java,36
hadoop,org.apache.hadoop.hdfs.tools,StoragePolicyAdmin.ListStoragePoliciesCommand,0,0,0,0,31,0,0,1,-1.0,0,1,/Users/eashraf/hadoop/hadoop-hdfs-project/hadoop-hdfs/src/main/java/org/apache/hadoop/hdfs/tools/StoragePolicyAdmin.java,77
hadoop,org.apache.hadoop.hdfs.tools,StoragePolicyAdmin.GetStoragePolicyCommand,0,0,0,0,49,0,0,1,-1.0,0,2,/Users/eashraf/hadoop/hadoop-hdfs-project/hadoop-hdfs/src/main/java/org/apache/hadoop/hdfs/tools/StoragePolicyAdmin.java,115
hadoop,org.apache.hadoop.hdfs.tools,StoragePolicyAdmin.SetStoragePolicyCommand,0,0,0,0,39,0,0,1,-1.0,0,1,/Users/eashraf/hadoop/hadoop-hdfs-project/hadoop-hdfs/src/main/java/org/apache/hadoop/hdfs/tools/StoragePolicyAdmin.java,174
hadoop,org.apache.hadoop.hdfs.tools,DFSHAAdmin,2,0,9,3,60,12,0,0,0.7777777777777778,5,6,/Users/eashraf/hadoop/hadoop-hdfs-project/hadoop-hdfs/src/main/java/org/apache/hadoop/hdfs/tools/DFSHAAdmin.java,34
hadoop,org.apache.hadoop.hdfs.tools,HDFSConcat,1,0,1,1,18,3,0,0,0.0,0,4,/Users/eashraf/hadoop/hadoop-hdfs-project/hadoop-hdfs/src/main/java/org/apache/hadoop/hdfs/tools/HDFSConcat.java,30
hadoop,org.apache.hadoop.hdfs.tools,GetConf,8,0,10,3,207,15,0,0,0.0,1,5,/Users/eashraf/hadoop/hadoop-hdfs-project/hadoop-hdfs/src/main/java/org/apache/hadoop/hdfs/tools/GetConf.java,41
hadoop,org.apache.hadoop.hdfs.tools,GetConf.Command,3,0,0,0,30,0,0,0,-1.0,0,1,/Users/eashraf/hadoop/hadoop-hdfs-project/hadoop-hdfs/src/main/java/org/apache/hadoop/hdfs/tools/GetConf.java,66
hadoop,org.apache.hadoop.hdfs.tools,GetConf.CommandHandler,1,0,0,0,39,0,0,0,-1.0,0,0,/Users/eashraf/hadoop/hadoop-hdfs-project/hadoop-hdfs/src/main/java/org/apache/hadoop/hdfs/tools/GetConf.java,138
hadoop,org.apache.hadoop.hdfs.tools,GetConf.NameNodesCommandHandler,0,0,0,0,9,0,0,0,-1.0,0,0,/Users/eashraf/hadoop/hadoop-hdfs-project/hadoop-hdfs/src/main/java/org/apache/hadoop/hdfs/tools/GetConf.java,184
hadoop,org.apache.hadoop.hdfs.tools,GetConf.BackupNodesCommandHandler,0,0,0,0,9,0,0,0,-1.0,0,0,/Users/eashraf/hadoop/hadoop-hdfs-project/hadoop-hdfs/src/main/java/org/apache/hadoop/hdfs/tools/GetConf.java,195
hadoop,org.apache.hadoop.hdfs.tools,GetConf.SecondaryNameNodesCommandHandler,0,0,0,0,9,0,0,0,-1.0,0,0,/Users/eashraf/hadoop/hadoop-hdfs-project/hadoop-hdfs/src/main/java/org/apache/hadoop/hdfs/tools/GetConf.java,206
hadoop,org.apache.hadoop.hdfs.tools,GetConf.NNRpcAddressesCommandHandler,0,0,0,0,18,0,0,0,-1.0,0,0,/Users/eashraf/hadoop/hadoop-hdfs-project/hadoop-hdfs/src/main/java/org/apache/hadoop/hdfs/tools/GetConf.java,217
hadoop,org.apache.hadoop.hdfs.tools,GetConf.PrintConfKeyCommandHandler,0,0,0,0,11,0,0,0,-1.0,0,0,/Users/eashraf/hadoop/hadoop-hdfs-project/hadoop-hdfs/src/main/java/org/apache/hadoop/hdfs/tools/GetConf.java,240
hadoop,org.apache.hadoop.hdfs.tools,AdminHelper,3,0,7,0,133,17,14,0,0.8571428571428571,18,4,/Users/eashraf/hadoop/hadoop-hdfs-project/hadoop-hdfs/src/main/java/org/apache/hadoop/hdfs/tools/AdminHelper.java,31
hadoop,org.apache.hadoop.hdfs.tools,AdminHelper.Command,0,0,0,0,6,0,0,0,-1.0,0,0,/Users/eashraf/hadoop/hadoop-hdfs-project/hadoop-hdfs/src/main/java/org/apache/hadoop/hdfs/tools/AdminHelper.java,125
hadoop,org.apache.hadoop.hdfs.tools,AdminHelper.HelpCommand,1,0,0,0,45,0,0,0,-1.0,0,1,/Users/eashraf/hadoop/hadoop-hdfs-project/hadoop-hdfs/src/main/java/org/apache/hadoop/hdfs/tools/AdminHelper.java,132
hadoop,org.apache.hadoop.hdfs.tools,DFSck,5,0,10,5,271,48,0,0,0.0,0,10,/Users/eashraf/hadoop/hadoop-hdfs-project/hadoop-hdfs/src/main/java/org/apache/hadoop/hdfs/tools/DFSck.java,48
hadoop,org.apache.hadoop.hdfs.tools,DFSAdmin,22,0,38,25,1497,248,0,0,0.15789473684210525,17,28,/Users/eashraf/hadoop/hadoop-hdfs-project/hadoop-hdfs/src/main/java/org/apache/hadoop/hdfs/tools/DFSAdmin.java,93
hadoop,org.apache.hadoop.hdfs.tools,DFSAdmin.DFSAdminCommand,1,0,0,0,16,0,0,0,-1.0,0,1,/Users/eashraf/hadoop/hadoop-hdfs-project/hadoop-hdfs/src/main/java/org/apache/hadoop/hdfs/tools/DFSAdmin.java,105
hadoop,org.apache.hadoop.hdfs.tools,DFSAdmin.ClearQuotaCommand,3,0,0,0,31,0,0,0,-1.0,0,1,/Users/eashraf/hadoop/hadoop-hdfs-project/hadoop-hdfs/src/main/java/org/apache/hadoop/hdfs/tools/DFSAdmin.java,121
hadoop,org.apache.hadoop.hdfs.tools,DFSAdmin.SetQuotaCommand,4,0,0,0,33,0,0,0,-1.0,0,1,/Users/eashraf/hadoop/hadoop-hdfs-project/hadoop-hdfs/src/main/java/org/apache/hadoop/hdfs/tools/DFSAdmin.java,160
hadoop,org.apache.hadoop.hdfs.tools,DFSAdmin.ClearSpaceQuotaCommand,4,0,0,0,41,0,0,0,-1.0,0,2,/Users/eashraf/hadoop/hadoop-hdfs-project/hadoop-hdfs/src/main/java/org/apache/hadoop/hdfs/tools/DFSAdmin.java,207
hadoop,org.apache.hadoop.hdfs.tools,DFSAdmin.SetSpaceQuotaCommand,5,0,0,0,49,0,0,0,-1.0,0,3,/Users/eashraf/hadoop/hadoop-hdfs-project/hadoop-hdfs/src/main/java/org/apache/hadoop/hdfs/tools/DFSAdmin.java,258
hadoop,org.apache.hadoop.hdfs.tools,DFSAdmin.RollingUpgradeCommand,3,0,0,0,49,0,0,0,-1.0,0,0,/Users/eashraf/hadoop/hadoop-hdfs-project/hadoop-hdfs/src/main/java/org/apache/hadoop/hdfs/tools/DFSAdmin.java,324
hadoop,org.apache.hadoop.hdfs.tools,JMXGet,7,0,13,10,222,34,0,0,0.15384615384615385,3,2,/Users/eashraf/hadoop/hadoop-hdfs-project/hadoop-hdfs/src/main/java/org/apache/hadoop/hdfs/tools/JMXGet.java,49
hadoop,org.apache.hadoop.hdfs.tools,NNHAServiceTarget,9,0,11,9,89,18,0,0,0.0,1,9,/Users/eashraf/hadoop/hadoop-hdfs-project/hadoop-hdfs/src/main/java/org/apache/hadoop/hdfs/tools/NNHAServiceTarget.java,36
hadoop,org.apache.hadoop.hdfs.tools,GetGroups,2,0,6,4,38,8,0,0,1.0,0,9,/Users/eashraf/hadoop/hadoop-hdfs-project/hadoop-hdfs/src/main/java/org/apache/hadoop/hdfs/tools/GetGroups.java,39
hadoop,org.apache.hadoop.hdfs.tools.offlineImageViewer,TestOfflineImageViewerForAcl,3,0,3,3,88,6,0,0,0.0,0,13,/Users/eashraf/hadoop/hadoop-hdfs-project/hadoop-hdfs/src/test/java/org/apache/hadoop/hdfs/tools/offlineImageViewer/TestOfflineImageViewerForAcl.java,62
hadoop,org.apache.hadoop.hdfs.tools.offlineImageViewer,TestOfflineImageViewer,7,1,14,9,219,24,0,0,0.14285714285714285,0,18,/Users/eashraf/hadoop/hadoop-hdfs-project/hadoop-hdfs/src/test/java/org/apache/hadoop/hdfs/tools/offlineImageViewer/TestOfflineImageViewer.java,80
hadoop,org.apache.hadoop.hdfs.tools.offlineImageViewer,LsImageVisitor,19,0,11,2,101,26,0,2,0.5454545454545454,1,0,/Users/eashraf/hadoop/hadoop-hdfs-project/hadoop-hdfs/src/main/java/org/apache/hadoop/hdfs/tools/offlineImageViewer/LsImageVisitor.java,24
hadoop,org.apache.hadoop.hdfs.tools.offlineImageViewer,NameDistributionVisitor,1,0,7,1,56,13,0,2,0.8571428571428571,1,0,/Users/eashraf/hadoop/hadoop-hdfs-project/hadoop-hdfs/src/main/java/org/apache/hadoop/hdfs/tools/offlineImageViewer/NameDistributionVisitor.java,26
hadoop,org.apache.hadoop.hdfs.tools.offlineImageViewer,WebImageViewer,7,1,6,5,65,6,0,0,0.0,3,1,/Users/eashraf/hadoop/hadoop-hdfs-project/hadoop-hdfs/src/main/java/org/apache/hadoop/hdfs/tools/offlineImageViewer/WebImageViewer.java,42
hadoop,org.apache.hadoop.hdfs.tools.offlineImageViewer,PBImageDelimitedTextWriter,4,0,6,1,75,9,0,1,0.0,2,2,/Users/eashraf/hadoop/hadoop-hdfs-project/hadoop-hdfs/src/main/java/org/apache/hadoop/hdfs/tools/offlineImageViewer/PBImageDelimitedTextWriter.java,32
hadoop,org.apache.hadoop.hdfs.tools.offlineImageViewer,ImageVisitor,0,0,11,0,55,11,1,0,-1.0,3,0,/Users/eashraf/hadoop/hadoop-hdfs-project/hadoop-hdfs/src/main/java/org/apache/hadoop/hdfs/tools/offlineImageViewer/ImageVisitor.java,22
hadoop,org.apache.hadoop.hdfs.tools.offlineImageViewer,ImageVisitor.ImageElement,0,0,0,0,4,0,0,0,-1.0,0,0,/Users/eashraf/hadoop/hadoop-hdfs-project/hadoop-hdfs/src/main/java/org/apache/hadoop/hdfs/tools/offlineImageViewer/ImageVisitor.java,28
hadoop,org.apache.hadoop.hdfs.tools.offlineImageViewer,TextWriterImageVisitor,3,0,6,2,54,8,6,1,0.3333333333333333,0,0,/Users/eashraf/hadoop/hadoop-hdfs-project/hadoop-hdfs/src/main/java/org/apache/hadoop/hdfs/tools/offlineImageViewer/TextWriterImageVisitor.java,26
hadoop,org.apache.hadoop.hdfs.tools.offlineImageViewer,XmlImageVisitor,1,0,10,2,41,11,0,2,0.7,1,1,/Users/eashraf/hadoop/hadoop-hdfs-project/hadoop-hdfs/src/main/java/org/apache/hadoop/hdfs/tools/offlineImageViewer/XmlImageVisitor.java,24
hadoop,org.apache.hadoop.hdfs.tools.offlineImageViewer,PBImageXmlWriter,3,0,19,3,278,66,0,0,0.10526315789473684,3,6,/Users/eashraf/hadoop/hadoop-hdfs-project/hadoop-hdfs/src/main/java/org/apache/hadoop/hdfs/tools/offlineImageViewer/PBImageXmlWriter.java,57
hadoop,org.apache.hadoop.hdfs.tools.offlineImageViewer,DelimitedImageVisitor,6,0,10,3,70,20,0,2,0.4,0,0,/Users/eashraf/hadoop/hadoop-hdfs-project/hadoop-hdfs/src/main/java/org/apache/hadoop/hdfs/tools/offlineImageViewer/DelimitedImageVisitor.java,29
hadoop,org.apache.hadoop.hdfs.tools.offlineImageViewer,FSImageLoader,5,1,19,2,378,64,0,0,0.21052631578947367,4,10,/Users/eashraf/hadoop/hadoop-hdfs-project/hadoop-hdfs/src/main/java/org/apache/hadoop/hdfs/tools/offlineImageViewer/FSImageLoader.java,60
hadoop,org.apache.hadoop.hdfs.tools.offlineImageViewer,ImageLoaderCurrent,5,0,26,2,548,91,0,1,0.0,0,12,/Users/eashraf/hadoop/hadoop-hdfs-project/hadoop-hdfs/src/main/java/org/apache/hadoop/hdfs/tools/offlineImageViewer/ImageLoaderCurrent.java,44
hadoop,org.apache.hadoop.hdfs.tools.offlineImageViewer,OfflineImageViewer,5,1,6,4,147,16,0,0,0.0,0,8,/Users/eashraf/hadoop/hadoop-hdfs-project/hadoop-hdfs/src/main/java/org/apache/hadoop/hdfs/tools/offlineImageViewer/OfflineImageViewer.java,40
hadoop,org.apache.hadoop.hdfs.tools.offlineImageViewer,FileDistributionCalculator,13,0,4,0,83,14,0,0,0.0,0,2,/Users/eashraf/hadoop/hadoop-hdfs-project/hadoop-hdfs/src/main/java/org/apache/hadoop/hdfs/tools/offlineImageViewer/FileDistributionCalculator.java,37
hadoop,org.apache.hadoop.hdfs.tools.offlineImageViewer,PBImageTextWriter,18,0,12,3,410,35,1,0,0.16666666666666666,0,9,/Users/eashraf/hadoop/hadoop-hdfs-project/hadoop-hdfs/src/main/java/org/apache/hadoop/hdfs/tools/offlineImageViewer/PBImageTextWriter.java,62
hadoop,org.apache.hadoop.hdfs.tools.offlineImageViewer,PBImageTextWriter.MetadataMap,0,0,0,0,21,0,0,0,-1.0,0,0,/Users/eashraf/hadoop/hadoop-hdfs-project/hadoop-hdfs/src/main/java/org/apache/hadoop/hdfs/tools/offlineImageViewer/PBImageTextWriter.java,89
hadoop,org.apache.hadoop.hdfs.tools.offlineImageViewer,PBImageTextWriter.InMemoryMetadataDB,6,0,0,0,77,0,0,0,-1.0,0,1,/Users/eashraf/hadoop/hadoop-hdfs-project/hadoop-hdfs/src/main/java/org/apache/hadoop/hdfs/tools/offlineImageViewer/PBImageTextWriter.java,117
hadoop,org.apache.hadoop.hdfs.tools.offlineImageViewer,PBImageTextWriter.Dir,4,0,0,0,36,0,0,0,-1.0,0,0,/Users/eashraf/hadoop/hadoop-hdfs-project/hadoop-hdfs/src/main/java/org/apache/hadoop/hdfs/tools/offlineImageViewer/PBImageTextWriter.java,121
hadoop,org.apache.hadoop.hdfs.tools.offlineImageViewer,PBImageTextWriter.LevelDBMetadataMap,8,0,0,0,140,0,0,0,-1.0,0,1,/Users/eashraf/hadoop/hadoop-hdfs-project/hadoop-hdfs/src/main/java/org/apache/hadoop/hdfs/tools/offlineImageViewer/PBImageTextWriter.java,211
hadoop,org.apache.hadoop.hdfs.tools.offlineImageViewer,PBImageTextWriter.LevelDBStore,4,0,0,0,45,0,0,0,-1.0,0,0,/Users/eashraf/hadoop/hadoop-hdfs-project/hadoop-hdfs/src/main/java/org/apache/hadoop/hdfs/tools/offlineImageViewer/PBImageTextWriter.java,215
hadoop,org.apache.hadoop.hdfs.tools.offlineImageViewer,PBImageTextWriter.DirPathCache,1,0,0,0,12,0,0,0,-1.0,0,0,/Users/eashraf/hadoop/hadoop-hdfs-project/hadoop-hdfs/src/main/java/org/apache/hadoop/hdfs/tools/offlineImageViewer/PBImageTextWriter.java,266
hadoop,org.apache.hadoop.hdfs.tools.offlineImageViewer,OfflineImageViewerPB,2,1,4,2,95,10,0,0,0.0,1,4,/Users/eashraf/hadoop/hadoop-hdfs-project/hadoop-hdfs/src/main/java/org/apache/hadoop/hdfs/tools/offlineImageViewer/OfflineImageViewerPB.java,37
hadoop,org.apache.hadoop.hdfs.tools.offlineImageViewer,IndentedImageVisitor,2,0,11,2,58,13,0,2,0.5454545454545454,1,1,/Users/eashraf/hadoop/hadoop-hdfs-project/hadoop-hdfs/src/main/java/org/apache/hadoop/hdfs/tools/offlineImageViewer/IndentedImageVisitor.java,23
hadoop,org.apache.hadoop.hdfs.tools.offlineImageViewer,FSImageHandler,3,1,7,4,74,14,0,0,0.42857142857142855,0,3,/Users/eashraf/hadoop/hadoop-hdfs-project/hadoop-hdfs/src/main/java/org/apache/hadoop/hdfs/tools/offlineImageViewer/FSImageHandler.java,56
hadoop,org.apache.hadoop.hdfs.tools.offlineImageViewer,DepthCounter,1,0,3,3,15,4,0,0,0.0,1,0,/Users/eashraf/hadoop/hadoop-hdfs-project/hadoop-hdfs/src/main/java/org/apache/hadoop/hdfs/tools/offlineImageViewer/DepthCounter.java,23
hadoop,org.apache.hadoop.hdfs.tools.offlineImageViewer,FileDistributionVisitor,17,0,9,1,103,23,0,2,0.2222222222222222,1,0,/Users/eashraf/hadoop/hadoop-hdfs-project/hadoop-hdfs/src/main/java/org/apache/hadoop/hdfs/tools/offlineImageViewer/FileDistributionVisitor.java,23
hadoop,org.apache.hadoop.hdfs.tools.offlineImageViewer,FileDistributionVisitor.FileContext,4,0,0,0,9,0,0,0,-1.0,0,0,/Users/eashraf/hadoop/hadoop-hdfs-project/hadoop-hdfs/src/main/java/org/apache/hadoop/hdfs/tools/offlineImageViewer/FileDistributionVisitor.java,71
hadoop,org.apache.hadoop.hdfs.tools.offlineImageViewer,ImageLoader,0,0,2,2,34,2,1,0,-1.0,1,1,/Users/eashraf/hadoop/hadoop-hdfs-project/hadoop-hdfs/src/main/java/org/apache/hadoop/hdfs/tools/offlineImageViewer/ImageLoader.java,25
hadoop,org.apache.hadoop.hdfs.tools.offlineImageViewer,ImageLoader.LoaderFactory,0,0,0,0,17,0,0,0,-1.0,0,0,/Users/eashraf/hadoop/hadoop-hdfs-project/hadoop-hdfs/src/main/java/org/apache/hadoop/hdfs/tools/offlineImageViewer/ImageLoader.java,55
hadoop,org.apache.hadoop.hdfs.protocolPB,TestPBHelper,1,0,45,30,387,57,0,0,0.3333333333333333,0,30,/Users/eashraf/hadoop/hadoop-hdfs-project/hadoop-hdfs/src/test/java/org/apache/hadoop/hdfs/protocolPB/TestPBHelper.java,93
hadoop,org.apache.hadoop.hdfs.protocolPB,DatanodeProtocolClientSideTranslatorPB,3,0,13,12,165,26,0,0,0.0,20,20,/Users/eashraf/hadoop/hadoop-hdfs-project/hadoop-hdfs/src/main/java/org/apache/hadoop/hdfs/protocolPB/DatanodeProtocolClientSideTranslatorPB.java,70
hadoop,org.apache.hadoop.hdfs.protocolPB,ClientNamenodeProtocolServerSideTranslatorPB,37,0,84,84,880,103,0,1,0.0,1,21,/Users/eashraf/hadoop/hadoop-hdfs-project/hadoop-hdfs/src/main/java/org/apache/hadoop/hdfs/protocolPB/ClientNamenodeProtocolServerSideTranslatorPB.java,227
hadoop,org.apache.hadoop.hdfs.protocolPB,PBHelper,6,0,220,203,1784,562,0,0,0.44545454545454544,32,78,/Users/eashraf/hadoop/hadoop-hdfs-project/hadoop-hdfs/src/main/java/org/apache/hadoop/hdfs/protocolPB/PBHelper.java,235
hadoop,org.apache.hadoop.hdfs.protocolPB,ClientDatanodeProtocolPB,0,0,0,0,2,0,1,0,-1.0,3,1,/Users/eashraf/hadoop/hadoop-hdfs-project/hadoop-hdfs/src/main/java/org/apache/hadoop/hdfs/protocolPB/ClientDatanodeProtocolPB.java,28
hadoop,org.apache.hadoop.hdfs.protocolPB,ClientDatanodeProtocolServerSideTranslatorPB,6,0,11,11,140,17,0,1,0.0,1,5,/Users/eashraf/hadoop/hadoop-hdfs-project/hadoop-hdfs/src/main/java/org/apache/hadoop/hdfs/protocolPB/ClientDatanodeProtocolServerSideTranslatorPB.java,64
hadoop,org.apache.hadoop.hdfs.protocolPB,ClientNamenodeProtocolTranslatorPB,11,0,87,87,881,109,0,0,0.0,0,20,/Users/eashraf/hadoop/hadoop-hdfs-project/hadoop-hdfs/src/main/java/org/apache/hadoop/hdfs/protocolPB/ClientNamenodeProtocolTranslatorPB.java,197
hadoop,org.apache.hadoop.hdfs.protocolPB,ClientNamenodeProtocolTranslatorPB.BatchedCacheEntries,1,0,0,0,15,0,0,0,-1.0,0,0,/Users/eashraf/hadoop/hadoop-hdfs-project/hadoop-hdfs/src/main/java/org/apache/hadoop/hdfs/protocolPB/ClientNamenodeProtocolTranslatorPB.java,1158
hadoop,org.apache.hadoop.hdfs.protocolPB,ClientNamenodeProtocolTranslatorPB.BatchedCachePoolEntries,1,0,0,0,16,0,0,0,-1.0,0,0,/Users/eashraf/hadoop/hadoop-hdfs-project/hadoop-hdfs/src/main/java/org/apache/hadoop/hdfs/protocolPB/ClientNamenodeProtocolTranslatorPB.java,1237
hadoop,org.apache.hadoop.hdfs.protocolPB,DatanodeProtocolPB,0,0,0,0,2,0,1,0,-1.0,2,1,/Users/eashraf/hadoop/hadoop-hdfs-project/hadoop-hdfs/src/main/java/org/apache/hadoop/hdfs/protocolPB/DatanodeProtocolPB.java,27
hadoop,org.apache.hadoop.hdfs.protocolPB,InterDatanodeProtocolTranslatorPB,2,0,5,5,49,7,0,0,0.0,1,9,/Users/eashraf/hadoop/hadoop-hdfs-project/hadoop-hdfs/src/main/java/org/apache/hadoop/hdfs/protocolPB/InterDatanodeProtocolTranslatorPB.java,47
hadoop,org.apache.hadoop.hdfs.protocolPB,JournalProtocolPB,0,0,0,0,5,0,1,0,-1.0,2,1,/Users/eashraf/hadoop/hadoop-hdfs-project/hadoop-hdfs/src/main/java/org/apache/hadoop/hdfs/protocolPB/JournalProtocolPB.java,26
hadoop,org.apache.hadoop.hdfs.protocolPB,NamenodeProtocolTranslatorPB,6,0,15,15,123,15,0,0,0.0,0,8,/Users/eashraf/hadoop/hadoop-hdfs-project/hadoop-hdfs/src/main/java/org/apache/hadoop/hdfs/protocolPB/NamenodeProtocolTranslatorPB.java,57
hadoop,org.apache.hadoop.hdfs.protocolPB,DatanodeProtocolServerSideTranslatorPB,5,0,10,10,159,23,0,1,0.0,1,14,/Users/eashraf/hadoop/hadoop-hdfs-project/hadoop-hdfs/src/main/java/org/apache/hadoop/hdfs/protocolPB/DatanodeProtocolServerSideTranslatorPB.java,64
hadoop,org.apache.hadoop.hdfs.protocolPB,NamenodeProtocolPB,0,0,0,0,5,0,1,0,-1.0,5,1,/Users/eashraf/hadoop/hadoop-hdfs-project/hadoop-hdfs/src/main/java/org/apache/hadoop/hdfs/protocolPB/NamenodeProtocolPB.java,27
hadoop,org.apache.hadoop.hdfs.protocolPB,InterDatanodeProtocolPB,0,0,0,0,2,0,1,0,-1.0,2,1,/Users/eashraf/hadoop/hadoop-hdfs-project/hadoop-hdfs/src/main/java/org/apache/hadoop/hdfs/protocolPB/InterDatanodeProtocolPB.java,26
hadoop,org.apache.hadoop.hdfs.protocolPB,ClientDatanodeProtocolTranslatorPB,7,1,18,16,183,26,0,0,0.1111111111111111,1,15,/Users/eashraf/hadoop/hadoop-hdfs-project/hadoop-hdfs/src/main/java/org/apache/hadoop/hdfs/protocolPB/ClientDatanodeProtocolTranslatorPB.java,80
hadoop,org.apache.hadoop.hdfs.protocolPB,InterDatanodeProtocolServerSideTranslatorPB,1,0,3,3,35,4,0,1,0.0,1,3,/Users/eashraf/hadoop/hadoop-hdfs-project/hadoop-hdfs/src/main/java/org/apache/hadoop/hdfs/protocolPB/InterDatanodeProtocolServerSideTranslatorPB.java,34
hadoop,org.apache.hadoop.hdfs.protocolPB,JournalProtocolTranslatorPB,2,0,6,6,47,6,0,0,0.0,1,6,/Users/eashraf/hadoop/hadoop-hdfs-project/hadoop-hdfs/src/main/java/org/apache/hadoop/hdfs/protocolPB/JournalProtocolTranslatorPB.java,40
hadoop,org.apache.hadoop.hdfs.protocolPB,JournalProtocolServerSideTranslatorPB,3,0,4,4,47,4,0,1,0.0,0,3,/Users/eashraf/hadoop/hadoop-hdfs-project/hadoop-hdfs/src/main/java/org/apache/hadoop/hdfs/protocolPB/JournalProtocolServerSideTranslatorPB.java,35
hadoop,org.apache.hadoop.hdfs.protocolPB,ClientNamenodeProtocolPB,0,0,0,0,2,0,1,0,-1.0,4,2,/Users/eashraf/hadoop/hadoop-hdfs-project/hadoop-hdfs/src/main/java/org/apache/hadoop/hdfs/protocolPB/ClientNamenodeProtocolPB.java,31
hadoop,org.apache.hadoop.hdfs.protocolPB,NamenodeProtocolServerSideTranslatorPB,3,0,12,12,124,13,0,1,0.0,1,10,/Users/eashraf/hadoop/hadoop-hdfs-project/hadoop-hdfs/src/main/java/org/apache/hadoop/hdfs/protocolPB/NamenodeProtocolServerSideTranslatorPB.java,57
hadoop,org.apache.hadoop.hdfs.util,TestDiff,3,0,11,1,232,43,0,0,0.18181818181818182,0,5,/Users/eashraf/hadoop/hadoop-hdfs-project/hadoop-hdfs/src/test/java/org/apache/hadoop/hdfs/util/TestDiff.java,35
hadoop,org.apache.hadoop.hdfs.util,TestLightWeightHashSet,6,0,14,14,288,44,0,0,0.14285714285714285,0,2,/Users/eashraf/hadoop/hadoop-hdfs-project/hadoop-hdfs/src/test/java/org/apache/hadoop/hdfs/util/TestLightWeightHashSet.java,39
hadoop,org.apache.hadoop.hdfs.util,TestLightWeightHashSet.TestObject,1,0,0,0,20,0,0,0,-1.0,0,0,/Users/eashraf/hadoop/hadoop-hdfs-project/hadoop-hdfs/src/test/java/org/apache/hadoop/hdfs/util/TestLightWeightHashSet.java,445
hadoop,org.apache.hadoop.hdfs.util,TestByteArrayManager,24,0,16,8,476,47,0,0,0.4375,0,4,/Users/eashraf/hadoop/hadoop-hdfs-project/hadoop-hdfs/src/test/java/org/apache/hadoop/hdfs/util/TestByteArrayManager.java,48
hadoop,org.apache.hadoop.hdfs.util,TestByteArrayManager.AllocatorThread,3,0,0,0,17,0,0,0,-1.0,0,1,/Users/eashraf/hadoop/hadoop-hdfs-project/hadoop-hdfs/src/test/java/org/apache/hadoop/hdfs/util/TestByteArrayManager.java,225
hadoop,org.apache.hadoop.hdfs.util,TestByteArrayManager.Allocator,3,0,0,0,28,0,0,0,-1.0,0,1,/Users/eashraf/hadoop/hadoop-hdfs-project/hadoop-hdfs/src/test/java/org/apache/hadoop/hdfs/util/TestByteArrayManager.java,245
hadoop,org.apache.hadoop.hdfs.util,TestByteArrayManager.Recycler,3,0,0,0,26,0,0,0,-1.0,0,1,/Users/eashraf/hadoop/hadoop-hdfs-project/hadoop-hdfs/src/test/java/org/apache/hadoop/hdfs/util/TestByteArrayManager.java,277
hadoop,org.apache.hadoop.hdfs.util,TestByteArrayManager.Runner,11,0,0,0,114,0,0,0,-1.0,0,1,/Users/eashraf/hadoop/hadoop-hdfs-project/hadoop-hdfs/src/test/java/org/apache/hadoop/hdfs/util/TestByteArrayManager.java,399
hadoop,org.apache.hadoop.hdfs.util,TestByteArrayManager.NewByteArrayWithLimit,2,0,0,0,21,0,0,1,-1.0,0,0,/Users/eashraf/hadoop/hadoop-hdfs-project/hadoop-hdfs/src/test/java/org/apache/hadoop/hdfs/util/TestByteArrayManager.java,534
hadoop,org.apache.hadoop.hdfs.util,TestCyclicIteration,0,0,2,1,28,7,0,0,-1.0,0,0,/Users/eashraf/hadoop/hadoop-hdfs-project/hadoop-hdfs/src/test/java/org/apache/hadoop/hdfs/util/TestCyclicIteration.java,30
hadoop,org.apache.hadoop.hdfs.util,TestBestEffortLongFile,1,0,3,3,43,5,0,0,0.0,0,2,/Users/eashraf/hadoop/hadoop-hdfs-project/hadoop-hdfs/src/test/java/org/apache/hadoop/hdfs/util/TestBestEffortLongFile.java,31
hadoop,org.apache.hadoop.hdfs.util,TestAtomicFileOutputStream,5,1,7,6,89,7,0,0,0.2857142857142857,0,5,/Users/eashraf/hadoop/hadoop-hdfs-project/hadoop-hdfs/src/test/java/org/apache/hadoop/hdfs/util/TestAtomicFileOutputStream.java,44
hadoop,org.apache.hadoop.hdfs.util,TestXMLUtils,0,0,9,6,47,9,0,0,-1.0,0,1,/Users/eashraf/hadoop/hadoop-hdfs-project/hadoop-hdfs/src/test/java/org/apache/hadoop/hdfs/util/TestXMLUtils.java,24
hadoop,org.apache.hadoop.hdfs.util,TestExactSizeInputStream,0,0,8,7,75,8,0,0,-1.0,0,1,/Users/eashraf/hadoop/hadoop-hdfs-project/hadoop-hdfs/src/test/java/org/apache/hadoop/hdfs/util/TestExactSizeInputStream.java,31
hadoop,org.apache.hadoop.hdfs.util,TestMD5FileUtils,5,0,6,6,58,6,0,0,0.0,0,3,/Users/eashraf/hadoop/hadoop-hdfs-project/hadoop-hdfs/src/test/java/org/apache/hadoop/hdfs/util/TestMD5FileUtils.java,36
hadoop,org.apache.hadoop.hdfs.util,TestLightWeightLinkedSet,5,0,18,18,285,50,0,0,0.0,0,2,/Users/eashraf/hadoop/hadoop-hdfs-project/hadoop-hdfs/src/test/java/org/apache/hadoop/hdfs/util/TestLightWeightLinkedSet.java,36
hadoop,org.apache.hadoop.hdfs.util,ByteBufferOutputStream,1,0,3,3,15,3,0,0,0.0,0,0,/Users/eashraf/hadoop/hadoop-hdfs-project/hadoop-hdfs/src/main/java/org/apache/hadoop/hdfs/util/ByteBufferOutputStream.java,27
hadoop,org.apache.hadoop.hdfs.util,RwLock,0,0,7,6,33,7,0,0,-1.0,0,0,/Users/eashraf/hadoop/hadoop-hdfs-project/hadoop-hdfs/src/main/java/org/apache/hadoop/hdfs/util/RwLock.java,20
hadoop,org.apache.hadoop.hdfs.util,LightWeightHashSet,22,0,31,23,485,77,1,0,0.0967741935483871,3,0,/Users/eashraf/hadoop/hadoop-hdfs-project/hadoop-hdfs/src/main/java/org/apache/hadoop/hdfs/util/LightWeightHashSet.java,31
hadoop,org.apache.hadoop.hdfs.util,LightWeightHashSet.LinkedElement,3,0,0,0,16,0,0,0,-1.0,0,0,/Users/eashraf/hadoop/hadoop-hdfs-project/hadoop-hdfs/src/main/java/org/apache/hadoop/hdfs/util/LightWeightHashSet.java,40
hadoop,org.apache.hadoop.hdfs.util,LightWeightHashSet.LinkedSetIterator,3,0,0,0,36,0,0,0,-1.0,0,0,/Users/eashraf/hadoop/hadoop-hdfs-project/hadoop-hdfs/src/main/java/org/apache/hadoop/hdfs/util/LightWeightHashSet.java,527
hadoop,org.apache.hadoop.hdfs.util,Holder,1,1,2,2,12,2,0,0,0.0,3,0,/Users/eashraf/hadoop/hadoop-hdfs-project/hadoop-hdfs/src/main/java/org/apache/hadoop/hdfs/util/Holder.java,20
hadoop,org.apache.hadoop.hdfs.util,MD5FileUtils,3,1,8,6,115,16,0,0,0.375,8,4,/Users/eashraf/hadoop/hadoop-hdfs-project/hadoop-hdfs/src/main/java/org/apache/hadoop/hdfs/util/MD5FileUtils.java,40
hadoop,org.apache.hadoop.hdfs.util,EnumDoubles,2,0,13,13,110,21,0,0,0.0,1,0,/Users/eashraf/hadoop/hadoop-hdfs-project/hadoop-hdfs/src/main/java/org/apache/hadoop/hdfs/util/EnumDoubles.java,24
hadoop,org.apache.hadoop.hdfs.util,XMLUtils,5,0,6,3,290,36,0,0,0.0,7,0,/Users/eashraf/hadoop/hadoop-hdfs-project/hadoop-hdfs/src/main/java/org/apache/hadoop/hdfs/util/XMLUtils.java,32
hadoop,org.apache.hadoop.hdfs.util,XMLUtils.InvalidXmlException,1,0,0,0,9,0,0,0,-1.0,0,0,/Users/eashraf/hadoop/hadoop-hdfs-project/hadoop-hdfs/src/main/java/org/apache/hadoop/hdfs/util/XMLUtils.java,39
hadoop,org.apache.hadoop.hdfs.util,XMLUtils.UnmanglingError,1,0,0,0,12,0,0,0,-1.0,0,0,/Users/eashraf/hadoop/hadoop-hdfs-project/hadoop-hdfs/src/main/java/org/apache/hadoop/hdfs/util/XMLUtils.java,49
hadoop,org.apache.hadoop.hdfs.util,XMLUtils.Stanza,2,0,0,0,106,0,0,0,-1.0,0,0,/Users/eashraf/hadoop/hadoop-hdfs-project/hadoop-hdfs/src/main/java/org/apache/hadoop/hdfs/util/XMLUtils.java,255
hadoop,org.apache.hadoop.hdfs.util,PersistentLongFile,5,0,5,5,63,9,0,0,0.0,3,2,/Users/eashraf/hadoop/hadoop-hdfs-project/hadoop-hdfs/src/main/java/org/apache/hadoop/hdfs/util/PersistentLongFile.java,33
hadoop,org.apache.hadoop.hdfs.util,ReferenceCountMap,1,0,6,6,67,9,0,0,0.0,1,0,/Users/eashraf/hadoop/hadoop-hdfs-project/hadoop-hdfs/src/main/java/org/apache/hadoop/hdfs/util/ReferenceCountMap.java,29
hadoop,org.apache.hadoop.hdfs.util,ReferenceCountMap.ReferenceCounter,0,0,0,0,8,0,0,0,-1.0,0,0,/Users/eashraf/hadoop/hadoop-hdfs-project/hadoop-hdfs/src/main/java/org/apache/hadoop/hdfs/util/ReferenceCountMap.java,108
hadoop,org.apache.hadoop.hdfs.util,LightWeightLinkedSet,7,0,12,10,208,30,0,1,0.25,2,0,/Users/eashraf/hadoop/hadoop-hdfs-project/hadoop-hdfs/src/main/java/org/apache/hadoop/hdfs/util/LightWeightLinkedSet.java,26
hadoop,org.apache.hadoop.hdfs.util,LightWeightLinkedSet.DoubleLinkedElement,2,0,0,0,15,0,0,0,-1.0,0,0,/Users/eashraf/hadoop/hadoop-hdfs-project/hadoop-hdfs/src/main/java/org/apache/hadoop/hdfs/util/LightWeightLinkedSet.java,36
hadoop,org.apache.hadoop.hdfs.util,LightWeightLinkedSet.LinkedSetIterator,2,0,0,0,27,0,0,0,-1.0,0,0,/Users/eashraf/hadoop/hadoop-hdfs-project/hadoop-hdfs/src/main/java/org/apache/hadoop/hdfs/util/LightWeightLinkedSet.java,239
hadoop,org.apache.hadoop.hdfs.util,EnumCounters,4,0,18,18,213,31,0,0,0.0,10,0,/Users/eashraf/hadoop/hadoop-hdfs-project/hadoop-hdfs/src/main/java/org/apache/hadoop/hdfs/util/EnumCounters.java,25
hadoop,org.apache.hadoop.hdfs.util,EnumCounters.Factory,0,0,0,0,11,0,0,0,-1.0,0,0,/Users/eashraf/hadoop/hadoop-hdfs-project/hadoop-hdfs/src/main/java/org/apache/hadoop/hdfs/util/EnumCounters.java,176
hadoop,org.apache.hadoop.hdfs.util,EnumCounters.Map,2,0,0,0,56,0,0,0,-1.0,0,0,/Users/eashraf/hadoop/hadoop-hdfs-project/hadoop-hdfs/src/main/java/org/apache/hadoop/hdfs/util/EnumCounters.java,188
hadoop,org.apache.hadoop.hdfs.util,ByteArrayManager,21,0,6,4,290,9,3,0,1.0,9,0,/Users/eashraf/hadoop/hadoop-hdfs-project/hadoop-hdfs/src/main/java/org/apache/hadoop/hdfs/util/ByteArrayManager.java,33
hadoop,org.apache.hadoop.hdfs.util,ByteArrayManager.Counter,3,0,0,0,26,0,0,0,-1.0,0,0,/Users/eashraf/hadoop/hadoop-hdfs-project/hadoop-hdfs/src/main/java/org/apache/hadoop/hdfs/util/ByteArrayManager.java,81
hadoop,org.apache.hadoop.hdfs.util,ByteArrayManager.CounterMap,2,0,0,0,27,0,0,0,-1.0,0,0,/Users/eashraf/hadoop/hadoop-hdfs-project/hadoop-hdfs/src/main/java/org/apache/hadoop/hdfs/util/ByteArrayManager.java,114
hadoop,org.apache.hadoop.hdfs.util,ByteArrayManager.FixedLengthManager,4,0,0,0,62,0,0,0,-1.0,0,0,/Users/eashraf/hadoop/hadoop-hdfs-project/hadoop-hdfs/src/main/java/org/apache/hadoop/hdfs/util/ByteArrayManager.java,142
hadoop,org.apache.hadoop.hdfs.util,ByteArrayManager.ManagerMap,2,0,0,0,24,0,0,0,-1.0,0,0,/Users/eashraf/hadoop/hadoop-hdfs-project/hadoop-hdfs/src/main/java/org/apache/hadoop/hdfs/util/ByteArrayManager.java,227
hadoop,org.apache.hadoop.hdfs.util,ByteArrayManager.Conf,3,0,0,0,19,0,0,0,-1.0,0,0,/Users/eashraf/hadoop/hadoop-hdfs-project/hadoop-hdfs/src/main/java/org/apache/hadoop/hdfs/util/ByteArrayManager.java,252
hadoop,org.apache.hadoop.hdfs.util,ByteArrayManager.NewByteArrayWithoutLimit,0,0,0,0,11,0,0,1,-1.0,0,0,/Users/eashraf/hadoop/hadoop-hdfs-project/hadoop-hdfs/src/main/java/org/apache/hadoop/hdfs/util/ByteArrayManager.java,302
hadoop,org.apache.hadoop.hdfs.util,ByteArrayManager.Impl,3,0,0,0,70,0,0,1,-1.0,0,0,/Users/eashraf/hadoop/hadoop-hdfs-project/hadoop-hdfs/src/main/java/org/apache/hadoop/hdfs/util/ByteArrayManager.java,317
hadoop,org.apache.hadoop.hdfs.util,LongBitFormat,7,0,4,4,56,6,0,0,0.0,7,0,/Users/eashraf/hadoop/hadoop-hdfs-project/hadoop-hdfs/src/main/java/org/apache/hadoop/hdfs/util/LongBitFormat.java,23
hadoop,org.apache.hadoop.hdfs.util,DataTransferThrottler,6,0,6,6,88,12,0,0,0.3333333333333333,7,1,/Users/eashraf/hadoop/hadoop-hdfs-project/hadoop-hdfs/src/main/java/org/apache/hadoop/hdfs/util/DataTransferThrottler.java,22
hadoop,org.apache.hadoop.hdfs.util,ByteArray,2,0,4,4,25,6,0,0,0.0,1,0,/Users/eashraf/hadoop/hadoop-hdfs-project/hadoop-hdfs/src/main/java/org/apache/hadoop/hdfs/util/ByteArray.java,24
hadoop,org.apache.hadoop.hdfs.util,AtomicFileOutputStream,4,0,3,3,62,9,0,0,0.0,4,2,/Users/eashraf/hadoop/hadoop-hdfs-project/hadoop-hdfs/src/main/java/org/apache/hadoop/hdfs/util/AtomicFileOutputStream.java,32
hadoop,org.apache.hadoop.hdfs.util,Canceler,1,0,3,3,22,3,0,0,0.0,7,0,/Users/eashraf/hadoop/hadoop-hdfs-project/hadoop-hdfs/src/main/java/org/apache/hadoop/hdfs/util/Canceler.java,22
hadoop,org.apache.hadoop.hdfs.util,Diff,7,0,23,16,323,45,0,0,0.08695652173913043,1,0,/Users/eashraf/hadoop/hadoop-hdfs-project/hadoop-hdfs/src/main/java/org/apache/hadoop/hdfs/util/Diff.java,27
hadoop,org.apache.hadoop.hdfs.util,Diff.ListType,0,0,0,0,1,0,0,0,-1.0,0,0,/Users/eashraf/hadoop/hadoop-hdfs-project/hadoop-hdfs/src/main/java/org/apache/hadoop/hdfs/util/Diff.java,76
hadoop,org.apache.hadoop.hdfs.util,Diff.Element,0,0,0,0,9,0,0,0,-1.0,0,0,/Users/eashraf/hadoop/hadoop-hdfs-project/hadoop-hdfs/src/main/java/org/apache/hadoop/hdfs/util/Diff.java,80
hadoop,org.apache.hadoop.hdfs.util,Diff.Processor,0,0,0,0,9,0,0,0,-1.0,0,0,/Users/eashraf/hadoop/hadoop-hdfs-project/hadoop-hdfs/src/main/java/org/apache/hadoop/hdfs/util/Diff.java,86
hadoop,org.apache.hadoop.hdfs.util,Diff.Container,1,0,0,0,15,0,0,0,-1.0,0,0,/Users/eashraf/hadoop/hadoop-hdfs-project/hadoop-hdfs/src/main/java/org/apache/hadoop/hdfs/util/Diff.java,92
hadoop,org.apache.hadoop.hdfs.util,Diff.UndoInfo,3,0,0,0,16,0,0,0,-1.0,0,0,/Users/eashraf/hadoop/hadoop-hdfs-project/hadoop-hdfs/src/main/java/org/apache/hadoop/hdfs/util/Diff.java,106
hadoop,org.apache.hadoop.hdfs.util,ReadOnlyList,0,0,3,0,151,3,0,0,-1.0,14,0,/Users/eashraf/hadoop/hadoop-hdfs-project/hadoop-hdfs/src/main/java/org/apache/hadoop/hdfs/util/ReadOnlyList.java,28
hadoop,org.apache.hadoop.hdfs.util,ReadOnlyList.Util,0,0,0,0,133,0,0,0,-1.0,0,1,/Users/eashraf/hadoop/hadoop-hdfs-project/hadoop-hdfs/src/main/java/org/apache/hadoop/hdfs/util/ReadOnlyList.java,51
hadoop,org.apache.hadoop.hdfs.util,BestEffortLongFile,5,0,5,4,61,10,0,0,0.0,3,1,/Users/eashraf/hadoop/hadoop-hdfs-project/hadoop-hdfs/src/main/java/org/apache/hadoop/hdfs/util/BestEffortLongFile.java,34
hadoop,org.apache.hadoop.hdfs.util,CyclicIteration,6,0,2,2,75,3,0,0,1.0,0,0,/Users/eashraf/hadoop/hadoop-hdfs-project/hadoop-hdfs/src/main/java/org/apache/hadoop/hdfs/util/CyclicIteration.java,28
hadoop,org.apache.hadoop.hdfs.util,CyclicIteration.CyclicIterator,4,0,0,0,52,0,0,0,-1.0,0,0,/Users/eashraf/hadoop/hadoop-hdfs-project/hadoop-hdfs/src/main/java/org/apache/hadoop/hdfs/util/CyclicIteration.java,61
hadoop,org.apache.hadoop.hdfs.util,ExactSizeInputStream,1,0,7,7,62,15,0,0,0.42857142857142855,1,0,/Users/eashraf/hadoop/hadoop-hdfs-project/hadoop-hdfs/src/main/java/org/apache/hadoop/hdfs/util/ExactSizeInputStream.java,30
hadoop,org.apache.hadoop.hdfs.security.token.block,SecurityTestUtil,0,0,2,2,17,2,0,0,-1.0,1,2,/Users/eashraf/hadoop/hadoop-hdfs-project/hadoop-hdfs/src/test/java/org/apache/hadoop/hdfs/security/token/block/SecurityTestUtil.java,25
hadoop,org.apache.hadoop.hdfs.security.token.block,TestBlockToken,10,1,11,7,224,19,0,0,0.2727272727272727,0,30,/Users/eashraf/hadoop/hadoop-hdfs-project/hadoop-hdfs/src/test/java/org/apache/hadoop/hdfs/security/token/block/TestBlockToken.java,86
hadoop,org.apache.hadoop.hdfs.security.token.block,TestBlockToken.GetLengthAnswer,2,0,0,0,24,0,0,0,-1.0,0,2,/Users/eashraf/hadoop/hadoop-hdfs-project/hadoop-hdfs/src/test/java/org/apache/hadoop/hdfs/security/token/block/TestBlockToken.java,115
hadoop,org.apache.hadoop.hdfs.security.token.block,BlockPoolTokenSecretManager,1,0,13,12,71,15,0,0,0.15384615384615385,3,6,/Users/eashraf/hadoop/hadoop-hdfs-project/hadoop-hdfs/src/main/java/org/apache/hadoop/hdfs/security/token/block/BlockPoolTokenSecretManager.java,32
hadoop,org.apache.hadoop.hdfs.security.token.block,BlockKey,0,0,3,3,14,3,0,0,-1.0,4,0,/Users/eashraf/hadoop/hadoop-hdfs-project/hadoop-hdfs/src/main/java/org/apache/hadoop/hdfs/security/token/block/BlockKey.java,26
hadoop,org.apache.hadoop.hdfs.security.token.block,BlockTokenIdentifier,8,0,19,18,107,25,0,0,0.15789473684210525,8,3,/Users/eashraf/hadoop/hadoop-hdfs-project/hadoop-hdfs/src/main/java/org/apache/hadoop/hdfs/security/token/block/BlockTokenIdentifier.java,34
hadoop,org.apache.hadoop.hdfs.security.token.block,BlockTokenIdentifier.Renewer,0,0,0,0,5,0,0,0,-1.0,0,0,/Users/eashraf/hadoop/hadoop-hdfs-project/hadoop-hdfs/src/main/java/org/apache/hadoop/hdfs/security/token/block/BlockTokenIdentifier.java,179
hadoop,org.apache.hadoop.hdfs.security.token.block,DataEncryptionKey,6,6,2,2,22,2,0,0,0.0,7,0,/Users/eashraf/hadoop/hadoop-hdfs-project/hadoop-hdfs/src/main/java/org/apache/hadoop/hdfs/security/token/block/DataEncryptionKey.java,22
hadoop,org.apache.hadoop.hdfs.security.token.block,ExportedBlockKeys,6,1,10,10,69,12,0,0,0.3,11,1,/Users/eashraf/hadoop/hadoop-hdfs-project/hadoop-hdfs/src/main/java/org/apache/hadoop/hdfs/security/token/block/ExportedBlockKeys.java,30
hadoop,org.apache.hadoop.hdfs.security.token.block,InvalidBlockTokenException,1,0,2,2,12,2,0,0,1.0,0,0,/Users/eashraf/hadoop/hadoop-hdfs-project/hadoop-hdfs/src/main/java/org/apache/hadoop/hdfs/security/token/block/InvalidBlockTokenException.java,26
hadoop,org.apache.hadoop.hdfs.security.token.block,BlockTokenSecretManager,14,2,26,19,285,48,0,0,0.11538461538461539,16,9,/Users/eashraf/hadoop/hadoop-hdfs-project/hadoop-hdfs/src/main/java/org/apache/hadoop/hdfs/security/token/block/BlockTokenSecretManager.java,45
hadoop,org.apache.hadoop.hdfs.security.token.block,BlockTokenSecretManager.AccessMode,0,0,0,0,1,0,0,0,-1.0,0,0,/Users/eashraf/hadoop/hadoop-hdfs-project/hadoop-hdfs/src/main/java/org/apache/hadoop/hdfs/security/token/block/BlockTokenSecretManager.java,83
hadoop,org.apache.hadoop.hdfs.security.token.block,BlockTokenSelector,0,0,1,1,16,4,0,0,-1.0,0,2,/Users/eashraf/hadoop/hadoop-hdfs-project/hadoop-hdfs/src/main/java/org/apache/hadoop/hdfs/security/token/block/BlockTokenSelector.java,28
hadoop,org.apache.hadoop.hdfs.security,TestDelegationTokenForProxyUser,10,0,6,5,101,10,0,0,0.0,0,14,/Users/eashraf/hadoop/hadoop-hdfs-project/hadoop-hdfs/src/test/java/org/apache/hadoop/hdfs/security/TestDelegationTokenForProxyUser.java,57
hadoop,org.apache.hadoop.hdfs.security,TestDelegationToken,4,0,15,13,201,17,0,0,0.0,0,15,/Users/eashraf/hadoop/hadoop-hdfs-project/hadoop-hdfs/src/test/java/org/apache/hadoop/hdfs/security/TestDelegationToken.java,61
hadoop,org.apache.hadoop.hdfs.security,TestClientProtocolWithDelegationToken,3,1,2,2,54,4,0,0,0.0,0,17,/Users/eashraf/hadoop/hadoop-hdfs-project/hadoop-hdfs/src/test/java/org/apache/hadoop/hdfs/security/TestClientProtocolWithDelegationToken.java,50
hadoop,org.apache.hadoop.hdfs.web,TestWebHdfsWithAuthenticationFilter,4,0,3,3,44,3,0,0,0.0,0,5,/Users/eashraf/hadoop/hadoop-hdfs-project/hadoop-hdfs/src/test/java/org/apache/hadoop/hdfs/web/TestWebHdfsWithAuthenticationFilter.java,43
hadoop,org.apache.hadoop.hdfs.web,TestWebHdfsWithAuthenticationFilter.CustomizedFilter,0,0,0,0,14,0,0,0,-1.0,0,0,/Users/eashraf/hadoop/hadoop-hdfs-project/hadoop-hdfs/src/test/java/org/apache/hadoop/hdfs/web/TestWebHdfsWithAuthenticationFilter.java,46
hadoop,org.apache.hadoop.hdfs.web,TestWebHdfsTokens,2,0,21,16,342,29,0,0,0.38095238095238093,0,20,/Users/eashraf/hadoop/hadoop-hdfs-project/hadoop-hdfs/src/test/java/org/apache/hadoop/hdfs/web/TestWebHdfsTokens.java,65
hadoop,org.apache.hadoop.hdfs.web,TestWebHdfsUrl,1,0,9,7,110,10,0,0,0.2222222222222222,0,15,/Users/eashraf/hadoop/hadoop-hdfs-project/hadoop-hdfs/src/test/java/org/apache/hadoop/hdfs/web/TestWebHdfsUrl.java,54
hadoop,org.apache.hadoop.hdfs.web,TestWebHDFSXAttr,0,0,1,0,13,1,0,0,-1.0,0,2,/Users/eashraf/hadoop/hadoop-hdfs-project/hadoop-hdfs/src/test/java/org/apache/hadoop/hdfs/web/TestWebHDFSXAttr.java,22
hadoop,org.apache.hadoop.hdfs.web,TestURLConnectionFactory,0,0,2,2,16,2,0,0,-1.0,0,1,/Users/eashraf/hadoop/hadoop-hdfs-project/hadoop-hdfs/src/test/java/org/apache/hadoop/hdfs/web/TestURLConnectionFactory.java,31
hadoop,org.apache.hadoop.hdfs.web,TestTokenAspect,5,0,7,6,161,7,0,0,0.0,0,7,/Users/eashraf/hadoop/hadoop-hdfs-project/hadoop-hdfs/src/test/java/org/apache/hadoop/hdfs/web/TestTokenAspect.java,61
hadoop,org.apache.hadoop.hdfs.web,TestTokenAspect.DummyFs,5,0,0,0,61,0,0,1,-1.0,0,3,/Users/eashraf/hadoop/hadoop-hdfs-project/hadoop-hdfs/src/test/java/org/apache/hadoop/hdfs/web/TestTokenAspect.java,63
hadoop,org.apache.hadoop.hdfs.web,TestWebHdfsWithMultipleNameNodes,4,0,7,3,96,18,0,0,0.0,0,13,/Users/eashraf/hadoop/hadoop-hdfs-project/hadoop-hdfs/src/test/java/org/apache/hadoop/hdfs/web/TestWebHdfsWithMultipleNameNodes.java,43
hadoop,org.apache.hadoop.hdfs.web,TestOffsetUrlInputStream,0,0,1,1,28,1,0,0,-1.0,0,1,/Users/eashraf/hadoop/hadoop-hdfs-project/hadoop-hdfs/src/test/java/org/apache/hadoop/hdfs/web/TestOffsetUrlInputStream.java,27
hadoop,org.apache.hadoop.hdfs.web,WebHdfsTestUtil,1,1,7,7,42,9,0,0,0.5714285714285714,14,9,/Users/eashraf/hadoop/hadoop-hdfs-project/hadoop-hdfs/src/test/java/org/apache/hadoop/hdfs/web/WebHdfsTestUtil.java,40
hadoop,org.apache.hadoop.hdfs.web,TestWebHdfsContentLength,8,0,12,10,137,14,0,0,0.0,0,4,/Users/eashraf/hadoop/hadoop-hdfs-project/hadoop-hdfs/src/test/java/org/apache/hadoop/hdfs/web/TestWebHdfsContentLength.java,44
hadoop,org.apache.hadoop.hdfs.web,TestByteRangeInputStream,0,0,4,2,110,4,0,0,-1.0,0,1,/Users/eashraf/hadoop/hadoop-hdfs-project/hadoop-hdfs/src/test/java/org/apache/hadoop/hdfs/web/TestByteRangeInputStream.java,41
hadoop,org.apache.hadoop.hdfs.web,TestByteRangeInputStream.ByteRangeInputStreamImpl,0,0,0,0,8,0,0,1,-1.0,0,0,/Users/eashraf/hadoop/hadoop-hdfs-project/hadoop-hdfs/src/test/java/org/apache/hadoop/hdfs/web/TestByteRangeInputStream.java,42
hadoop,org.apache.hadoop.hdfs.web,TestAuthFilter,1,0,3,3,46,3,0,0,1.0,0,3,/Users/eashraf/hadoop/hadoop-hdfs-project/hadoop-hdfs/src/test/java/org/apache/hadoop/hdfs/web/TestAuthFilter.java,35
hadoop,org.apache.hadoop.hdfs.web,TestAuthFilter.DummyFilterConfig,1,0,0,0,18,0,0,0,-1.0,0,0,/Users/eashraf/hadoop/hadoop-hdfs-project/hadoop-hdfs/src/test/java/org/apache/hadoop/hdfs/web/TestAuthFilter.java,37
hadoop,org.apache.hadoop.hdfs.web,TestWebHDFS,6,0,18,14,380,33,0,0,0.7222222222222222,0,20,/Users/eashraf/hadoop/hadoop-hdfs-project/hadoop-hdfs/src/test/java/org/apache/hadoop/hdfs/web/TestWebHDFS.java,57
hadoop,org.apache.hadoop.hdfs.web,TestWebHDFS.Ticker,3,0,0,0,30,0,0,0,-1.0,0,0,/Users/eashraf/hadoop/hadoop-hdfs-project/hadoop-hdfs/src/test/java/org/apache/hadoop/hdfs/web/TestWebHDFS.java,65
hadoop,org.apache.hadoop.hdfs.web,TestWebHdfsFileSystemContract,4,0,12,10,411,19,0,0,0.75,0,18,/Users/eashraf/hadoop/hadoop-hdfs-project/hadoop-hdfs/src/test/java/org/apache/hadoop/hdfs/web/TestWebHdfsFileSystemContract.java,55
hadoop,org.apache.hadoop.hdfs.web,TestWebHDFSAcl,0,0,4,2,31,4,0,0,-1.0,0,3,/Users/eashraf/hadoop/hadoop-hdfs-project/hadoop-hdfs/src/test/java/org/apache/hadoop/hdfs/web/TestWebHDFSAcl.java,27
hadoop,org.apache.hadoop.hdfs.web,TestHttpsFileSystem,6,0,3,3,46,3,0,0,0.0,0,11,/Users/eashraf/hadoop/hadoop-hdfs-project/hadoop-hdfs/src/test/java/org/apache/hadoop/hdfs/web/TestHttpsFileSystem.java,41
hadoop,org.apache.hadoop.hdfs.web,TestFSMainOperationsWebHdfs,5,0,12,10,143,13,0,0,0.5,0,14,/Users/eashraf/hadoop/hadoop-hdfs-project/hadoop-hdfs/src/test/java/org/apache/hadoop/hdfs/web/TestFSMainOperationsWebHdfs.java,53
hadoop,org.apache.hadoop.hdfs.web,TestWebHDFSForHA,3,0,6,6,158,12,0,0,0.0,0,17,/Users/eashraf/hadoop/hadoop-hdfs-project/hadoop-hdfs/src/test/java/org/apache/hadoop/hdfs/web/TestWebHDFSForHA.java,50
hadoop,org.apache.hadoop.hdfs.web,TestWebHdfsTimeouts,11,0,15,12,223,24,0,0,0.13333333333333333,0,7,/Users/eashraf/hadoop/hadoop-hdfs-project/hadoop-hdfs/src/test/java/org/apache/hadoop/hdfs/web/TestWebHdfsTimeouts.java,50
hadoop,org.apache.hadoop.hdfs.web,TestJsonUtil,0,0,10,8,135,12,0,0,-1.0,0,11,/Users/eashraf/hadoop/hadoop-hdfs-project/hadoop-hdfs/src/test/java/org/apache/hadoop/hdfs/web/TestJsonUtil.java,51
hadoop,org.apache.hadoop.hdfs.web,JsonUtil,2,0,47,23,675,119,0,0,0.2553191489361702,10,15,/Users/eashraf/hadoop/hadoop-hdfs-project/hadoop-hdfs/src/main/java/org/apache/hadoop/hdfs/web/JsonUtil.java,48
hadoop,org.apache.hadoop.hdfs.web,JsonUtil.PathType,0,0,0,0,4,0,0,0,-1.0,0,0,/Users/eashraf/hadoop/hadoop-hdfs-project/hadoop-hdfs/src/main/java/org/apache/hadoop/hdfs/web/JsonUtil.java,197
hadoop,org.apache.hadoop.hdfs.web,SWebHdfsFileSystem,2,2,4,1,16,4,0,2,1.0,9,2,/Users/eashraf/hadoop/hadoop-hdfs-project/hadoop-hdfs/src/main/java/org/apache/hadoop/hdfs/web/SWebHdfsFileSystem.java,23
hadoop,org.apache.hadoop.hdfs.web,TokenAspect,7,0,7,1,103,12,2,0,0.0,3,6,/Users/eashraf/hadoop/hadoop-hdfs-project/hadoop-hdfs/src/main/java/org/apache/hadoop/hdfs/web/TokenAspect.java,45
hadoop,org.apache.hadoop.hdfs.web,TokenAspect.TokenManager,0,0,0,0,37,0,0,0,-1.0,0,2,/Users/eashraf/hadoop/hadoop-hdfs-project/hadoop-hdfs/src/main/java/org/apache/hadoop/hdfs/web/TokenAspect.java,50
hadoop,org.apache.hadoop.hdfs.web,TokenAspect.DTSelecorByKind,0,0,0,0,5,0,0,0,-1.0,0,0,/Users/eashraf/hadoop/hadoop-hdfs-project/hadoop-hdfs/src/main/java/org/apache/hadoop/hdfs/web/TokenAspect.java,100
hadoop,org.apache.hadoop.hdfs.web,TokenAspect.TokenManagementDelegator,0,0,0,0,7,0,0,0,-1.0,0,0,/Users/eashraf/hadoop/hadoop-hdfs-project/hadoop-hdfs/src/main/java/org/apache/hadoop/hdfs/web/TokenAspect.java,107
hadoop,org.apache.hadoop.hdfs.web,ParamFilter,1,0,5,3,48,11,0,0,0.6,1,1,/Users/eashraf/hadoop/hadoop-hdfs-project/hadoop-hdfs/src/main/java/org/apache/hadoop/hdfs/web/ParamFilter.java,33
hadoop,org.apache.hadoop.hdfs.web,WebHdfsFileSystem,28,6,88,54,974,129,1,1,0.5454545454545454,32,29,/Users/eashraf/hadoop/hadoop-hdfs-project/hadoop-hdfs/src/main/java/org/apache/hadoop/hdfs/web/WebHdfsFileSystem.java,91
hadoop,org.apache.hadoop.hdfs.web,WebHdfsFileSystem.AbstractRunner,4,0,0,0,142,0,0,0,-1.0,0,1,/Users/eashraf/hadoop/hadoop-hdfs-project/hadoop-hdfs/src/main/java/org/apache/hadoop/hdfs/web/WebHdfsFileSystem.java,459
hadoop,org.apache.hadoop.hdfs.web,WebHdfsFileSystem.AbstractFsPathRunner,2,0,0,0,28,0,0,0,-1.0,0,1,/Users/eashraf/hadoop/hadoop-hdfs-project/hadoop-hdfs/src/main/java/org/apache/hadoop/hdfs/web/WebHdfsFileSystem.java,667
hadoop,org.apache.hadoop.hdfs.web,WebHdfsFileSystem.FsPathRunner,0,0,0,0,11,0,0,0,-1.0,0,0,/Users/eashraf/hadoop/hadoop-hdfs-project/hadoop-hdfs/src/main/java/org/apache/hadoop/hdfs/web/WebHdfsFileSystem.java,701
hadoop,org.apache.hadoop.hdfs.web,WebHdfsFileSystem.FsPathResponseRunner,0,0,0,0,34,0,0,0,-1.0,0,0,/Users/eashraf/hadoop/hadoop-hdfs-project/hadoop-hdfs/src/main/java/org/apache/hadoop/hdfs/web/WebHdfsFileSystem.java,715
hadoop,org.apache.hadoop.hdfs.web,WebHdfsFileSystem.FsPathBooleanRunner,0,0,0,0,11,0,0,0,-1.0,0,0,/Users/eashraf/hadoop/hadoop-hdfs-project/hadoop-hdfs/src/main/java/org/apache/hadoop/hdfs/web/WebHdfsFileSystem.java,755
hadoop,org.apache.hadoop.hdfs.web,WebHdfsFileSystem.FsPathOutputStreamRunner,1,0,0,0,28,0,0,0,-1.0,0,0,/Users/eashraf/hadoop/hadoop-hdfs-project/hadoop-hdfs/src/main/java/org/apache/hadoop/hdfs/web/WebHdfsFileSystem.java,769
hadoop,org.apache.hadoop.hdfs.web,WebHdfsFileSystem.FsPathConnectionRunner,0,0,0,0,8,0,0,0,-1.0,0,0,/Users/eashraf/hadoop/hadoop-hdfs-project/hadoop-hdfs/src/main/java/org/apache/hadoop/hdfs/web/WebHdfsFileSystem.java,802
hadoop,org.apache.hadoop.hdfs.web,WebHdfsFileSystem.URLRunner,1,0,0,0,16,0,0,0,-1.0,0,0,/Users/eashraf/hadoop/hadoop-hdfs-project/hadoop-hdfs/src/main/java/org/apache/hadoop/hdfs/web/WebHdfsFileSystem.java,813
hadoop,org.apache.hadoop.hdfs.web,WebHdfsFileSystem.UnresolvedUrlOpener,1,0,0,0,13,0,0,1,-1.0,0,1,/Users/eashraf/hadoop/hadoop-hdfs-project/hadoop-hdfs/src/main/java/org/apache/hadoop/hdfs/web/WebHdfsFileSystem.java,1206
hadoop,org.apache.hadoop.hdfs.web,WebHdfsFileSystem.OffsetUrlOpener,0,0,0,0,12,0,0,1,-1.0,0,1,/Users/eashraf/hadoop/hadoop-hdfs-project/hadoop-hdfs/src/main/java/org/apache/hadoop/hdfs/web/WebHdfsFileSystem.java,1223
hadoop,org.apache.hadoop.hdfs.web,WebHdfsFileSystem.OffsetUrlInputStream,0,0,0,0,11,0,0,1,-1.0,0,0,/Users/eashraf/hadoop/hadoop-hdfs-project/hadoop-hdfs/src/main/java/org/apache/hadoop/hdfs/web/WebHdfsFileSystem.java,1271
hadoop,org.apache.hadoop.hdfs.web,URLConnectionFactory,5,2,8,5,114,14,0,0,0.0,11,5,/Users/eashraf/hadoop/hadoop-hdfs-project/hadoop-hdfs/src/main/java/org/apache/hadoop/hdfs/web/URLConnectionFactory.java,44
hadoop,org.apache.hadoop.hdfs.web,KerberosUgiAuthenticator,0,0,2,0,18,2,0,0,-1.0,0,1,/Users/eashraf/hadoop/hadoop-hdfs-project/hadoop-hdfs/src/main/java/org/apache/hadoop/hdfs/web/KerberosUgiAuthenticator.java,27
hadoop,org.apache.hadoop.hdfs.web,ByteRangeInputStream,8,0,13,7,144,28,4,0,0.15384615384615385,4,0,/Users/eashraf/hadoop/hadoop-hdfs-project/hadoop-hdfs/src/main/java/org/apache/hadoop/hdfs/web/ByteRangeInputStream.java,35
hadoop,org.apache.hadoop.hdfs.web,ByteRangeInputStream.URLOpener,1,0,0,0,19,0,0,0,-1.0,0,0,/Users/eashraf/hadoop/hadoop-hdfs-project/hadoop-hdfs/src/main/java/org/apache/hadoop/hdfs/web/ByteRangeInputStream.java,44
hadoop,org.apache.hadoop.hdfs.web,ByteRangeInputStream.StreamStatus,0,0,0,0,1,0,0,0,-1.0,0,0,/Users/eashraf/hadoop/hadoop-hdfs-project/hadoop-hdfs/src/main/java/org/apache/hadoop/hdfs/web/ByteRangeInputStream.java,68
hadoop,org.apache.hadoop.hdfs.web,AuthFilter,2,0,9,7,82,19,0,0,0.7777777777777778,1,6,/Users/eashraf/hadoop/hadoop-hdfs-project/hadoop-hdfs/src/main/java/org/apache/hadoop/hdfs/web/AuthFilter.java,44
hadoop,org.apache.hadoop.hdfs.web.resources,TestParam,2,1,28,28,269,30,0,0,0.6785714285714286,0,34,/Users/eashraf/hadoop/hadoop-hdfs-project/hadoop-hdfs/src/test/java/org/apache/hadoop/hdfs/web/resources/TestParam.java,43
hadoop,org.apache.hadoop.hdfs.web.resources,LongParam,1,0,4,2,62,7,6,1,0.75,0,1,/Users/eashraf/hadoop/hadoop-hdfs-project/hadoop-hdfs/src/main/java/org/apache/hadoop/hdfs/web/resources/LongParam.java,20
hadoop,org.apache.hadoop.hdfs.web.resources,LongParam.Domain,1,0,0,0,33,0,0,1,-1.0,0,1,/Users/eashraf/hadoop/hadoop-hdfs-project/hadoop-hdfs/src/main/java/org/apache/hadoop/hdfs/web/resources/LongParam.java,52
hadoop,org.apache.hadoop.hdfs.web.resources,OverwriteParam,3,2,3,3,31,3,0,2,0.6666666666666666,2,0,/Users/eashraf/hadoop/hadoop-hdfs-project/hadoop-hdfs/src/main/java/org/apache/hadoop/hdfs/web/resources/OverwriteParam.java,20
hadoop,org.apache.hadoop.hdfs.web.resources,DelegationParam,3,2,2,2,24,2,0,2,1.0,5,1,/Users/eashraf/hadoop/hadoop-hdfs-project/hadoop-hdfs/src/main/java/org/apache/hadoop/hdfs/web/resources/DelegationParam.java,22
hadoop,org.apache.hadoop.hdfs.web.resources,RenewerParam,3,2,2,2,24,2,0,2,1.0,1,0,/Users/eashraf/hadoop/hadoop-hdfs-project/hadoop-hdfs/src/main/java/org/apache/hadoop/hdfs/web/resources/RenewerParam.java,20
hadoop,org.apache.hadoop.hdfs.web.resources,UriFsPathParam,2,1,3,3,27,3,0,2,1.0,0,0,/Users/eashraf/hadoop/hadoop-hdfs-project/hadoop-hdfs/src/main/java/org/apache/hadoop/hdfs/web/resources/UriFsPathParam.java,20
hadoop,org.apache.hadoop.hdfs.web.resources,ModificationTimeParam,3,2,3,3,31,3,0,2,0.6666666666666666,1,0,/Users/eashraf/hadoop/hadoop-hdfs-project/hadoop-hdfs/src/main/java/org/apache/hadoop/hdfs/web/resources/ModificationTimeParam.java,20
hadoop,org.apache.hadoop.hdfs.web.resources,HttpOpParam,8,2,2,1,101,2,8,2,1.0,12,3,/Users/eashraf/hadoop/hadoop-hdfs-project/hadoop-hdfs/src/main/java/org/apache/hadoop/hdfs/web/resources/HttpOpParam.java,27
hadoop,org.apache.hadoop.hdfs.web.resources,HttpOpParam.Type,0,0,0,0,4,0,0,0,-1.0,0,0,/Users/eashraf/hadoop/hadoop-hdfs-project/hadoop-hdfs/src/main/java/org/apache/hadoop/hdfs/web/resources/HttpOpParam.java,36
hadoop,org.apache.hadoop.hdfs.web.resources,HttpOpParam.Op,0,0,0,0,29,0,0,0,-1.0,0,0,/Users/eashraf/hadoop/hadoop-hdfs-project/hadoop-hdfs/src/main/java/org/apache/hadoop/hdfs/web/resources/HttpOpParam.java,41
hadoop,org.apache.hadoop.hdfs.web.resources,HttpOpParam.TemporaryRedirectOp,6,0,0,0,46,0,0,0,-1.0,0,3,/Users/eashraf/hadoop/hadoop-hdfs-project/hadoop-hdfs/src/main/java/org/apache/hadoop/hdfs/web/resources/HttpOpParam.java,62
hadoop,org.apache.hadoop.hdfs.web.resources,LengthParam,3,2,3,3,31,3,0,2,0.6666666666666666,0,0,/Users/eashraf/hadoop/hadoop-hdfs-project/hadoop-hdfs/src/main/java/org/apache/hadoop/hdfs/web/resources/LengthParam.java,20
hadoop,org.apache.hadoop.hdfs.web.resources,ExceptionHandler,2,1,3,2,71,18,0,0,0.0,2,1,/Users/eashraf/hadoop/hadoop-hdfs-project/hadoop-hdfs/src/main/java/org/apache/hadoop/hdfs/web/resources/ExceptionHandler.java,42
hadoop,org.apache.hadoop.hdfs.web.resources,TokenKindParam,3,2,2,2,21,2,0,2,1.0,0,1,/Users/eashraf/hadoop/hadoop-hdfs-project/hadoop-hdfs/src/main/java/org/apache/hadoop/hdfs/web/resources/TokenKindParam.java,21
hadoop,org.apache.hadoop.hdfs.web.resources,GroupParam,3,2,2,2,24,2,0,2,1.0,1,0,/Users/eashraf/hadoop/hadoop-hdfs-project/hadoop-hdfs/src/main/java/org/apache/hadoop/hdfs/web/resources/GroupParam.java,20
hadoop,org.apache.hadoop.hdfs.web.resources,UserProvider,2,0,3,3,22,3,0,0,1.0,0,3,/Users/eashraf/hadoop/hadoop-hdfs-project/hadoop-hdfs/src/main/java/org/apache/hadoop/hdfs/web/resources/UserProvider.java,41
hadoop,org.apache.hadoop.hdfs.web.resources,RecursiveParam,3,2,3,3,31,3,0,2,0.6666666666666666,1,0,/Users/eashraf/hadoop/hadoop-hdfs-project/hadoop-hdfs/src/main/java/org/apache/hadoop/hdfs/web/resources/RecursiveParam.java,20
hadoop,org.apache.hadoop.hdfs.web.resources,EnumParam,1,0,1,0,21,1,2,1,0.0,0,1,/Users/eashraf/hadoop/hadoop-hdfs-project/hadoop-hdfs/src/main/java/org/apache/hadoop/hdfs/web/resources/EnumParam.java,23
hadoop,org.apache.hadoop.hdfs.web.resources,EnumParam.Domain,1,0,0,0,16,0,0,1,-1.0,0,1,/Users/eashraf/hadoop/hadoop-hdfs-project/hadoop-hdfs/src/main/java/org/apache/hadoop/hdfs/web/resources/EnumParam.java,28
hadoop,org.apache.hadoop.hdfs.web.resources,ReplicationParam,3,2,4,4,37,4,0,2,0.75,2,1,/Users/eashraf/hadoop/hadoop-hdfs-project/hadoop-hdfs/src/main/java/org/apache/hadoop/hdfs/web/resources/ReplicationParam.java,25
hadoop,org.apache.hadoop.hdfs.web.resources,OldSnapshotNameParam,3,2,2,2,20,2,0,2,1.0,1,0,/Users/eashraf/hadoop/hadoop-hdfs-project/hadoop-hdfs/src/main/java/org/apache/hadoop/hdfs/web/resources/OldSnapshotNameParam.java,20
hadoop,org.apache.hadoop.hdfs.web.resources,BlockSizeParam,3,2,4,4,37,4,0,2,0.75,2,1,/Users/eashraf/hadoop/hadoop-hdfs-project/hadoop-hdfs/src/main/java/org/apache/hadoop/hdfs/web/resources/BlockSizeParam.java,25
hadoop,org.apache.hadoop.hdfs.web.resources,PermissionParam,4,2,5,5,45,5,0,2,0.6,2,1,/Users/eashraf/hadoop/hadoop-hdfs-project/hadoop-hdfs/src/main/java/org/apache/hadoop/hdfs/web/resources/PermissionParam.java,22
hadoop,org.apache.hadoop.hdfs.web.resources,PostOpParam,3,0,2,2,47,2,0,3,1.0,4,1,/Users/eashraf/hadoop/hadoop-hdfs-project/hadoop-hdfs/src/main/java/org/apache/hadoop/hdfs/web/resources/PostOpParam.java,22
hadoop,org.apache.hadoop.hdfs.web.resources,PostOpParam.Op,2,0,0,0,31,0,0,3,-1.0,0,1,/Users/eashraf/hadoop/hadoop-hdfs-project/hadoop-hdfs/src/main/java/org/apache/hadoop/hdfs/web/resources/PostOpParam.java,24
hadoop,org.apache.hadoop.hdfs.web.resources,ExcludeDatanodesParam,3,2,2,2,24,2,0,2,1.0,0,0,/Users/eashraf/hadoop/hadoop-hdfs-project/hadoop-hdfs/src/main/java/org/apache/hadoop/hdfs/web/resources/ExcludeDatanodesParam.java,21
hadoop,org.apache.hadoop.hdfs.web.resources,SnapshotNameParam,3,2,2,2,20,2,0,2,1.0,1,0,/Users/eashraf/hadoop/hadoop-hdfs-project/hadoop-hdfs/src/main/java/org/apache/hadoop/hdfs/web/resources/SnapshotNameParam.java,20
hadoop,org.apache.hadoop.hdfs.web.resources,NewLengthParam,3,2,3,3,31,3,0,2,0.6666666666666666,0,0,/Users/eashraf/hadoop/hadoop-hdfs-project/hadoop-hdfs/src/main/java/org/apache/hadoop/hdfs/web/resources/NewLengthParam.java,20
hadoop,org.apache.hadoop.hdfs.web.resources,XAttrNameParam,3,2,3,3,21,3,0,2,1.0,1,0,/Users/eashraf/hadoop/hadoop-hdfs-project/hadoop-hdfs/src/main/java/org/apache/hadoop/hdfs/web/resources/XAttrNameParam.java,22
hadoop,org.apache.hadoop.hdfs.web.resources,BooleanParam,2,0,2,1,36,2,3,1,1.0,0,1,/Users/eashraf/hadoop/hadoop-hdfs-project/hadoop-hdfs/src/main/java/org/apache/hadoop/hdfs/web/resources/BooleanParam.java,20
hadoop,org.apache.hadoop.hdfs.web.resources,BooleanParam.Domain,0,0,0,0,20,0,0,1,-1.0,0,1,/Users/eashraf/hadoop/hadoop-hdfs-project/hadoop-hdfs/src/main/java/org/apache/hadoop/hdfs/web/resources/BooleanParam.java,35
hadoop,org.apache.hadoop.hdfs.web.resources,DeleteOpParam,2,0,2,2,42,2,0,3,1.0,0,1,/Users/eashraf/hadoop/hadoop-hdfs-project/hadoop-hdfs/src/main/java/org/apache/hadoop/hdfs/web/resources/DeleteOpParam.java,22
hadoop,org.apache.hadoop.hdfs.web.resources,DeleteOpParam.Op,1,0,0,0,26,0,0,3,-1.0,0,1,/Users/eashraf/hadoop/hadoop-hdfs-project/hadoop-hdfs/src/main/java/org/apache/hadoop/hdfs/web/resources/DeleteOpParam.java,24
hadoop,org.apache.hadoop.hdfs.web.resources,BufferSizeParam,3,2,4,4,37,4,0,2,0.75,2,2,/Users/eashraf/hadoop/hadoop-hdfs-project/hadoop-hdfs/src/main/java/org/apache/hadoop/hdfs/web/resources/BufferSizeParam.java,23
hadoop,org.apache.hadoop.hdfs.web.resources,UserParam,3,2,7,6,49,9,0,2,0.2857142857142857,5,1,/Users/eashraf/hadoop/hadoop-hdfs-project/hadoop-hdfs/src/main/java/org/apache/hadoop/hdfs/web/resources/UserParam.java,27
hadoop,org.apache.hadoop.hdfs.web.resources,DoAsParam,3,2,2,2,24,2,0,2,1.0,3,0,/Users/eashraf/hadoop/hadoop-hdfs-project/hadoop-hdfs/src/main/java/org/apache/hadoop/hdfs/web/resources/DoAsParam.java,20
hadoop,org.apache.hadoop.hdfs.web.resources,DestinationParam,3,2,3,2,33,5,0,2,0.0,1,1,/Users/eashraf/hadoop/hadoop-hdfs-project/hadoop-hdfs/src/main/java/org/apache/hadoop/hdfs/web/resources/DestinationParam.java,22
hadoop,org.apache.hadoop.hdfs.web.resources,AclPermissionParam,3,2,5,4,37,5,0,2,0.4,1,1,/Users/eashraf/hadoop/hadoop-hdfs-project/hadoop-hdfs/src/main/java/org/apache/hadoop/hdfs/web/resources/AclPermissionParam.java,28
hadoop,org.apache.hadoop.hdfs.web.resources,AccessTimeParam,3,2,3,3,31,3,0,2,0.6666666666666666,1,0,/Users/eashraf/hadoop/hadoop-hdfs-project/hadoop-hdfs/src/main/java/org/apache/hadoop/hdfs/web/resources/AccessTimeParam.java,20
hadoop,org.apache.hadoop.hdfs.web.resources,RenameOptionSetParam,3,2,3,3,31,3,0,2,0.6666666666666666,1,1,/Users/eashraf/hadoop/hadoop-hdfs-project/hadoop-hdfs/src/main/java/org/apache/hadoop/hdfs/web/resources/RenameOptionSetParam.java,22
hadoop,org.apache.hadoop.hdfs.web.resources,GetOpParam,4,0,2,2,52,2,0,3,1.0,8,1,/Users/eashraf/hadoop/hadoop-hdfs-project/hadoop-hdfs/src/main/java/org/apache/hadoop/hdfs/web/resources/GetOpParam.java,22
hadoop,org.apache.hadoop.hdfs.web.resources,GetOpParam.Op,3,0,0,0,36,0,0,3,-1.0,0,1,/Users/eashraf/hadoop/hadoop-hdfs-project/hadoop-hdfs/src/main/java/org/apache/hadoop/hdfs/web/resources/GetOpParam.java,24
hadoop,org.apache.hadoop.hdfs.web.resources,TokenArgumentParam,3,2,2,2,24,2,0,2,1.0,1,0,/Users/eashraf/hadoop/hadoop-hdfs-project/hadoop-hdfs/src/main/java/org/apache/hadoop/hdfs/web/resources/TokenArgumentParam.java,20
hadoop,org.apache.hadoop.hdfs.web.resources,OwnerParam,3,2,2,2,24,2,0,2,1.0,1,0,/Users/eashraf/hadoop/hadoop-hdfs-project/hadoop-hdfs/src/main/java/org/apache/hadoop/hdfs/web/resources/OwnerParam.java,20
hadoop,org.apache.hadoop.hdfs.web.resources,NamenodeAddressParam,3,2,3,3,30,3,0,2,0.6666666666666666,3,1,/Users/eashraf/hadoop/hadoop-hdfs-project/hadoop-hdfs/src/main/java/org/apache/hadoop/hdfs/web/resources/NamenodeAddressParam.java,22
hadoop,org.apache.hadoop.hdfs.web.resources,StringParam,1,0,2,1,38,2,20,1,1.0,2,1,/Users/eashraf/hadoop/hadoop-hdfs-project/hadoop-hdfs/src/main/java/org/apache/hadoop/hdfs/web/resources/StringParam.java,22
hadoop,org.apache.hadoop.hdfs.web.resources,StringParam.Domain,1,0,0,0,24,0,0,1,-1.0,0,1,/Users/eashraf/hadoop/hadoop-hdfs-project/hadoop-hdfs/src/main/java/org/apache/hadoop/hdfs/web/resources/StringParam.java,34
hadoop,org.apache.hadoop.hdfs.web.resources,XAttrValueParam,3,2,3,3,21,3,0,2,1.0,1,1,/Users/eashraf/hadoop/hadoop-hdfs-project/hadoop-hdfs/src/main/java/org/apache/hadoop/hdfs/web/resources/XAttrValueParam.java,24
hadoop,org.apache.hadoop.hdfs.web.resources,EnumSetParam,1,0,5,2,64,7,2,1,1.0,0,1,/Users/eashraf/hadoop/hadoop-hdfs-project/hadoop-hdfs/src/main/java/org/apache/hadoop/hdfs/web/resources/EnumSetParam.java,25
hadoop,org.apache.hadoop.hdfs.web.resources,EnumSetParam.Domain,1,0,0,0,28,0,0,1,-1.0,0,1,/Users/eashraf/hadoop/hadoop-hdfs-project/hadoop-hdfs/src/main/java/org/apache/hadoop/hdfs/web/resources/EnumSetParam.java,63
hadoop,org.apache.hadoop.hdfs.web.resources,CreateParentParam,3,2,3,3,31,3,0,2,0.6666666666666666,0,0,/Users/eashraf/hadoop/hadoop-hdfs-project/hadoop-hdfs/src/main/java/org/apache/hadoop/hdfs/web/resources/CreateParentParam.java,20
hadoop,org.apache.hadoop.hdfs.web.resources,ConcatSourcesParam,3,2,5,4,41,7,0,2,0.8,1,1,/Users/eashraf/hadoop/hadoop-hdfs-project/hadoop-hdfs/src/main/java/org/apache/hadoop/hdfs/web/resources/ConcatSourcesParam.java,23
hadoop,org.apache.hadoop.hdfs.web.resources,Param,5,0,7,6,100,9,14,0,0.0,16,0,/Users/eashraf/hadoop/hadoop-hdfs-project/hadoop-hdfs/src/main/java/org/apache/hadoop/hdfs/web/resources/Param.java,26
hadoop,org.apache.hadoop.hdfs.web.resources,Param.Domain,1,0,0,0,38,0,0,0,-1.0,0,0,/Users/eashraf/hadoop/hadoop-hdfs-project/hadoop-hdfs/src/main/java/org/apache/hadoop/hdfs/web/resources/Param.java,89
hadoop,org.apache.hadoop.hdfs.web.resources,XAttrSetFlagParam,3,2,4,4,27,4,0,2,0.75,1,0,/Users/eashraf/hadoop/hadoop-hdfs-project/hadoop-hdfs/src/main/java/org/apache/hadoop/hdfs/web/resources/XAttrSetFlagParam.java,24
hadoop,org.apache.hadoop.hdfs.web.resources,ShortParam,1,0,4,2,62,7,2,1,0.75,0,1,/Users/eashraf/hadoop/hadoop-hdfs-project/hadoop-hdfs/src/main/java/org/apache/hadoop/hdfs/web/resources/ShortParam.java,20
hadoop,org.apache.hadoop.hdfs.web.resources,ShortParam.Domain,1,0,0,0,33,0,0,1,-1.0,0,1,/Users/eashraf/hadoop/hadoop-hdfs-project/hadoop-hdfs/src/main/java/org/apache/hadoop/hdfs/web/resources/ShortParam.java,53
hadoop,org.apache.hadoop.hdfs.web.resources,FsActionParam,4,2,3,3,32,3,0,2,0.6666666666666666,1,1,/Users/eashraf/hadoop/hadoop-hdfs-project/hadoop-hdfs/src/main/java/org/apache/hadoop/hdfs/web/resources/FsActionParam.java,24
hadoop,org.apache.hadoop.hdfs.web.resources,PutOpParam,4,0,2,2,49,2,0,3,1.0,6,1,/Users/eashraf/hadoop/hadoop-hdfs-project/hadoop-hdfs/src/main/java/org/apache/hadoop/hdfs/web/resources/PutOpParam.java,22
hadoop,org.apache.hadoop.hdfs.web.resources,PutOpParam.Op,3,0,0,0,33,0,0,3,-1.0,0,1,/Users/eashraf/hadoop/hadoop-hdfs-project/hadoop-hdfs/src/main/java/org/apache/hadoop/hdfs/web/resources/PutOpParam.java,24
hadoop,org.apache.hadoop.hdfs.web.resources,IntegerParam,1,0,4,2,62,7,1,1,0.75,0,1,/Users/eashraf/hadoop/hadoop-hdfs-project/hadoop-hdfs/src/main/java/org/apache/hadoop/hdfs/web/resources/IntegerParam.java,20
hadoop,org.apache.hadoop.hdfs.web.resources,IntegerParam.Domain,1,0,0,0,33,0,0,1,-1.0,0,1,/Users/eashraf/hadoop/hadoop-hdfs-project/hadoop-hdfs/src/main/java/org/apache/hadoop/hdfs/web/resources/IntegerParam.java,53
hadoop,org.apache.hadoop.hdfs.web.resources,XAttrEncodingParam,3,2,5,5,30,5,0,2,0.8,1,1,/Users/eashraf/hadoop/hadoop-hdfs-project/hadoop-hdfs/src/main/java/org/apache/hadoop/hdfs/web/resources/XAttrEncodingParam.java,22
hadoop,org.apache.hadoop.hdfs.web.resources,TokenServiceParam,3,2,2,2,21,2,0,2,1.0,0,1,/Users/eashraf/hadoop/hadoop-hdfs-project/hadoop-hdfs/src/main/java/org/apache/hadoop/hdfs/web/resources/TokenServiceParam.java,23
hadoop,org.apache.hadoop.hdfs.web.resources,OffsetParam,3,2,3,3,31,3,0,2,0.6666666666666666,1,0,/Users/eashraf/hadoop/hadoop-hdfs-project/hadoop-hdfs/src/main/java/org/apache/hadoop/hdfs/web/resources/OffsetParam.java,20
hadoop,org.apache.hadoop.hdfs.server.mover,TestMover,0,0,8,6,190,12,0,0,-1.0,0,15,/Users/eashraf/hadoop/hadoop-hdfs-project/hadoop-hdfs/src/test/java/org/apache/hadoop/hdfs/server/mover/TestMover.java,45
hadoop,org.apache.hadoop.hdfs.server.mover,TestStorageMover,32,0,11,6,547,23,0,0,0.0,0,21,/Users/eashraf/hadoop/hadoop-hdfs-project/hadoop-hdfs/src/test/java/org/apache/hadoop/hdfs/server/mover/TestStorageMover.java,70
hadoop,org.apache.hadoop.hdfs.server.mover,TestStorageMover.NamespaceScheme,5,0,0,0,41,0,0,0,-1.0,0,0,/Users/eashraf/hadoop/hadoop-hdfs-project/hadoop-hdfs/src/test/java/org/apache/hadoop/hdfs/server/mover/TestStorageMover.java,108
hadoop,org.apache.hadoop.hdfs.server.mover,TestStorageMover.ClusterScheme,5,0,0,0,22,0,0,0,-1.0,0,2,/Users/eashraf/hadoop/hadoop-hdfs-project/hadoop-hdfs/src/test/java/org/apache/hadoop/hdfs/server/mover/TestStorageMover.java,157
hadoop,org.apache.hadoop.hdfs.server.mover,TestStorageMover.MigrationTest,6,0,0,0,152,0,0,0,-1.0,0,8,/Users/eashraf/hadoop/hadoop-hdfs-project/hadoop-hdfs/src/test/java/org/apache/hadoop/hdfs/server/mover/TestStorageMover.java,186
hadoop,org.apache.hadoop.hdfs.server.mover,TestStorageMover.Replication,2,0,0,0,20,0,0,0,-1.0,0,0,/Users/eashraf/hadoop/hadoop-hdfs-project/hadoop-hdfs/src/test/java/org/apache/hadoop/hdfs/server/mover/TestStorageMover.java,373
hadoop,org.apache.hadoop.hdfs.server.mover,TestStorageMover.PathPolicyMap,5,0,0,0,37,0,0,0,-1.0,0,1,/Users/eashraf/hadoop/hadoop-hdfs-project/hadoop-hdfs/src/test/java/org/apache/hadoop/hdfs/server/mover/TestStorageMover.java,426
hadoop,org.apache.hadoop.hdfs.server.mover,Mover,17,0,9,1,532,25,0,0,0.2222222222222222,3,14,/Users/eashraf/hadoop/hadoop-hdfs-project/hadoop-hdfs/src/main/java/org/apache/hadoop/hdfs/server/mover/Mover.java,63
hadoop,org.apache.hadoop.hdfs.server.mover,Mover.StorageMap,3,0,0,0,29,0,0,0,-1.0,0,0,/Users/eashraf/hadoop/hadoop-hdfs-project/hadoop-hdfs/src/main/java/org/apache/hadoop/hdfs/server/mover/Mover.java,69
hadoop,org.apache.hadoop.hdfs.server.mover,Mover.Processor,2,0,0,0,204,0,0,0,-1.0,0,4,/Users/eashraf/hadoop/hadoop-hdfs-project/hadoop-hdfs/src/main/java/org/apache/hadoop/hdfs/server/mover/Mover.java,212
hadoop,org.apache.hadoop.hdfs.server.mover,Mover.MLocation,3,0,0,0,20,0,0,0,-1.0,0,1,/Users/eashraf/hadoop/hadoop-hdfs-project/hadoop-hdfs/src/main/java/org/apache/hadoop/hdfs/server/mover/Mover.java,454
hadoop,org.apache.hadoop.hdfs.server.mover,Mover.StorageTypeDiff,2,0,0,0,37,0,0,0,-1.0,0,0,/Users/eashraf/hadoop/hadoop-hdfs-project/hadoop-hdfs/src/main/java/org/apache/hadoop/hdfs/server/mover/Mover.java,477
hadoop,org.apache.hadoop.hdfs.server.mover,Mover.Cli,1,0,0,0,105,0,0,0,-1.0,0,1,/Users/eashraf/hadoop/hadoop-hdfs-project/hadoop-hdfs/src/main/java/org/apache/hadoop/hdfs/server/mover/Mover.java,566
hadoop,org.apache.hadoop.hdfs.server.datanode,TestIncrementalBlockReports,13,1,8,4,109,8,0,0,0.0,0,9,/Users/eashraf/hadoop/hadoop-hdfs-project/hadoop-hdfs/src/test/java/org/apache/hadoop/hdfs/server/datanode/TestIncrementalBlockReports.java,44
hadoop,org.apache.hadoop.hdfs.server.datanode,TestBlockRecovery,16,0,21,17,396,36,0,0,0.09523809523809523,0,28,/Users/eashraf/hadoop/hadoop-hdfs-project/hadoop-hdfs/src/test/java/org/apache/hadoop/hdfs/server/datanode/TestBlockRecovery.java,93
hadoop,org.apache.hadoop.hdfs.server.datanode,TestDataNodeHotSwapVolumes,3,0,27,12,420,51,0,0,0.07407407407407407,0,21,/Users/eashraf/hadoop/hadoop-hdfs-project/hadoop-hdfs/src/test/java/org/apache/hadoop/hdfs/server/datanode/TestDataNodeHotSwapVolumes.java,78
hadoop,org.apache.hadoop.hdfs.server.datanode,DataNodeTestUtils,0,0,14,14,90,22,0,0,-1.0,47,11,/Users/eashraf/hadoop/hadoop-hdfs-project/hadoop-hdfs/src/test/java/org/apache/hadoop/hdfs/server/datanode/DataNodeTestUtils.java,39
hadoop,org.apache.hadoop.hdfs.server.datanode,TestDataNodeVolumeFailureToleration,6,0,9,6,152,12,0,0,0.0,0,10,/Users/eashraf/hadoop/hadoop-hdfs-project/hadoop-hdfs/src/test/java/org/apache/hadoop/hdfs/server/datanode/TestDataNodeVolumeFailureToleration.java,41
hadoop,org.apache.hadoop.hdfs.server.datanode,TestTransferRbw,3,0,3,1,78,6,0,0,0.0,0,14,/Users/eashraf/hadoop/hadoop-hdfs-project/hadoop-hdfs/src/test/java/org/apache/hadoop/hdfs/server/datanode/TestTransferRbw.java,45
hadoop,org.apache.hadoop.hdfs.server.datanode,BlockReportTestBase,17,1,25,11,516,68,2,0,0.08,0,26,/Users/eashraf/hadoop/hadoop-hdfs-project/hadoop-hdfs/src/test/java/org/apache/hadoop/hdfs/server/datanode/BlockReportTestBase.java,70
hadoop,org.apache.hadoop.hdfs.server.datanode,BlockReportTestBase.MyFileFilter,2,0,0,0,13,0,0,0,-1.0,0,0,/Users/eashraf/hadoop/hadoop-hdfs-project/hadoop-hdfs/src/test/java/org/apache/hadoop/hdfs/server/datanode/BlockReportTestBase.java,790
hadoop,org.apache.hadoop.hdfs.server.datanode,BlockReportTestBase.BlockChecker,1,0,0,0,15,0,0,0,-1.0,0,1,/Users/eashraf/hadoop/hadoop-hdfs-project/hadoop-hdfs/src/test/java/org/apache/hadoop/hdfs/server/datanode/BlockReportTestBase.java,831
hadoop,org.apache.hadoop.hdfs.server.datanode,TestStartSecureDataNode,1,0,2,2,46,3,0,0,1.0,0,4,/Users/eashraf/hadoop/hadoop-hdfs-project/hadoop-hdfs/src/test/java/org/apache/hadoop/hdfs/server/datanode/TestStartSecureDataNode.java,33
hadoop,org.apache.hadoop.hdfs.server.datanode,SimulatedFSDataset,27,4,83,78,874,126,1,0,0.46987951807228917,20,21,/Users/eashraf/hadoop/hadoop-hdfs-project/hadoop-hdfs/src/test/java/org/apache/hadoop/hdfs/server/datanode/SimulatedFSDataset.java,67
hadoop,org.apache.hadoop.hdfs.server.datanode,SimulatedFSDataset.Factory,0,0,0,0,8,0,0,0,-1.0,0,0,/Users/eashraf/hadoop/hadoop-hdfs-project/hadoop-hdfs/src/test/java/org/apache/hadoop/hdfs/server/datanode/SimulatedFSDataset.java,83
hadoop,org.apache.hadoop.hdfs.server.datanode,SimulatedFSDataset.BInfo,6,0,0,0,148,0,0,2,-1.0,0,2,/Users/eashraf/hadoop/hadoop-hdfs-project/hadoop-hdfs/src/test/java/org/apache/hadoop/hdfs/server/datanode/SimulatedFSDataset.java,126
hadoop,org.apache.hadoop.hdfs.server.datanode,SimulatedFSDataset.SimulatedBPStorage,1,0,0,0,18,0,0,0,-1.0,0,0,/Users/eashraf/hadoop/hadoop-hdfs-project/hadoop-hdfs/src/test/java/org/apache/hadoop/hdfs/server/datanode/SimulatedFSDataset.java,317
hadoop,org.apache.hadoop.hdfs.server.datanode,SimulatedFSDataset.SimulatedStorage,3,0,0,0,67,0,0,0,-1.0,0,2,/Users/eashraf/hadoop/hadoop-hdfs-project/hadoop-hdfs/src/test/java/org/apache/hadoop/hdfs/server/datanode/SimulatedFSDataset.java,341
hadoop,org.apache.hadoop.hdfs.server.datanode,SimulatedFSDataset.SimulatedVolume,1,0,0,0,46,0,0,0,-1.0,0,0,/Users/eashraf/hadoop/hadoop-hdfs-project/hadoop-hdfs/src/test/java/org/apache/hadoop/hdfs/server/datanode/SimulatedFSDataset.java,430
hadoop,org.apache.hadoop.hdfs.server.datanode,SimulatedFSDataset.SimulatedInputStream,4,0,0,0,64,0,0,0,-1.0,0,0,/Users/eashraf/hadoop/hadoop-hdfs-project/hadoop-hdfs/src/test/java/org/apache/hadoop/hdfs/server/datanode/SimulatedFSDataset.java,973
hadoop,org.apache.hadoop.hdfs.server.datanode,SimulatedFSDataset.SimulatedOutputStream,1,0,0,0,31,0,0,0,-1.0,0,0,/Users/eashraf/hadoop/hadoop-hdfs-project/hadoop-hdfs/src/test/java/org/apache/hadoop/hdfs/server/datanode/SimulatedFSDataset.java,1048
hadoop,org.apache.hadoop.hdfs.server.datanode,TestDataNodeRollingUpgrade,11,0,17,5,290,22,0,0,0.0,0,17,/Users/eashraf/hadoop/hadoop-hdfs-project/hadoop-hdfs/src/test/java/org/apache/hadoop/hdfs/server/datanode/TestDataNodeRollingUpgrade.java,56
hadoop,org.apache.hadoop.hdfs.server.datanode,TestFsDatasetCacheRevocation,4,0,5,4,86,5,0,0,0.0,0,15,/Users/eashraf/hadoop/hadoop-hdfs-project/hadoop-hdfs/src/test/java/org/apache/hadoop/hdfs/server/datanode/TestFsDatasetCacheRevocation.java,53
hadoop,org.apache.hadoop.hdfs.server.datanode,TestBlockScanner,16,1,25,22,611,61,0,0,0.12,0,13,/Users/eashraf/hadoop/hadoop-hdfs-project/hadoop-hdfs/src/test/java/org/apache/hadoop/hdfs/server/datanode/TestBlockScanner.java,61
hadoop,org.apache.hadoop.hdfs.server.datanode,TestBlockScanner.TestContext,8,0,0,0,53,0,0,0,-1.0,0,5,/Users/eashraf/hadoop/hadoop-hdfs-project/hadoop-hdfs/src/test/java/org/apache/hadoop/hdfs/server/datanode/TestBlockScanner.java,77
hadoop,org.apache.hadoop.hdfs.server.datanode,TestBlockScanner.TestScanResultHandler,7,0,0,0,70,0,0,0,-1.0,0,1,/Users/eashraf/hadoop/hadoop-hdfs-project/hadoop-hdfs/src/test/java/org/apache/hadoop/hdfs/server/datanode/TestBlockScanner.java,264
hadoop,org.apache.hadoop.hdfs.server.datanode,TestBlockScanner.Info,5,0,0,0,18,0,0,0,-1.0,0,0,/Users/eashraf/hadoop/hadoop-hdfs-project/hadoop-hdfs/src/test/java/org/apache/hadoop/hdfs/server/datanode/TestBlockScanner.java,265
hadoop,org.apache.hadoop.hdfs.server.datanode,TestBPOfferService,15,0,26,16,372,36,0,0,0.15384615384615385,0,16,/Users/eashraf/hadoop/hadoop-hdfs-project/hadoop-hdfs/src/test/java/org/apache/hadoop/hdfs/server/datanode/TestBPOfferService.java,72
hadoop,org.apache.hadoop.hdfs.server.datanode,TestBPOfferService.HeartbeatAnswer,1,0,0,0,13,0,0,0,-1.0,0,0,/Users/eashraf/hadoop/hadoop-hdfs-project/hadoop-hdfs/src/test/java/org/apache/hadoop/hdfs/server/datanode/TestBPOfferService.java,147
hadoop,org.apache.hadoop.hdfs.server.datanode,TestBPOfferService.BPOfferServiceSynchronousCallAnswer,1,0,0,0,15,0,0,0,-1.0,0,0,/Users/eashraf/hadoop/hadoop-hdfs-project/hadoop-hdfs/src/test/java/org/apache/hadoop/hdfs/server/datanode/TestBPOfferService.java,476
hadoop,org.apache.hadoop.hdfs.server.datanode,TestDataNodeVolumeFailure,13,2,11,5,253,32,0,0,0.0,0,30,/Users/eashraf/hadoop/hadoop-hdfs-project/hadoop-hdfs/src/test/java/org/apache/hadoop/hdfs/server/datanode/TestDataNodeVolumeFailure.java,72
hadoop,org.apache.hadoop.hdfs.server.datanode,TestDataNodeVolumeFailure.BlockLocs,2,2,0,0,4,0,0,0,-1.0,0,0,/Users/eashraf/hadoop/hadoop-hdfs-project/hadoop-hdfs/src/test/java/org/apache/hadoop/hdfs/server/datanode/TestDataNodeVolumeFailure.java,88
hadoop,org.apache.hadoop.hdfs.server.datanode,TestDatanodeRegister,5,1,3,3,49,3,0,0,0.0,0,9,/Users/eashraf/hadoop/hadoop-hdfs-project/hadoop-hdfs/src/test/java/org/apache/hadoop/hdfs/server/datanode/TestDatanodeRegister.java,41
hadoop,org.apache.hadoop.hdfs.server.datanode,TestNNHandlesCombinedBlockReport,0,0,1,0,9,1,0,1,-1.0,0,2,/Users/eashraf/hadoop/hadoop-hdfs-project/hadoop-hdfs/src/test/java/org/apache/hadoop/hdfs/server/datanode/TestNNHandlesCombinedBlockReport.java,26
hadoop,org.apache.hadoop.hdfs.server.datanode,TestDataNodeMXBean,0,0,2,1,38,3,0,0,-1.0,0,3,/Users/eashraf/hadoop/hadoop-hdfs-project/hadoop-hdfs/src/test/java/org/apache/hadoop/hdfs/server/datanode/TestDataNodeMXBean.java,31
hadoop,org.apache.hadoop.hdfs.server.datanode,TestSimulatedFSDataset,4,0,16,11,225,26,0,0,0.125,0,12,/Users/eashraf/hadoop/hadoop-hdfs-project/hadoop-hdfs/src/test/java/org/apache/hadoop/hdfs/server/datanode/TestSimulatedFSDataset.java,43
hadoop,org.apache.hadoop.hdfs.server.datanode,TestHdfsServerConstants,0,0,3,2,51,4,0,0,-1.0,0,0,/Users/eashraf/hadoop/hadoop-hdfs-project/hadoop-hdfs/src/test/java/org/apache/hadoop/hdfs/server/datanode/TestHdfsServerConstants.java,28
hadoop,org.apache.hadoop.hdfs.server.datanode,TestDataNodeInitStorage,1,1,1,1,32,1,0,0,0.0,0,3,/Users/eashraf/hadoop/hadoop-hdfs-project/hadoop-hdfs/src/test/java/org/apache/hadoop/hdfs/server/datanode/TestDataNodeInitStorage.java,36
hadoop,org.apache.hadoop.hdfs.server.datanode,TestDataNodeInitStorage.SimulatedFsDatasetVerifier,0,0,0,0,19,0,0,1,-1.0,0,1,/Users/eashraf/hadoop/hadoop-hdfs-project/hadoop-hdfs/src/test/java/org/apache/hadoop/hdfs/server/datanode/TestDataNodeInitStorage.java,43
hadoop,org.apache.hadoop.hdfs.server.datanode,TestDataNodeInitStorage.Factory,0,0,0,0,8,0,0,0,-1.0,0,0,/Users/eashraf/hadoop/hadoop-hdfs-project/hadoop-hdfs/src/test/java/org/apache/hadoop/hdfs/server/datanode/TestDataNodeInitStorage.java,44
hadoop,org.apache.hadoop.hdfs.server.datanode,TestTriggerBlockReport,0,0,3,2,40,5,0,0,-1.0,0,11,/Users/eashraf/hadoop/hadoop-hdfs-project/hadoop-hdfs/src/test/java/org/apache/hadoop/hdfs/server/datanode/TestTriggerBlockReport.java,43
hadoop,org.apache.hadoop.hdfs.server.datanode,TestDatanodeStartupOptions,1,0,4,3,48,6,0,0,0.0,0,2,/Users/eashraf/hadoop/hadoop-hdfs-project/hadoop-hdfs/src/test/java/org/apache/hadoop/hdfs/server/datanode/TestDatanodeStartupOptions.java,30
hadoop,org.apache.hadoop.hdfs.server.datanode,TestDataNodeMultipleRegistrations,2,0,8,7,222,14,0,0,0.25,0,10,/Users/eashraf/hadoop/hadoop-hdfs-project/hadoop-hdfs/src/test/java/org/apache/hadoop/hdfs/server/datanode/TestDataNodeMultipleRegistrations.java,49
hadoop,org.apache.hadoop.hdfs.server.datanode,TestDirectoryScanner,14,0,24,5,458,53,0,0,0.08333333333333333,0,18,/Users/eashraf/hadoop/hadoop-hdfs-project/hadoop-hdfs/src/test/java/org/apache/hadoop/hdfs/server/datanode/TestDirectoryScanner.java,60
hadoop,org.apache.hadoop.hdfs.server.datanode,TestDirectoryScanner.TestFsVolumeSpi,0,0,0,0,42,0,0,0,-1.0,0,1,/Users/eashraf/hadoop/hadoop-hdfs-project/hadoop-hdfs/src/test/java/org/apache/hadoop/hdfs/server/datanode/TestDirectoryScanner.java,547
hadoop,org.apache.hadoop.hdfs.server.datanode,TestFsDatasetCache,15,0,26,18,343,45,0,0,0.07692307692307693,1,30,/Users/eashraf/hadoop/hadoop-hdfs-project/hadoop-hdfs/src/test/java/org/apache/hadoop/hdfs/server/datanode/TestFsDatasetCache.java,89
hadoop,org.apache.hadoop.hdfs.server.datanode,TestDataStorage,10,0,10,5,129,15,0,0,0.0,0,7,/Users/eashraf/hadoop/hadoop-hdfs-project/hadoop-hdfs/src/test/java/org/apache/hadoop/hdfs/server/datanode/TestDataStorage.java,41
hadoop,org.apache.hadoop.hdfs.server.datanode,TestBlockPoolSliceStorage,3,1,7,3,65,9,0,0,0.0,0,2,/Users/eashraf/hadoop/hadoop-hdfs-project/hadoop-hdfs/src/test/java/org/apache/hadoop/hdfs/server/datanode/TestBlockPoolSliceStorage.java,32
hadoop,org.apache.hadoop.hdfs.server.datanode,TestBlockPoolSliceStorage.StubBlockPoolSliceStorage,0,0,0,0,10,0,0,1,-1.0,0,0,/Users/eashraf/hadoop/hadoop-hdfs-project/hadoop-hdfs/src/test/java/org/apache/hadoop/hdfs/server/datanode/TestBlockPoolSliceStorage.java,42
hadoop,org.apache.hadoop.hdfs.server.datanode,TestBlockReplacement,2,0,7,4,198,22,0,0,0.2857142857142857,0,18,/Users/eashraf/hadoop/hadoop-hdfs-project/hadoop-hdfs/src/test/java/org/apache/hadoop/hdfs/server/datanode/TestBlockReplacement.java,61
hadoop,org.apache.hadoop.hdfs.server.datanode,TestCachingStrategy,7,0,8,6,279,20,0,0,0.0,0,13,/Users/eashraf/hadoop/hadoop-hdfs-project/hadoop-hdfs/src/test/java/org/apache/hadoop/hdfs/server/datanode/TestCachingStrategy.java,46
hadoop,org.apache.hadoop.hdfs.server.datanode,TestCachingStrategy.Stats,2,0,0,0,32,0,0,0,-1.0,0,1,/Users/eashraf/hadoop/hadoop-hdfs-project/hadoop-hdfs/src/test/java/org/apache/hadoop/hdfs/server/datanode/TestCachingStrategy.java,70
hadoop,org.apache.hadoop.hdfs.server.datanode,TestCachingStrategy.TestRecordingCacheTracker,1,0,0,0,36,0,0,0,-1.0,0,0,/Users/eashraf/hadoop/hadoop-hdfs-project/hadoop-hdfs/src/test/java/org/apache/hadoop/hdfs/server/datanode/TestCachingStrategy.java,111
hadoop,org.apache.hadoop.hdfs.server.datanode,TestDatanodeProtocolRetryPolicy,12,0,8,6,121,14,0,0,0.0,0,13,/Users/eashraf/hadoop/hadoop-hdfs-project/hadoop-hdfs/src/test/java/org/apache/hadoop/hdfs/server/datanode/TestDatanodeProtocolRetryPolicy.java,64
hadoop,org.apache.hadoop.hdfs.server.datanode,TestDataDirs,0,0,2,2,55,2,0,0,-1.0,0,6,/Users/eashraf/hadoop/hadoop-hdfs-project/hadoop-hdfs/src/test/java/org/apache/hadoop/hdfs/server/datanode/TestDataDirs.java,37
hadoop,org.apache.hadoop.hdfs.server.datanode,TestRefreshNamenodes,4,0,1,1,40,5,0,0,0.0,0,4,/Users/eashraf/hadoop/hadoop-hdfs-project/hadoop-hdfs/src/test/java/org/apache/hadoop/hdfs/server/datanode/TestRefreshNamenodes.java,38
hadoop,org.apache.hadoop.hdfs.server.datanode,TestHSync,0,0,6,4,121,6,0,0,-1.0,0,11,/Users/eashraf/hadoop/hadoop-hdfs-project/hadoop-hdfs/src/test/java/org/apache/hadoop/hdfs/server/datanode/TestHSync.java,42
hadoop,org.apache.hadoop.hdfs.server.datanode,TestStorageReport,7,1,3,3,39,5,0,0,0.0,0,12,/Users/eashraf/hadoop/hadoop-hdfs-project/hadoop-hdfs/src/test/java/org/apache/hadoop/hdfs/server/datanode/TestStorageReport.java,49
hadoop,org.apache.hadoop.hdfs.server.datanode,TestNNHandlesBlockReportPerStorage,0,0,1,0,12,2,0,1,-1.0,0,2,/Users/eashraf/hadoop/hadoop-hdfs-project/hadoop-hdfs/src/test/java/org/apache/hadoop/hdfs/server/datanode/TestNNHandlesBlockReportPerStorage.java,27
hadoop,org.apache.hadoop.hdfs.server.datanode,TestDataNodeExit,3,0,5,4,57,9,0,0,0.0,0,7,/Users/eashraf/hadoop/hadoop-hdfs-project/hadoop-hdfs/src/test/java/org/apache/hadoop/hdfs/server/datanode/TestDataNodeExit.java,38
hadoop,org.apache.hadoop.hdfs.server.datanode,TestIncrementalBrVariations,13,1,10,7,126,16,0,0,0.0,0,13,/Users/eashraf/hadoop/hadoop-hdfs-project/hadoop-hdfs/src/test/java/org/apache/hadoop/hdfs/server/datanode/TestIncrementalBrVariations.java,53
hadoop,org.apache.hadoop.hdfs.server.datanode,TestBlockHasMultipleReplicasOnSameDN,10,1,4,3,61,8,0,0,0.0,0,12,/Users/eashraf/hadoop/hadoop-hdfs-project/hadoop-hdfs/src/test/java/org/apache/hadoop/hdfs/server/datanode/TestBlockHasMultipleReplicasOnSameDN.java,43
hadoop,org.apache.hadoop.hdfs.server.datanode,TestDataNodeMetrics,1,0,6,6,190,17,0,0,1.0,0,16,/Users/eashraf/hadoop/hadoop-hdfs-project/hadoop-hdfs/src/test/java/org/apache/hadoop/hdfs/server/datanode/TestDataNodeMetrics.java,57
hadoop,org.apache.hadoop.hdfs.server.datanode,TestDnRespectsBlockReportSplitThreshold,9,1,7,5,86,10,0,0,0.0,0,9,/Users/eashraf/hadoop/hadoop-hdfs-project/hadoop-hdfs/src/test/java/org/apache/hadoop/hdfs/server/datanode/TestDnRespectsBlockReportSplitThreshold.java,47
hadoop,org.apache.hadoop.hdfs.server.datanode,TestReadOnlySharedStorage,17,1,9,5,134,16,0,0,0.0,0,19,/Users/eashraf/hadoop/hadoop-hdfs-project/hadoop-hdfs/src/test/java/org/apache/hadoop/hdfs/server/datanode/TestReadOnlySharedStorage.java,55
hadoop,org.apache.hadoop.hdfs.server.datanode,TestDeleteBlockPool,0,0,3,2,140,7,0,0,-1.0,0,11,/Users/eashraf/hadoop/hadoop-hdfs-project/hadoop-hdfs/src/test/java/org/apache/hadoop/hdfs/server/datanode/TestDeleteBlockPool.java,39
hadoop,org.apache.hadoop.hdfs.server.datanode,TestBlockPoolManager,5,0,9,6,86,9,0,0,0.0,0,6,/Users/eashraf/hadoop/hadoop-hdfs-project/hadoop-hdfs/src/test/java/org/apache/hadoop/hdfs/server/datanode/TestBlockPoolManager.java,42
hadoop,org.apache.hadoop.hdfs.server.datanode,TestDataNodeVolumeFailureReporting,8,0,12,6,331,18,0,0,0.0,0,15,/Users/eashraf/hadoop/hadoop-hdfs-project/hadoop-hdfs/src/test/java/org/apache/hadoop/hdfs/server/datanode/TestDataNodeVolumeFailureReporting.java,54
hadoop,org.apache.hadoop.hdfs.server.datanode,TestDiskError,3,0,6,6,116,12,0,0,0.0,0,18,/Users/eashraf/hadoop/hadoop-hdfs-project/hadoop-hdfs/src/test/java/org/apache/hadoop/hdfs/server/datanode/TestDiskError.java,53
hadoop,org.apache.hadoop.hdfs.server.datanode,TestFiDataTransferProtocol2,9,0,16,10,177,18,0,0,0.0,0,12,/Users/eashraf/hadoop/hadoop-hdfs-project/hadoop-hdfs/src/test/aop/org/apache/hadoop/hdfs/server/datanode/TestFiDataTransferProtocol2.java,46
hadoop,org.apache.hadoop.hdfs.server.datanode,TestFiPipelineClose,0,0,23,16,139,23,0,0,-1.0,0,3,/Users/eashraf/hadoop/hadoop-hdfs-project/hadoop-hdfs/src/test/aop/org/apache/hadoop/hdfs/server/datanode/TestFiPipelineClose.java,36
hadoop,org.apache.hadoop.hdfs.server.datanode,TestFiDataTransferProtocol,3,0,22,16,184,22,0,0,0.0,1,11,/Users/eashraf/hadoop/hadoop-hdfs-project/hadoop-hdfs/src/test/aop/org/apache/hadoop/hdfs/server/datanode/TestFiDataTransferProtocol.java,46
hadoop,org.apache.hadoop.hdfs.server.datanode,DataXceiver,15,1,26,12,814,98,0,0,0.0,1,32,/Users/eashraf/hadoop/hadoop-hdfs-project/hadoop-hdfs/src/main/java/org/apache/hadoop/hdfs/server/datanode/DataXceiver.java,92
hadoop,org.apache.hadoop.hdfs.server.datanode,DirectoryScanner,27,0,14,1,467,42,0,0,0.0,3,10,/Users/eashraf/hadoop/hadoop-hdfs-project/hadoop-hdfs/src/main/java/org/apache/hadoop/hdfs/server/datanode/DirectoryScanner.java,52
hadoop,org.apache.hadoop.hdfs.server.datanode,DirectoryScanner.Stats,7,0,0,0,18,0,0,0,-1.0,0,0,/Users/eashraf/hadoop/hadoop-hdfs-project/hadoop-hdfs/src/main/java/org/apache/hadoop/hdfs/server/datanode/DirectoryScanner.java,79
hadoop,org.apache.hadoop.hdfs.server.datanode,DirectoryScanner.ScanInfoPerBlockPool,1,0,0,0,40,0,0,0,-1.0,0,0,/Users/eashraf/hadoop/hadoop-hdfs-project/hadoop-hdfs/src/main/java/org/apache/hadoop/hdfs/server/datanode/DirectoryScanner.java,103
hadoop,org.apache.hadoop.hdfs.server.datanode,DirectoryScanner.ScanInfo,7,0,0,0,105,0,0,0,-1.0,0,2,/Users/eashraf/hadoop/hadoop-hdfs-project/hadoop-hdfs/src/main/java/org/apache/hadoop/hdfs/server/datanode/DirectoryScanner.java,155
hadoop,org.apache.hadoop.hdfs.server.datanode,DirectoryScanner.ReportCompiler,2,0,0,0,69,0,0,0,-1.0,0,2,/Users/eashraf/hadoop/hadoop-hdfs-project/hadoop-hdfs/src/main/java/org/apache/hadoop/hdfs/server/datanode/DirectoryScanner.java,587
hadoop,org.apache.hadoop.hdfs.server.datanode,UnexpectedReplicaStateException,1,0,3,3,15,3,0,0,1.0,1,1,/Users/eashraf/hadoop/hadoop-hdfs-project/hadoop-hdfs/src/main/java/org/apache/hadoop/hdfs/server/datanode/UnexpectedReplicaStateException.java,27
hadoop,org.apache.hadoop.hdfs.server.datanode,ErrorReportAction,2,0,4,4,47,10,0,1,0.0,1,3,/Users/eashraf/hadoop/hadoop-hdfs-project/hadoop-hdfs/src/main/java/org/apache/hadoop/hdfs/server/datanode/ErrorReportAction.java,27
hadoop,org.apache.hadoop.hdfs.server.datanode,ReplicaWaitingToBeRecovered,1,0,11,11,58,11,0,2,0.7272727272727273,0,2,/Users/eashraf/hadoop/hadoop-hdfs-project/hadoop-hdfs/src/main/java/org/apache/hadoop/hdfs/server/datanode/ReplicaWaitingToBeRecovered.java,26
hadoop,org.apache.hadoop.hdfs.server.datanode,ReplicaInPipeline,5,0,18,16,180,26,1,2,0.3333333333333333,2,8,/Users/eashraf/hadoop/hadoop-hdfs-project/hadoop-hdfs/src/main/java/org/apache/hadoop/hdfs/server/datanode/ReplicaInPipeline.java,33
hadoop,org.apache.hadoop.hdfs.server.datanode,DataNodeFaultInjector,1,1,3,3,13,3,0,0,1.0,4,0,/Users/eashraf/hadoop/hadoop-hdfs-project/hadoop-hdfs/src/main/java/org/apache/hadoop/hdfs/server/datanode/DataNodeFaultInjector.java,26
hadoop,org.apache.hadoop.hdfs.server.datanode,ShortCircuitRegistry,11,3,10,10,247,41,0,0,0.0,2,6,/Users/eashraf/hadoop/hadoop-hdfs-project/hadoop-hdfs/src/main/java/org/apache/hadoop/hdfs/server/datanode/ShortCircuitRegistry.java,51
hadoop,org.apache.hadoop.hdfs.server.datanode,ShortCircuitRegistry.RegisteredShm,2,0,0,0,20,0,0,0,-1.0,0,1,/Users/eashraf/hadoop/hadoop-hdfs-project/hadoop-hdfs/src/main/java/org/apache/hadoop/hdfs/server/datanode/ShortCircuitRegistry.java,86
hadoop,org.apache.hadoop.hdfs.server.datanode,ShortCircuitRegistry.NewShmInfo,2,2,0,0,11,0,0,0,-1.0,0,0,/Users/eashraf/hadoop/hadoop-hdfs-project/hadoop-hdfs/src/main/java/org/apache/hadoop/hdfs/server/datanode/ShortCircuitRegistry.java,264
hadoop,org.apache.hadoop.hdfs.server.datanode,BPServiceActorAction,0,0,1,1,6,1,2,0,-1.0,1,3,/Users/eashraf/hadoop/hadoop-hdfs-project/hadoop-hdfs/src/main/java/org/apache/hadoop/hdfs/server/datanode/BPServiceActorAction.java,24
hadoop,org.apache.hadoop.hdfs.server.datanode,FinalizedReplica,1,0,11,11,58,11,0,2,0.7272727272727273,2,2,/Users/eashraf/hadoop/hadoop-hdfs-project/hadoop-hdfs/src/main/java/org/apache/hadoop/hdfs/server/datanode/FinalizedReplica.java,26
hadoop,org.apache.hadoop.hdfs.server.datanode,ChunkChecksum,2,0,3,3,17,3,0,0,0.0,3,0,/Users/eashraf/hadoop/hadoop-hdfs-project/hadoop-hdfs/src/main/java/org/apache/hadoop/hdfs/server/datanode/ChunkChecksum.java,21
hadoop,org.apache.hadoop.hdfs.server.datanode,BlockSender,33,0,17,2,572,74,0,0,0.0,3,18,/Users/eashraf/hadoop/hadoop-hdfs-project/hadoop-hdfs/src/main/java/org/apache/hadoop/hdfs/server/datanode/BlockSender.java,56
hadoop,org.apache.hadoop.hdfs.server.datanode,ReportBadBlockAction,3,0,4,4,65,14,0,1,0.0,1,7,/Users/eashraf/hadoop/hadoop-hdfs-project/hadoop-hdfs/src/main/java/org/apache/hadoop/hdfs/server/datanode/ReportBadBlockAction.java,30
hadoop,org.apache.hadoop.hdfs.server.datanode,BlockPoolSliceStorage,9,0,34,13,489,78,1,0,0.14705882352941177,7,9,/Users/eashraf/hadoop/hadoop-hdfs-project/hadoop-hdfs/src/main/java/org/apache/hadoop/hdfs/server/datanode/BlockPoolSliceStorage.java,49
hadoop,org.apache.hadoop.hdfs.server.datanode,CachingStrategy,4,0,6,6,45,6,0,0,0.5,21,0,/Users/eashraf/hadoop/hadoop-hdfs-project/hadoop-hdfs/src/main/java/org/apache/hadoop/hdfs/server/datanode/CachingStrategy.java,20
hadoop,org.apache.hadoop.hdfs.server.datanode,CachingStrategy.Builder,2,0,0,0,19,0,0,0,-1.0,0,0,/Users/eashraf/hadoop/hadoop-hdfs-project/hadoop-hdfs/src/main/java/org/apache/hadoop/hdfs/server/datanode/CachingStrategy.java,35
hadoop,org.apache.hadoop.hdfs.server.datanode,BlockPoolManager,6,0,12,1,139,31,0,0,0.16666666666666666,2,6,/Users/eashraf/hadoop/hadoop-hdfs-project/hadoop-hdfs/src/main/java/org/apache/hadoop/hdfs/server/datanode/BlockPoolManager.java,42
hadoop,org.apache.hadoop.hdfs.server.datanode,ReplicaAlreadyExistsException,1,0,2,2,12,2,0,0,1.0,0,0,/Users/eashraf/hadoop/hadoop-hdfs-project/hadoop-hdfs/src/main/java/org/apache/hadoop/hdfs/server/datanode/ReplicaAlreadyExistsException.java,24
hadoop,org.apache.hadoop.hdfs.server.datanode,DataNode,78,4,145,79,2023,334,0,1,0.05517241379310345,117,84,/Users/eashraf/hadoop/hadoop-hdfs-project/hadoop-hdfs/src/main/java/org/apache/hadoop/hdfs/server/datanode/DataNode.java,211
hadoop,org.apache.hadoop.hdfs.server.datanode,DataNode.ChangedVolumes,3,0,0,0,17,0,0,0,-1.0,0,0,/Users/eashraf/hadoop/hadoop-hdfs-project/hadoop-hdfs/src/main/java/org/apache/hadoop/hdfs/server/datanode/DataNode.java,490
hadoop,org.apache.hadoop.hdfs.server.datanode,DataNode.ShortCircuitFdsUnsupportedException,1,0,0,0,6,0,0,0,-1.0,0,0,/Users/eashraf/hadoop/hadoop-hdfs-project/hadoop-hdfs/src/main/java/org/apache/hadoop/hdfs/server/datanode/DataNode.java,1482
hadoop,org.apache.hadoop.hdfs.server.datanode,DataNode.ShortCircuitFdsVersionException,1,0,0,0,6,0,0,0,-1.0,0,0,/Users/eashraf/hadoop/hadoop-hdfs-project/hadoop-hdfs/src/main/java/org/apache/hadoop/hdfs/server/datanode/DataNode.java,1490
hadoop,org.apache.hadoop.hdfs.server.datanode,DataNode.DataTransfer,7,0,0,0,92,0,0,0,-1.0,0,10,/Users/eashraf/hadoop/hadoop-hdfs-project/hadoop-hdfs/src/main/java/org/apache/hadoop/hdfs/server/datanode/DataNode.java,1979
hadoop,org.apache.hadoop.hdfs.server.datanode,DataNode.DataNodeDiskChecker,1,0,0,0,9,0,0,0,-1.0,0,1,/Users/eashraf/hadoop/hadoop-hdfs-project/hadoop-hdfs/src/main/java/org/apache/hadoop/hdfs/server/datanode/DataNode.java,2283
hadoop,org.apache.hadoop.hdfs.server.datanode,DataNode.BlockRecord,4,0,0,0,21,0,0,0,-1.0,0,3,/Users/eashraf/hadoop/hadoop-hdfs-project/hadoop-hdfs/src/main/java/org/apache/hadoop/hdfs/server/datanode/DataNode.java,2522
hadoop,org.apache.hadoop.hdfs.server.datanode,ReplicaUnderRecovery,2,0,19,18,97,21,0,2,0.21052631578947367,2,2,/Users/eashraf/hadoop/hadoop-hdfs-project/hadoop-hdfs/src/main/java/org/apache/hadoop/hdfs/server/datanode/ReplicaUnderRecovery.java,26
hadoop,org.apache.hadoop.hdfs.server.datanode,DataNodeLayoutVersion,3,2,2,2,44,2,0,0,0.0,9,1,/Users/eashraf/hadoop/hadoop-hdfs-project/hadoop-hdfs/src/main/java/org/apache/hadoop/hdfs/server/datanode/DataNodeLayoutVersion.java,29
hadoop,org.apache.hadoop.hdfs.server.datanode,DataNodeLayoutVersion.Feature,1,0,0,0,27,0,0,0,-1.0,0,0,/Users/eashraf/hadoop/hadoop-hdfs-project/hadoop-hdfs/src/main/java/org/apache/hadoop/hdfs/server/datanode/DataNodeLayoutVersion.java,51
hadoop,org.apache.hadoop.hdfs.server.datanode,ReplicaHandler,2,0,3,3,19,4,0,0,0.0,2,2,/Users/eashraf/hadoop/hadoop-hdfs-project/hadoop-hdfs/src/main/java/org/apache/hadoop/hdfs/server/datanode/ReplicaHandler.java,25
hadoop,org.apache.hadoop.hdfs.server.datanode,BlockMetadataHeader,4,1,13,12,129,16,0,0,0.0,13,3,/Users/eashraf/hadoop/hadoop-hdfs-project/hadoop-hdfs/src/main/java/org/apache/hadoop/hdfs/server/datanode/BlockMetadataHeader.java,44
hadoop,org.apache.hadoop.hdfs.server.datanode,Replica,0,0,8,8,41,8,2,0,-1.0,7,0,/Users/eashraf/hadoop/hadoop-hdfs-project/hadoop-hdfs/src/main/java/org/apache/hadoop/hdfs/server/datanode/Replica.java,23
hadoop,org.apache.hadoop.hdfs.server.datanode,ReplicaInfo,6,2,19,12,207,28,4,1,0.15789473684210525,13,8,/Users/eashraf/hadoop/hadoop-hdfs-project/hadoop-hdfs/src/main/java/org/apache/hadoop/hdfs/server/datanode/ReplicaInfo.java,38
hadoop,org.apache.hadoop.hdfs.server.datanode,ReplicaInfo.ReplicaDirInfo,2,2,0,0,8,0,0,0,-1.0,0,0,/Users/eashraf/hadoop/hadoop-hdfs-project/hadoop-hdfs/src/main/java/org/apache/hadoop/hdfs/server/datanode/ReplicaInfo.java,175
hadoop,org.apache.hadoop.hdfs.server.datanode,ReplicaNotFoundException,6,5,3,3,20,3,0,0,1.0,4,1,/Users/eashraf/hadoop/hadoop-hdfs-project/hadoop-hdfs/src/main/java/org/apache/hadoop/hdfs/server/datanode/ReplicaNotFoundException.java,26
hadoop,org.apache.hadoop.hdfs.server.datanode,DataStorage,17,5,43,19,805,139,0,0,0.09302325581395349,17,21,/Users/eashraf/hadoop/hadoop-hdfs-project/hadoop-hdfs/src/main/java/org/apache/hadoop/hdfs/server/datanode/DataStorage.java,77
hadoop,org.apache.hadoop.hdfs.server.datanode,DataStorage.VolumeBuilder,3,0,0,0,41,0,0,0,-1.0,0,1,/Users/eashraf/hadoop/hadoop-hdfs-project/hadoop-hdfs/src/main/java/org/apache/hadoop/hdfs/server/datanode/DataStorage.java,208
hadoop,org.apache.hadoop.hdfs.server.datanode,DataStorage.LinkArgs,2,0,0,0,8,0,0,0,-1.0,0,0,/Users/eashraf/hadoop/hadoop-hdfs-project/hadoop-hdfs/src/main/java/org/apache/hadoop/hdfs/server/datanode/DataStorage.java,1005
hadoop,org.apache.hadoop.hdfs.server.datanode,ReplicaInPipelineInterface,0,0,6,3,38,6,2,1,-1.0,7,2,/Users/eashraf/hadoop/hadoop-hdfs-project/hadoop-hdfs/src/main/java/org/apache/hadoop/hdfs/server/datanode/ReplicaInPipelineInterface.java,25
hadoop,org.apache.hadoop.hdfs.server.datanode,DNConf,30,0,10,9,123,11,0,0,0.0,6,7,/Users/eashraf/hadoop/hadoop-hdfs-project/hadoop-hdfs/src/main/java/org/apache/hadoop/hdfs/server/datanode/DNConf.java,61
hadoop,org.apache.hadoop.hdfs.server.datanode,BlockScanner,17,1,10,5,197,24,0,0,0.0,7,7,/Users/eashraf/hadoop/hadoop-hdfs-project/hadoop-hdfs/src/main/java/org/apache/hadoop/hdfs/server/datanode/BlockScanner.java,48
hadoop,org.apache.hadoop.hdfs.server.datanode,BlockScanner.Conf,12,0,0,0,37,0,0,0,-1.0,0,0,/Users/eashraf/hadoop/hadoop-hdfs-project/hadoop-hdfs/src/main/java/org/apache/hadoop/hdfs/server/datanode/BlockScanner.java,69
hadoop,org.apache.hadoop.hdfs.server.datanode,BlockScanner.Servlet,1,0,0,0,20,0,0,0,-1.0,0,0,/Users/eashraf/hadoop/hadoop-hdfs-project/hadoop-hdfs/src/main/java/org/apache/hadoop/hdfs/server/datanode/BlockScanner.java,313
hadoop,org.apache.hadoop.hdfs.server.datanode,StorageLocation,3,0,6,4,50,9,0,0,0.3333333333333333,10,3,/Users/eashraf/hadoop/hadoop-hdfs-project/hadoop-hdfs/src/main/java/org/apache/hadoop/hdfs/server/datanode/StorageLocation.java,33
hadoop,org.apache.hadoop.hdfs.server.datanode,BPServiceActor,20,0,42,3,657,95,0,0,0.0,5,26,/Users/eashraf/hadoop/hadoop-hdfs-project/hadoop-hdfs/src/main/java/org/apache/hadoop/hdfs/server/datanode/BPServiceActor.java,67
hadoop,org.apache.hadoop.hdfs.server.datanode,BPServiceActor.RunningState,0,0,0,0,1,0,0,0,-1.0,0,0,/Users/eashraf/hadoop/hadoop-hdfs-project/hadoop-hdfs/src/main/java/org/apache/hadoop/hdfs/server/datanode/BPServiceActor.java,100
hadoop,org.apache.hadoop.hdfs.server.datanode,BPServiceActor.PerStoragePendingIncrementalBR,1,0,0,0,49,0,0,0,-1.0,0,0,/Users/eashraf/hadoop/hadoop-hdfs-project/hadoop-hdfs/src/main/java/org/apache/hadoop/hdfs/server/datanode/BPServiceActor.java,923
hadoop,org.apache.hadoop.hdfs.server.datanode,DataXceiverServer,11,1,11,2,178,21,0,0,0.0,4,7,/Users/eashraf/hadoop/hadoop-hdfs-project/hadoop-hdfs/src/main/java/org/apache/hadoop/hdfs/server/datanode/DataXceiverServer.java,36
hadoop,org.apache.hadoop.hdfs.server.datanode,DataXceiverServer.BlockBalanceThrottler,2,0,0,0,33,0,0,0,-1.0,0,0,/Users/eashraf/hadoop/hadoop-hdfs-project/hadoop-hdfs/src/main/java/org/apache/hadoop/hdfs/server/datanode/DataXceiverServer.java,59
hadoop,org.apache.hadoop.hdfs.server.datanode,ReplicaBeingWritten,0,0,8,8,58,8,0,3,-1.0,3,2,/Users/eashraf/hadoop/hadoop-hdfs-project/hadoop-hdfs/src/main/java/org/apache/hadoop/hdfs/server/datanode/ReplicaBeingWritten.java,26
hadoop,org.apache.hadoop.hdfs.server.datanode,DataNodeMXBean,0,0,8,8,43,8,1,0,-1.0,0,0,/Users/eashraf/hadoop/hadoop-hdfs-project/hadoop-hdfs/src/main/java/org/apache/hadoop/hdfs/server/datanode/DataNodeMXBean.java,25
hadoop,org.apache.hadoop.hdfs.server.datanode,VolumeScanner,31,1,17,7,529,57,0,0,0.0,4,10,/Users/eashraf/hadoop/hadoop-hdfs-project/hadoop-hdfs/src/main/java/org/apache/hadoop/hdfs/server/datanode/VolumeScanner.java,46
hadoop,org.apache.hadoop.hdfs.server.datanode,VolumeScanner.Statistics,9,0,0,0,27,0,0,0,-1.0,0,1,/Users/eashraf/hadoop/hadoop-hdfs-project/hadoop-hdfs/src/main/java/org/apache/hadoop/hdfs/server/datanode/VolumeScanner.java,165
hadoop,org.apache.hadoop.hdfs.server.datanode,VolumeScanner.ScanResultHandler,1,0,0,0,29,0,0,0,-1.0,0,1,/Users/eashraf/hadoop/hadoop-hdfs-project/hadoop-hdfs/src/main/java/org/apache/hadoop/hdfs/server/datanode/VolumeScanner.java,252
hadoop,org.apache.hadoop.hdfs.server.datanode,BlockReceiver,56,1,18,2,1023,99,0,0,0.0,3,23,/Users/eashraf/hadoop/hadoop-hdfs-project/hadoop-hdfs/src/main/java/org/apache/hadoop/hdfs/server/datanode/BlockReceiver.java,64
hadoop,org.apache.hadoop.hdfs.server.datanode,BlockReceiver.PacketResponderType,0,0,0,0,1,0,0,0,-1.0,0,0,/Users/eashraf/hadoop/hadoop-hdfs-project/hadoop-hdfs/src/main/java/org/apache/hadoop/hdfs/server/datanode/BlockReceiver.java,984
hadoop,org.apache.hadoop.hdfs.server.datanode,BlockReceiver.PacketResponder,8,0,0,0,347,0,0,0,-1.0,0,2,/Users/eashraf/hadoop/hadoop-hdfs-project/hadoop-hdfs/src/main/java/org/apache/hadoop/hdfs/server/datanode/BlockReceiver.java,988
hadoop,org.apache.hadoop.hdfs.server.datanode,BlockReceiver.Packet,5,0,0,0,20,0,0,0,-1.0,0,0,/Users/eashraf/hadoop/hadoop-hdfs-project/hadoop-hdfs/src/main/java/org/apache/hadoop/hdfs/server/datanode/BlockReceiver.java,1430
hadoop,org.apache.hadoop.hdfs.server.datanode,BPServiceActorActionException,1,0,1,1,9,1,0,0,0.0,3,0,/Users/eashraf/hadoop/hadoop-hdfs-project/hadoop-hdfs/src/main/java/org/apache/hadoop/hdfs/server/datanode/BPServiceActorActionException.java,23
hadoop,org.apache.hadoop.hdfs.server.datanode,SecureDataNodeStarter,4,0,5,5,75,10,0,0,0.6,2,8,/Users/eashraf/hadoop/hadoop-hdfs-project/hadoop-hdfs/src/main/java/org/apache/hadoop/hdfs/server/datanode/SecureDataNodeStarter.java,35
hadoop,org.apache.hadoop.hdfs.server.datanode,SecureDataNodeStarter.SecureResources,2,0,0,0,17,0,0,0,-1.0,0,0,/Users/eashraf/hadoop/hadoop-hdfs-project/hadoop-hdfs/src/main/java/org/apache/hadoop/hdfs/server/datanode/SecureDataNodeStarter.java,40
hadoop,org.apache.hadoop.hdfs.server.datanode,BPOfferService,10,0,43,1,515,107,0,0,0.0,11,9,/Users/eashraf/hadoop/hadoop-hdfs-project/hadoop-hdfs/src/main/java/org/apache/hadoop/hdfs/server/datanode/BPOfferService.java,45
hadoop,org.apache.hadoop.hdfs.server.datanode,DatanodeUtil,3,2,7,6,94,14,0,0,0.8571428571428571,12,5,/Users/eashraf/hadoop/hadoop-hdfs-project/hadoop-hdfs/src/main/java/org/apache/hadoop/hdfs/server/datanode/DatanodeUtil.java,31
hadoop,org.apache.hadoop.hdfs.server.datanode.extdataset,ExternalReplicaInPipeline,0,0,14,14,41,14,0,0,-1.0,1,1,/Users/eashraf/hadoop/hadoop-hdfs-project/hadoop-hdfs/src/test/java/org/apache/hadoop/hdfs/server/datanode/extdataset/ExternalReplicaInPipeline.java,28
hadoop,org.apache.hadoop.hdfs.server.datanode.extdataset,ExternalDatasetImpl,1,0,74,74,207,74,0,0,0.9864864864864865,1,9,/Users/eashraf/hadoop/hadoop-hdfs-project/hadoop-hdfs/src/test/java/org/apache/hadoop/hdfs/server/datanode/extdataset/ExternalDatasetImpl.java,47
hadoop,org.apache.hadoop.hdfs.server.datanode.extdataset,ExternalReplica,0,0,8,8,26,8,0,0,-1.0,1,0,/Users/eashraf/hadoop/hadoop-hdfs-project/hadoop-hdfs/src/test/java/org/apache/hadoop/hdfs/server/datanode/extdataset/ExternalReplica.java,24
hadoop,org.apache.hadoop.hdfs.server.datanode.extdataset,TestExternalDataset,0,0,4,4,29,4,0,0,-1.0,0,8,/Users/eashraf/hadoop/hadoop-hdfs-project/hadoop-hdfs/src/test/java/org/apache/hadoop/hdfs/server/datanode/extdataset/TestExternalDataset.java,27
hadoop,org.apache.hadoop.hdfs.server.datanode.extdataset,ExternalVolumeImpl,0,0,14,14,42,14,0,0,-1.0,2,1,/Users/eashraf/hadoop/hadoop-hdfs-project/hadoop-hdfs/src/test/java/org/apache/hadoop/hdfs/server/datanode/extdataset/ExternalVolumeImpl.java,30
hadoop,org.apache.hadoop.hdfs.server.datanode.web.webhdfs,TestParameterParser,1,0,2,2,19,2,0,0,0.0,0,8,/Users/eashraf/hadoop/hadoop-hdfs-project/hadoop-hdfs/src/test/java/org/apache/hadoop/hdfs/server/datanode/web/webhdfs/TestParameterParser.java,39
hadoop,org.apache.hadoop.hdfs.server.datanode.web.webhdfs,DataNodeUGIProvider,1,0,3,0,33,5,0,0,0.0,1,5,/Users/eashraf/hadoop/hadoop-hdfs-project/hadoop-hdfs/src/main/java/org/apache/hadoop/hdfs/server/datanode/web/webhdfs/DataNodeUGIProvider.java,25
hadoop,org.apache.hadoop.hdfs.server.datanode.web.webhdfs,HdfsWriter,4,0,6,3,35,7,0,0,0.3333333333333333,0,4,/Users/eashraf/hadoop/hadoop-hdfs-project/hadoop-hdfs/src/main/java/org/apache/hadoop/hdfs/server/datanode/web/webhdfs/HdfsWriter.java,36
hadoop,org.apache.hadoop.hdfs.server.datanode.web.webhdfs,ExceptionHandler,1,0,2,0,64,16,0,0,0.0,2,2,/Users/eashraf/hadoop/hadoop-hdfs-project/hadoop-hdfs/src/main/java/org/apache/hadoop/hdfs/server/datanode/web/webhdfs/ExceptionHandler.java,45
hadoop,org.apache.hadoop.hdfs.server.datanode.web.webhdfs,WebHdfsHandler,10,4,13,6,142,19,0,0,0.15384615384615385,4,17,/Users/eashraf/hadoop/hadoop-hdfs-project/hadoop-hdfs/src/main/java/org/apache/hadoop/hdfs/server/datanode/web/webhdfs/WebHdfsHandler.java,75
hadoop,org.apache.hadoop.hdfs.server.datanode.web.webhdfs,ParameterParser,3,0,15,0,64,16,0,0,0.0,3,15,/Users/eashraf/hadoop/hadoop-hdfs-project/hadoop-hdfs/src/main/java/org/apache/hadoop/hdfs/server/datanode/web/webhdfs/ParameterParser.java,47
hadoop,org.apache.hadoop.hdfs.server.datanode.fsdataset.impl,TestDatanodeRestart,0,0,6,3,156,15,0,0,-1.0,0,16,/Users/eashraf/hadoop/hadoop-hdfs-project/hadoop-hdfs/src/test/java/org/apache/hadoop/hdfs/server/datanode/fsdataset/impl/TestDatanodeRestart.java,48
hadoop,org.apache.hadoop.hdfs.server.datanode.fsdataset.impl,LazyPersistTestCase,17,1,15,1,235,41,2,0,0.0,0,17,/Users/eashraf/hadoop/hadoop-hdfs-project/hadoop-hdfs/src/test/java/org/apache/hadoop/hdfs/server/datanode/fsdataset/impl/LazyPersistTestCase.java,66
hadoop,org.apache.hadoop.hdfs.server.datanode.fsdataset.impl,TestInterDatanodeProtocol,6,0,10,7,247,15,0,0,0.2,1,27,/Users/eashraf/hadoop/hadoop-hdfs-project/hadoop-hdfs/src/test/java/org/apache/hadoop/hdfs/server/datanode/fsdataset/impl/TestInterDatanodeProtocol.java,65
hadoop,org.apache.hadoop.hdfs.server.datanode.fsdataset.impl,TestInterDatanodeProtocol.TestServer,2,0,0,0,32,0,0,0,-1.0,0,0,/Users/eashraf/hadoop/hadoop-hdfs-project/hadoop-hdfs/src/test/java/org/apache/hadoop/hdfs/server/datanode/fsdataset/impl/TestInterDatanodeProtocol.java,75
hadoop,org.apache.hadoop.hdfs.server.datanode.fsdataset.impl,TestWriteToReplica,6,0,9,4,336,9,0,0,0.0,0,11,/Users/eashraf/hadoop/hadoop-hdfs-project/hadoop-hdfs/src/test/java/org/apache/hadoop/hdfs/server/datanode/fsdataset/impl/TestWriteToReplica.java,41
hadoop,org.apache.hadoop.hdfs.server.datanode.fsdataset.impl,TestFsDatasetImpl,9,0,9,7,164,19,0,0,0.3333333333333333,0,19,/Users/eashraf/hadoop/hadoop-hdfs-project/hadoop-hdfs/src/test/java/org/apache/hadoop/hdfs/server/datanode/fsdataset/impl/TestFsDatasetImpl.java,69
hadoop,org.apache.hadoop.hdfs.server.datanode.fsdataset.impl,TestRbwSpaceReservation,18,1,8,5,191,17,0,0,0.0,0,11,/Users/eashraf/hadoop/hadoop-hdfs-project/hadoop-hdfs/src/test/java/org/apache/hadoop/hdfs/server/datanode/fsdataset/impl/TestRbwSpaceReservation.java,49
hadoop,org.apache.hadoop.hdfs.server.datanode.fsdataset.impl,TestRbwSpaceReservation.Writer,5,0,0,0,49,0,0,0,-1.0,0,1,/Users/eashraf/hadoop/hadoop-hdfs-project/hadoop-hdfs/src/test/java/org/apache/hadoop/hdfs/server/datanode/fsdataset/impl/TestRbwSpaceReservation.java,268
hadoop,org.apache.hadoop.hdfs.server.datanode.fsdataset.impl,TestLazyPersistFiles,7,0,25,25,454,40,0,1,0.88,0,8,/Users/eashraf/hadoop/hadoop-hdfs-project/hadoop-hdfs/src/test/java/org/apache/hadoop/hdfs/server/datanode/fsdataset/impl/TestLazyPersistFiles.java,50
hadoop,org.apache.hadoop.hdfs.server.datanode.fsdataset.impl,TestLazyPersistFiles.WriterRunnable,5,0,0,0,31,0,0,0,-1.0,0,1,/Users/eashraf/hadoop/hadoop-hdfs-project/hadoop-hdfs/src/test/java/org/apache/hadoop/hdfs/server/datanode/fsdataset/impl/TestLazyPersistFiles.java,680
hadoop,org.apache.hadoop.hdfs.server.datanode.fsdataset.impl,TestScrLazyPersistFiles,1,1,13,12,151,14,0,1,0.46153846153846156,0,11,/Users/eashraf/hadoop/hadoop-hdfs-project/hadoop-hdfs/src/test/java/org/apache/hadoop/hdfs/server/datanode/fsdataset/impl/TestScrLazyPersistFiles.java,49
hadoop,org.apache.hadoop.hdfs.server.datanode.fsdataset.impl,TestReplicaMap,3,0,4,4,57,4,0,0,0.0,0,2,/Users/eashraf/hadoop/hadoop-hdfs-project/hadoop-hdfs/src/test/java/org/apache/hadoop/hdfs/server/datanode/fsdataset/impl/TestReplicaMap.java,29
hadoop,org.apache.hadoop.hdfs.server.datanode.fsdataset.impl,FsDatasetTestUtil,0,0,8,8,32,8,0,0,-1.0,5,7,/Users/eashraf/hadoop/hadoop-hdfs-project/hadoop-hdfs/src/test/java/org/apache/hadoop/hdfs/server/datanode/fsdataset/impl/FsDatasetTestUtil.java,30
hadoop,org.apache.hadoop.hdfs.server.datanode.fsdataset.impl,TestFsVolumeList,5,0,3,3,45,6,0,0,0.0,0,8,/Users/eashraf/hadoop/hadoop-hdfs-project/hadoop-hdfs/src/test/java/org/apache/hadoop/hdfs/server/datanode/fsdataset/impl/TestFsVolumeList.java,40
hadoop,org.apache.hadoop.hdfs.server.datanode.fsdataset.impl,FsVolumeList,5,0,24,3,329,58,0,0,0.125,3,11,/Users/eashraf/hadoop/hadoop-hdfs-project/hadoop-hdfs/src/main/java/org/apache/hadoop/hdfs/server/datanode/fsdataset/impl/FsVolumeList.java,43
hadoop,org.apache.hadoop.hdfs.server.datanode.fsdataset.impl,RamDiskReplicaTracker,11,0,12,0,169,12,1,0,0.5,4,6,/Users/eashraf/hadoop/hadoop-hdfs-project/hadoop-hdfs/src/main/java/org/apache/hadoop/hdfs/server/datanode/fsdataset/impl/RamDiskReplicaTracker.java,36
hadoop,org.apache.hadoop.hdfs.server.datanode.fsdataset.impl,RamDiskReplicaTracker.RamDiskReplica,9,0,0,0,106,0,0,0,-1.0,0,2,/Users/eashraf/hadoop/hadoop-hdfs-project/hadoop-hdfs/src/main/java/org/apache/hadoop/hdfs/server/datanode/fsdataset/impl/RamDiskReplicaTracker.java,43
hadoop,org.apache.hadoop.hdfs.server.datanode.fsdataset.impl,FsDatasetCache,23,0,10,7,354,20,0,0,0.2,1,5,/Users/eashraf/hadoop/hadoop-hdfs-project/hadoop-hdfs/src/main/java/org/apache/hadoop/hdfs/server/datanode/fsdataset/impl/FsDatasetCache.java,60
hadoop,org.apache.hadoop.hdfs.server.datanode.fsdataset.impl,FsDatasetCache.Value,2,0,0,0,11,0,0,0,-1.0,0,1,/Users/eashraf/hadoop/hadoop-hdfs-project/hadoop-hdfs/src/main/java/org/apache/hadoop/hdfs/server/datanode/fsdataset/impl/FsDatasetCache.java,68
hadoop,org.apache.hadoop.hdfs.server.datanode.fsdataset.impl,FsDatasetCache.State,0,0,0,0,19,0,0,0,-1.0,0,0,/Users/eashraf/hadoop/hadoop-hdfs-project/hadoop-hdfs/src/main/java/org/apache/hadoop/hdfs/server/datanode/fsdataset/impl/FsDatasetCache.java,81
hadoop,org.apache.hadoop.hdfs.server.datanode.fsdataset.impl,FsDatasetCache.PageRounder,1,0,0,0,10,0,0,0,-1.0,0,1,/Users/eashraf/hadoop/hadoop-hdfs-project/hadoop-hdfs/src/main/java/org/apache/hadoop/hdfs/server/datanode/fsdataset/impl/FsDatasetCache.java,147
hadoop,org.apache.hadoop.hdfs.server.datanode.fsdataset.impl,FsDatasetCache.UsedBytesCount,2,0,0,0,34,0,0,0,-1.0,0,0,/Users/eashraf/hadoop/hadoop-hdfs-project/hadoop-hdfs/src/main/java/org/apache/hadoop/hdfs/server/datanode/fsdataset/impl/FsDatasetCache.java,161
hadoop,org.apache.hadoop.hdfs.server.datanode.fsdataset.impl,FsDatasetCache.CachingTask,4,0,0,0,90,0,0,0,-1.0,0,2,/Users/eashraf/hadoop/hadoop-hdfs-project/hadoop-hdfs/src/main/java/org/apache/hadoop/hdfs/server/datanode/fsdataset/impl/FsDatasetCache.java,341
hadoop,org.apache.hadoop.hdfs.server.datanode.fsdataset.impl,FsDatasetCache.UncachingTask,2,0,0,0,55,0,0,0,-1.0,0,1,/Users/eashraf/hadoop/hadoop-hdfs-project/hadoop-hdfs/src/main/java/org/apache/hadoop/hdfs/server/datanode/fsdataset/impl/FsDatasetCache.java,441
hadoop,org.apache.hadoop.hdfs.server.datanode.fsdataset.impl,FsDatasetImpl,28,0,111,76,1942,319,0,0,0.0,17,52,/Users/eashraf/hadoop/hadoop-hdfs-project/hadoop-hdfs/src/main/java/org/apache/hadoop/hdfs/server/datanode/fsdataset/impl/FsDatasetImpl.java,118
hadoop,org.apache.hadoop.hdfs.server.datanode.fsdataset.impl,FsDatasetImpl.VolumeInfo,4,0,0,0,15,0,0,0,-1.0,0,0,/Users/eashraf/hadoop/hadoop-hdfs-project/hadoop-hdfs/src/main/java/org/apache/hadoop/hdfs/server/datanode/fsdataset/impl/FsDatasetImpl.java,2490
hadoop,org.apache.hadoop.hdfs.server.datanode.fsdataset.impl,FsDatasetImpl.LazyWriter,4,0,0,0,131,0,0,0,-1.0,0,2,/Users/eashraf/hadoop/hadoop-hdfs-project/hadoop-hdfs/src/main/java/org/apache/hadoop/hdfs/server/datanode/fsdataset/impl/FsDatasetImpl.java,2754
hadoop,org.apache.hadoop.hdfs.server.datanode.fsdataset.impl,FsDatasetAsyncDiskService,14,1,11,3,181,20,0,0,0.0,1,6,/Users/eashraf/hadoop/hadoop-hdfs-project/hadoop-hdfs/src/main/java/org/apache/hadoop/hdfs/server/datanode/fsdataset/impl/FsDatasetAsyncDiskService.java,41
hadoop,org.apache.hadoop.hdfs.server.datanode.fsdataset.impl,FsDatasetAsyncDiskService.ReplicaFileDeleteTask,6,0,0,0,54,0,0,0,-1.0,0,4,/Users/eashraf/hadoop/hadoop-hdfs-project/hadoop-hdfs/src/main/java/org/apache/hadoop/hdfs/server/datanode/fsdataset/impl/FsDatasetAsyncDiskService.java,215
hadoop,org.apache.hadoop.hdfs.server.datanode.fsdataset.impl,ReplicaMap,2,0,15,0,165,24,0,0,0.0,8,2,/Users/eashraf/hadoop/hadoop-hdfs-project/hadoop-hdfs/src/main/java/org/apache/hadoop/hdfs/server/datanode/fsdataset/impl/ReplicaMap.java,28
hadoop,org.apache.hadoop.hdfs.server.datanode.fsdataset.impl,RamDiskAsyncLazyPersistService,15,1,9,1,162,20,0,0,0.0,1,4,/Users/eashraf/hadoop/hadoop-hdfs-project/hadoop-hdfs/src/main/java/org/apache/hadoop/hdfs/server/datanode/fsdataset/impl/RamDiskAsyncLazyPersistService.java,36
hadoop,org.apache.hadoop.hdfs.server.datanode.fsdataset.impl,RamDiskAsyncLazyPersistService.ReplicaLazyPersistTask,8,0,0,0,40,0,0,0,-1.0,0,2,/Users/eashraf/hadoop/hadoop-hdfs-project/hadoop-hdfs/src/main/java/org/apache/hadoop/hdfs/server/datanode/fsdataset/impl/RamDiskAsyncLazyPersistService.java,200
hadoop,org.apache.hadoop.hdfs.server.datanode.fsdataset.impl,VolumeFailureInfo,3,0,5,5,48,5,0,0,0.0,2,0,/Users/eashraf/hadoop/hadoop-hdfs-project/hadoop-hdfs/src/main/java/org/apache/hadoop/hdfs/server/datanode/fsdataset/impl/VolumeFailureInfo.java,20
hadoop,org.apache.hadoop.hdfs.server.datanode.fsdataset.impl,FsDatasetUtil,0,0,7,2,70,13,0,0,-1.0,4,4,/Users/eashraf/hadoop/hadoop-hdfs-project/hadoop-hdfs/src/main/java/org/apache/hadoop/hdfs/server/datanode/fsdataset/impl/FsDatasetUtil.java,30
hadoop,org.apache.hadoop.hdfs.server.datanode.fsdataset.impl,MappableBlock,2,0,6,3,110,16,0,0,0.0,2,3,/Users/eashraf/hadoop/hadoop-hdfs-project/hadoop-hdfs/src/main/java/org/apache/hadoop/hdfs/server/datanode/fsdataset/impl/MappableBlock.java,42
hadoop,org.apache.hadoop.hdfs.server.datanode.fsdataset.impl,RamDiskReplicaLruTracker,4,0,11,0,132,24,0,1,0.0,0,2,/Users/eashraf/hadoop/hadoop-hdfs-project/hadoop-hdfs/src/main/java/org/apache/hadoop/hdfs/server/datanode/fsdataset/impl/RamDiskReplicaLruTracker.java,30
hadoop,org.apache.hadoop.hdfs.server.datanode.fsdataset.impl,RamDiskReplicaLruTracker.RamDiskReplicaLru,1,0,0,0,12,0,0,0,-1.0,0,0,/Users/eashraf/hadoop/hadoop-hdfs-project/hadoop-hdfs/src/main/java/org/apache/hadoop/hdfs/server/datanode/fsdataset/impl/RamDiskReplicaLruTracker.java,38
hadoop,org.apache.hadoop.hdfs.server.datanode.fsdataset.impl,FsDatasetFactory,0,0,1,1,8,1,0,0,-1.0,1,4,/Users/eashraf/hadoop/hadoop-hdfs-project/hadoop-hdfs/src/main/java/org/apache/hadoop/hdfs/server/datanode/fsdataset/impl/FsDatasetFactory.java,27
hadoop,org.apache.hadoop.hdfs.server.datanode.fsdataset.impl,FsVolumeImpl,26,1,49,19,598,93,0,0,0.061224489795918366,20,14,/Users/eashraf/hadoop/hadoop-hdfs-project/hadoop-hdfs/src/main/java/org/apache/hadoop/hdfs/server/datanode/fsdataset/impl/FsVolumeImpl.java,72
hadoop,org.apache.hadoop.hdfs.server.datanode.fsdataset.impl,FsVolumeImpl.FsVolumeReferenceImpl,1,0,0,0,17,0,0,0,-1.0,0,1,/Users/eashraf/hadoop/hadoop-hdfs-project/hadoop-hdfs/src/main/java/org/apache/hadoop/hdfs/server/datanode/fsdataset/impl/FsVolumeImpl.java,200
hadoop,org.apache.hadoop.hdfs.server.datanode.fsdataset.impl,FsVolumeImpl.SubdirFilter,0,0,0,0,4,0,0,0,-1.0,0,0,/Users/eashraf/hadoop/hadoop-hdfs-project/hadoop-hdfs/src/main/java/org/apache/hadoop/hdfs/server/datanode/fsdataset/impl/FsVolumeImpl.java,419
hadoop,org.apache.hadoop.hdfs.server.datanode.fsdataset.impl,FsVolumeImpl.BlockFileFilter,0,0,0,0,4,0,0,0,-1.0,0,0,/Users/eashraf/hadoop/hadoop-hdfs-project/hadoop-hdfs/src/main/java/org/apache/hadoop/hdfs/server/datanode/fsdataset/impl/FsVolumeImpl.java,428
hadoop,org.apache.hadoop.hdfs.server.datanode.fsdataset.impl,FsVolumeImpl.BlockIteratorState,6,0,0,0,15,0,0,0,-1.0,0,0,/Users/eashraf/hadoop/hadoop-hdfs-project/hadoop-hdfs/src/main/java/org/apache/hadoop/hdfs/server/datanode/fsdataset/impl/FsVolumeImpl.java,454
hadoop,org.apache.hadoop.hdfs.server.datanode.fsdataset.impl,FsVolumeImpl.BlockIteratorImpl,7,0,0,0,175,0,0,0,-1.0,0,0,/Users/eashraf/hadoop/hadoop-hdfs-project/hadoop-hdfs/src/main/java/org/apache/hadoop/hdfs/server/datanode/fsdataset/impl/FsVolumeImpl.java,484
hadoop,org.apache.hadoop.hdfs.server.datanode.fsdataset.impl,BlockPoolSlice,13,0,25,2,442,73,0,0,0.0,2,21,/Users/eashraf/hadoop/hadoop-hdfs-project/hadoop-hdfs/src/main/java/org/apache/hadoop/hdfs/server/datanode/fsdataset/impl/BlockPoolSlice.java,58
hadoop,org.apache.hadoop.hdfs.server.datanode.fsdataset,TestRoundRobinVolumeChoosingPolicy,0,0,4,4,43,4,0,0,-1.0,1,4,/Users/eashraf/hadoop/hadoop-hdfs-project/hadoop-hdfs/src/test/java/org/apache/hadoop/hdfs/server/datanode/fsdataset/TestRoundRobinVolumeChoosingPolicy.java,30
hadoop,org.apache.hadoop.hdfs.server.datanode.fsdataset,TestAvailableSpaceVolumeChoosingPolicy,3,0,13,12,139,19,0,0,0.0,0,7,/Users/eashraf/hadoop/hadoop-hdfs-project/hadoop-hdfs/src/test/java/org/apache/hadoop/hdfs/server/datanode/fsdataset/TestAvailableSpaceVolumeChoosingPolicy.java,35
hadoop,org.apache.hadoop.hdfs.server.datanode.fsdataset,ReplicaInputStreams,3,0,4,4,33,4,0,0,0.0,1,2,/Users/eashraf/hadoop/hadoop-hdfs-project/hadoop-hdfs/src/main/java/org/apache/hadoop/hdfs/server/datanode/fsdataset/ReplicaInputStreams.java,25
hadoop,org.apache.hadoop.hdfs.server.datanode.fsdataset,FsVolumeReference,0,0,2,2,14,2,0,0,-1.0,13,1,/Users/eashraf/hadoop/hadoop-hdfs-project/hadoop-hdfs/src/main/java/org/apache/hadoop/hdfs/server/datanode/fsdataset/FsVolumeReference.java,23
hadoop,org.apache.hadoop.hdfs.server.datanode.fsdataset,FsDatasetSpi,0,0,60,58,357,60,0,0,-1.0,22,10,/Users/eashraf/hadoop/hadoop-hdfs-project/hadoop-hdfs/src/main/java/org/apache/hadoop/hdfs/server/datanode/fsdataset/FsDatasetSpi.java,63
hadoop,org.apache.hadoop.hdfs.server.datanode.fsdataset,FsDatasetSpi.Factory,0,0,0,0,22,0,0,0,-1.0,0,1,/Users/eashraf/hadoop/hadoop-hdfs-project/hadoop-hdfs/src/main/java/org/apache/hadoop/hdfs/server/datanode/fsdataset/FsDatasetSpi.java,70
hadoop,org.apache.hadoop.hdfs.server.datanode.fsdataset,RoundRobinVolumeChoosingPolicy,2,1,1,1,31,7,0,1,0.0,3,0,/Users/eashraf/hadoop/hadoop-hdfs-project/hadoop-hdfs/src/main/java/org/apache/hadoop/hdfs/server/datanode/fsdataset/RoundRobinVolumeChoosingPolicy.java,27
hadoop,org.apache.hadoop.hdfs.server.datanode.fsdataset,AvailableSpaceVolumeChoosingPolicy,10,0,6,4,160,15,0,1,0.5,1,2,/Users/eashraf/hadoop/hadoop-hdfs-project/hadoop-hdfs/src/main/java/org/apache/hadoop/hdfs/server/datanode/fsdataset/AvailableSpaceVolumeChoosingPolicy.java,36
hadoop,org.apache.hadoop.hdfs.server.datanode.fsdataset,AvailableSpaceVolumeChoosingPolicy.AvailableSpaceVolumeList,1,0,0,0,70,0,0,0,-1.0,0,0,/Users/eashraf/hadoop/hadoop-hdfs-project/hadoop-hdfs/src/main/java/org/apache/hadoop/hdfs/server/datanode/fsdataset/AvailableSpaceVolumeChoosingPolicy.java,160
hadoop,org.apache.hadoop.hdfs.server.datanode.fsdataset,AvailableSpaceVolumeChoosingPolicy.AvailableSpaceVolumePair,2,0,0,0,17,0,0,0,-1.0,0,0,/Users/eashraf/hadoop/hadoop-hdfs-project/hadoop-hdfs/src/main/java/org/apache/hadoop/hdfs/server/datanode/fsdataset/AvailableSpaceVolumeChoosingPolicy.java,240
hadoop,org.apache.hadoop.hdfs.server.datanode.fsdataset,FsVolumeSpi,0,0,14,13,105,14,0,0,-1.0,25,2,/Users/eashraf/hadoop/hadoop-hdfs-project/hadoop-hdfs/src/main/java/org/apache/hadoop/hdfs/server/datanode/fsdataset/FsVolumeSpi.java,28
hadoop,org.apache.hadoop.hdfs.server.datanode.fsdataset,FsVolumeSpi.BlockIterator,0,0,0,0,40,0,0,0,-1.0,0,0,/Users/eashraf/hadoop/hadoop-hdfs-project/hadoop-hdfs/src/main/java/org/apache/hadoop/hdfs/server/datanode/fsdataset/FsVolumeSpi.java,75
hadoop,org.apache.hadoop.hdfs.server.datanode.fsdataset,LengthInputStream,1,0,3,3,24,3,0,0,0.6666666666666666,4,0,/Users/eashraf/hadoop/hadoop-hdfs-project/hadoop-hdfs/src/main/java/org/apache/hadoop/hdfs/server/datanode/fsdataset/LengthInputStream.java,23
hadoop,org.apache.hadoop.hdfs.server.datanode.fsdataset,VolumeChoosingPolicy,0,0,1,1,13,1,2,0,-1.0,6,0,/Users/eashraf/hadoop/hadoop-hdfs-project/hadoop-hdfs/src/main/java/org/apache/hadoop/hdfs/server/datanode/fsdataset/VolumeChoosingPolicy.java,25
hadoop,org.apache.hadoop.hdfs.server.datanode.fsdataset,ReplicaOutputStreams,4,0,8,8,62,10,0,0,0.0,7,2,/Users/eashraf/hadoop/hadoop-hdfs-project/hadoop-hdfs/src/main/java/org/apache/hadoop/hdfs/server/datanode/fsdataset/ReplicaOutputStreams.java,28
hadoop,org.apache.hadoop.hdfs.server.namenode.top.window,TestRollingWindow,3,0,2,2,33,2,0,0,0.0,0,1,/Users/eashraf/hadoop/hadoop-hdfs-project/hadoop-hdfs/src/test/java/org/apache/hadoop/hdfs/server/namenode/top/window/TestRollingWindow.java,23
hadoop,org.apache.hadoop.hdfs.server.namenode.top.window,TestRollingWindowManager,8,0,2,2,51,9,0,0,0.0,0,3,/Users/eashraf/hadoop/hadoop-hdfs-project/hadoop-hdfs/src/test/java/org/apache/hadoop/hdfs/server/namenode/top/window/TestRollingWindowManager.java,34
hadoop,org.apache.hadoop.hdfs.server.namenode.top.window,RollingWindowManager,18,2,5,3,234,16,0,0,0.0,1,3,/Users/eashraf/hadoop/hadoop-hdfs-project/hadoop-hdfs/src/main/java/org/apache/hadoop/hdfs/server/namenode/top/window/RollingWindowManager.java,37
hadoop,org.apache.hadoop.hdfs.server.namenode.top.window,RollingWindowManager.RollingWindowMap,1,0,0,0,3,0,0,0,-1.0,0,0,/Users/eashraf/hadoop/hadoop-hdfs-project/hadoop-hdfs/src/main/java/org/apache/hadoop/hdfs/server/namenode/top/window/RollingWindowManager.java,54
hadoop,org.apache.hadoop.hdfs.server.namenode.top.window,RollingWindowManager.TopWindow,2,0,0,0,20,0,0,0,-1.0,0,0,/Users/eashraf/hadoop/hadoop-hdfs-project/hadoop-hdfs/src/main/java/org/apache/hadoop/hdfs/server/namenode/top/window/RollingWindowManager.java,59
hadoop,org.apache.hadoop.hdfs.server.namenode.top.window,RollingWindowManager.Op,3,0,0,0,25,0,0,0,-1.0,0,0,/Users/eashraf/hadoop/hadoop-hdfs-project/hadoop-hdfs/src/main/java/org/apache/hadoop/hdfs/server/namenode/top/window/RollingWindowManager.java,85
hadoop,org.apache.hadoop.hdfs.server.namenode.top.window,RollingWindowManager.User,2,0,0,0,17,0,0,0,-1.0,0,0,/Users/eashraf/hadoop/hadoop-hdfs-project/hadoop-hdfs/src/main/java/org/apache/hadoop/hdfs/server/namenode/top/window/RollingWindowManager.java,117
hadoop,org.apache.hadoop.hdfs.server.namenode.top.window,RollingWindowManager.NameValuePair,2,0,0,0,23,0,0,0,-1.0,0,0,/Users/eashraf/hadoop/hadoop-hdfs-project/hadoop-hdfs/src/main/java/org/apache/hadoop/hdfs/server/namenode/top/window/RollingWindowManager.java,280
hadoop,org.apache.hadoop.hdfs.server.namenode.top.window,RollingWindowManager.TopN,3,0,0,0,29,0,0,0,-1.0,0,0,/Users/eashraf/hadoop/hadoop-hdfs-project/hadoop-hdfs/src/main/java/org/apache/hadoop/hdfs/server/namenode/top/window/RollingWindowManager.java,312
hadoop,org.apache.hadoop.hdfs.server.namenode.top.window,RollingWindow,6,0,4,2,99,10,0,0,0.0,2,0,/Users/eashraf/hadoop/hadoop-hdfs-project/hadoop-hdfs/src/main/java/org/apache/hadoop/hdfs/server/namenode/top/window/RollingWindow.java,27
hadoop,org.apache.hadoop.hdfs.server.namenode.top.window,RollingWindow.Bucket,2,0,0,0,34,0,0,0,-1.0,0,0,/Users/eashraf/hadoop/hadoop-hdfs-project/hadoop-hdfs/src/main/java/org/apache/hadoop/hdfs/server/namenode/top/window/RollingWindow.java,110
hadoop,org.apache.hadoop.hdfs.server.namenode,TestEditsDoubleBuffer,0,0,2,2,38,3,0,0,-1.0,0,2,/Users/eashraf/hadoop/hadoop-hdfs-project/hadoop-hdfs/src/test/java/org/apache/hadoop/hdfs/server/namenode/TestEditsDoubleBuffer.java,30
hadoop,org.apache.hadoop.hdfs.server.namenode,TestDecommissioningStatus,11,0,12,5,222,26,0,0,0.0,0,19,/Users/eashraf/hadoop/hadoop-hdfs-project/hadoop-hdfs/src/test/java/org/apache/hadoop/hdfs/server/namenode/TestDecommissioningStatus.java,61
hadoop,org.apache.hadoop.hdfs.server.namenode,TestSecureNameNodeWithExternalKdc,1,0,3,3,58,4,0,0,1.0,0,7,/Users/eashraf/hadoop/hadoop-hdfs-project/hadoop-hdfs/src/test/java/org/apache/hadoop/hdfs/server/namenode/TestSecureNameNodeWithExternalKdc.java,43
hadoop,org.apache.hadoop.hdfs.server.namenode,FSImageTestUtil,2,1,29,27,375,58,0,0,0.4482758620689655,32,19,/Users/eashraf/hadoop/hadoop-hdfs-project/hadoop-hdfs/src/test/java/org/apache/hadoop/hdfs/server/namenode/FSImageTestUtil.java,71
hadoop,org.apache.hadoop.hdfs.server.namenode,TestFSDirectory,19,1,10,7,235,26,0,0,0.2,0,14,/Users/eashraf/hadoop/hadoop-hdfs-project/hadoop-hdfs/src/test/java/org/apache/hadoop/hdfs/server/namenode/TestFSDirectory.java,53
hadoop,org.apache.hadoop.hdfs.server.namenode,TestAddBlock,4,0,4,4,89,6,0,0,0.0,0,10,/Users/eashraf/hadoop/hadoop-hdfs-project/hadoop-hdfs/src/test/java/org/apache/hadoop/hdfs/server/namenode/TestAddBlock.java,40
hadoop,org.apache.hadoop.hdfs.server.namenode,TestNameNodeRecovery,8,0,16,11,441,36,0,0,0.1875,0,18,/Users/eashraf/hadoop/hadoop-hdfs-project/hadoop-hdfs/src/test/java/org/apache/hadoop/hdfs/server/namenode/TestNameNodeRecovery.java,56
hadoop,org.apache.hadoop.hdfs.server.namenode,TestNameNodeRecovery.EditLogTestSetup,0,0,0,0,23,0,0,0,-1.0,0,1,/Users/eashraf/hadoop/hadoop-hdfs-project/hadoop-hdfs/src/test/java/org/apache/hadoop/hdfs/server/namenode/TestNameNodeRecovery.java,143
hadoop,org.apache.hadoop.hdfs.server.namenode,TestNameNodeRecovery.EltsTestEmptyLog,1,0,0,0,18,0,0,0,-1.0,0,0,/Users/eashraf/hadoop/hadoop-hdfs-project/hadoop-hdfs/src/test/java/org/apache/hadoop/hdfs/server/namenode/TestNameNodeRecovery.java,200
hadoop,org.apache.hadoop.hdfs.server.namenode,TestNameNodeRecovery.EltsTestNonDefaultMaxOpSize,0,0,0,0,20,0,0,0,-1.0,0,0,/Users/eashraf/hadoop/hadoop-hdfs-project/hadoop-hdfs/src/test/java/org/apache/hadoop/hdfs/server/namenode/TestNameNodeRecovery.java,252
hadoop,org.apache.hadoop.hdfs.server.namenode,TestNameNodeRecovery.EltsTestOpcodesAfterPadding,1,0,0,0,19,0,0,0,-1.0,0,0,/Users/eashraf/hadoop/hadoop-hdfs-project/hadoop-hdfs/src/test/java/org/apache/hadoop/hdfs/server/namenode/TestNameNodeRecovery.java,288
hadoop,org.apache.hadoop.hdfs.server.namenode,TestNameNodeRecovery.EltsTestGarbageInEditLog,2,0,0,0,26,0,0,0,-1.0,0,0,/Users/eashraf/hadoop/hadoop-hdfs-project/hadoop-hdfs/src/test/java/org/apache/hadoop/hdfs/server/namenode/TestNameNodeRecovery.java,332
hadoop,org.apache.hadoop.hdfs.server.namenode,TestNameNodeRecovery.Corruptor,0,0,0,0,8,0,0,0,-1.0,0,0,/Users/eashraf/hadoop/hadoop-hdfs-project/hadoop-hdfs/src/test/java/org/apache/hadoop/hdfs/server/namenode/TestNameNodeRecovery.java,373
hadoop,org.apache.hadoop.hdfs.server.namenode,TestNameNodeRecovery.TruncatingCorruptor,0,0,0,0,14,0,0,0,-1.0,0,0,/Users/eashraf/hadoop/hadoop-hdfs-project/hadoop-hdfs/src/test/java/org/apache/hadoop/hdfs/server/namenode/TestNameNodeRecovery.java,405
hadoop,org.apache.hadoop.hdfs.server.namenode,TestNameNodeRecovery.PaddingCorruptor,0,0,0,0,20,0,0,0,-1.0,0,0,/Users/eashraf/hadoop/hadoop-hdfs-project/hadoop-hdfs/src/test/java/org/apache/hadoop/hdfs/server/namenode/TestNameNodeRecovery.java,426
hadoop,org.apache.hadoop.hdfs.server.namenode,TestNameNodeRecovery.SafePaddingCorruptor,1,0,0,0,22,0,0,0,-1.0,0,0,/Users/eashraf/hadoop/hadoop-hdfs-project/hadoop-hdfs/src/test/java/org/apache/hadoop/hdfs/server/namenode/TestNameNodeRecovery.java,457
hadoop,org.apache.hadoop.hdfs.server.namenode,TestFileContextAcl,1,0,2,1,39,2,0,1,1.0,0,2,/Users/eashraf/hadoop/hadoop-hdfs-project/hadoop-hdfs/src/test/java/org/apache/hadoop/hdfs/server/namenode/TestFileContextAcl.java,33
hadoop,org.apache.hadoop.hdfs.server.namenode,TestFileContextAcl.FileContextFS,1,0,0,0,25,0,0,0,-1.0,0,1,/Users/eashraf/hadoop/hadoop-hdfs-project/hadoop-hdfs/src/test/java/org/apache/hadoop/hdfs/server/namenode/TestFileContextAcl.java,57
hadoop,org.apache.hadoop.hdfs.server.namenode,TestLeaseManager,1,0,2,2,37,2,0,0,1.0,0,6,/Users/eashraf/hadoop/hadoop-hdfs-project/hadoop-hdfs/src/test/java/org/apache/hadoop/hdfs/server/namenode/TestLeaseManager.java,31
hadoop,org.apache.hadoop.hdfs.server.namenode,TestNamenodeCapacityReport,2,0,6,2,189,20,0,0,0.3333333333333333,0,13,/Users/eashraf/hadoop/hadoop-hdfs-project/hadoop-hdfs/src/test/java/org/apache/hadoop/hdfs/server/namenode/TestNamenodeCapacityReport.java,52
hadoop,org.apache.hadoop.hdfs.server.namenode,NNThroughputBenchmark,71,0,9,5,1005,27,0,0,0.0,1,17,/Users/eashraf/hadoop/hadoop-hdfs-project/hadoop-hdfs/src/test/java/org/apache/hadoop/hdfs/server/namenode/NNThroughputBenchmark.java,72
hadoop,org.apache.hadoop.hdfs.server.namenode,NNThroughputBenchmark.OperationStatsBase,14,0,0,0,167,0,0,0,-1.0,0,2,/Users/eashraf/hadoop/hadoop-hdfs-project/hadoop-hdfs/src/test/java/org/apache/hadoop/hdfs/server/namenode/NNThroughputBenchmark.java,155
hadoop,org.apache.hadoop.hdfs.server.namenode,NNThroughputBenchmark.StatsDaemon,6,0,0,0,48,0,0,0,-1.0,0,0,/Users/eashraf/hadoop/hadoop-hdfs-project/hadoop-hdfs/src/test/java/org/apache/hadoop/hdfs/server/namenode/NNThroughputBenchmark.java,379
hadoop,org.apache.hadoop.hdfs.server.namenode,NNThroughputBenchmark.CleanAllStats,2,0,0,0,44,0,0,0,-1.0,0,1,/Users/eashraf/hadoop/hadoop-hdfs-project/hadoop-hdfs/src/test/java/org/apache/hadoop/hdfs/server/namenode/NNThroughputBenchmark.java,437
hadoop,org.apache.hadoop.hdfs.server.namenode,NNThroughputBenchmark.CreateFileStats,5,0,0,0,78,0,0,0,-1.0,0,4,/Users/eashraf/hadoop/hadoop-hdfs-project/hadoop-hdfs/src/test/java/org/apache/hadoop/hdfs/server/namenode/NNThroughputBenchmark.java,500
hadoop,org.apache.hadoop.hdfs.server.namenode,NNThroughputBenchmark.MkdirsStats,4,0,0,0,69,0,0,0,-1.0,0,2,/Users/eashraf/hadoop/hadoop-hdfs-project/hadoop-hdfs/src/test/java/org/apache/hadoop/hdfs/server/namenode/NNThroughputBenchmark.java,609
hadoop,org.apache.hadoop.hdfs.server.namenode,NNThroughputBenchmark.OpenFileStats,4,0,0,0,50,0,0,0,-1.0,0,0,/Users/eashraf/hadoop/hadoop-hdfs-project/hadoop-hdfs/src/test/java/org/apache/hadoop/hdfs/server/namenode/NNThroughputBenchmark.java,701
hadoop,org.apache.hadoop.hdfs.server.namenode,NNThroughputBenchmark.DeleteFileStats,2,0,0,0,19,0,0,0,-1.0,0,0,/Users/eashraf/hadoop/hadoop-hdfs-project/hadoop-hdfs/src/test/java/org/apache/hadoop/hdfs/server/namenode/NNThroughputBenchmark.java,779
hadoop,org.apache.hadoop.hdfs.server.namenode,NNThroughputBenchmark.FileStatusStats,2,0,0,0,19,0,0,0,-1.0,0,0,/Users/eashraf/hadoop/hadoop-hdfs-project/hadoop-hdfs/src/test/java/org/apache/hadoop/hdfs/server/namenode/NNThroughputBenchmark.java,809
hadoop,org.apache.hadoop.hdfs.server.namenode,NNThroughputBenchmark.RenameFileStats,3,0,0,0,29,0,0,0,-1.0,0,0,/Users/eashraf/hadoop/hadoop-hdfs-project/hadoop-hdfs/src/test/java/org/apache/hadoop/hdfs/server/namenode/NNThroughputBenchmark.java,839
hadoop,org.apache.hadoop.hdfs.server.namenode,NNThroughputBenchmark.TinyDatanode,9,0,0,0,107,0,0,0,-1.0,0,6,/Users/eashraf/hadoop/hadoop-hdfs-project/hadoop-hdfs/src/test/java/org/apache/hadoop/hdfs/server/namenode/NNThroughputBenchmark.java,884
hadoop,org.apache.hadoop.hdfs.server.namenode,NNThroughputBenchmark.BlockReportStats,5,0,0,0,122,0,0,0,-1.0,0,5,/Users/eashraf/hadoop/hadoop-hdfs-project/hadoop-hdfs/src/test/java/org/apache/hadoop/hdfs/server/namenode/NNThroughputBenchmark.java,1047
hadoop,org.apache.hadoop.hdfs.server.namenode,NNThroughputBenchmark.ReplicationStats,9,0,0,0,121,0,0,0,-1.0,0,1,/Users/eashraf/hadoop/hadoop-hdfs-project/hadoop-hdfs/src/test/java/org/apache/hadoop/hdfs/server/namenode/NNThroughputBenchmark.java,1208
hadoop,org.apache.hadoop.hdfs.server.namenode,OfflineEditsViewerHelper,4,0,5,3,61,6,0,0,0.0,1,11,/Users/eashraf/hadoop/hadoop-hdfs-project/hadoop-hdfs/src/test/java/org/apache/hadoop/hdfs/server/namenode/OfflineEditsViewerHelper.java,40
hadoop,org.apache.hadoop.hdfs.server.namenode,TestStartupOptionUpgrade,4,0,9,9,77,9,0,0,0.2222222222222222,0,2,/Users/eashraf/hadoop/hadoop-hdfs-project/hadoop-hdfs/src/test/java/org/apache/hadoop/hdfs/server/namenode/TestStartupOptionUpgrade.java,39
hadoop,org.apache.hadoop.hdfs.server.namenode,TestFsck,11,0,27,22,1144,92,0,0,0.2962962962962963,1,34,/Users/eashraf/hadoop/hadoop-hdfs-project/hadoop-hdfs/src/test/java/org/apache/hadoop/hdfs/server/namenode/TestFsck.java,100
hadoop,org.apache.hadoop.hdfs.server.namenode,TestFsck.CorruptedTestFile,6,0,0,0,81,0,0,0,-1.0,0,1,/Users/eashraf/hadoop/hadoop-hdfs-project/hadoop-hdfs/src/test/java/org/apache/hadoop/hdfs/server/namenode/TestFsck.java,407
hadoop,org.apache.hadoop.hdfs.server.namenode,TestCreateEditsLog,3,0,4,3,48,7,0,0,0.0,0,8,/Users/eashraf/hadoop/hadoop-hdfs-project/hadoop-hdfs/src/test/java/org/apache/hadoop/hdfs/server/namenode/TestCreateEditsLog.java,38
hadoop,org.apache.hadoop.hdfs.server.namenode,TestSaveNamespace,3,0,20,16,383,37,0,0,0.2,0,20,/Users/eashraf/hadoop/hadoop-hdfs-project/hadoop-hdfs/src/test/java/org/apache/hadoop/hdfs/server/namenode/TestSaveNamespace.java,69
hadoop,org.apache.hadoop.hdfs.server.namenode,TestSaveNamespace.FaultySaveImage,2,0,0,0,22,0,0,0,-1.0,0,0,/Users/eashraf/hadoop/hadoop-hdfs-project/hadoop-hdfs/src/test/java/org/apache/hadoop/hdfs/server/namenode/TestSaveNamespace.java,87
hadoop,org.apache.hadoop.hdfs.server.namenode,TestSaveNamespace.Fault,0,0,0,0,1,0,0,0,-1.0,0,0,/Users/eashraf/hadoop/hadoop-hdfs-project/hadoop-hdfs/src/test/java/org/apache/hadoop/hdfs/server/namenode/TestSaveNamespace.java,114
hadoop,org.apache.hadoop.hdfs.server.namenode,TestNameNodeHttpServer,6,0,7,5,65,9,0,0,0.0,0,8,/Users/eashraf/hadoop/hadoop-hdfs-project/hadoop-hdfs/src/test/java/org/apache/hadoop/hdfs/server/namenode/TestNameNodeHttpServer.java,43
hadoop,org.apache.hadoop.hdfs.server.namenode,TestNameNodeMXBean,1,0,5,5,242,23,0,0,1.0,0,11,/Users/eashraf/hadoop/hadoop-hdfs-project/hadoop-hdfs/src/test/java/org/apache/hadoop/hdfs/server/namenode/TestNameNodeMXBean.java,55
hadoop,org.apache.hadoop.hdfs.server.namenode,TestNameNodeRetryCacheMetrics,7,0,5,3,53,6,0,0,0.0,0,10,/Users/eashraf/hadoop/hadoop-hdfs-project/hadoop-hdfs/src/test/java/org/apache/hadoop/hdfs/server/namenode/TestNameNodeRetryCacheMetrics.java,39
hadoop,org.apache.hadoop.hdfs.server.namenode,TestNameNodeResourcePolicy,0,0,6,5,51,8,0,0,-1.0,0,2,/Users/eashraf/hadoop/hadoop-hdfs-project/hadoop-hdfs/src/test/java/org/apache/hadoop/hdfs/server/namenode/TestNameNodeResourcePolicy.java,30
hadoop,org.apache.hadoop.hdfs.server.namenode,TestLargeDirectoryDelete,8,0,7,1,172,17,0,0,0.0,0,8,/Users/eashraf/hadoop/hadoop-hdfs-project/hadoop-hdfs/src/test/java/org/apache/hadoop/hdfs/server/namenode/TestLargeDirectoryDelete.java,37
hadoop,org.apache.hadoop.hdfs.server.namenode,TestLargeDirectoryDelete.TestThread,2,0,0,0,49,0,0,0,-1.0,0,0,/Users/eashraf/hadoop/hadoop-hdfs-project/hadoop-hdfs/src/test/java/org/apache/hadoop/hdfs/server/namenode/TestLargeDirectoryDelete.java,154
hadoop,org.apache.hadoop.hdfs.server.namenode,TestFsLimits,4,0,14,9,138,15,0,0,0.0,0,10,/Users/eashraf/hadoop/hadoop-hdfs-project/hadoop-hdfs/src/test/java/org/apache/hadoop/hdfs/server/namenode/TestFsLimits.java,44
hadoop,org.apache.hadoop.hdfs.server.namenode,TestDeleteRace,9,0,7,5,209,18,0,0,0.0,0,19,/Users/eashraf/hadoop/hadoop-hdfs-project/hadoop-hdfs/src/test/java/org/apache/hadoop/hdfs/server/namenode/TestDeleteRace.java,61
hadoop,org.apache.hadoop.hdfs.server.namenode,TestDeleteRace.SlowBlockPlacementPolicy,0,0,0,0,11,0,0,0,-1.0,0,0,/Users/eashraf/hadoop/hadoop-hdfs-project/hadoop-hdfs/src/test/java/org/apache/hadoop/hdfs/server/namenode/TestDeleteRace.java,116
hadoop,org.apache.hadoop.hdfs.server.namenode,TestDeleteRace.DeleteThread,2,0,0,0,23,0,0,0,-1.0,0,2,/Users/eashraf/hadoop/hadoop-hdfs-project/hadoop-hdfs/src/test/java/org/apache/hadoop/hdfs/server/namenode/TestDeleteRace.java,137
hadoop,org.apache.hadoop.hdfs.server.namenode,TestDeleteRace.RenameThread,3,0,0,0,21,0,0,0,-1.0,0,2,/Users/eashraf/hadoop/hadoop-hdfs-project/hadoop-hdfs/src/test/java/org/apache/hadoop/hdfs/server/namenode/TestDeleteRace.java,166
hadoop,org.apache.hadoop.hdfs.server.namenode,TestNameNodeRespectsBindHostKeys,4,1,7,4,161,15,0,0,0.0,0,7,/Users/eashraf/hadoop/hadoop-hdfs-project/hadoop-hdfs/src/test/java/org/apache/hadoop/hdfs/server/namenode/TestNameNodeRespectsBindHostKeys.java,43
hadoop,org.apache.hadoop.hdfs.server.namenode,FSAclBaseTest,14,1,77,68,1034,84,2,0,0.0,1,18,/Users/eashraf/hadoop/hadoop-hdfs-project/hadoop-hdfs/src/test/java/org/apache/hadoop/hdfs/server/namenode/FSAclBaseTest.java,59
hadoop,org.apache.hadoop.hdfs.server.namenode,TestGetImageServlet,0,0,2,2,27,2,0,0,-1.0,0,8,/Users/eashraf/hadoop/hadoop-hdfs-project/hadoop-hdfs/src/test/java/org/apache/hadoop/hdfs/server/namenode/TestGetImageServlet.java,39
hadoop,org.apache.hadoop.hdfs.server.namenode,TestStorageRestore,12,2,7,6,224,20,0,0,0.0,0,13,/Users/eashraf/hadoop/hadoop-hdfs-project/hadoop-hdfs/src/test/java/org/apache/hadoop/hdfs/server/namenode/TestStorageRestore.java,56
hadoop,org.apache.hadoop.hdfs.server.namenode,TestFileJournalManager,3,1,21,17,324,37,0,0,0.19047619047619047,0,13,/Users/eashraf/hadoop/hadoop-hdfs-project/hadoop-hdfs/src/test/java/org/apache/hadoop/hdfs/server/namenode/TestFileJournalManager.java,55
hadoop,org.apache.hadoop.hdfs.server.namenode,TestListCorruptFileBlocks,1,0,6,5,328,29,0,0,0.0,0,13,/Users/eashraf/hadoop/hadoop-hdfs-project/hadoop-hdfs/src/test/java/org/apache/hadoop/hdfs/server/namenode/TestListCorruptFileBlocks.java,48
hadoop,org.apache.hadoop.hdfs.server.namenode,TestNamenodeRetryCache,8,0,16,15,277,18,0,0,0.125,0,18,/Users/eashraf/hadoop/hadoop-hdfs-project/hadoop-hdfs/src/test/java/org/apache/hadoop/hdfs/server/namenode/TestNamenodeRetryCache.java,65
hadoop,org.apache.hadoop.hdfs.server.namenode,TestFSPermissionChecker,9,0,22,17,241,22,0,0,0.09090909090909091,0,15,/Users/eashraf/hadoop/hadoop-hdfs-project/hadoop-hdfs/src/test/java/org/apache/hadoop/hdfs/server/namenode/TestFSPermissionChecker.java,57
hadoop,org.apache.hadoop.hdfs.server.namenode,TestDeadDatanode,2,0,2,2,46,2,0,0,0.0,0,14,/Users/eashraf/hadoop/hadoop-hdfs-project/hadoop-hdfs/src/test/java/org/apache/hadoop/hdfs/server/namenode/TestDeadDatanode.java,47
hadoop,org.apache.hadoop.hdfs.server.namenode,TestFsckWithMultipleNameNodes,7,0,3,1,93,7,0,0,0.0,0,9,/Users/eashraf/hadoop/hadoop-hdfs-project/hadoop-hdfs/src/test/java/org/apache/hadoop/hdfs/server/namenode/TestFsckWithMultipleNameNodes.java,43
hadoop,org.apache.hadoop.hdfs.server.namenode,TestFsckWithMultipleNameNodes.Suite,3,0,0,0,24,0,0,0,-1.0,0,2,/Users/eashraf/hadoop/hadoop-hdfs-project/hadoop-hdfs/src/test/java/org/apache/hadoop/hdfs/server/namenode/TestFsckWithMultipleNameNodes.java,62
hadoop,org.apache.hadoop.hdfs.server.namenode,TestEditLogJournalFailures,3,0,13,9,154,18,0,0,0.0,0,9,/Users/eashraf/hadoop/hadoop-hdfs-project/hadoop-hdfs/src/test/java/org/apache/hadoop/hdfs/server/namenode/TestEditLogJournalFailures.java,48
hadoop,org.apache.hadoop.hdfs.server.namenode,TestMalformedURLs,2,0,3,3,18,4,0,0,0.0,0,3,/Users/eashraf/hadoop/hadoop-hdfs-project/hadoop-hdfs/src/test/java/org/apache/hadoop/hdfs/server/namenode/TestMalformedURLs.java,31
hadoop,org.apache.hadoop.hdfs.server.namenode,TestMetadataVersionOutput,2,0,3,2,38,4,0,0,0.0,0,4,/Users/eashraf/hadoop/hadoop-hdfs-project/hadoop-hdfs/src/test/java/org/apache/hadoop/hdfs/server/namenode/TestMetadataVersionOutput.java,39
hadoop,org.apache.hadoop.hdfs.server.namenode,TestNameEditsConfigs,9,0,10,5,366,17,0,0,0.0,0,11,/Users/eashraf/hadoop/hadoop-hdfs-project/hadoop-hdfs/src/test/java/org/apache/hadoop/hdfs/server/namenode/TestNameEditsConfigs.java,47
hadoop,org.apache.hadoop.hdfs.server.namenode,TestSecurityTokenEditLog,8,0,2,2,133,8,0,0,1.0,0,15,/Users/eashraf/hadoop/hadoop-hdfs-project/hadoop-hdfs/src/test/java/org/apache/hadoop/hdfs/server/namenode/TestSecurityTokenEditLog.java,43
hadoop,org.apache.hadoop.hdfs.server.namenode,TestSecurityTokenEditLog.Transactions,4,0,0,0,25,0,0,0,-1.0,0,1,/Users/eashraf/hadoop/hadoop-hdfs-project/hadoop-hdfs/src/test/java/org/apache/hadoop/hdfs/server/namenode/TestSecurityTokenEditLog.java,64
hadoop,org.apache.hadoop.hdfs.server.namenode,TestDeduplicationMap,0,0,1,1,11,1,0,0,-1.0,0,0,/Users/eashraf/hadoop/hadoop-hdfs-project/hadoop-hdfs/src/test/java/org/apache/hadoop/hdfs/server/namenode/TestDeduplicationMap.java,25
hadoop,org.apache.hadoop.hdfs.server.namenode,TestClusterId,3,0,16,15,274,25,0,0,0.0,0,9,/Users/eashraf/hadoop/hadoop-hdfs-project/hadoop-hdfs/src/test/java/org/apache/hadoop/hdfs/server/namenode/TestClusterId.java,52
hadoop,org.apache.hadoop.hdfs.server.namenode,TestFSImageWithSnapshot,10,0,15,8,318,18,0,0,0.0,0,20,/Users/eashraf/hadoop/hadoop-hdfs-project/hadoop-hdfs/src/test/java/org/apache/hadoop/hdfs/server/namenode/TestFSImageWithSnapshot.java,55
hadoop,org.apache.hadoop.hdfs.server.namenode,TestQuotaByStorageType,10,0,22,20,407,27,0,0,0.0,0,14,/Users/eashraf/hadoop/hadoop-hdfs-project/hadoop-hdfs/src/test/java/org/apache/hadoop/hdfs/server/namenode/TestQuotaByStorageType.java,42
hadoop,org.apache.hadoop.hdfs.server.namenode,TestFSImageStorageInspector,0,0,1,1,16,1,0,0,-1.0,0,2,/Users/eashraf/hadoop/hadoop-hdfs-project/hadoop-hdfs/src/test/java/org/apache/hadoop/hdfs/server/namenode/TestFSImageStorageInspector.java,35
hadoop,org.apache.hadoop.hdfs.server.namenode,TestFavoredNodesEndToEnd,7,0,11,6,157,31,0,0,0.0,0,10,/Users/eashraf/hadoop/hadoop-hdfs-project/hadoop-hdfs/src/test/java/org/apache/hadoop/hdfs/server/namenode/TestFavoredNodesEndToEnd.java,53
hadoop,org.apache.hadoop.hdfs.server.namenode,TestAllowFormat,6,2,4,4,87,7,0,0,0.0,0,9,/Users/eashraf/hadoop/hadoop-hdfs-project/hadoop-hdfs/src/test/java/org/apache/hadoop/hdfs/server/namenode/TestAllowFormat.java,49
hadoop,org.apache.hadoop.hdfs.server.namenode,TestSnapshotPathINodes,9,0,13,9,240,20,0,0,0.0,0,12,/Users/eashraf/hadoop/hadoop-hdfs-project/hadoop-hdfs/src/test/java/org/apache/hadoop/hdfs/server/namenode/TestSnapshotPathINodes.java,40
hadoop,org.apache.hadoop.hdfs.server.namenode,TestEditLogFileOutputStream,4,0,8,7,88,12,0,0,0.25,0,5,/Users/eashraf/hadoop/hadoop-hdfs-project/hadoop-hdfs/src/test/java/org/apache/hadoop/hdfs/server/namenode/TestEditLogFileOutputStream.java,36
hadoop,org.apache.hadoop.hdfs.server.namenode,AclTestHelpers,0,0,7,7,88,7,0,0,-1.0,2,8,/Users/eashraf/hadoop/hadoop-hdfs-project/hadoop-hdfs/src/test/java/org/apache/hadoop/hdfs/server/namenode/AclTestHelpers.java,35
hadoop,org.apache.hadoop.hdfs.server.namenode,TestGenericJournalConf,6,0,4,4,142,9,0,0,1.0,0,4,/Users/eashraf/hadoop/hadoop-hdfs-project/hadoop-hdfs/src/test/java/org/apache/hadoop/hdfs/server/namenode/TestGenericJournalConf.java,35
hadoop,org.apache.hadoop.hdfs.server.namenode,TestGenericJournalConf.DummyJournalManager,5,0,0,0,50,0,0,2,-1.0,0,2,/Users/eashraf/hadoop/hadoop-hdfs-project/hadoop-hdfs/src/test/java/org/apache/hadoop/hdfs/server/namenode/TestGenericJournalConf.java,142
hadoop,org.apache.hadoop.hdfs.server.namenode,TestGenericJournalConf.BadConstructorJournalManager,0,0,0,0,5,0,0,0,-1.0,0,0,/Users/eashraf/hadoop/hadoop-hdfs-project/hadoop-hdfs/src/test/java/org/apache/hadoop/hdfs/server/namenode/TestGenericJournalConf.java,225
hadoop,org.apache.hadoop.hdfs.server.namenode,TestSecureNameNode,1,0,3,3,47,4,0,0,1.0,0,8,/Users/eashraf/hadoop/hadoop-hdfs-project/hadoop-hdfs/src/test/java/org/apache/hadoop/hdfs/server/namenode/TestSecureNameNode.java,42
hadoop,org.apache.hadoop.hdfs.server.namenode,TestFileTruncate,13,0,32,20,805,50,0,0,0.09375,2,30,/Users/eashraf/hadoop/hadoop-hdfs-project/hadoop-hdfs/src/test/java/org/apache/hadoop/hdfs/server/namenode/TestFileTruncate.java,70
hadoop,org.apache.hadoop.hdfs.server.namenode,TestNameNodeXAttr,4,0,1,1,38,1,0,1,0.0,0,2,/Users/eashraf/hadoop/hadoop-hdfs-project/hadoop-hdfs/src/test/java/org/apache/hadoop/hdfs/server/namenode/TestNameNodeXAttr.java,27
hadoop,org.apache.hadoop.hdfs.server.namenode,TestEditLogRace,14,0,12,8,336,31,0,0,0.0,0,16,/Users/eashraf/hadoop/hadoop-hdfs-project/hadoop-hdfs/src/test/java/org/apache/hadoop/hdfs/server/namenode/TestEditLogRace.java,56
hadoop,org.apache.hadoop.hdfs.server.namenode,TestEditLogRace.Transactions,6,0,0,0,38,0,0,0,-1.0,0,1,/Users/eashraf/hadoop/hadoop-hdfs-project/hadoop-hdfs/src/test/java/org/apache/hadoop/hdfs/server/namenode/TestEditLogRace.java,102
hadoop,org.apache.hadoop.hdfs.server.namenode,TestCheckPointForSecurityTokens,6,0,3,1,113,7,0,0,0.0,0,10,/Users/eashraf/hadoop/hadoop-hdfs-project/hadoop-hdfs/src/test/java/org/apache/hadoop/hdfs/server/namenode/TestCheckPointForSecurityTokens.java,41
hadoop,org.apache.hadoop.hdfs.server.namenode,TestStoragePolicySummary,0,0,6,5,122,7,0,0,-1.0,0,4,/Users/eashraf/hadoop/hadoop-hdfs-project/hadoop-hdfs/src/test/java/org/apache/hadoop/hdfs/server/namenode/TestStoragePolicySummary.java,31
hadoop,org.apache.hadoop.hdfs.server.namenode,TestXAttrConfigFlag,4,1,9,6,81,11,0,0,0.0,0,8,/Users/eashraf/hadoop/hadoop-hdfs-project/hadoop-hdfs/src/test/java/org/apache/hadoop/hdfs/server/namenode/TestXAttrConfigFlag.java,35
hadoop,org.apache.hadoop.hdfs.server.namenode,TestCommitBlockSynchronization,3,0,7,5,102,8,0,0,0.0,0,13,/Users/eashraf/hadoop/hadoop-hdfs-project/hadoop-hdfs/src/test/java/org/apache/hadoop/hdfs/server/namenode/TestCommitBlockSynchronization.java,37
hadoop,org.apache.hadoop.hdfs.server.namenode,TestNameCache,0,0,2,1,45,9,0,0,-1.0,0,1,/Users/eashraf/hadoop/hadoop-hdfs-project/hadoop-hdfs/src/test/java/org/apache/hadoop/hdfs/server/namenode/TestNameCache.java,27
hadoop,org.apache.hadoop.hdfs.server.namenode,TestPathComponents,0,0,2,2,23,3,0,0,-1.0,0,3,/Users/eashraf/hadoop/hadoop-hdfs-project/hadoop-hdfs/src/test/java/org/apache/hadoop/hdfs/server/namenode/TestPathComponents.java,31
hadoop,org.apache.hadoop.hdfs.server.namenode,TestAddBlockRetry,7,1,5,5,73,8,0,0,0.0,0,11,/Users/eashraf/hadoop/hadoop-hdfs-project/hadoop-hdfs/src/test/java/org/apache/hadoop/hdfs/server/namenode/TestAddBlockRetry.java,53
hadoop,org.apache.hadoop.hdfs.server.namenode,TestNNStorageRetentionFunctional,2,0,2,1,66,3,0,0,0.0,0,5,/Users/eashraf/hadoop/hadoop-hdfs-project/hadoop-hdfs/src/test/java/org/apache/hadoop/hdfs/server/namenode/TestNNStorageRetentionFunctional.java,42
hadoop,org.apache.hadoop.hdfs.server.namenode,TestParallelImageWrite,1,0,2,2,89,4,0,0,0.0,1,10,/Users/eashraf/hadoop/hadoop-hdfs-project/hadoop-hdfs/src/test/java/org/apache/hadoop/hdfs/server/namenode/TestParallelImageWrite.java,42
hadoop,org.apache.hadoop.hdfs.server.namenode,TestCheckpoint,11,0,61,44,1680,107,0,0,0.08196721311475409,1,36,/Users/eashraf/hadoop/hadoop-hdfs-project/hadoop-hdfs/src/test/java/org/apache/hadoop/hdfs/server/namenode/TestCheckpoint.java,106
hadoop,org.apache.hadoop.hdfs.server.namenode,TestCheckpoint.DoCheckpointThread,2,0,0,0,23,0,0,0,-1.0,0,1,/Users/eashraf/hadoop/hadoop-hdfs-project/hadoop-hdfs/src/test/java/org/apache/hadoop/hdfs/server/namenode/TestCheckpoint.java,2520
hadoop,org.apache.hadoop.hdfs.server.namenode,NameNodeAdapter,0,0,28,28,155,32,0,0,-1.0,44,19,/Users/eashraf/hadoop/hadoop-hdfs-project/hadoop-hdfs/src/test/java/org/apache/hadoop/hdfs/server/namenode/NameNodeAdapter.java,51
hadoop,org.apache.hadoop.hdfs.server.namenode,TestDefaultBlockPlacementPolicy,6,0,5,4,54,8,0,0,0.0,0,11,/Users/eashraf/hadoop/hadoop-hdfs-project/hadoop-hdfs/src/test/java/org/apache/hadoop/hdfs/server/namenode/TestDefaultBlockPlacementPolicy.java,40
hadoop,org.apache.hadoop.hdfs.server.namenode,TestCacheDirectives,11,0,27,19,914,67,0,0,0.07407407407407407,0,35,/Users/eashraf/hadoop/hadoop-hdfs-project/hadoop-hdfs/src/test/java/org/apache/hadoop/hdfs/server/namenode/TestCacheDirectives.java,99
hadoop,org.apache.hadoop.hdfs.server.namenode,TestDiskspaceQuotaUpdate,8,0,5,5,111,6,0,0,0.0,0,13,/Users/eashraf/hadoop/hadoop-hdfs-project/hadoop-hdfs/src/test/java/org/apache/hadoop/hdfs/server/namenode/TestDiskspaceQuotaUpdate.java,39
hadoop,org.apache.hadoop.hdfs.server.namenode,TestBlockUnderConstruction,5,0,6,4,85,15,0,0,0.0,0,14,/Users/eashraf/hadoop/hadoop-hdfs-project/hadoop-hdfs/src/test/java/org/apache/hadoop/hdfs/server/namenode/TestBlockUnderConstruction.java,46
hadoop,org.apache.hadoop.hdfs.server.namenode,FSXAttrBaseTest,21,0,45,35,900,51,2,0,0.0,0,13,/Users/eashraf/hadoop/hadoop-hdfs-project/hadoop-hdfs/src/test/java/org/apache/hadoop/hdfs/server/namenode/FSXAttrBaseTest.java,63
hadoop,org.apache.hadoop.hdfs.server.namenode,TestTransferFsImage,2,0,4,4,121,5,0,0,1.0,0,9,/Users/eashraf/hadoop/hadoop-hdfs-project/hadoop-hdfs/src/test/java/org/apache/hadoop/hdfs/server/namenode/TestTransferFsImage.java,53
hadoop,org.apache.hadoop.hdfs.server.namenode,TestTransferFsImage.TestImageTransferServlet,1,0,0,0,21,0,0,0,-1.0,0,0,/Users/eashraf/hadoop/hadoop-hdfs-project/hadoop-hdfs/src/test/java/org/apache/hadoop/hdfs/server/namenode/TestTransferFsImage.java,187
hadoop,org.apache.hadoop.hdfs.server.namenode,TestAuditLogger,6,0,7,7,218,8,0,0,0.42857142857142855,0,10,/Users/eashraf/hadoop/hadoop-hdfs-project/hadoop-hdfs/src/test/java/org/apache/hadoop/hdfs/server/namenode/TestAuditLogger.java,57
hadoop,org.apache.hadoop.hdfs.server.namenode,TestAuditLogger.DummyAuditLogger,5,0,0,0,24,0,0,1,-1.0,0,0,/Users/eashraf/hadoop/hadoop-hdfs-project/hadoop-hdfs/src/test/java/org/apache/hadoop/hdfs/server/namenode/TestAuditLogger.java,279
hadoop,org.apache.hadoop.hdfs.server.namenode,TestAuditLogger.BrokenAuditLogger,0,0,0,0,7,0,0,1,-1.0,0,0,/Users/eashraf/hadoop/hadoop-hdfs-project/hadoop-hdfs/src/test/java/org/apache/hadoop/hdfs/server/namenode/TestAuditLogger.java,311
hadoop,org.apache.hadoop.hdfs.server.namenode,TestMetaSave,6,0,6,5,128,15,0,0,0.0,0,8,/Users/eashraf/hadoop/hadoop-hdfs-project/hadoop-hdfs/src/test/java/org/apache/hadoop/hdfs/server/namenode/TestMetaSave.java,44
hadoop,org.apache.hadoop.hdfs.server.namenode,TestEditLogAutoroll,7,0,4,4,57,8,0,0,0.0,0,8,/Users/eashraf/hadoop/hadoop-hdfs-project/hadoop-hdfs/src/test/java/org/apache/hadoop/hdfs/server/namenode/TestEditLogAutoroll.java,44
hadoop,org.apache.hadoop.hdfs.server.namenode,TestValidateConfigurationSettings,0,0,4,4,77,8,0,0,-1.0,0,8,/Users/eashraf/hadoop/hadoop-hdfs-project/hadoop-hdfs/src/test/java/org/apache/hadoop/hdfs/server/namenode/TestValidateConfigurationSettings.java,36
hadoop,org.apache.hadoop.hdfs.server.namenode,TestNNThroughputBenchmark,0,0,2,2,18,2,0,0,-1.0,0,7,/Users/eashraf/hadoop/hadoop-hdfs-project/hadoop-hdfs/src/test/java/org/apache/hadoop/hdfs/server/namenode/TestNNThroughputBenchmark.java,33
hadoop,org.apache.hadoop.hdfs.server.namenode,TestNameNodeOptionParsing,0,0,2,2,78,2,0,0,-1.0,0,3,/Users/eashraf/hadoop/hadoop-hdfs-project/hadoop-hdfs/src/test/java/org/apache/hadoop/hdfs/server/namenode/TestNameNodeOptionParsing.java,31
hadoop,org.apache.hadoop.hdfs.server.namenode,TestStartup,10,2,20,12,456,48,0,0,0.15,0,23,/Users/eashraf/hadoop/hadoop-hdfs-project/hadoop-hdfs/src/test/java/org/apache/hadoop/hdfs/server/namenode/TestStartup.java,72
hadoop,org.apache.hadoop.hdfs.server.namenode,TestBackupNode,5,1,12,6,277,29,0,0,0.0,0,17,/Users/eashraf/hadoop/hadoop-hdfs-project/hadoop-hdfs/src/test/java/org/apache/hadoop/hdfs/server/namenode/TestBackupNode.java,60
hadoop,org.apache.hadoop.hdfs.server.namenode,FileNameGenerator,6,0,7,0,51,12,0,0,0.0,4,0,/Users/eashraf/hadoop/hadoop-hdfs-project/hadoop-hdfs/src/test/java/org/apache/hadoop/hdfs/server/namenode/FileNameGenerator.java,22
hadoop,org.apache.hadoop.hdfs.server.namenode,TestAclTransformation,1,0,51,51,302,53,0,0,0.9607843137254902,0,1,/Users/eashraf/hadoop/hadoop-hdfs-project/hadoop-hdfs/src/test/java/org/apache/hadoop/hdfs/server/namenode/TestAclTransformation.java,40
hadoop,org.apache.hadoop.hdfs.server.namenode,TestSecondaryNameNodeUpgrade,0,0,5,4,61,11,0,0,-1.0,0,8,/Users/eashraf/hadoop/hadoop-hdfs-project/hadoop-hdfs/src/test/java/org/apache/hadoop/hdfs/server/namenode/TestSecondaryNameNodeUpgrade.java,41
hadoop,org.apache.hadoop.hdfs.server.namenode,TestAclConfigFlag,4,1,12,9,101,15,0,0,0.0,0,9,/Users/eashraf/hadoop/hadoop-hdfs-project/hadoop-hdfs/src/test/java/org/apache/hadoop/hdfs/server/namenode/TestAclConfigFlag.java,42
hadoop,org.apache.hadoop.hdfs.server.namenode,TestEditLogFileInputStream,1,0,1,1,19,1,0,0,0.0,0,7,/Users/eashraf/hadoop/hadoop-hdfs-project/hadoop-hdfs/src/test/java/org/apache/hadoop/hdfs/server/namenode/TestEditLogFileInputStream.java,38
hadoop,org.apache.hadoop.hdfs.server.namenode,TestFileContextXAttr,1,0,1,0,38,1,0,1,0.0,0,2,/Users/eashraf/hadoop/hadoop-hdfs-project/hadoop-hdfs/src/test/java/org/apache/hadoop/hdfs/server/namenode/TestFileContextXAttr.java,36
hadoop,org.apache.hadoop.hdfs.server.namenode,TestFileContextXAttr.FileContextFS,1,0,0,0,28,0,0,0,-1.0,0,1,/Users/eashraf/hadoop/hadoop-hdfs-project/hadoop-hdfs/src/test/java/org/apache/hadoop/hdfs/server/namenode/TestFileContextXAttr.java,48
hadoop,org.apache.hadoop.hdfs.server.namenode,TestSecondaryWebUi,3,0,3,3,28,5,0,0,0.0,0,4,/Users/eashraf/hadoop/hadoop-hdfs-project/hadoop-hdfs/src/test/java/org/apache/hadoop/hdfs/server/namenode/TestSecondaryWebUi.java,36
hadoop,org.apache.hadoop.hdfs.server.namenode,CreateEditsLog,5,1,4,1,125,25,0,0,0.0,2,10,/Users/eashraf/hadoop/hadoop-hdfs-project/hadoop-hdfs/src/test/java/org/apache/hadoop/hdfs/server/namenode/CreateEditsLog.java,30
hadoop,org.apache.hadoop.hdfs.server.namenode,TestINodeFile,6,1,39,25,762,61,0,0,0.20512820512820512,0,37,/Users/eashraf/hadoop/hadoop-hdfs-project/hadoop-hdfs/src/test/java/org/apache/hadoop/hdfs/server/namenode/TestINodeFile.java,72
hadoop,org.apache.hadoop.hdfs.server.namenode,TestNNStorageRetentionManager,6,0,15,11,279,20,0,0,0.2,0,5,/Users/eashraf/hadoop/hadoop-hdfs-project/hadoop-hdfs/src/test/java/org/apache/hadoop/hdfs/server/namenode/TestNNStorageRetentionManager.java,53
hadoop,org.apache.hadoop.hdfs.server.namenode,TestNNStorageRetentionManager.TestCaseDescription,5,0,0,0,80,0,0,0,-1.0,0,0,/Users/eashraf/hadoop/hadoop-hdfs-project/hadoop-hdfs/src/test/java/org/apache/hadoop/hdfs/server/namenode/TestNNStorageRetentionManager.java,277
hadoop,org.apache.hadoop.hdfs.server.namenode,TestNNStorageRetentionManager.FakeRoot,2,0,0,0,11,0,0,0,-1.0,0,0,/Users/eashraf/hadoop/hadoop-hdfs-project/hadoop-hdfs/src/test/java/org/apache/hadoop/hdfs/server/namenode/TestNNStorageRetentionManager.java,282
hadoop,org.apache.hadoop.hdfs.server.namenode,TestHostsFiles,1,0,3,2,86,4,0,0,0.0,0,9,/Users/eashraf/hadoop/hadoop-hdfs-project/hadoop-hdfs/src/test/java/org/apache/hadoop/hdfs/server/namenode/TestHostsFiles.java,40
hadoop,org.apache.hadoop.hdfs.server.namenode,TestNameNodeAcl,0,0,1,1,9,1,0,1,-1.0,0,0,/Users/eashraf/hadoop/hadoop-hdfs-project/hadoop-hdfs/src/test/java/org/apache/hadoop/hdfs/server/namenode/TestNameNodeAcl.java,23
hadoop,org.apache.hadoop.hdfs.server.namenode,TestNameNodeResourceChecker,4,0,7,7,134,11,0,0,0.0,0,5,/Users/eashraf/hadoop/hadoop-hdfs-project/hadoop-hdfs/src/test/java/org/apache/hadoop/hdfs/server/namenode/TestNameNodeResourceChecker.java,42
hadoop,org.apache.hadoop.hdfs.server.namenode,TestFSEditLogLoader,3,0,12,7,276,25,0,0,0.3333333333333333,0,16,/Users/eashraf/hadoop/hadoop-hdfs-project/hadoop-hdfs/src/test/java/org/apache/hadoop/hdfs/server/namenode/TestFSEditLogLoader.java,58
hadoop,org.apache.hadoop.hdfs.server.namenode,TestFSImageWithXAttr,9,0,6,4,71,7,0,0,0.0,0,6,/Users/eashraf/hadoop/hadoop-hdfs-project/hadoop-hdfs/src/test/java/org/apache/hadoop/hdfs/server/namenode/TestFSImageWithXAttr.java,37
hadoop,org.apache.hadoop.hdfs.server.namenode,TestProcessCorruptBlocks,0,0,6,4,162,11,0,0,-1.0,0,8,/Users/eashraf/hadoop/hadoop-hdfs-project/hadoop-hdfs/src/test/java/org/apache/hadoop/hdfs/server/namenode/TestProcessCorruptBlocks.java,38
hadoop,org.apache.hadoop.hdfs.server.namenode,TestNameNodeRpcServer,0,0,1,1,18,2,0,0,-1.0,0,2,/Users/eashraf/hadoop/hadoop-hdfs-project/hadoop-hdfs/src/test/java/org/apache/hadoop/hdfs/server/namenode/TestNameNodeRpcServer.java,37
hadoop,org.apache.hadoop.hdfs.server.namenode,TestHDFSConcat,7,1,9,8,274,21,0,0,0.0,0,13,/Users/eashraf/hadoop/hadoop-hdfs-project/hadoop-hdfs/src/test/java/org/apache/hadoop/hdfs/server/namenode/TestHDFSConcat.java,52
hadoop,org.apache.hadoop.hdfs.server.namenode,TestFSImageWithAcl,2,0,9,6,116,11,0,0,0.0,0,7,/Users/eashraf/hadoop/hadoop-hdfs-project/hadoop-hdfs/src/test/java/org/apache/hadoop/hdfs/server/namenode/TestFSImageWithAcl.java,44
hadoop,org.apache.hadoop.hdfs.server.namenode,TestStartupProgressServlet,5,0,6,4,57,6,0,0,0.0,0,3,/Users/eashraf/hadoop/hadoop-hdfs-project/hadoop-hdfs/src/test/java/org/apache/hadoop/hdfs/server/namenode/TestStartupProgressServlet.java,41
hadoop,org.apache.hadoop.hdfs.server.namenode,TestFSImage,1,0,6,5,142,10,0,0,0.6666666666666666,0,16,/Users/eashraf/hadoop/hadoop-hdfs-project/hadoop-hdfs/src/test/java/org/apache/hadoop/hdfs/server/namenode/TestFSImage.java,50
hadoop,org.apache.hadoop.hdfs.server.namenode,TestFSNamesystem,0,0,8,8,120,8,0,0,-1.0,0,14,/Users/eashraf/hadoop/hadoop-hdfs-project/hadoop-hdfs/src/test/java/org/apache/hadoop/hdfs/server/namenode/TestFSNamesystem.java,44
hadoop,org.apache.hadoop.hdfs.server.namenode,TestAuditLogs,14,0,16,11,228,21,0,0,0.125,0,11,/Users/eashraf/hadoop/hadoop-hdfs-project/hadoop-hdfs/src/test/java/org/apache/hadoop/hdfs/server/namenode/TestAuditLogs.java,64
hadoop,org.apache.hadoop.hdfs.server.namenode,TestEditLog,23,0,43,31,988,99,0,0,0.2558139534883721,2,27,/Users/eashraf/hadoop/hadoop-hdfs-project/hadoop-hdfs/src/test/java/org/apache/hadoop/hdfs/server/namenode/TestEditLog.java,94
hadoop,org.apache.hadoop.hdfs.server.namenode,TestEditLog.GarbageMkdirOp,0,0,0,0,25,0,0,1,-1.0,0,1,/Users/eashraf/hadoop/hadoop-hdfs-project/hadoop-hdfs/src/test/java/org/apache/hadoop/hdfs/server/namenode/TestEditLog.java,103
hadoop,org.apache.hadoop.hdfs.server.namenode,TestEditLog.Transactions,5,0,0,0,23,0,0,0,-1.0,0,2,/Users/eashraf/hadoop/hadoop-hdfs-project/hadoop-hdfs/src/test/java/org/apache/hadoop/hdfs/server/namenode/TestEditLog.java,186
hadoop,org.apache.hadoop.hdfs.server.namenode,TestEditLog.EditLogByteInputStream,5,0,0,0,50,0,0,1,-1.0,0,3,/Users/eashraf/hadoop/hadoop-hdfs-project/hadoop-hdfs/src/test/java/org/apache/hadoop/hdfs/server/namenode/TestEditLog.java,861
hadoop,org.apache.hadoop.hdfs.server.namenode,TestEditLog.AbortSpec,2,0,0,0,16,0,0,0,-1.0,0,0,/Users/eashraf/hadoop/hadoop-hdfs-project/hadoop-hdfs/src/test/java/org/apache/hadoop/hdfs/server/namenode/TestEditLog.java,1098
hadoop,org.apache.hadoop.hdfs.server.namenode,TestFileLimit,3,0,5,4,141,9,0,0,0.6,0,10,/Users/eashraf/hadoop/hadoop-hdfs-project/hadoop-hdfs/src/test/java/org/apache/hadoop/hdfs/server/namenode/TestFileLimit.java,38
hadoop,org.apache.hadoop.hdfs.server.namenode,TestFSNamesystemMBean,1,0,2,2,79,5,0,0,1.0,0,3,/Users/eashraf/hadoop/hadoop-hdfs-project/hadoop-hdfs/src/test/java/org/apache/hadoop/hdfs/server/namenode/TestFSNamesystemMBean.java,38
hadoop,org.apache.hadoop.hdfs.server.namenode,TestFSNamesystemMBean.MBeanClient,1,0,0,0,27,0,0,0,-1.0,0,0,/Users/eashraf/hadoop/hadoop-hdfs-project/hadoop-hdfs/src/test/java/org/apache/hadoop/hdfs/server/namenode/TestFSNamesystemMBean.java,43
hadoop,org.apache.hadoop.hdfs.server.namenode,FSEditLogTestUtil,1,0,2,2,13,2,0,0,1.0,2,4,/Users/eashraf/hadoop/hadoop-hdfs-project/hadoop-hdfs/src/contrib/bkjournal/src/test/java/org/apache/hadoop/hdfs/server/namenode/FSEditLogTestUtil.java,23
hadoop,org.apache.hadoop.hdfs.server.namenode,FSNamesystemLock,1,0,6,5,24,6,0,0,0.0,2,0,/Users/eashraf/hadoop/hadoop-hdfs-project/hadoop-hdfs/src/main/java/org/apache/hadoop/hdfs/server/namenode/FSNamesystemLock.java,29
hadoop,org.apache.hadoop.hdfs.server.namenode,SecondaryNameNode,29,1,35,20,682,70,0,2,0.08571428571428572,13,36,/Users/eashraf/hadoop/hadoop-hdfs-project/hadoop-hdfs/src/main/java/org/apache/hadoop/hdfs/server/namenode/SecondaryNameNode.java,86
hadoop,org.apache.hadoop.hdfs.server.namenode,SecondaryNameNode.CommandLineOpts,9,0,0,0,72,0,0,0,-1.0,0,1,/Users/eashraf/hadoop/hadoop-hdfs-project/hadoop-hdfs/src/main/java/org/apache/hadoop/hdfs/server/namenode/SecondaryNameNode.java,743
hadoop,org.apache.hadoop.hdfs.server.namenode,SecondaryNameNode.Command,0,0,0,0,1,0,0,0,-1.0,0,0,/Users/eashraf/hadoop/hadoop-hdfs-project/hadoop-hdfs/src/main/java/org/apache/hadoop/hdfs/server/namenode/SecondaryNameNode.java,757
hadoop,org.apache.hadoop.hdfs.server.namenode,SecondaryNameNode.CheckpointStorage,3,0,0,0,133,0,0,1,-1.0,0,3,/Users/eashraf/hadoop/hadoop-hdfs-project/hadoop-hdfs/src/main/java/org/apache/hadoop/hdfs/server/namenode/SecondaryNameNode.java,856
hadoop,org.apache.hadoop.hdfs.server.namenode,SecondaryNameNode.CheckpointLogPurger,2,0,0,0,33,0,0,1,-1.0,0,2,/Users/eashraf/hadoop/hadoop-hdfs-project/hadoop-hdfs/src/main/java/org/apache/hadoop/hdfs/server/namenode/SecondaryNameNode.java,859
hadoop,org.apache.hadoop.hdfs.server.namenode,LeaseExpiredException,1,0,1,1,9,1,0,0,0.0,2,0,/Users/eashraf/hadoop/hadoop-hdfs-project/hadoop-hdfs/src/main/java/org/apache/hadoop/hdfs/server/namenode/LeaseExpiredException.java,26
hadoop,org.apache.hadoop.hdfs.server.namenode,CheckpointSignature,5,0,16,10,91,18,0,0,0.1875,16,2,/Users/eashraf/hadoop/hadoop-hdfs-project/hadoop-hdfs/src/main/java/org/apache/hadoop/hdfs/server/namenode/CheckpointSignature.java,28
hadoop,org.apache.hadoop.hdfs.server.namenode,TransferFsImage,13,3,17,6,392,64,0,0,0.0,12,16,/Users/eashraf/hadoop/hadoop-hdfs-project/hadoop-hdfs/src/main/java/org/apache/hadoop/hdfs/server/namenode/TransferFsImage.java,68
hadoop,org.apache.hadoop.hdfs.server.namenode,TransferFsImage.HttpGetFailedException,2,0,0,0,11,0,0,0,-1.0,0,0,/Users/eashraf/hadoop/hadoop-hdfs-project/hadoop-hdfs/src/main/java/org/apache/hadoop/hdfs/server/namenode/TransferFsImage.java,595
hadoop,org.apache.hadoop.hdfs.server.namenode,TransferFsImage.HttpPutFailedException,2,0,0,0,11,0,0,0,-1.0,0,0,/Users/eashraf/hadoop/hadoop-hdfs-project/hadoop-hdfs/src/main/java/org/apache/hadoop/hdfs/server/namenode/TransferFsImage.java,609
hadoop,org.apache.hadoop.hdfs.server.namenode,INodeFile,3,0,66,52,645,137,0,3,0.09090909090909091,39,19,/Users/eashraf/hadoop/hadoop-hdfs-project/hadoop-hdfs/src/main/java/org/apache/hadoop/hdfs/server/namenode/INodeFile.java,52
hadoop,org.apache.hadoop.hdfs.server.namenode,INodeFile.HeaderFormat,1,0,0,0,27,0,0,0,-1.0,0,2,/Users/eashraf/hadoop/hadoop-hdfs-project/hadoop-hdfs/src/main/java/org/apache/hadoop/hdfs/server/namenode/INodeFile.java,79
hadoop,org.apache.hadoop.hdfs.server.namenode,QuotaByStorageTypeEntry,4,0,6,5,50,8,0,0,0.0,2,2,/Users/eashraf/hadoop/hadoop-hdfs-project/hadoop-hdfs/src/main/java/org/apache/hadoop/hdfs/server/namenode/QuotaByStorageTypeEntry.java,24
hadoop,org.apache.hadoop.hdfs.server.namenode,QuotaByStorageTypeEntry.Builder,2,0,0,0,15,0,0,0,-1.0,0,1,/Users/eashraf/hadoop/hadoop-hdfs-project/hadoop-hdfs/src/main/java/org/apache/hadoop/hdfs/server/namenode/QuotaByStorageTypeEntry.java,63
hadoop,org.apache.hadoop.hdfs.server.namenode,FSNamesystem,91,5,365,138,5725,761,0,2,0.01643835616438356,135,128,/Users/eashraf/hadoop/hadoop-hdfs-project/hadoop-hdfs/src/main/java/org/apache/hadoop/hdfs/server/namenode/FSNamesystem.java,294
hadoop,org.apache.hadoop.hdfs.server.namenode,FSNamesystem.GetBlockLocationsResult,2,0,0,0,11,0,0,0,-1.0,0,2,/Users/eashraf/hadoop/hadoop-hdfs-project/hadoop-hdfs/src/main/java/org/apache/hadoop/hdfs/server/namenode/FSNamesystem.java,1677
hadoop,org.apache.hadoop.hdfs.server.namenode,FSNamesystem.RecoverLeaseOp,0,0,0,0,4,0,0,0,-1.0,0,0,/Users/eashraf/hadoop/hadoop-hdfs-project/hadoop-hdfs/src/main/java/org/apache/hadoop/hdfs/server/namenode/FSNamesystem.java,2745
hadoop,org.apache.hadoop.hdfs.server.namenode,FSNamesystem.FileState,3,3,0,0,10,0,0,0,-1.0,0,2,/Users/eashraf/hadoop/hadoop-hdfs-project/hadoop-hdfs/src/main/java/org/apache/hadoop/hdfs/server/namenode/FSNamesystem.java,3042
hadoop,org.apache.hadoop.hdfs.server.namenode,FSNamesystem.NameNodeResourceMonitor,1,0,0,0,34,0,0,0,-1.0,0,1,/Users/eashraf/hadoop/hadoop-hdfs-project/hadoop-hdfs/src/main/java/org/apache/hadoop/hdfs/server/namenode/FSNamesystem.java,4499
hadoop,org.apache.hadoop.hdfs.server.namenode,FSNamesystem.NameNodeEditLogRoller,3,0,0,0,34,0,0,0,-1.0,0,1,/Users/eashraf/hadoop/hadoop-hdfs-project/hadoop-hdfs/src/main/java/org/apache/hadoop/hdfs/server/namenode/FSNamesystem.java,4537
hadoop,org.apache.hadoop.hdfs.server.namenode,FSNamesystem.LazyPersistFileScrubber,2,0,0,0,56,0,0,0,-1.0,0,1,/Users/eashraf/hadoop/hadoop-hdfs-project/hadoop-hdfs/src/main/java/org/apache/hadoop/hdfs/server/namenode/FSNamesystem.java,4580
hadoop,org.apache.hadoop.hdfs.server.namenode,FSNamesystem.SafeModeInfo,14,0,0,0,357,0,0,0,-1.0,0,3,/Users/eashraf/hadoop/hadoop-hdfs-project/hadoop-hdfs/src/main/java/org/apache/hadoop/hdfs/server/namenode/FSNamesystem.java,4951
hadoop,org.apache.hadoop.hdfs.server.namenode,FSNamesystem.SafeModeMonitor,1,0,0,0,37,0,0,0,-1.0,0,0,/Users/eashraf/hadoop/hadoop-hdfs-project/hadoop-hdfs/src/main/java/org/apache/hadoop/hdfs/server/namenode/FSNamesystem.java,5434
hadoop,org.apache.hadoop.hdfs.server.namenode,FSNamesystem.CorruptFileBlockInfo,2,0,0,0,11,0,0,0,-1.0,0,1,/Users/eashraf/hadoop/hadoop-hdfs-project/hadoop-hdfs/src/main/java/org/apache/hadoop/hdfs/server/namenode/FSNamesystem.java,6361
hadoop,org.apache.hadoop.hdfs.server.namenode,FSNamesystem.DefaultAuditLogger,1,0,0,0,50,0,0,2,-1.0,0,1,/Users/eashraf/hadoop/hadoop-hdfs-project/hadoop-hdfs/src/main/java/org/apache/hadoop/hdfs/server/namenode/FSNamesystem.java,8045
hadoop,org.apache.hadoop.hdfs.server.namenode,SerialNumberManager,6,0,5,0,62,5,0,0,0.6,3,0,/Users/eashraf/hadoop/hadoop-hdfs-project/hadoop-hdfs/src/main/java/org/apache/hadoop/hdfs/server/namenode/SerialNumberManager.java,25
hadoop,org.apache.hadoop.hdfs.server.namenode,SerialNumberManager.SerialNumberMap,3,0,0,0,33,0,0,0,-1.0,0,0,/Users/eashraf/hadoop/hadoop-hdfs-project/hadoop-hdfs/src/main/java/org/apache/hadoop/hdfs/server/namenode/SerialNumberManager.java,45
hadoop,org.apache.hadoop.hdfs.server.namenode,InotifyFSEditLogOpTranslator,0,0,2,1,60,21,0,0,-1.0,1,2,/Users/eashraf/hadoop/hadoop-hdfs-project/hadoop-hdfs/src/main/java/org/apache/hadoop/hdfs/server/namenode/InotifyFSEditLogOpTranslator.java,29
hadoop,org.apache.hadoop.hdfs.server.namenode,QuotaCounts,4,0,19,15,120,22,0,0,0.10526315789473684,28,3,/Users/eashraf/hadoop/hadoop-hdfs-project/hadoop-hdfs/src/main/java/org/apache/hadoop/hdfs/server/namenode/QuotaCounts.java,24
hadoop,org.apache.hadoop.hdfs.server.namenode,QuotaCounts.Builder,2,0,0,0,34,0,0,0,-1.0,0,2,/Users/eashraf/hadoop/hadoop-hdfs-project/hadoop-hdfs/src/main/java/org/apache/hadoop/hdfs/server/namenode/QuotaCounts.java,34
hadoop,org.apache.hadoop.hdfs.server.namenode,FSImageFormatProtobuf,24,1,2,0,381,2,0,0,1.0,12,13,/Users/eashraf/hadoop/hadoop-hdfs-project/hadoop-hdfs/src/main/java/org/apache/hadoop/hdfs/server/namenode/FSImageFormatProtobuf.java,71
hadoop,org.apache.hadoop.hdfs.server.namenode,FSImageFormatProtobuf.LoaderContext,2,0,0,0,10,0,0,0,-1.0,0,0,/Users/eashraf/hadoop/hadoop-hdfs-project/hadoop-hdfs/src/main/java/org/apache/hadoop/hdfs/server/namenode/FSImageFormatProtobuf.java,78
hadoop,org.apache.hadoop.hdfs.server.namenode,FSImageFormatProtobuf.SaverContext,3,0,0,0,36,0,0,0,-1.0,0,0,/Users/eashraf/hadoop/hadoop-hdfs-project/hadoop-hdfs/src/main/java/org/apache/hadoop/hdfs/server/namenode/FSImageFormatProtobuf.java,91
hadoop,org.apache.hadoop.hdfs.server.namenode,FSImageFormatProtobuf.DeduplicationMap,1,0,0,0,26,0,0,0,-1.0,0,0,/Users/eashraf/hadoop/hadoop-hdfs-project/hadoop-hdfs/src/main/java/org/apache/hadoop/hdfs/server/namenode/FSImageFormatProtobuf.java,92
hadoop,org.apache.hadoop.hdfs.server.namenode,FSImageFormatProtobuf.Loader,7,0,0,0,161,0,0,1,-1.0,0,9,/Users/eashraf/hadoop/hadoop-hdfs-project/hadoop-hdfs/src/main/java/org/apache/hadoop/hdfs/server/namenode/FSImageFormatProtobuf.java,135
hadoop,org.apache.hadoop.hdfs.server.namenode,FSImageFormatProtobuf.Saver,9,1,0,0,148,0,0,0,-1.0,0,9,/Users/eashraf/hadoop/hadoop-hdfs-project/hadoop-hdfs/src/main/java/org/apache/hadoop/hdfs/server/namenode/FSImageFormatProtobuf.java,352
hadoop,org.apache.hadoop.hdfs.server.namenode,FSImageFormatProtobuf.SectionName,2,0,0,0,15,0,0,0,-1.0,0,0,/Users/eashraf/hadoop/hadoop-hdfs-project/hadoop-hdfs/src/main/java/org/apache/hadoop/hdfs/server/namenode/FSImageFormatProtobuf.java,572
hadoop,org.apache.hadoop.hdfs.server.namenode,MetaRecoveryContext,6,4,6,6,89,17,0,0,0.0,6,0,/Users/eashraf/hadoop/hadoop-hdfs-project/hadoop-hdfs/src/main/java/org/apache/hadoop/hdfs/server/namenode/MetaRecoveryContext.java,28
hadoop,org.apache.hadoop.hdfs.server.namenode,MetaRecoveryContext.RequestStopException,1,0,0,0,9,0,0,0,-1.0,0,0,/Users/eashraf/hadoop/hadoop-hdfs-project/hadoop-hdfs/src/main/java/org/apache/hadoop/hdfs/server/namenode/MetaRecoveryContext.java,38
hadoop,org.apache.hadoop.hdfs.server.namenode,FSImageStorageInspector,3,0,5,0,49,5,2,0,1.0,3,1,/Users/eashraf/hadoop/hadoop-hdfs-project/hadoop-hdfs/src/main/java/org/apache/hadoop/hdfs/server/namenode/FSImageStorageInspector.java,29
hadoop,org.apache.hadoop.hdfs.server.namenode,FSImageStorageInspector.FSImageFile,3,0,0,0,23,0,0,0,-1.0,0,1,/Users/eashraf/hadoop/hadoop-hdfs-project/hadoop-hdfs/src/main/java/org/apache/hadoop/hdfs/server/namenode/FSImageStorageInspector.java,63
hadoop,org.apache.hadoop.hdfs.server.namenode,INodeWithAdditionalFields,9,0,35,16,260,51,3,2,0.08571428571428572,2,9,/Users/eashraf/hadoop/hadoop-hdfs-project/hadoop-hdfs/src/main/java/org/apache/hadoop/hdfs/server/namenode/INodeWithAdditionalFields.java,29
hadoop,org.apache.hadoop.hdfs.server.namenode,INodeWithAdditionalFields.PermissionStatusFormat,1,0,0,0,29,0,0,0,-1.0,0,2,/Users/eashraf/hadoop/hadoop-hdfs-project/hadoop-hdfs/src/main/java/org/apache/hadoop/hdfs/server/namenode/INodeWithAdditionalFields.java,36
hadoop,org.apache.hadoop.hdfs.server.namenode,NameNodeStatusMXBean,0,0,5,5,30,5,1,0,-1.0,0,0,/Users/eashraf/hadoop/hadoop-hdfs-project/hadoop-hdfs/src/main/java/org/apache/hadoop/hdfs/server/namenode/NameNodeStatusMXBean.java,23
hadoop,org.apache.hadoop.hdfs.server.namenode,FSImageSerialization,7,0,42,22,538,95,0,0,0.2857142857142857,6,31,/Users/eashraf/hadoop/hadoop-hdfs-project/hadoop-hdfs/src/main/java/org/apache/hadoop/hdfs/server/namenode/FSImageSerialization.java,55
hadoop,org.apache.hadoop.hdfs.server.namenode,FSImageSerialization.TLData,6,0,0,0,11,0,0,0,-1.0,0,6,/Users/eashraf/hadoop/hadoop-hdfs-project/hadoop-hdfs/src/main/java/org/apache/hadoop/hdfs/server/namenode/FSImageSerialization.java,83
hadoop,org.apache.hadoop.hdfs.server.namenode,EditLogFileOutputStream,9,1,17,15,183,28,0,1,0.0,10,7,/Users/eashraf/hadoop/hadoop-hdfs-project/hadoop-hdfs/src/main/java/org/apache/hadoop/hdfs/server/namenode/EditLogFileOutputStream.java,39
hadoop,org.apache.hadoop.hdfs.server.namenode,INode,3,1,87,59,583,105,6,1,0.3218390804597701,58,18,/Users/eashraf/hadoop/hadoop-hdfs-project/hadoop-hdfs/src/main/java/org/apache/hadoop/hdfs/server/namenode/INode.java,47
hadoop,org.apache.hadoop.hdfs.server.namenode,INode.BlocksMapUpdateInfo,1,0,0,0,36,0,0,0,-1.0,0,0,/Users/eashraf/hadoop/hadoop-hdfs-project/hadoop-hdfs/src/main/java/org/apache/hadoop/hdfs/server/namenode/INode.java,795
hadoop,org.apache.hadoop.hdfs.server.namenode,INode.Feature,0,0,0,0,5,0,0,0,-1.0,0,0,/Users/eashraf/hadoop/hadoop-hdfs-project/hadoop-hdfs/src/main/java/org/apache/hadoop/hdfs/server/namenode/INode.java,838
hadoop,org.apache.hadoop.hdfs.server.namenode,SecondaryNameNodeInfoMXBean,0,0,5,5,25,5,1,1,-1.0,0,0,/Users/eashraf/hadoop/hadoop-hdfs-project/hadoop-hdfs/src/main/java/org/apache/hadoop/hdfs/server/namenode/SecondaryNameNodeInfoMXBean.java,23
hadoop,org.apache.hadoop.hdfs.server.namenode,StoragePolicySummary,6,0,6,2,167,19,0,0,0.3333333333333333,2,2,/Users/eashraf/hadoop/hadoop-hdfs-project/hadoop-hdfs/src/main/java/org/apache/hadoop/hdfs/server/namenode/StoragePolicySummary.java,37
hadoop,org.apache.hadoop.hdfs.server.namenode,StoragePolicySummary.StorageTypeAllocation,3,0,0,0,70,0,0,0,-1.0,0,2,/Users/eashraf/hadoop/hadoop-hdfs-project/hadoop-hdfs/src/main/java/org/apache/hadoop/hdfs/server/namenode/StoragePolicySummary.java,161
hadoop,org.apache.hadoop.hdfs.server.namenode,EditsDoubleBuffer,6,0,14,12,102,15,0,0,0.0,4,3,/Users/eashraf/hadoop/hadoop-hdfs-project/hadoop-hdfs/src/main/java/org/apache/hadoop/hdfs/server/namenode/EditsDoubleBuffer.java,31
hadoop,org.apache.hadoop.hdfs.server.namenode,EditsDoubleBuffer.TxnBuffer,3,0,0,0,26,0,0,0,-1.0,0,2,/Users/eashraf/hadoop/hadoop-hdfs-project/hadoop-hdfs/src/main/java/org/apache/hadoop/hdfs/server/namenode/EditsDoubleBuffer.java,132
hadoop,org.apache.hadoop.hdfs.server.namenode,FSDirAttrOp,0,0,17,0,329,57,0,0,-1.0,2,21,/Users/eashraf/hadoop/hadoop-hdfs-project/hadoop-hdfs/src/main/java/org/apache/hadoop/hdfs/server/namenode/FSDirAttrOp.java,49
hadoop,org.apache.hadoop.hdfs.server.namenode,CachedBlock,5,0,19,19,158,40,0,0,0.10526315789473684,5,1,/Users/eashraf/hadoop/hadoop-hdfs-project/hadoop-hdfs/src/main/java/org/apache/hadoop/hdfs/server/namenode/CachedBlock.java,33
hadoop,org.apache.hadoop.hdfs.server.namenode,CachePool,12,0,29,24,190,34,0,0,0.13793103448275862,5,6,/Users/eashraf/hadoop/hadoop-hdfs-project/hadoop-hdfs/src/main/java/org/apache/hadoop/hdfs/server/namenode/CachePool.java,39
hadoop,org.apache.hadoop.hdfs.server.namenode,CachePool.DirectiveList,1,0,0,0,9,0,0,0,-1.0,0,1,/Users/eashraf/hadoop/hadoop-hdfs-project/hadoop-hdfs/src/main/java/org/apache/hadoop/hdfs/server/namenode/CachePool.java,86
hadoop,org.apache.hadoop.hdfs.server.namenode,BackupImage,4,0,13,1,237,39,0,1,0.23076923076923078,3,10,/Users/eashraf/hadoop/hadoop-hdfs-project/hadoop-hdfs/src/main/java/org/apache/hadoop/hdfs/server/namenode/BackupImage.java,36
hadoop,org.apache.hadoop.hdfs.server.namenode,BackupImage.BNState,0,0,0,0,10,0,0,0,-1.0,0,0,/Users/eashraf/hadoop/hadoop-hdfs-project/hadoop-hdfs/src/main/java/org/apache/hadoop/hdfs/server/namenode/BackupImage.java,58
hadoop,org.apache.hadoop.hdfs.server.namenode,XAttrPermissionFilter,0,0,3,0,53,15,0,0,-1.0,1,3,/Users/eashraf/hadoop/hadoop-hdfs-project/hadoop-hdfs/src/main/java/org/apache/hadoop/hdfs/server/namenode/XAttrPermissionFilter.java,33
hadoop,org.apache.hadoop.hdfs.server.namenode,SafeMode,0,0,6,6,30,6,1,0,-1.0,0,1,/Users/eashraf/hadoop/hadoop-hdfs-project/hadoop-hdfs/src/main/java/org/apache/hadoop/hdfs/server/namenode/SafeMode.java,23
hadoop,org.apache.hadoop.hdfs.server.namenode,XAttrStorage,1,0,3,3,55,8,0,0,1.0,3,3,/Users/eashraf/hadoop/hadoop-hdfs-project/hadoop-hdfs/src/main/java/org/apache/hadoop/hdfs/server/namenode/XAttrStorage.java,31
hadoop,org.apache.hadoop.hdfs.server.namenode,StreamLimiter,0,0,2,2,13,2,1,0,-1.0,2,0,/Users/eashraf/hadoop/hadoop-hdfs-project/hadoop-hdfs/src/main/java/org/apache/hadoop/hdfs/server/namenode/StreamLimiter.java,20
hadoop,org.apache.hadoop.hdfs.server.namenode,NameNodeHttpServer,10,3,16,2,147,28,0,0,0.125,9,17,/Users/eashraf/hadoop/hadoop-hdfs-project/hadoop-hdfs/src/main/java/org/apache/hadoop/hdfs/server/namenode/NameNodeHttpServer.java,44
hadoop,org.apache.hadoop.hdfs.server.namenode,SaveNamespaceCancelledException,1,0,1,0,6,1,0,0,0.0,1,0,/Users/eashraf/hadoop/hadoop-hdfs-project/hadoop-hdfs/src/main/java/org/apache/hadoop/hdfs/server/namenode/SaveNamespaceCancelledException.java,23
hadoop,org.apache.hadoop.hdfs.server.namenode,FSDirDeleteOp,0,0,7,0,151,24,0,0,-1.0,3,10,/Users/eashraf/hadoop/hadoop-hdfs-project/hadoop-hdfs/src/main/java/org/apache/hadoop/hdfs/server/namenode/FSDirDeleteOp.java,32
hadoop,org.apache.hadoop.hdfs.server.namenode,DfsServlet,2,0,3,0,46,6,2,0,1.0,0,6,/Users/eashraf/hadoop/hadoop-hdfs-project/hadoop-hdfs/src/main/java/org/apache/hadoop/hdfs/server/namenode/DfsServlet.java,37
hadoop,org.apache.hadoop.hdfs.server.namenode,FSEditLogLoader,11,0,16,2,856,145,0,0,0.125,12,36,/Users/eashraf/hadoop/hadoop-hdfs-project/hadoop-hdfs/src/main/java/org/apache/hadoop/hdfs/server/namenode/FSEditLogLoader.java,106
hadoop,org.apache.hadoop.hdfs.server.namenode,FSEditLogLoader.EditLogValidation,3,0,0,0,19,0,0,0,-1.0,0,0,/Users/eashraf/hadoop/hadoop-hdfs-project/hadoop-hdfs/src/main/java/org/apache/hadoop/hdfs/server/namenode/FSEditLogLoader.java,1165
hadoop,org.apache.hadoop.hdfs.server.namenode,FSEditLogLoader.PositionTrackingInputStream,3,0,0,0,65,0,0,1,-1.0,0,0,/Users/eashraf/hadoop/hadoop-hdfs-project/hadoop-hdfs/src/main/java/org/apache/hadoop/hdfs/server/namenode/FSEditLogLoader.java,1184
hadoop,org.apache.hadoop.hdfs.server.namenode,FSDirAclOp,0,0,9,0,176,16,0,0,-1.0,2,14,/Users/eashraf/hadoop/hadoop-hdfs-project/hadoop-hdfs/src/main/java/org/apache/hadoop/hdfs/server/namenode/FSDirAclOp.java,35
hadoop,org.apache.hadoop.hdfs.server.namenode,INodeAttributes,6,0,10,10,110,10,6,0,-1.0,7,2,/Users/eashraf/hadoop/hadoop-hdfs-project/hadoop-hdfs/src/main/java/org/apache/hadoop/hdfs/server/namenode/INodeAttributes.java,26
hadoop,org.apache.hadoop.hdfs.server.namenode,INodeAttributes.SnapshotCopy,6,0,0,0,65,0,0,1,-1.0,0,2,/Users/eashraf/hadoop/hadoop-hdfs-project/hadoop-hdfs/src/main/java/org/apache/hadoop/hdfs/server/namenode/INodeAttributes.java,64
hadoop,org.apache.hadoop.hdfs.server.namenode,SafeModeException,1,0,1,1,9,1,0,0,0.0,6,1,/Users/eashraf/hadoop/hadoop-hdfs-project/hadoop-hdfs/src/main/java/org/apache/hadoop/hdfs/server/namenode/SafeModeException.java,26
hadoop,org.apache.hadoop.hdfs.server.namenode,FSImagePreTransactionalStorageInspector,11,0,10,0,148,30,0,1,0.2,2,4,/Users/eashraf/hadoop/hadoop-hdfs-project/hadoop-hdfs/src/main/java/org/apache/hadoop/hdfs/server/namenode/FSImagePreTransactionalStorageInspector.java,43
hadoop,org.apache.hadoop.hdfs.server.namenode,FSDirSymlinkOp,0,0,3,0,72,13,0,0,-1.0,2,11,/Users/eashraf/hadoop/hadoop-hdfs-project/hadoop-hdfs/src/main/java/org/apache/hadoop/hdfs/server/namenode/FSDirSymlinkOp.java,34
hadoop,org.apache.hadoop.hdfs.server.namenode,AclFeature,3,1,8,6,48,10,0,2,0.25,14,1,/Users/eashraf/hadoop/hadoop-hdfs-project/hadoop-hdfs/src/main/java/org/apache/hadoop/hdfs/server/namenode/AclFeature.java,30
hadoop,org.apache.hadoop.hdfs.server.namenode,EditLogBackupInputStream,6,0,15,10,92,15,0,1,0.3333333333333333,1,3,/Users/eashraf/hadoop/hadoop-hdfs-project/hadoop-hdfs/src/main/java/org/apache/hadoop/hdfs/server/namenode/EditLogBackupInputStream.java,27
hadoop,org.apache.hadoop.hdfs.server.namenode,EditLogBackupInputStream.ByteBufferInputStream,0,0,0,0,20,0,0,0,-1.0,0,0,/Users/eashraf/hadoop/hadoop-hdfs-project/hadoop-hdfs/src/main/java/org/apache/hadoop/hdfs/server/namenode/EditLogBackupInputStream.java,43
hadoop,org.apache.hadoop.hdfs.server.namenode,FSDirSnapshotOp,0,0,10,0,165,22,0,0,-1.0,3,13,/Users/eashraf/hadoop/hadoop-hdfs-project/hadoop-hdfs/src/main/java/org/apache/hadoop/hdfs/server/namenode/FSDirSnapshotOp.java,37
hadoop,org.apache.hadoop.hdfs.server.namenode,NNStorage,11,0,68,25,701,126,0,0,0.14705882352941177,44,19,/Users/eashraf/hadoop/hadoop-hdfs-project/hadoop-hdfs/src/main/java/org/apache/hadoop/hdfs/server/namenode/NNStorage.java,60
hadoop,org.apache.hadoop.hdfs.server.namenode,NNStorage.NameNodeFile,1,0,0,0,8,0,0,0,-1.0,0,0,/Users/eashraf/hadoop/hadoop-hdfs-project/hadoop-hdfs/src/main/java/org/apache/hadoop/hdfs/server/namenode/NNStorage.java,73
hadoop,org.apache.hadoop.hdfs.server.namenode,NNStorage.NameNodeDirType,0,0,0,0,11,0,0,0,-1.0,0,0,/Users/eashraf/hadoop/hadoop-hdfs-project/hadoop-hdfs/src/main/java/org/apache/hadoop/hdfs/server/namenode/NNStorage.java,91
hadoop,org.apache.hadoop.hdfs.server.namenode,FSDirectory,33,6,114,21,1194,200,0,0,0.07017543859649122,50,44,/Users/eashraf/hadoop/hadoop-hdfs-project/hadoop-hdfs/src/main/java/org/apache/hadoop/hdfs/server/namenode/FSDirectory.java,92
hadoop,org.apache.hadoop.hdfs.server.namenode,BackupJournalManager,2,0,19,18,61,19,0,2,0.8947368421052632,1,7,/Users/eashraf/hadoop/hadoop-hdfs-project/hadoop-hdfs/src/main/java/org/apache/hadoop/hdfs/server/namenode/BackupJournalManager.java,29
hadoop,org.apache.hadoop.hdfs.server.namenode,JournalSet,11,1,38,28,519,71,0,2,0.47368421052631576,4,10,/Users/eashraf/hadoop/hadoop-hdfs-project/hadoop-hdfs/src/main/java/org/apache/hadoop/hdfs/server/namenode/JournalSet.java,50
hadoop,org.apache.hadoop.hdfs.server.namenode,JournalSet.JournalAndStream,5,0,0,0,81,0,0,1,-1.0,0,2,/Users/eashraf/hadoop/hadoop-hdfs-project/hadoop-hdfs/src/main/java/org/apache/hadoop/hdfs/server/namenode/JournalSet.java,82
hadoop,org.apache.hadoop.hdfs.server.namenode,JournalSet.JournalClosure,0,0,0,0,11,0,0,0,-1.0,0,0,/Users/eashraf/hadoop/hadoop-hdfs-project/hadoop-hdfs/src/main/java/org/apache/hadoop/hdfs/server/namenode/JournalSet.java,365
hadoop,org.apache.hadoop.hdfs.server.namenode,JournalSet.JournalSetOutputStream,0,0,0,0,100,0,0,1,-1.0,0,0,/Users/eashraf/hadoop/hadoop-hdfs-project/hadoop-hdfs/src/main/java/org/apache/hadoop/hdfs/server/namenode/JournalSet.java,434
hadoop,org.apache.hadoop.hdfs.server.namenode,INodeSymlink,1,0,19,15,84,21,0,3,0.7894736842105263,6,10,/Users/eashraf/hadoop/hadoop-hdfs-project/hadoop-hdfs/src/main/java/org/apache/hadoop/hdfs/server/namenode/INodeSymlink.java,29
hadoop,org.apache.hadoop.hdfs.server.namenode,EditLogInputStream,1,0,18,14,132,23,4,0,0.6111111111111112,16,2,/Users/eashraf/hadoop/hadoop-hdfs-project/hadoop-hdfs/src/main/java/org/apache/hadoop/hdfs/server/namenode/EditLogInputStream.java,27
hadoop,org.apache.hadoop.hdfs.server.namenode,FileJournalManager,16,0,28,24,404,61,0,2,0.14285714285714285,10,14,/Users/eashraf/hadoop/hadoop-hdfs-project/hadoop-hdfs/src/main/java/org/apache/hadoop/hdfs/server/namenode/FileJournalManager.java,54
hadoop,org.apache.hadoop.hdfs.server.namenode,FileJournalManager.EditLogFile,6,0,0,0,92,0,0,0,-1.0,0,1,/Users/eashraf/hadoop/hadoop-hdfs-project/hadoop-hdfs/src/main/java/org/apache/hadoop/hdfs/server/namenode/FileJournalManager.java,451
hadoop,org.apache.hadoop.hdfs.server.namenode,FileUnderConstructionFeature,2,0,6,3,44,8,0,2,0.5,5,4,/Users/eashraf/hadoop/hadoop-hdfs-project/hadoop-hdfs/src/main/java/org/apache/hadoop/hdfs/server/namenode/FileUnderConstructionFeature.java,27
hadoop,org.apache.hadoop.hdfs.server.namenode,NameNodeResourcePolicy,0,0,1,0,39,7,0,0,-1.0,3,0,/Users/eashraf/hadoop/hadoop-hdfs-project/hadoop-hdfs/src/main/java/org/apache/hadoop/hdfs/server/namenode/NameNodeResourcePolicy.java,24
hadoop,org.apache.hadoop.hdfs.server.namenode,SaveNamespaceContext,5,0,7,1,36,8,0,0,0.42857142857142855,11,3,/Users/eashraf/hadoop/hadoop-hdfs-project/hadoop-hdfs/src/main/java/org/apache/hadoop/hdfs/server/namenode/SaveNamespaceContext.java,31
hadoop,org.apache.hadoop.hdfs.server.namenode,CheckpointConf,6,0,7,6,53,9,0,0,0.0,3,1,/Users/eashraf/hadoop/hadoop-hdfs-project/hadoop-hdfs/src/main/java/org/apache/hadoop/hdfs/server/namenode/CheckpointConf.java,29
hadoop,org.apache.hadoop.hdfs.server.namenode,ImageServlet,23,3,15,6,355,45,0,0,0.2,6,23,/Users/eashraf/hadoop/hadoop-hdfs-project/hadoop-hdfs/src/main/java/org/apache/hadoop/hdfs/server/namenode/ImageServlet.java,59
hadoop,org.apache.hadoop.hdfs.server.namenode,ImageServlet.GetImageParams,8,0,0,0,77,0,0,0,-1.0,0,0,/Users/eashraf/hadoop/hadoop-hdfs-project/hadoop-hdfs/src/main/java/org/apache/hadoop/hdfs/server/namenode/ImageServlet.java,314
hadoop,org.apache.hadoop.hdfs.server.namenode,ImageServlet.PutImageParams,4,0,0,0,28,0,0,0,-1.0,0,1,/Users/eashraf/hadoop/hadoop-hdfs-project/hadoop-hdfs/src/main/java/org/apache/hadoop/hdfs/server/namenode/ImageServlet.java,521
hadoop,org.apache.hadoop.hdfs.server.namenode,NotReplicatedYetException,1,0,1,1,9,1,0,0,0.0,0,0,/Users/eashraf/hadoop/hadoop-hdfs-project/hadoop-hdfs/src/main/java/org/apache/hadoop/hdfs/server/namenode/NotReplicatedYetException.java,26
hadoop,org.apache.hadoop.hdfs.server.namenode,UnsupportedActionException,1,0,1,1,12,1,0,0,0.0,1,0,/Users/eashraf/hadoop/hadoop-hdfs-project/hadoop-hdfs/src/main/java/org/apache/hadoop/hdfs/server/namenode/UnsupportedActionException.java,26
hadoop,org.apache.hadoop.hdfs.server.namenode,FSImage,11,1,58,22,917,160,2,0,0.0,40,42,/Users/eashraf/hadoop/hadoop-hdfs-project/hadoop-hdfs/src/main/java/org/apache/hadoop/hdfs/server/namenode/FSImage.java,80
hadoop,org.apache.hadoop.hdfs.server.namenode,FSImage.FSImageSaver,3,0,0,0,28,0,0,0,-1.0,0,1,/Users/eashraf/hadoop/hadoop-hdfs-project/hadoop-hdfs/src/main/java/org/apache/hadoop/hdfs/server/namenode/FSImage.java,1000
hadoop,org.apache.hadoop.hdfs.server.namenode,FSDirXAttrOp,2,0,15,0,306,60,0,0,0.2,6,12,/Users/eashraf/hadoop/hadoop-hdfs-project/hadoop-hdfs/src/main/java/org/apache/hadoop/hdfs/server/namenode/FSDirXAttrOp.java,43
hadoop,org.apache.hadoop.hdfs.server.namenode,Namesystem,0,0,8,8,22,8,1,1,-1.0,5,2,/Users/eashraf/hadoop/hadoop-hdfs-project/hadoop-hdfs/src/main/java/org/apache/hadoop/hdfs/server/namenode/Namesystem.java,28
hadoop,org.apache.hadoop.hdfs.server.namenode,JournalManager,1,0,13,0,72,13,4,1,-1.0,4,4,/Users/eashraf/hadoop/hadoop-hdfs-project/hadoop-hdfs/src/main/java/org/apache/hadoop/hdfs/server/namenode/JournalManager.java,30
hadoop,org.apache.hadoop.hdfs.server.namenode,JournalManager.CorruptionException,1,0,0,0,9,0,0,0,-1.0,0,0,/Users/eashraf/hadoop/hadoop-hdfs-project/hadoop-hdfs/src/main/java/org/apache/hadoop/hdfs/server/namenode/JournalManager.java,133
hadoop,org.apache.hadoop.hdfs.server.namenode,AclTransformation,3,0,9,5,295,46,0,0,0.3333333333333333,1,4,/Users/eashraf/hadoop/hadoop-hdfs-project/hadoop-hdfs/src/main/java/org/apache/hadoop/hdfs/server/namenode/AclTransformation.java,46
hadoop,org.apache.hadoop.hdfs.server.namenode,AclTransformation.ValidatedAclSpec,1,0,0,0,41,0,0,0,-1.0,0,0,/Users/eashraf/hadoop/hadoop-hdfs-project/hadoop-hdfs/src/main/java/org/apache/hadoop/hdfs/server/namenode/AclTransformation.java,425
hadoop,org.apache.hadoop.hdfs.server.namenode,NameNode,29,8,89,43,1273,222,1,1,0.0449438202247191,158,44,/Users/eashraf/hadoop/hadoop-hdfs-project/hadoop-hdfs/src/main/java/org/apache/hadoop/hdfs/server/namenode/NameNode.java,134
hadoop,org.apache.hadoop.hdfs.server.namenode,NameNode.OperationCategory,0,0,0,0,19,0,0,0,-1.0,0,0,/Users/eashraf/hadoop/hadoop-hdfs-project/hadoop-hdfs/src/main/java/org/apache/hadoop/hdfs/server/namenode/NameNode.java,177
hadoop,org.apache.hadoop.hdfs.server.namenode,NameNode.NameNodeHAContext,0,0,0,0,74,0,0,0,-1.0,0,0,/Users/eashraf/hadoop/hadoop-hdfs-project/hadoop-hdfs/src/main/java/org/apache/hadoop/hdfs/server/namenode/NameNode.java,1697
hadoop,org.apache.hadoop.hdfs.server.namenode,INodeMap,1,0,15,12,80,16,0,0,0.6,2,8,/Users/eashraf/hadoop/hadoop-hdfs-project/hadoop-hdfs/src/main/java/org/apache/hadoop/hdfs/server/namenode/INodeMap.java,31
hadoop,org.apache.hadoop.hdfs.server.namenode,RetryStartFileException,1,0,2,2,9,2,0,0,1.0,1,0,/Users/eashraf/hadoop/hadoop-hdfs-project/hadoop-hdfs/src/main/java/org/apache/hadoop/hdfs/server/namenode/RetryStartFileException.java,24
hadoop,org.apache.hadoop.hdfs.server.namenode,EditLogBackupOutputStream,7,0,10,6,83,13,0,1,0.2,1,11,/Users/eashraf/hadoop/hadoop-hdfs-project/hadoop-hdfs/src/main/java/org/apache/hadoop/hdfs/server/namenode/EditLogBackupOutputStream.java,37
hadoop,org.apache.hadoop.hdfs.server.namenode,DirectoryWithQuotaFeature,6,2,25,3,200,37,0,2,0.0,6,11,/Users/eashraf/hadoop/hadoop-hdfs-project/hadoop-hdfs/src/main/java/org/apache/hadoop/hdfs/server/namenode/DirectoryWithQuotaFeature.java,29
hadoop,org.apache.hadoop.hdfs.server.namenode,DirectoryWithQuotaFeature.Builder,2,0,0,0,27,0,0,0,-1.0,0,1,/Users/eashraf/hadoop/hadoop-hdfs-project/hadoop-hdfs/src/main/java/org/apache/hadoop/hdfs/server/namenode/DirectoryWithQuotaFeature.java,39
hadoop,org.apache.hadoop.hdfs.server.namenode,EditLogInputException,2,0,2,2,14,2,0,0,0.0,0,0,/Users/eashraf/hadoop/hadoop-hdfs-project/hadoop-hdfs/src/main/java/org/apache/hadoop/hdfs/server/namenode/EditLogInputException.java,24
hadoop,org.apache.hadoop.hdfs.server.namenode,FSImageFormatPBINode,28,0,1,0,427,1,0,0,0.0,8,13,/Users/eashraf/hadoop/hadoop-hdfs-project/hadoop-hdfs/src/main/java/org/apache/hadoop/hdfs/server/namenode/FSImageFormatPBINode.java,67
hadoop,org.apache.hadoop.hdfs.server.namenode,FSImageFormatPBINode.Loader,3,0,0,0,222,0,0,0,-1.0,0,7,/Users/eashraf/hadoop/hadoop-hdfs-project/hadoop-hdfs/src/main/java/org/apache/hadoop/hdfs/server/namenode/FSImageFormatPBINode.java,101
hadoop,org.apache.hadoop.hdfs.server.namenode,FSImageFormatPBINode.Saver,4,0,0,0,180,0,0,0,-1.0,0,4,/Users/eashraf/hadoop/hadoop-hdfs-project/hadoop-hdfs/src/main/java/org/apache/hadoop/hdfs/server/namenode/FSImageFormatPBINode.java,398
hadoop,org.apache.hadoop.hdfs.server.namenode,LogsPurgeable,0,0,2,1,18,2,3,0,-1.0,1,0,/Users/eashraf/hadoop/hadoop-hdfs-project/hadoop-hdfs/src/main/java/org/apache/hadoop/hdfs/server/namenode/LogsPurgeable.java,23
hadoop,org.apache.hadoop.hdfs.server.namenode,RedundantEditLogInputStream,7,1,15,12,178,33,0,1,0.13333333333333333,0,4,/Users/eashraf/hadoop/hadoop-hdfs-project/hadoop-hdfs/src/main/java/org/apache/hadoop/hdfs/server/namenode/RedundantEditLogInputStream.java,32
hadoop,org.apache.hadoop.hdfs.server.namenode,RedundantEditLogInputStream.State,0,0,0,0,19,0,0,0,-1.0,0,0,/Users/eashraf/hadoop/hadoop-hdfs-project/hadoop-hdfs/src/main/java/org/apache/hadoop/hdfs/server/namenode/RedundantEditLogInputStream.java,45
hadoop,org.apache.hadoop.hdfs.server.namenode,RedundantEditLogInputStream.PrematureEOFException,1,0,0,0,6,0,0,0,-1.0,0,0,/Users/eashraf/hadoop/hadoop-hdfs-project/hadoop-hdfs/src/main/java/org/apache/hadoop/hdfs/server/namenode/RedundantEditLogInputStream.java,269
hadoop,org.apache.hadoop.hdfs.server.namenode,CacheManager,18,4,42,22,857,133,0,0,0.047619047619047616,8,31,/Users/eashraf/hadoop/hadoop-hdfs-project/hadoop-hdfs/src/main/java/org/apache/hadoop/hdfs/server/namenode/CacheManager.java,92
hadoop,org.apache.hadoop.hdfs.server.namenode,CacheManager.PersistState,3,3,0,0,10,0,0,0,-1.0,0,0,/Users/eashraf/hadoop/hadoop-hdfs-project/hadoop-hdfs/src/main/java/org/apache/hadoop/hdfs/server/namenode/CacheManager.java,177
hadoop,org.apache.hadoop.hdfs.server.namenode,CacheManager.SerializerCompat,0,0,0,0,76,0,0,0,-1.0,0,2,/Users/eashraf/hadoop/hadoop-hdfs-project/hadoop-hdfs/src/main/java/org/apache/hadoop/hdfs/server/namenode/CacheManager.java,1105
hadoop,org.apache.hadoop.hdfs.server.namenode,XAttrFeature,2,1,2,2,13,2,0,2,0.0,11,1,/Users/eashraf/hadoop/hadoop-hdfs-project/hadoop-hdfs/src/main/java/org/apache/hadoop/hdfs/server/namenode/XAttrFeature.java,26
hadoop,org.apache.hadoop.hdfs.server.namenode,FSEditLog,22,1,105,28,1077,170,0,1,0.02857142857142857,23,38,/Users/eashraf/hadoop/hadoop-hdfs-project/hadoop-hdfs/src/main/java/org/apache/hadoop/hdfs/server/namenode/FSEditLog.java,110
hadoop,org.apache.hadoop.hdfs.server.namenode,FSEditLog.State,0,0,0,0,4,0,0,0,-1.0,0,0,/Users/eashraf/hadoop/hadoop-hdfs-project/hadoop-hdfs/src/main/java/org/apache/hadoop/hdfs/server/namenode/FSEditLog.java,120
hadoop,org.apache.hadoop.hdfs.server.namenode,FSEditLog.TransactionId,1,1,0,0,6,0,0,0,-1.0,0,0,/Users/eashraf/hadoop/hadoop-hdfs-project/hadoop-hdfs/src/main/java/org/apache/hadoop/hdfs/server/namenode/FSEditLog.java,204
hadoop,org.apache.hadoop.hdfs.server.namenode,NameNodeResourceChecker,8,0,7,3,109,15,0,0,0.2857142857142857,3,7,/Users/eashraf/hadoop/hadoop-hdfs-project/hadoop-hdfs/src/main/java/org/apache/hadoop/hdfs/server/namenode/NameNodeResourceChecker.java,40
hadoop,org.apache.hadoop.hdfs.server.namenode,NameNodeResourceChecker.CheckedVolume,3,0,0,0,32,0,0,1,-1.0,0,1,/Users/eashraf/hadoop/hadoop-hdfs-project/hadoop-hdfs/src/main/java/org/apache/hadoop/hdfs/server/namenode/NameNodeResourceChecker.java,59
hadoop,org.apache.hadoop.hdfs.server.namenode,HdfsAuditLogger,0,0,2,2,21,2,1,1,-1.0,1,3,/Users/eashraf/hadoop/hadoop-hdfs-project/hadoop-hdfs/src/main/java/org/apache/hadoop/hdfs/server/namenode/HdfsAuditLogger.java,28
hadoop,org.apache.hadoop.hdfs.server.namenode,INodeDirectoryAttributes,1,0,2,2,40,2,2,1,-1.0,7,2,/Users/eashraf/hadoop/hadoop-hdfs-project/hadoop-hdfs/src/main/java/org/apache/hadoop/hdfs/server/namenode/INodeDirectoryAttributes.java,27
hadoop,org.apache.hadoop.hdfs.server.namenode,INodeDirectoryAttributes.SnapshotCopy,0,0,0,0,17,0,0,2,-1.0,0,2,/Users/eashraf/hadoop/hadoop-hdfs-project/hadoop-hdfs/src/main/java/org/apache/hadoop/hdfs/server/namenode/INodeDirectoryAttributes.java,36
hadoop,org.apache.hadoop.hdfs.server.namenode,INodeDirectoryAttributes.CopyWithQuota,1,0,0,0,16,0,0,0,-1.0,0,2,/Users/eashraf/hadoop/hadoop-hdfs-project/hadoop-hdfs/src/main/java/org/apache/hadoop/hdfs/server/namenode/INodeDirectoryAttributes.java,65
hadoop,org.apache.hadoop.hdfs.server.namenode,NameNodeLayoutVersion,3,2,2,2,44,2,0,0,0.0,34,1,/Users/eashraf/hadoop/hadoop-hdfs-project/hadoop-hdfs/src/main/java/org/apache/hadoop/hdfs/server/namenode/NameNodeLayoutVersion.java,30
hadoop,org.apache.hadoop.hdfs.server.namenode,NameNodeLayoutVersion.Feature,1,0,0,0,27,0,0,0,-1.0,0,0,/Users/eashraf/hadoop/hadoop-hdfs-project/hadoop-hdfs/src/main/java/org/apache/hadoop/hdfs/server/namenode/NameNodeLayoutVersion.java,52
hadoop,org.apache.hadoop.hdfs.server.namenode,NameNodeMXBean,0,0,34,34,170,34,1,0,-1.0,0,0,/Users/eashraf/hadoop/hadoop-hdfs-project/hadoop-hdfs/src/main/java/org/apache/hadoop/hdfs/server/namenode/NameNodeMXBean.java,26
hadoop,org.apache.hadoop.hdfs.server.namenode,NNStorageRetentionManager,7,0,10,4,158,24,0,0,0.3,6,6,/Users/eashraf/hadoop/hadoop-hdfs-project/hadoop-hdfs/src/main/java/org/apache/hadoop/hdfs/server/namenode/NNStorageRetentionManager.java,45
hadoop,org.apache.hadoop.hdfs.server.namenode,NNStorageRetentionManager.StoragePurger,0,0,0,0,7,0,0,0,-1.0,0,0,/Users/eashraf/hadoop/hadoop-hdfs-project/hadoop-hdfs/src/main/java/org/apache/hadoop/hdfs/server/namenode/NNStorageRetentionManager.java,208
hadoop,org.apache.hadoop.hdfs.server.namenode,NNStorageRetentionManager.DeletionStoragePurger,0,0,0,0,16,0,0,0,-1.0,0,0,/Users/eashraf/hadoop/hadoop-hdfs-project/hadoop-hdfs/src/main/java/org/apache/hadoop/hdfs/server/namenode/NNStorageRetentionManager.java,216
hadoop,org.apache.hadoop.hdfs.server.namenode,AclStorage,1,0,12,7,202,29,0,0,0.25,11,12,/Users/eashraf/hadoop/hadoop-hdfs-project/hadoop-hdfs/src/main/java/org/apache/hadoop/hdfs/server/namenode/AclStorage.java,39
hadoop,org.apache.hadoop.hdfs.server.namenode,FSEditLogOpCodes,2,0,3,2,45,4,0,0,0.0,17,0,/Users/eashraf/hadoop/hadoop-hdfs-project/hadoop-hdfs/src/main/java/org/apache/hadoop/hdfs/server/namenode/FSEditLogOpCodes.java,23
hadoop,org.apache.hadoop.hdfs.server.namenode,StartupProgressServlet,12,1,3,0,86,8,0,1,0.0,2,5,/Users/eashraf/hadoop/hadoop-hdfs-project/hadoop-hdfs/src/main/java/org/apache/hadoop/hdfs/server/namenode/StartupProgressServlet.java,35
hadoop,org.apache.hadoop.hdfs.server.namenode,NamenodeFsck,57,7,13,4,764,111,0,0,0.0,4,39,/Users/eashraf/hadoop/hadoop-hdfs-project/hadoop-hdfs/src/main/java/org/apache/hadoop/hdfs/server/namenode/NamenodeFsck.java,84
hadoop,org.apache.hadoop.hdfs.server.namenode,NamenodeFsck.Result,23,0,0,0,112,0,0,0,-1.0,0,1,/Users/eashraf/hadoop/hadoop-hdfs-project/hadoop-hdfs/src/main/java/org/apache/hadoop/hdfs/server/namenode/NamenodeFsck.java,853
hadoop,org.apache.hadoop.hdfs.server.namenode,ContentSummaryComputationContext,6,0,6,6,76,9,0,0,0.3333333333333333,10,3,/Users/eashraf/hadoop/hadoop-hdfs-project/hadoop-hdfs/src/main/java/org/apache/hadoop/hdfs/server/namenode/ContentSummaryComputationContext.java,24
hadoop,org.apache.hadoop.hdfs.server.namenode,CheckpointFaultInjector,1,0,10,9,29,10,0,0,1.0,5,0,/Users/eashraf/hadoop/hadoop-hdfs-project/hadoop-hdfs/src/main/java/org/apache/hadoop/hdfs/server/namenode/CheckpointFaultInjector.java,23
hadoop,org.apache.hadoop.hdfs.server.namenode,EditLogOutputStream,2,0,14,11,87,14,3,0,0.6428571428571429,16,1,/Users/eashraf/hadoop/hadoop-hdfs-project/hadoop-hdfs/src/main/java/org/apache/hadoop/hdfs/server/namenode/EditLogOutputStream.java,28
hadoop,org.apache.hadoop.hdfs.server.namenode,NameCache,8,0,7,1,117,12,0,0,0.0,2,0,/Users/eashraf/hadoop/hadoop-hdfs-project/hadoop-hdfs/src/main/java/org/apache/hadoop/hdfs/server/namenode/NameCache.java,26
hadoop,org.apache.hadoop.hdfs.server.namenode,NameCache.UseCount,2,0,0,0,17,0,0,0,-1.0,0,0,/Users/eashraf/hadoop/hadoop-hdfs-project/hadoop-hdfs/src/main/java/org/apache/hadoop/hdfs/server/namenode/NameCache.java,44
hadoop,org.apache.hadoop.hdfs.server.namenode,INodeFileAttributes,1,0,5,5,48,5,2,1,-1.0,8,1,/Users/eashraf/hadoop/hadoop-hdfs-project/hadoop-hdfs/src/main/java/org/apache/hadoop/hdfs/server/namenode/INodeFileAttributes.java,24
hadoop,org.apache.hadoop.hdfs.server.namenode,INodeFileAttributes.SnapshotCopy,1,0,0,0,29,0,0,2,-1.0,0,1,/Users/eashraf/hadoop/hadoop-hdfs-project/hadoop-hdfs/src/main/java/org/apache/hadoop/hdfs/server/namenode/INodeFileAttributes.java,42
hadoop,org.apache.hadoop.hdfs.server.namenode,FSImageTransactionalStorageInspector,6,1,9,4,107,21,0,1,0.2222222222222222,7,2,/Users/eashraf/hadoop/hadoop-hdfs-project/hadoop-hdfs/src/main/java/org/apache/hadoop/hdfs/server/namenode/FSImageTransactionalStorageInspector.java,41
hadoop,org.apache.hadoop.hdfs.server.namenode,NNUpgradeUtil,1,0,5,0,101,10,0,0,0.0,2,3,/Users/eashraf/hadoop/hadoop-hdfs-project/hadoop-hdfs/src/main/java/org/apache/hadoop/hdfs/server/namenode/NNUpgradeUtil.java,31
hadoop,org.apache.hadoop.hdfs.server.namenode,EditLogFileInputStream,19,0,23,13,336,41,0,1,0.13043478260869565,9,12,/Users/eashraf/hadoop/hadoop-hdfs-project/hadoop-hdfs/src/main/java/org/apache/hadoop/hdfs/server/namenode/EditLogFileInputStream.java,52
hadoop,org.apache.hadoop.hdfs.server.namenode,EditLogFileInputStream.State,0,0,0,0,1,0,0,0,-1.0,0,0,/Users/eashraf/hadoop/hadoop-hdfs-project/hadoop-hdfs/src/main/java/org/apache/hadoop/hdfs/server/namenode/EditLogFileInputStream.java,64
hadoop,org.apache.hadoop.hdfs.server.namenode,EditLogFileInputStream.LogHeaderCorruptException,1,0,0,0,9,0,0,0,-1.0,0,0,/Users/eashraf/hadoop/hadoop-hdfs-project/hadoop-hdfs/src/main/java/org/apache/hadoop/hdfs/server/namenode/EditLogFileInputStream.java,395
hadoop,org.apache.hadoop.hdfs.server.namenode,EditLogFileInputStream.LogSource,0,0,0,0,5,0,0,0,-1.0,0,0,/Users/eashraf/hadoop/hadoop-hdfs-project/hadoop-hdfs/src/main/java/org/apache/hadoop/hdfs/server/namenode/EditLogFileInputStream.java,409
hadoop,org.apache.hadoop.hdfs.server.namenode,EditLogFileInputStream.FileLog,1,0,0,0,15,0,0,0,-1.0,0,0,/Users/eashraf/hadoop/hadoop-hdfs-project/hadoop-hdfs/src/main/java/org/apache/hadoop/hdfs/server/namenode/EditLogFileInputStream.java,415
hadoop,org.apache.hadoop.hdfs.server.namenode,EditLogFileInputStream.URLLog,5,0,0,0,46,0,0,0,-1.0,0,1,/Users/eashraf/hadoop/hadoop-hdfs-project/hadoop-hdfs/src/main/java/org/apache/hadoop/hdfs/server/namenode/EditLogFileInputStream.java,438
hadoop,org.apache.hadoop.hdfs.server.namenode,FSDirConcatOp,0,0,6,0,135,30,0,0,-1.0,2,11,/Users/eashraf/hadoop/hadoop-hdfs-project/hadoop-hdfs/src/main/java/org/apache/hadoop/hdfs/server/namenode/FSDirConcatOp.java,37
hadoop,org.apache.hadoop.hdfs.server.namenode,FSImageFormat,21,2,8,3,876,20,1,0,0.375,10,22,/Users/eashraf/hadoop/hadoop-hdfs-project/hadoop-hdfs/src/main/java/org/apache/hadoop/hdfs/server/namenode/FSImageFormat.java,78
hadoop,org.apache.hadoop.hdfs.server.namenode,FSImageFormat.AbstractLoader,0,0,0,0,4,0,0,0,-1.0,0,0,/Users/eashraf/hadoop/hadoop-hdfs-project/hadoop-hdfs/src/main/java/org/apache/hadoop/hdfs/server/namenode/FSImageFormat.java,187
hadoop,org.apache.hadoop.hdfs.server.namenode,FSImageFormat.LoaderDelegator,3,0,0,0,37,0,0,0,-1.0,0,4,/Users/eashraf/hadoop/hadoop-hdfs-project/hadoop-hdfs/src/main/java/org/apache/hadoop/hdfs/server/namenode/FSImageFormat.java,192
hadoop,org.apache.hadoop.hdfs.server.namenode,FSImageFormat.Loader,7,0,0,0,554,0,0,0,-1.0,0,11,/Users/eashraf/hadoop/hadoop-hdfs-project/hadoop-hdfs/src/main/java/org/apache/hadoop/hdfs/server/namenode/FSImageFormat.java,245
hadoop,org.apache.hadoop.hdfs.server.namenode,FSImageFormat.Saver,8,1,0,0,181,0,0,0,-1.0,0,5,/Users/eashraf/hadoop/hadoop-hdfs-project/hadoop-hdfs/src/main/java/org/apache/hadoop/hdfs/server/namenode/FSImageFormat.java,1179
hadoop,org.apache.hadoop.hdfs.server.namenode,FSDirStatAndListingOp,0,0,15,0,310,41,0,0,-1.0,4,21,/Users/eashraf/hadoop/hadoop-hdfs-project/hadoop-hdfs/src/main/java/org/apache/hadoop/hdfs/server/namenode/FSDirStatAndListingOp.java,48
hadoop,org.apache.hadoop.hdfs.server.namenode,EncryptionFaultInjector,1,1,2,2,11,2,0,0,1.0,3,0,/Users/eashraf/hadoop/hadoop-hdfs-project/hadoop-hdfs/src/main/java/org/apache/hadoop/hdfs/server/namenode/EncryptionFaultInjector.java,24
hadoop,org.apache.hadoop.hdfs.server.namenode,AclEntryStatusFormat,1,0,9,2,76,18,0,0,0.0,2,6,/Users/eashraf/hadoop/hadoop-hdfs-project/hadoop-hdfs/src/main/java/org/apache/hadoop/hdfs/server/namenode/AclEntryStatusFormat.java,31
hadoop,org.apache.hadoop.hdfs.server.namenode,VersionInfoMXBean,0,0,2,2,10,2,1,0,-1.0,0,0,/Users/eashraf/hadoop/hadoop-hdfs-project/hadoop-hdfs/src/main/java/org/apache/hadoop/hdfs/server/namenode/VersionInfoMXBean.java,23
hadoop,org.apache.hadoop.hdfs.server.namenode,Checkpointer,6,1,10,1,189,28,0,0,0.0,3,16,/Users/eashraf/hadoop/hadoop-hdfs-project/hadoop-hdfs/src/main/java/org/apache/hadoop/hdfs/server/namenode/Checkpointer.java,47
hadoop,org.apache.hadoop.hdfs.server.namenode,INodeReference,6,1,49,37,484,61,3,2,0.08163265306122448,12,14,/Users/eashraf/hadoop/hadoop-hdfs-project/hadoop-hdfs/src/main/java/org/apache/hadoop/hdfs/server/namenode/INodeReference.java,36
hadoop,org.apache.hadoop.hdfs.server.namenode,INodeReference.WithCount,2,1,0,0,96,0,0,3,-1.0,0,0,/Users/eashraf/hadoop/hadoop-hdfs-project/hadoop-hdfs/src/main/java/org/apache/hadoop/hdfs/server/namenode/INodeReference.java,374
hadoop,org.apache.hadoop.hdfs.server.namenode,INodeReference.WithName,2,0,0,0,99,0,0,3,-1.0,0,3,/Users/eashraf/hadoop/hadoop-hdfs-project/hadoop-hdfs/src/main/java/org/apache/hadoop/hdfs/server/namenode/INodeReference.java,473
hadoop,org.apache.hadoop.hdfs.server.namenode,INodeReference.DstReference,1,0,0,0,81,0,0,3,-1.0,0,2,/Users/eashraf/hadoop/hadoop-hdfs-project/hadoop-hdfs/src/main/java/org/apache/hadoop/hdfs/server/namenode/INodeReference.java,633
hadoop,org.apache.hadoop.hdfs.server.namenode,FsckServlet,1,0,2,2,36,2,0,1,1.0,1,6,/Users/eashraf/hadoop/hadoop-hdfs-project/hadoop-hdfs/src/main/java/org/apache/hadoop/hdfs/server/namenode/FsckServlet.java,36
hadoop,org.apache.hadoop.hdfs.server.namenode,EncryptionZoneManager,8,1,12,1,218,29,0,0,0.0,3,12,/Users/eashraf/hadoop/hadoop-hdfs-project/hadoop-hdfs/src/main/java/org/apache/hadoop/hdfs/server/namenode/EncryptionZoneManager.java,48
hadoop,org.apache.hadoop.hdfs.server.namenode,EncryptionZoneManager.EncryptionZoneInt,4,0,0,0,29,0,0,0,-1.0,0,2,/Users/eashraf/hadoop/hadoop-hdfs-project/hadoop-hdfs/src/main/java/org/apache/hadoop/hdfs/server/namenode/EncryptionZoneManager.java,60
hadoop,org.apache.hadoop.hdfs.server.namenode,FSImageCompression,1,0,10,2,105,16,0,0,0.3,3,5,/Users/eashraf/hadoop/hadoop-hdfs-project/hadoop-hdfs/src/main/java/org/apache/hadoop/hdfs/server/namenode/FSImageCompression.java,37
hadoop,org.apache.hadoop.hdfs.server.namenode,NameNodeRpcServer,13,0,130,115,1260,231,1,0,0.015384615384615385,3,98,/Users/eashraf/hadoop/hadoop-hdfs-project/hadoop-hdfs/src/main/java/org/apache/hadoop/hdfs/server/namenode/NameNodeRpcServer.java,186
hadoop,org.apache.hadoop.hdfs.server.namenode,LeaseManager,13,1,25,4,426,60,0,0,0.08,12,8,/Users/eashraf/hadoop/hadoop-hdfs-project/hadoop-hdfs/src/main/java/org/apache/hadoop/hdfs/server/namenode/LeaseManager.java,47
hadoop,org.apache.hadoop.hdfs.server.namenode,LeaseManager.Lease,3,0,0,0,86,0,0,0,-1.0,0,0,/Users/eashraf/hadoop/hadoop-hdfs-project/hadoop-hdfs/src/main/java/org/apache/hadoop/hdfs/server/namenode/LeaseManager.java,240
hadoop,org.apache.hadoop.hdfs.server.namenode,LeaseManager.Monitor,1,0,0,0,34,0,0,0,-1.0,0,1,/Users/eashraf/hadoop/hadoop-hdfs-project/hadoop-hdfs/src/main/java/org/apache/hadoop/hdfs/server/namenode/LeaseManager.java,401
hadoop,org.apache.hadoop.hdfs.server.namenode,CheckableNameNodeResource,0,0,2,2,15,2,2,0,-1.0,1,0,/Users/eashraf/hadoop/hadoop-hdfs-project/hadoop-hdfs/src/main/java/org/apache/hadoop/hdfs/server/namenode/CheckableNameNodeResource.java,22
hadoop,org.apache.hadoop.hdfs.server.namenode,FSDirRenameOp,18,0,13,0,532,59,0,0,0.0,2,19,/Users/eashraf/hadoop/hadoop-hdfs-project/hadoop-hdfs/src/main/java/org/apache/hadoop/hdfs/server/namenode/FSDirRenameOp.java,50
hadoop,org.apache.hadoop.hdfs.server.namenode,FSDirRenameOp.RenameOperation,16,0,0,0,163,0,0,0,-1.0,0,8,/Users/eashraf/hadoop/hadoop-hdfs-project/hadoop-hdfs/src/main/java/org/apache/hadoop/hdfs/server/namenode/FSDirRenameOp.java,556
hadoop,org.apache.hadoop.hdfs.server.namenode,FSDirRenameOp.RenameOldResult,2,0,0,0,8,0,0,0,-1.0,0,1,/Users/eashraf/hadoop/hadoop-hdfs-project/hadoop-hdfs/src/main/java/org/apache/hadoop/hdfs/server/namenode/FSDirRenameOp.java,759
hadoop,org.apache.hadoop.hdfs.server.namenode,FSDirMkdirOp,0,0,7,0,132,25,0,0,-1.0,3,13,/Users/eashraf/hadoop/hadoop-hdfs-project/hadoop-hdfs/src/main/java/org/apache/hadoop/hdfs/server/namenode/FSDirMkdirOp.java,42
hadoop,org.apache.hadoop.hdfs.server.namenode,INodeDirectory,8,2,63,53,636,129,0,3,0.09523809523809523,47,19,/Users/eashraf/hadoop/hadoop-hdfs-project/hadoop-hdfs/src/main/java/org/apache/hadoop/hdfs/server/namenode/INodeDirectory.java,48
hadoop,org.apache.hadoop.hdfs.server.namenode,INodeDirectory.SnapshotAndINode,2,2,0,0,11,0,0,0,-1.0,0,1,/Users/eashraf/hadoop/hadoop-hdfs-project/hadoop-hdfs/src/main/java/org/apache/hadoop/hdfs/server/namenode/INodeDirectory.java,912
hadoop,org.apache.hadoop.hdfs.server.namenode,INodesInPath,5,1,29,16,340,61,0,0,0.10344827586206896,25,7,/Users/eashraf/hadoop/hadoop-hdfs-project/hadoop-hdfs/src/main/java/org/apache/hadoop/hdfs/server/namenode/INodesInPath.java,41
hadoop,org.apache.hadoop.hdfs.server.namenode,Quota,0,0,2,0,42,2,0,0,-1.0,4,0,/Users/eashraf/hadoop/hadoop-hdfs-project/hadoop-hdfs/src/main/java/org/apache/hadoop/hdfs/server/namenode/Quota.java,22
hadoop,org.apache.hadoop.hdfs.server.namenode,Quota.Counts,0,0,0,0,20,0,0,0,-1.0,0,0,/Users/eashraf/hadoop/hadoop-hdfs-project/hadoop-hdfs/src/main/java/org/apache/hadoop/hdfs/server/namenode/Quota.java,29
hadoop,org.apache.hadoop.hdfs.server.namenode,FSNDNCacheOp,0,0,9,0,57,13,0,0,-1.0,1,5,/Users/eashraf/hadoop/hadoop-hdfs-project/hadoop-hdfs/src/main/java/org/apache/hadoop/hdfs/server/namenode/FSNDNCacheOp.java,31
hadoop,org.apache.hadoop.hdfs.server.namenode,FSEditLogOp,146,3,43,22,3680,58,46,0,0.4186046511627907,35,28,/Users/eashraf/hadoop/hadoop-hdfs-project/hadoop-hdfs/src/main/java/org/apache/hadoop/hdfs/server/namenode/FSEditLogOp.java,137
hadoop,org.apache.hadoop.hdfs.server.namenode,FSEditLogOp.OpInstanceCache,1,0,0,0,55,0,0,0,-1.0,0,0,/Users/eashraf/hadoop/hadoop-hdfs-project/hadoop-hdfs/src/main/java/org/apache/hadoop/hdfs/server/namenode/FSEditLogOp.java,159
hadoop,org.apache.hadoop.hdfs.server.namenode,FSEditLogOp.BlockListUpdatingOp,0,0,0,0,5,0,0,0,-1.0,0,0,/Users/eashraf/hadoop/hadoop-hdfs-project/hadoop-hdfs/src/main/java/org/apache/hadoop/hdfs/server/namenode/FSEditLogOp.java,291
hadoop,org.apache.hadoop.hdfs.server.namenode,FSEditLogOp.AclEditLogUtil,9,0,0,0,49,0,0,0,-1.0,0,3,/Users/eashraf/hadoop/hadoop-hdfs-project/hadoop-hdfs/src/main/java/org/apache/hadoop/hdfs/server/namenode/FSEditLogOp.java,337
hadoop,org.apache.hadoop.hdfs.server.namenode,FSEditLogOp.AddCloseOp,16,1,0,0,294,0,0,1,-1.0,0,6,/Users/eashraf/hadoop/hadoop-hdfs-project/hadoop-hdfs/src/main/java/org/apache/hadoop/hdfs/server/namenode/FSEditLogOp.java,416
hadoop,org.apache.hadoop.hdfs.server.namenode,FSEditLogOp.AddOp,0,0,0,0,20,0,0,0,-1.0,0,0,/Users/eashraf/hadoop/hadoop-hdfs-project/hadoop-hdfs/src/main/java/org/apache/hadoop/hdfs/server/namenode/FSEditLogOp.java,769
hadoop,org.apache.hadoop.hdfs.server.namenode,FSEditLogOp.CloseOp,0,0,0,0,20,0,0,0,-1.0,0,0,/Users/eashraf/hadoop/hadoop-hdfs-project/hadoop-hdfs/src/main/java/org/apache/hadoop/hdfs/server/namenode/FSEditLogOp.java,796
hadoop,org.apache.hadoop.hdfs.server.namenode,FSEditLogOp.AppendOp,4,0,0,0,71,0,0,1,-1.0,0,0,/Users/eashraf/hadoop/hadoop-hdfs-project/hadoop-hdfs/src/main/java/org/apache/hadoop/hdfs/server/namenode/FSEditLogOp.java,824
hadoop,org.apache.hadoop.hdfs.server.namenode,FSEditLogOp.AddBlockOp,3,0,0,0,80,0,0,1,-1.0,0,1,/Users/eashraf/hadoop/hadoop-hdfs-project/hadoop-hdfs/src/main/java/org/apache/hadoop/hdfs/server/namenode/FSEditLogOp.java,915
hadoop,org.apache.hadoop.hdfs.server.namenode,FSEditLogOp.UpdateBlocksOp,2,0,0,0,67,0,0,1,-1.0,0,1,/Users/eashraf/hadoop/hadoop-hdfs-project/hadoop-hdfs/src/main/java/org/apache/hadoop/hdfs/server/namenode/FSEditLogOp.java,1024
hadoop,org.apache.hadoop.hdfs.server.namenode,FSEditLogOp.SetReplicationOp,2,0,0,0,59,0,0,1,-1.0,0,1,/Users/eashraf/hadoop/hadoop-hdfs-project/hadoop-hdfs/src/main/java/org/apache/hadoop/hdfs/server/namenode/FSEditLogOp.java,1120
hadoop,org.apache.hadoop.hdfs.server.namenode,FSEditLogOp.ConcatDeleteOp,5,1,0,0,126,0,0,1,-1.0,0,1,/Users/eashraf/hadoop/hadoop-hdfs-project/hadoop-hdfs/src/main/java/org/apache/hadoop/hdfs/server/namenode/FSEditLogOp.java,1196
hadoop,org.apache.hadoop.hdfs.server.namenode,FSEditLogOp.RenameOldOp,4,0,0,0,88,0,0,1,-1.0,0,1,/Users/eashraf/hadoop/hadoop-hdfs-project/hadoop-hdfs/src/main/java/org/apache/hadoop/hdfs/server/namenode/FSEditLogOp.java,1355
hadoop,org.apache.hadoop.hdfs.server.namenode,FSEditLogOp.DeleteOp,3,0,0,0,76,0,0,1,-1.0,0,1,/Users/eashraf/hadoop/hadoop-hdfs-project/hadoop-hdfs/src/main/java/org/apache/hadoop/hdfs/server/namenode/FSEditLogOp.java,1468
hadoop,org.apache.hadoop.hdfs.server.namenode,FSEditLogOp.MkdirOp,7,0,0,0,139,0,0,1,-1.0,0,3,/Users/eashraf/hadoop/hadoop-hdfs-project/hadoop-hdfs/src/main/java/org/apache/hadoop/hdfs/server/namenode/FSEditLogOp.java,1565
hadoop,org.apache.hadoop.hdfs.server.namenode,FSEditLogOp.SetGenstampV1Op,1,0,0,0,42,0,0,1,-1.0,0,0,/Users/eashraf/hadoop/hadoop-hdfs-project/hadoop-hdfs/src/main/java/org/apache/hadoop/hdfs/server/namenode/FSEditLogOp.java,1738
hadoop,org.apache.hadoop.hdfs.server.namenode,FSEditLogOp.SetGenstampV2Op,1,0,0,0,42,0,0,1,-1.0,0,0,/Users/eashraf/hadoop/hadoop-hdfs-project/hadoop-hdfs/src/main/java/org/apache/hadoop/hdfs/server/namenode/FSEditLogOp.java,1802
hadoop,org.apache.hadoop.hdfs.server.namenode,FSEditLogOp.AllocateBlockIdOp,1,0,0,0,42,0,0,1,-1.0,0,0,/Users/eashraf/hadoop/hadoop-hdfs-project/hadoop-hdfs/src/main/java/org/apache/hadoop/hdfs/server/namenode/FSEditLogOp.java,1860
hadoop,org.apache.hadoop.hdfs.server.namenode,FSEditLogOp.SetPermissionsOp,2,0,0,0,54,0,0,1,-1.0,0,1,/Users/eashraf/hadoop/hadoop-hdfs-project/hadoop-hdfs/src/main/java/org/apache/hadoop/hdfs/server/namenode/FSEditLogOp.java,1918
hadoop,org.apache.hadoop.hdfs.server.namenode,FSEditLogOp.SetOwnerOp,3,0,0,0,70,0,0,1,-1.0,0,0,/Users/eashraf/hadoop/hadoop-hdfs-project/hadoop-hdfs/src/main/java/org/apache/hadoop/hdfs/server/namenode/FSEditLogOp.java,1990
hadoop,org.apache.hadoop.hdfs.server.namenode,FSEditLogOp.SetNSQuotaOp,2,0,0,0,42,0,0,1,-1.0,0,0,/Users/eashraf/hadoop/hadoop-hdfs-project/hadoop-hdfs/src/main/java/org/apache/hadoop/hdfs/server/namenode/FSEditLogOp.java,2079
hadoop,org.apache.hadoop.hdfs.server.namenode,FSEditLogOp.ClearNSQuotaOp,1,0,0,0,35,0,0,1,-1.0,0,0,/Users/eashraf/hadoop/hadoop-hdfs-project/hadoop-hdfs/src/main/java/org/apache/hadoop/hdfs/server/namenode/FSEditLogOp.java,2138
hadoop,org.apache.hadoop.hdfs.server.namenode,FSEditLogOp.SetQuotaOp,3,0,0,0,66,0,0,1,-1.0,0,0,/Users/eashraf/hadoop/hadoop-hdfs-project/hadoop-hdfs/src/main/java/org/apache/hadoop/hdfs/server/namenode/FSEditLogOp.java,2189
hadoop,org.apache.hadoop.hdfs.server.namenode,FSEditLogOp.SetQuotaByStorageTypeOp,3,0,0,0,63,0,0,1,-1.0,0,1,/Users/eashraf/hadoop/hadoop-hdfs-project/hadoop-hdfs/src/main/java/org/apache/hadoop/hdfs/server/namenode/FSEditLogOp.java,2274
hadoop,org.apache.hadoop.hdfs.server.namenode,FSEditLogOp.TimesOp,4,0,0,0,84,0,0,1,-1.0,0,1,/Users/eashraf/hadoop/hadoop-hdfs-project/hadoop-hdfs/src/main/java/org/apache/hadoop/hdfs/server/namenode/FSEditLogOp.java,2356
hadoop,org.apache.hadoop.hdfs.server.namenode,FSEditLogOp.SymlinkOp,7,0,0,0,130,0,0,1,-1.0,0,3,/Users/eashraf/hadoop/hadoop-hdfs-project/hadoop-hdfs/src/main/java/org/apache/hadoop/hdfs/server/namenode/FSEditLogOp.java,2462
hadoop,org.apache.hadoop.hdfs.server.namenode,FSEditLogOp.RenameOp,5,0,0,0,136,0,0,1,-1.0,0,1,/Users/eashraf/hadoop/hadoop-hdfs-project/hadoop-hdfs/src/main/java/org/apache/hadoop/hdfs/server/namenode/FSEditLogOp.java,2623
hadoop,org.apache.hadoop.hdfs.server.namenode,FSEditLogOp.TruncateOp,6,0,0,0,105,0,0,1,-1.0,0,1,/Users/eashraf/hadoop/hadoop-hdfs-project/hadoop-hdfs/src/main/java/org/apache/hadoop/hdfs/server/namenode/FSEditLogOp.java,2787
hadoop,org.apache.hadoop.hdfs.server.namenode,FSEditLogOp.ReassignLeaseOp,3,0,0,0,66,0,0,1,-1.0,0,0,/Users/eashraf/hadoop/hadoop-hdfs-project/hadoop-hdfs/src/main/java/org/apache/hadoop/hdfs/server/namenode/FSEditLogOp.java,2918
hadoop,org.apache.hadoop.hdfs.server.namenode,FSEditLogOp.GetDelegationTokenOp,2,0,0,0,60,0,0,1,-1.0,0,2,/Users/eashraf/hadoop/hadoop-hdfs-project/hadoop-hdfs/src/main/java/org/apache/hadoop/hdfs/server/namenode/FSEditLogOp.java,3005
hadoop,org.apache.hadoop.hdfs.server.namenode,FSEditLogOp.RenewDelegationTokenOp,2,0,0,0,60,0,0,1,-1.0,0,2,/Users/eashraf/hadoop/hadoop-hdfs-project/hadoop-hdfs/src/main/java/org/apache/hadoop/hdfs/server/namenode/FSEditLogOp.java,3084
hadoop,org.apache.hadoop.hdfs.server.namenode,FSEditLogOp.CancelDelegationTokenOp,1,0,0,0,43,0,0,1,-1.0,0,1,/Users/eashraf/hadoop/hadoop-hdfs-project/hadoop-hdfs/src/main/java/org/apache/hadoop/hdfs/server/namenode/FSEditLogOp.java,3163
hadoop,org.apache.hadoop.hdfs.server.namenode,FSEditLogOp.UpdateMasterKeyOp,1,0,0,0,40,0,0,1,-1.0,0,1,/Users/eashraf/hadoop/hadoop-hdfs-project/hadoop-hdfs/src/main/java/org/apache/hadoop/hdfs/server/namenode/FSEditLogOp.java,3223
hadoop,org.apache.hadoop.hdfs.server.namenode,FSEditLogOp.LogSegmentOp,0,0,0,0,28,0,0,1,-1.0,0,0,/Users/eashraf/hadoop/hadoop-hdfs-project/hadoop-hdfs/src/main/java/org/apache/hadoop/hdfs/server/namenode/FSEditLogOp.java,3281
hadoop,org.apache.hadoop.hdfs.server.namenode,FSEditLogOp.InvalidOp,0,0,0,0,27,0,0,1,-1.0,0,0,/Users/eashraf/hadoop/hadoop-hdfs-project/hadoop-hdfs/src/main/java/org/apache/hadoop/hdfs/server/namenode/FSEditLogOp.java,3331
hadoop,org.apache.hadoop.hdfs.server.namenode,FSEditLogOp.CreateSnapshotOp,2,0,0,0,55,0,0,1,-1.0,0,0,/Users/eashraf/hadoop/hadoop-hdfs-project/hadoop-hdfs/src/main/java/org/apache/hadoop/hdfs/server/namenode/FSEditLogOp.java,3375
hadoop,org.apache.hadoop.hdfs.server.namenode,FSEditLogOp.DeleteSnapshotOp,2,0,0,0,55,0,0,1,-1.0,0,0,/Users/eashraf/hadoop/hadoop-hdfs-project/hadoop-hdfs/src/main/java/org/apache/hadoop/hdfs/server/namenode/FSEditLogOp.java,3451
hadoop,org.apache.hadoop.hdfs.server.namenode,FSEditLogOp.RenameSnapshotOp,3,0,0,0,67,0,0,1,-1.0,0,0,/Users/eashraf/hadoop/hadoop-hdfs-project/hadoop-hdfs/src/main/java/org/apache/hadoop/hdfs/server/namenode/FSEditLogOp.java,3527
hadoop,org.apache.hadoop.hdfs.server.namenode,FSEditLogOp.AllowSnapshotOp,1,0,0,0,42,0,0,1,-1.0,0,0,/Users/eashraf/hadoop/hadoop-hdfs-project/hadoop-hdfs/src/main/java/org/apache/hadoop/hdfs/server/namenode/FSEditLogOp.java,3617
hadoop,org.apache.hadoop.hdfs.server.namenode,FSEditLogOp.DisallowSnapshotOp,1,0,0,0,42,0,0,1,-1.0,0,0,/Users/eashraf/hadoop/hadoop-hdfs-project/hadoop-hdfs/src/main/java/org/apache/hadoop/hdfs/server/namenode/FSEditLogOp.java,3676
hadoop,org.apache.hadoop.hdfs.server.namenode,FSEditLogOp.AddCacheDirectiveInfoOp,1,0,0,0,52,0,0,1,-1.0,0,1,/Users/eashraf/hadoop/hadoop-hdfs-project/hadoop-hdfs/src/main/java/org/apache/hadoop/hdfs/server/namenode/FSEditLogOp.java,3734
hadoop,org.apache.hadoop.hdfs.server.namenode,FSEditLogOp.ModifyCacheDirectiveInfoOp,1,0,0,0,56,0,0,1,-1.0,0,1,/Users/eashraf/hadoop/hadoop-hdfs-project/hadoop-hdfs/src/main/java/org/apache/hadoop/hdfs/server/namenode/FSEditLogOp.java,3805
hadoop,org.apache.hadoop.hdfs.server.namenode,FSEditLogOp.RemoveCacheDirectiveInfoOp,1,0,0,0,43,0,0,1,-1.0,0,0,/Users/eashraf/hadoop/hadoop-hdfs-project/hadoop-hdfs/src/main/java/org/apache/hadoop/hdfs/server/namenode/FSEditLogOp.java,3882
hadoop,org.apache.hadoop.hdfs.server.namenode,FSEditLogOp.AddCachePoolOp,1,0,0,0,52,0,0,1,-1.0,0,1,/Users/eashraf/hadoop/hadoop-hdfs-project/hadoop-hdfs/src/main/java/org/apache/hadoop/hdfs/server/namenode/FSEditLogOp.java,3943
hadoop,org.apache.hadoop.hdfs.server.namenode,FSEditLogOp.ModifyCachePoolOp,1,0,0,0,59,0,0,1,-1.0,0,1,/Users/eashraf/hadoop/hadoop-hdfs-project/hadoop-hdfs/src/main/java/org/apache/hadoop/hdfs/server/namenode/FSEditLogOp.java,4009
hadoop,org.apache.hadoop.hdfs.server.namenode,FSEditLogOp.RemoveCachePoolOp,1,0,0,0,43,0,0,1,-1.0,0,0,/Users/eashraf/hadoop/hadoop-hdfs-project/hadoop-hdfs/src/main/java/org/apache/hadoop/hdfs/server/namenode/FSEditLogOp.java,4082
hadoop,org.apache.hadoop.hdfs.server.namenode,FSEditLogOp.RemoveXAttrOp,2,0,0,0,39,0,0,1,-1.0,0,0,/Users/eashraf/hadoop/hadoop-hdfs-project/hadoop-hdfs/src/main/java/org/apache/hadoop/hdfs/server/namenode/FSEditLogOp.java,4139
hadoop,org.apache.hadoop.hdfs.server.namenode,FSEditLogOp.SetXAttrOp,2,0,0,0,39,0,0,1,-1.0,0,0,/Users/eashraf/hadoop/hadoop-hdfs-project/hadoop-hdfs/src/main/java/org/apache/hadoop/hdfs/server/namenode/FSEditLogOp.java,4192
hadoop,org.apache.hadoop.hdfs.server.namenode,FSEditLogOp.SetAclOp,2,0,0,0,39,0,0,1,-1.0,0,0,/Users/eashraf/hadoop/hadoop-hdfs-project/hadoop-hdfs/src/main/java/org/apache/hadoop/hdfs/server/namenode/FSEditLogOp.java,4245
hadoop,org.apache.hadoop.hdfs.server.namenode,FSEditLogOp.BlockTwo,2,0,0,0,27,0,0,0,-1.0,0,0,/Users/eashraf/hadoop/hadoop-hdfs-project/hadoop-hdfs/src/main/java/org/apache/hadoop/hdfs/server/namenode/FSEditLogOp.java,4306
hadoop,org.apache.hadoop.hdfs.server.namenode,FSEditLogOp.RollingUpgradeOp,3,0,0,0,44,0,0,1,-1.0,0,0,/Users/eashraf/hadoop/hadoop-hdfs-project/hadoop-hdfs/src/main/java/org/apache/hadoop/hdfs/server/namenode/FSEditLogOp.java,4343
hadoop,org.apache.hadoop.hdfs.server.namenode,FSEditLogOp.RollbackException,1,0,0,0,3,0,0,0,-1.0,0,0,/Users/eashraf/hadoop/hadoop-hdfs-project/hadoop-hdfs/src/main/java/org/apache/hadoop/hdfs/server/namenode/FSEditLogOp.java,4403
hadoop,org.apache.hadoop.hdfs.server.namenode,FSEditLogOp.SetStoragePolicyOp,2,0,0,0,54,0,0,1,-1.0,0,0,/Users/eashraf/hadoop/hadoop-hdfs-project/hadoop-hdfs/src/main/java/org/apache/hadoop/hdfs/server/namenode/FSEditLogOp.java,4408
hadoop,org.apache.hadoop.hdfs.server.namenode,FSEditLogOp.Writer,2,0,0,0,30,0,0,0,-1.0,0,1,/Users/eashraf/hadoop/hadoop-hdfs-project/hadoop-hdfs/src/main/java/org/apache/hadoop/hdfs/server/namenode/FSEditLogOp.java,4479
hadoop,org.apache.hadoop.hdfs.server.namenode,FSEditLogOp.Reader,7,0,0,0,183,0,0,0,-1.0,0,5,/Users/eashraf/hadoop/hadoop-hdfs-project/hadoop-hdfs/src/main/java/org/apache/hadoop/hdfs/server/namenode/FSEditLogOp.java,4518
hadoop,org.apache.hadoop.hdfs.server.namenode,INodeId,3,3,2,1,25,3,0,0,1.0,29,1,/Users/eashraf/hadoop/hadoop-hdfs-project/hadoop-hdfs/src/main/java/org/apache/hadoop/hdfs/server/namenode/INodeId.java,25
hadoop,org.apache.hadoop.hdfs.server.namenode,BackupNode,11,0,21,2,299,36,0,2,0.5238095238095238,3,19,/Users/eashraf/hadoop/hadoop-hdfs-project/hadoop-hdfs/src/main/java/org/apache/hadoop/hdfs/server/namenode/BackupNode.java,56
hadoop,org.apache.hadoop.hdfs.server.namenode,BackupNode.BackupNodeRpcServer,0,0,0,0,43,0,0,1,-1.0,0,0,/Users/eashraf/hadoop/hadoop-hdfs-project/hadoop-hdfs/src/main/java/org/apache/hadoop/hdfs/server/namenode/BackupNode.java,231
hadoop,org.apache.hadoop.hdfs.server.namenode,BackupNode.BNHAContext,0,0,0,0,34,0,0,0,-1.0,0,0,/Users/eashraf/hadoop/hadoop-hdfs-project/hadoop-hdfs/src/main/java/org/apache/hadoop/hdfs/server/namenode/BackupNode.java,438
hadoop,org.apache.hadoop.hdfs.server.namenode,FSPermissionChecker,4,0,16,5,264,61,0,0,0.0,17,12,/Users/eashraf/hadoop/hadoop-hdfs-project/hadoop-hdfs/src/main/java/org/apache/hadoop/hdfs/server/namenode/FSPermissionChecker.java,37
hadoop,org.apache.hadoop.hdfs.server.namenode,Content,1,0,1,1,54,1,0,0,0.0,10,1,/Users/eashraf/hadoop/hadoop-hdfs-project/hadoop-hdfs/src/main/java/org/apache/hadoop/hdfs/server/namenode/Content.java,22
hadoop,org.apache.hadoop.hdfs.server.namenode,Content.Counts,0,0,0,0,11,0,0,0,-1.0,0,0,/Users/eashraf/hadoop/hadoop-hdfs-project/hadoop-hdfs/src/main/java/org/apache/hadoop/hdfs/server/namenode/Content.java,43
hadoop,org.apache.hadoop.hdfs.server.namenode,Content.CountsMap,0,0,0,0,12,0,0,0,-1.0,0,0,/Users/eashraf/hadoop/hadoop-hdfs-project/hadoop-hdfs/src/main/java/org/apache/hadoop/hdfs/server/namenode/Content.java,62
hadoop,org.apache.hadoop.hdfs.server.namenode,Content.Key,0,0,0,0,4,0,0,0,-1.0,0,0,/Users/eashraf/hadoop/hadoop-hdfs-project/hadoop-hdfs/src/main/java/org/apache/hadoop/hdfs/server/namenode/Content.java,65
hadoop,org.apache.hadoop.hdfs.server.namenode,FSImageUtil,2,2,3,3,37,9,0,0,1.0,8,4,/Users/eashraf/hadoop/hadoop-hdfs-project/hadoop-hdfs/src/main/java/org/apache/hadoop/hdfs/server/namenode/FSImageUtil.java,34
hadoop,org.apache.hadoop.hdfs.server.namenode,AuditLogger,0,0,2,0,21,2,3,0,-1.0,1,2,/Users/eashraf/hadoop/hadoop-hdfs-project/hadoop-hdfs/src/main/java/org/apache/hadoop/hdfs/server/namenode/AuditLogger.java,28
hadoop,org.apache.hadoop.hdfs.server.namenode,BackupState,0,0,6,6,30,6,0,0,-1.0,0,1,/Users/eashraf/hadoop/hadoop-hdfs-project/hadoop-hdfs/src/main/java/org/apache/hadoop/hdfs/server/namenode/BackupState.java,30
hadoop,org.apache.hadoop.hdfs.server.namenode.metrics,TestNameNodeMetrics,13,0,18,13,276,23,0,0,0.0,0,19,/Users/eashraf/hadoop/hadoop-hdfs-project/hadoop-hdfs/src/test/java/org/apache/hadoop/hdfs/server/namenode/metrics/TestNameNodeMetrics.java,61
hadoop,org.apache.hadoop.hdfs.server.namenode.metrics,TestNNMetricFilesInGetListingOps,5,0,4,3,42,4,0,0,0.0,0,7,/Users/eashraf/hadoop/hadoop-hdfs-project/hadoop-hdfs/src/test/java/org/apache/hadoop/hdfs/server/namenode/metrics/TestNNMetricFilesInGetListingOps.java,38
hadoop,org.apache.hadoop.hdfs.server.namenode.metrics,FSNamesystemMBean,0,0,24,20,123,24,0,0,-1.0,0,0,/Users/eashraf/hadoop/hadoop-hdfs-project/hadoop-hdfs/src/main/java/org/apache/hadoop/hdfs/server/namenode/metrics/FSNamesystemMBean.java,22
hadoop,org.apache.hadoop.hdfs.server.namenode.metrics,NameNodeMetrics,39,0,39,38,186,43,0,0,0.41025641025641024,8,10,/Users/eashraf/hadoop/hadoop-hdfs-project/hadoop-hdfs/src/main/java/org/apache/hadoop/hdfs/server/namenode/metrics/NameNodeMetrics.java,37
hadoop,org.apache.hadoop.hdfs.server.namenode.snapshot,TestINodeFileUnderConstructionWithSnapshot,9,0,6,5,146,7,0,0,0.0,0,17,/Users/eashraf/hadoop/hadoop-hdfs-project/hadoop-hdfs/src/test/java/org/apache/hadoop/hdfs/server/namenode/snapshot/TestINodeFileUnderConstructionWithSnapshot.java,54
hadoop,org.apache.hadoop.hdfs.server.namenode.snapshot,TestSnapshotDeletion,14,1,23,20,670,29,0,0,0.0,0,30,/Users/eashraf/hadoop/hadoop-hdfs-project/hadoop-hdfs/src/test/java/org/apache/hadoop/hdfs/server/namenode/snapshot/TestSnapshotDeletion.java,68
hadoop,org.apache.hadoop.hdfs.server.namenode.snapshot,TestAclWithSnapshot,12,1,29,19,575,31,0,0,0.0,0,22,/Users/eashraf/hadoop/hadoop-hdfs-project/hadoop-hdfs/src/test/java/org/apache/hadoop/hdfs/server/namenode/snapshot/TestAclWithSnapshot.java,60
hadoop,org.apache.hadoop.hdfs.server.namenode.snapshot,TestSnapshotReplication,12,0,8,5,114,13,0,0,0.0,0,11,/Users/eashraf/hadoop/hadoop-hdfs-project/hadoop-hdfs/src/test/java/org/apache/hadoop/hdfs/server/namenode/snapshot/TestSnapshotReplication.java,40
hadoop,org.apache.hadoop.hdfs.server.namenode.snapshot,TestSnapshottableDirListing,10,0,4,4,132,5,0,0,0.0,0,9,/Users/eashraf/hadoop/hadoop-hdfs-project/hadoop-hdfs/src/test/java/org/apache/hadoop/hdfs/server/namenode/snapshot/TestSnapshottableDirListing.java,39
hadoop,org.apache.hadoop.hdfs.server.namenode.snapshot,TestSnapshotManager,1,0,1,1,35,2,0,0,0.0,0,5,/Users/eashraf/hadoop/hadoop-hdfs-project/hadoop-hdfs/src/test/java/org/apache/hadoop/hdfs/server/namenode/snapshot/TestSnapshotManager.java,38
hadoop,org.apache.hadoop.hdfs.server.namenode.snapshot,SnapshotTestHelper,13,1,12,8,296,21,0,0,0.5,20,20,/Users/eashraf/hadoop/hadoop-hdfs-project/hadoop-hdfs/src/test/java/org/apache/hadoop/hdfs/server/namenode/snapshot/SnapshotTestHelper.java,67
hadoop,org.apache.hadoop.hdfs.server.namenode.snapshot,SnapshotTestHelper.TestDirectoryTree,12,0,0,0,139,0,0,0,-1.0,0,1,/Users/eashraf/hadoop/hadoop-hdfs-project/hadoop-hdfs/src/test/java/org/apache/hadoop/hdfs/server/namenode/snapshot/SnapshotTestHelper.java,300
hadoop,org.apache.hadoop.hdfs.server.namenode.snapshot,SnapshotTestHelper.Node,8,0,0,0,65,0,0,0,-1.0,0,1,/Users/eashraf/hadoop/hadoop-hdfs-project/hadoop-hdfs/src/test/java/org/apache/hadoop/hdfs/server/namenode/snapshot/SnapshotTestHelper.java,381
hadoop,org.apache.hadoop.hdfs.server.namenode.snapshot,TestSnapshotNameWithInvalidCharacters,10,0,4,4,43,5,0,0,0.0,0,5,/Users/eashraf/hadoop/hadoop-hdfs-project/hadoop-hdfs/src/test/java/org/apache/hadoop/hdfs/server/namenode/snapshot/TestSnapshotNameWithInvalidCharacters.java,31
hadoop,org.apache.hadoop.hdfs.server.namenode.snapshot,TestSetQuotaWithSnapshot,9,1,4,4,83,5,0,0,0.0,0,15,/Users/eashraf/hadoop/hadoop-hdfs-project/hadoop-hdfs/src/test/java/org/apache/hadoop/hdfs/server/namenode/snapshot/TestSetQuotaWithSnapshot.java,48
hadoop,org.apache.hadoop.hdfs.server.namenode.snapshot,TestSnapshotListing,8,0,3,3,62,8,0,0,0.0,0,7,/Users/eashraf/hadoop/hadoop-hdfs-project/hadoop-hdfs/src/test/java/org/apache/hadoop/hdfs/server/namenode/snapshot/TestSnapshotListing.java,36
hadoop,org.apache.hadoop.hdfs.server.namenode.snapshot,TestSnapshotFileLength,10,0,4,4,109,5,0,0,0.0,0,13,/Users/eashraf/hadoop/hadoop-hdfs-project/hadoop-hdfs/src/test/java/org/apache/hadoop/hdfs/server/namenode/snapshot/TestSnapshotFileLength.java,44
hadoop,org.apache.hadoop.hdfs.server.namenode.snapshot,TestSnapshot,41,3,17,8,696,24,0,0,0.0,0,21,/Users/eashraf/hadoop/hadoop-hdfs-project/hadoop-hdfs/src/test/java/org/apache/hadoop/hdfs/server/namenode/snapshot/TestSnapshot.java,71
hadoop,org.apache.hadoop.hdfs.server.namenode.snapshot,TestSnapshot.Modification,3,0,0,0,19,0,0,0,-1.0,0,2,/Users/eashraf/hadoop/hadoop-hdfs-project/hadoop-hdfs/src/test/java/org/apache/hadoop/hdfs/server/namenode/snapshot/TestSnapshot.java,564
hadoop,org.apache.hadoop.hdfs.server.namenode.snapshot,TestSnapshot.FileStatusChange,1,0,0,0,39,0,0,0,-1.0,0,0,/Users/eashraf/hadoop/hadoop-hdfs-project/hadoop-hdfs/src/test/java/org/apache/hadoop/hdfs/server/namenode/snapshot/TestSnapshot.java,596
hadoop,org.apache.hadoop.hdfs.server.namenode.snapshot,TestSnapshot.FileChangePermission,1,0,0,0,14,0,0,0,-1.0,0,1,/Users/eashraf/hadoop/hadoop-hdfs-project/hadoop-hdfs/src/test/java/org/apache/hadoop/hdfs/server/namenode/snapshot/TestSnapshot.java,649
hadoop,org.apache.hadoop.hdfs.server.namenode.snapshot,TestSnapshot.FileChangeReplication,1,0,0,0,14,0,0,0,-1.0,0,0,/Users/eashraf/hadoop/hadoop-hdfs-project/hadoop-hdfs/src/test/java/org/apache/hadoop/hdfs/server/namenode/snapshot/TestSnapshot.java,667
hadoop,org.apache.hadoop.hdfs.server.namenode.snapshot,TestSnapshot.FileChown,2,0,0,0,16,0,0,0,-1.0,0,0,/Users/eashraf/hadoop/hadoop-hdfs-project/hadoop-hdfs/src/test/java/org/apache/hadoop/hdfs/server/namenode/snapshot/TestSnapshot.java,685
hadoop,org.apache.hadoop.hdfs.server.namenode.snapshot,TestSnapshot.FileAppend,2,0,0,0,48,0,0,0,-1.0,0,0,/Users/eashraf/hadoop/hadoop-hdfs-project/hadoop-hdfs/src/test/java/org/apache/hadoop/hdfs/server/namenode/snapshot/TestSnapshot.java,705
hadoop,org.apache.hadoop.hdfs.server.namenode.snapshot,TestSnapshot.FileAppendNotClose,1,0,0,0,17,0,0,0,-1.0,0,1,/Users/eashraf/hadoop/hadoop-hdfs-project/hadoop-hdfs/src/test/java/org/apache/hadoop/hdfs/server/namenode/snapshot/TestSnapshot.java,776
hadoop,org.apache.hadoop.hdfs.server.namenode.snapshot,TestSnapshot.FileAppendClose,1,0,0,0,17,0,0,0,-1.0,0,0,/Users/eashraf/hadoop/hadoop-hdfs-project/hadoop-hdfs/src/test/java/org/apache/hadoop/hdfs/server/namenode/snapshot/TestSnapshot.java,798
hadoop,org.apache.hadoop.hdfs.server.namenode.snapshot,TestSnapshot.FileCreation,2,0,0,0,40,0,0,0,-1.0,0,0,/Users/eashraf/hadoop/hadoop-hdfs-project/hadoop-hdfs/src/test/java/org/apache/hadoop/hdfs/server/namenode/snapshot/TestSnapshot.java,821
hadoop,org.apache.hadoop.hdfs.server.namenode.snapshot,TestSnapshot.FileDeletion,1,0,0,0,26,0,0,0,-1.0,0,0,/Users/eashraf/hadoop/hadoop-hdfs-project/hadoop-hdfs/src/test/java/org/apache/hadoop/hdfs/server/namenode/snapshot/TestSnapshot.java,876
hadoop,org.apache.hadoop.hdfs.server.namenode.snapshot,TestSnapshot.DirCreationOrDeletion,4,0,0,0,54,0,0,0,-1.0,0,1,/Users/eashraf/hadoop/hadoop-hdfs-project/hadoop-hdfs/src/test/java/org/apache/hadoop/hdfs/server/namenode/snapshot/TestSnapshot.java,913
hadoop,org.apache.hadoop.hdfs.server.namenode.snapshot,TestSnapshot.DirRename,5,0,0,0,53,0,0,0,-1.0,0,1,/Users/eashraf/hadoop/hadoop-hdfs-project/hadoop-hdfs/src/test/java/org/apache/hadoop/hdfs/server/namenode/snapshot/TestSnapshot.java,993
hadoop,org.apache.hadoop.hdfs.server.namenode.snapshot,TestSnapshotDiffReport,11,1,13,10,261,22,0,0,0.0,0,9,/Users/eashraf/hadoop/hadoop-hdfs-project/hadoop-hdfs/src/test/java/org/apache/hadoop/hdfs/server/namenode/snapshot/TestSnapshotDiffReport.java,42
hadoop,org.apache.hadoop.hdfs.server.namenode.snapshot,TestUpdatePipelineWithSnapshots,0,0,1,1,44,1,0,0,-1.0,0,12,/Users/eashraf/hadoop/hadoop-hdfs-project/hadoop-hdfs/src/test/java/org/apache/hadoop/hdfs/server/namenode/snapshot/TestUpdatePipelineWithSnapshots.java,38
hadoop,org.apache.hadoop.hdfs.server.namenode.snapshot,TestOpenFilesWithSnapshot,3,0,11,9,127,18,0,0,0.0,0,11,/Users/eashraf/hadoop/hadoop-hdfs-project/hadoop-hdfs/src/test/java/org/apache/hadoop/hdfs/server/namenode/snapshot/TestOpenFilesWithSnapshot.java,39
hadoop,org.apache.hadoop.hdfs.server.namenode.snapshot,TestRenameWithSnapshots,19,0,40,38,1601,44,0,0,0.0,0,24,/Users/eashraf/hadoop/hadoop-hdfs-project/hadoop-hdfs/src/test/java/org/apache/hadoop/hdfs/server/namenode/snapshot/TestRenameWithSnapshots.java,79
hadoop,org.apache.hadoop.hdfs.server.namenode.snapshot,TestXAttrWithSnapshot,18,1,15,11,256,17,0,0,0.0,0,14,/Users/eashraf/hadoop/hadoop-hdfs-project/hadoop-hdfs/src/test/java/org/apache/hadoop/hdfs/server/namenode/snapshot/TestXAttrWithSnapshot.java,51
hadoop,org.apache.hadoop.hdfs.server.namenode.snapshot,TestCheckpointsWithSnapshots,2,0,2,2,58,4,0,0,1.0,0,10,/Users/eashraf/hadoop/hadoop-hdfs-project/hadoop-hdfs/src/test/java/org/apache/hadoop/hdfs/server/namenode/snapshot/TestCheckpointsWithSnapshots.java,38
hadoop,org.apache.hadoop.hdfs.server.namenode.snapshot,TestSnapshotBlocksMap,11,0,14,9,263,20,0,0,0.0,1,17,/Users/eashraf/hadoop/hadoop-hdfs-project/hadoop-hdfs/src/test/java/org/apache/hadoop/hdfs/server/namenode/snapshot/TestSnapshotBlocksMap.java,51
hadoop,org.apache.hadoop.hdfs.server.namenode.snapshot,TestNestedSnapshots,7,0,10,7,211,18,0,0,0.2,0,15,/Users/eashraf/hadoop/hadoop-hdfs-project/hadoop-hdfs/src/test/java/org/apache/hadoop/hdfs/server/namenode/snapshot/TestNestedSnapshots.java,47
hadoop,org.apache.hadoop.hdfs.server.namenode.snapshot,TestSnapshotRename,12,1,9,8,151,13,0,0,0.0,0,16,/Users/eashraf/hadoop/hadoop-hdfs-project/hadoop-hdfs/src/test/java/org/apache/hadoop/hdfs/server/namenode/snapshot/TestSnapshotRename.java,51
hadoop,org.apache.hadoop.hdfs.server.namenode.snapshot,TestDisallowModifyROSnapshot,9,0,13,13,87,14,0,0,0.0,0,7,/Users/eashraf/hadoop/hadoop-hdfs-project/hadoop-hdfs/src/test/java/org/apache/hadoop/hdfs/server/namenode/snapshot/TestDisallowModifyROSnapshot.java,36
hadoop,org.apache.hadoop.hdfs.server.namenode.snapshot,TestSnapshotMetrics,11,0,4,4,101,5,0,0,0.0,0,6,/Users/eashraf/hadoop/hadoop-hdfs-project/hadoop-hdfs/src/test/java/org/apache/hadoop/hdfs/server/namenode/snapshot/TestSnapshotMetrics.java,35
hadoop,org.apache.hadoop.hdfs.server.namenode.snapshot,TestSnapshotStatsMXBean,0,0,1,1,37,2,0,0,-1.0,0,5,/Users/eashraf/hadoop/hadoop-hdfs-project/hadoop-hdfs/src/test/java/org/apache/hadoop/hdfs/server/namenode/snapshot/TestSnapshotStatsMXBean.java,36
hadoop,org.apache.hadoop.hdfs.server.namenode.snapshot,AbstractINodeDiffList,1,0,21,13,232,42,2,0,0.0,1,4,/Users/eashraf/hadoop/hadoop-hdfs-project/hadoop-hdfs/src/main/java/org/apache/hadoop/hdfs/server/namenode/snapshot/AbstractINodeDiffList.java,31
hadoop,org.apache.hadoop.hdfs.server.namenode.snapshot,SnapshotStatsMXBean,0,0,2,2,15,2,1,0,-1.0,0,0,/Users/eashraf/hadoop/hadoop-hdfs-project/hadoop-hdfs/src/main/java/org/apache/hadoop/hdfs/server/namenode/snapshot/SnapshotStatsMXBean.java,23
hadoop,org.apache.hadoop.hdfs.server.namenode.snapshot,FileDiffList,0,0,7,4,77,22,0,1,-1.0,3,7,/Users/eashraf/hadoop/hadoop-hdfs-project/hadoop-hdfs/src/main/java/org/apache/hadoop/hdfs/server/namenode/snapshot/FileDiffList.java,30
hadoop,org.apache.hadoop.hdfs.server.namenode.snapshot,DirectorySnapshottableFeature,5,0,24,17,319,62,0,1,0.125,8,14,/Users/eashraf/hadoop/hadoop-hdfs-project/hadoop-hdfs/src/main/java/org/apache/hadoop/hdfs/server/namenode/snapshot/DirectorySnapshottableFeature.java,52
hadoop,org.apache.hadoop.hdfs.server.namenode.snapshot,FSImageFormatPBSnapshot,8,0,1,0,385,1,0,0,0.0,0,7,/Users/eashraf/hadoop/hadoop-hdfs-project/hadoop-hdfs/src/main/java/org/apache/hadoop/hdfs/server/namenode/snapshot/FSImageFormatPBSnapshot.java,84
hadoop,org.apache.hadoop.hdfs.server.namenode.snapshot,FSImageFormatPBSnapshot.Loader,4,0,0,0,237,0,0,0,-1.0,0,6,/Users/eashraf/hadoop/hadoop-hdfs-project/hadoop-hdfs/src/main/java/org/apache/hadoop/hdfs/server/namenode/snapshot/FSImageFormatPBSnapshot.java,86
hadoop,org.apache.hadoop.hdfs.server.namenode.snapshot,FSImageFormatPBSnapshot.Saver,4,0,0,0,144,0,0,0,-1.0,0,3,/Users/eashraf/hadoop/hadoop-hdfs-project/hadoop-hdfs/src/main/java/org/apache/hadoop/hdfs/server/namenode/snapshot/FSImageFormatPBSnapshot.java,391
hadoop,org.apache.hadoop.hdfs.server.namenode.snapshot,FileWithSnapshotFeature,2,0,11,10,155,37,0,0,0.0,3,11,/Users/eashraf/hadoop/hadoop-hdfs-project/hadoop-hdfs/src/main/java/org/apache/hadoop/hdfs/server/namenode/snapshot/FileWithSnapshotFeature.java,36
hadoop,org.apache.hadoop.hdfs.server.namenode.snapshot,SnapshotDiffInfo,9,1,11,2,179,25,0,0,0.18181818181818182,2,4,/Users/eashraf/hadoop/hadoop-hdfs-project/hadoop-hdfs/src/main/java/org/apache/hadoop/hdfs/server/namenode/snapshot/SnapshotDiffInfo.java,41
hadoop,org.apache.hadoop.hdfs.server.namenode.snapshot,SnapshotDiffInfo.RenameEntry,2,0,0,0,27,0,0,0,-1.0,0,0,/Users/eashraf/hadoop/hadoop-hdfs-project/hadoop-hdfs/src/main/java/org/apache/hadoop/hdfs/server/namenode/snapshot/SnapshotDiffInfo.java,65
hadoop,org.apache.hadoop.hdfs.server.namenode.snapshot,Snapshot,7,4,17,12,156,23,0,0,0.35294117647058826,48,7,/Users/eashraf/hadoop/hadoop-hdfs-project/hadoop-hdfs/src/main/java/org/apache/hadoop/hdfs/server/namenode/snapshot/Snapshot.java,45
hadoop,org.apache.hadoop.hdfs.server.namenode.snapshot,Snapshot.Root,0,0,0,0,29,0,0,0,-1.0,0,0,/Users/eashraf/hadoop/hadoop-hdfs-project/hadoop-hdfs/src/main/java/org/apache/hadoop/hdfs/server/namenode/snapshot/Snapshot.java,147
hadoop,org.apache.hadoop.hdfs.server.namenode.snapshot,FileDiff,2,0,10,5,71,15,0,1,0.3,5,6,/Users/eashraf/hadoop/hadoop-hdfs-project/hadoop-hdfs/src/main/java/org/apache/hadoop/hdfs/server/namenode/snapshot/FileDiff.java,35
hadoop,org.apache.hadoop.hdfs.server.namenode.snapshot,SnapshotFSImageFormat,2,0,13,7,237,28,0,0,0.46153846153846156,1,14,/Users/eashraf/hadoop/hadoop-hdfs-project/hadoop-hdfs/src/main/java/org/apache/hadoop/hdfs/server/namenode/snapshot/SnapshotFSImageFormat.java,46
hadoop,org.apache.hadoop.hdfs.server.namenode.snapshot,SnapshotFSImageFormat.ReferenceMap,2,0,0,0,49,0,0,0,-1.0,0,0,/Users/eashraf/hadoop/hadoop-hdfs-project/hadoop-hdfs/src/main/java/org/apache/hadoop/hdfs/server/namenode/snapshot/SnapshotFSImageFormat.java,317
hadoop,org.apache.hadoop.hdfs.server.namenode.snapshot,SnapshotManager,7,0,30,23,261,53,0,1,0.1,5,10,/Users/eashraf/hadoop/hadoop-hdfs-project/hadoop-hdfs/src/main/java/org/apache/hadoop/hdfs/server/namenode/snapshot/SnapshotManager.java,49
hadoop,org.apache.hadoop.hdfs.server.namenode.snapshot,DirectoryWithSnapshotFeature,5,0,17,14,579,68,1,0,0.0,4,11,/Users/eashraf/hadoop/hadoop-hdfs-project/hadoop-hdfs/src/main/java/org/apache/hadoop/hdfs/server/namenode/snapshot/DirectoryWithSnapshotFeature.java,52
hadoop,org.apache.hadoop.hdfs.server.namenode.snapshot,DirectoryWithSnapshotFeature.ChildrenDiff,0,0,0,0,99,0,0,0,-1.0,0,0,/Users/eashraf/hadoop/hadoop-hdfs-project/hadoop-hdfs/src/main/java/org/apache/hadoop/hdfs/server/namenode/snapshot/DirectoryWithSnapshotFeature.java,59
hadoop,org.apache.hadoop.hdfs.server.namenode.snapshot,DirectoryWithSnapshotFeature.DirectoryDiff,4,0,0,0,132,0,0,1,-1.0,0,2,/Users/eashraf/hadoop/hadoop-hdfs-project/hadoop-hdfs/src/main/java/org/apache/hadoop/hdfs/server/namenode/snapshot/DirectoryWithSnapshotFeature.java,169
hadoop,org.apache.hadoop.hdfs.server.namenode.snapshot,DirectoryWithSnapshotFeature.DirectoryDiffList,0,0,0,0,52,0,0,1,-1.0,0,1,/Users/eashraf/hadoop/hadoop-hdfs-project/hadoop-hdfs/src/main/java/org/apache/hadoop/hdfs/server/namenode/snapshot/DirectoryWithSnapshotFeature.java,335
hadoop,org.apache.hadoop.hdfs.server.namenode.snapshot,AbstractINodeDiff,3,0,13,3,86,16,2,0,0.3076923076923077,1,2,/Users/eashraf/hadoop/hadoop-hdfs-project/hadoop-hdfs/src/main/java/org/apache/hadoop/hdfs/server/namenode/snapshot/AbstractINodeDiff.java,33
hadoop,org.apache.hadoop.hdfs.server.namenode.web.resources,TestWebHdfsDataLocality,4,0,2,2,113,7,0,0,0.0,0,17,/Users/eashraf/hadoop/hadoop-hdfs-project/hadoop-hdfs/src/test/java/org/apache/hadoop/hdfs/server/namenode/web/resources/TestWebHdfsDataLocality.java,47
hadoop,org.apache.hadoop.hdfs.server.namenode.web.resources,NamenodeWebHdfsMethods,6,1,30,17,509,109,0,0,0.0,6,26,/Users/eashraf/hadoop/hadoop-hdfs-project/hadoop-hdfs/src/main/java/org/apache/hadoop/hdfs/server/namenode/web/resources/NamenodeWebHdfsMethods.java,96
hadoop,org.apache.hadoop.hdfs.server.namenode.ha,TestHAFsck,0,0,2,1,44,4,0,0,-1.0,0,6,/Users/eashraf/hadoop/hadoop-hdfs-project/hadoop-hdfs/src/test/java/org/apache/hadoop/hdfs/server/namenode/ha/TestHAFsck.java,39
hadoop,org.apache.hadoop.hdfs.server.namenode.ha,HATestUtil,3,0,14,14,136,22,0,0,0.5,42,12,/Users/eashraf/hadoop/hadoop-hdfs-project/hadoop-hdfs/src/test/java/org/apache/hadoop/hdfs/server/namenode/ha/HATestUtil.java,48
hadoop,org.apache.hadoop.hdfs.server.namenode.ha,HATestUtil.CouldNotCatchUpException,1,0,0,0,6,0,0,0,-1.0,0,0,/Users/eashraf/hadoop/hadoop-hdfs-project/hadoop-hdfs/src/test/java/org/apache/hadoop/hdfs/server/namenode/ha/HATestUtil.java,125
hadoop,org.apache.hadoop.hdfs.server.namenode.ha,TestDFSZKFailoverController,7,0,7,6,115,10,0,0,0.2857142857142857,0,15,/Users/eashraf/hadoop/hadoop-hdfs-project/hadoop-hdfs/src/test/java/org/apache/hadoop/hdfs/server/namenode/ha/TestDFSZKFailoverController.java,51
hadoop,org.apache.hadoop.hdfs.server.namenode.ha,TestDFSZKFailoverController.ZKFCThread,1,0,0,0,17,0,0,0,-1.0,0,1,/Users/eashraf/hadoop/hadoop-hdfs-project/hadoop-hdfs/src/test/java/org/apache/hadoop/hdfs/server/namenode/ha/TestDFSZKFailoverController.java,203
hadoop,org.apache.hadoop.hdfs.server.namenode.ha,TestHarFileSystemWithHA,1,0,2,1,35,2,0,0,0.0,0,7,/Users/eashraf/hadoop/hadoop-hdfs-project/hadoop-hdfs/src/test/java/org/apache/hadoop/hdfs/server/namenode/ha/TestHarFileSystemWithHA.java,33
hadoop,org.apache.hadoop.hdfs.server.namenode.ha,TestPendingCorruptDnMessages,1,0,3,1,50,5,0,0,0.0,0,10,/Users/eashraf/hadoop/hadoop-hdfs-project/hadoop-hdfs/src/test/java/org/apache/hadoop/hdfs/server/namenode/ha/TestPendingCorruptDnMessages.java,42
hadoop,org.apache.hadoop.hdfs.server.namenode.ha,TestStandbyBlockManagement,4,0,1,1,40,1,0,0,0.0,0,11,/Users/eashraf/hadoop/hadoop-hdfs-project/hadoop-hdfs/src/test/java/org/apache/hadoop/hdfs/server/namenode/ha/TestStandbyBlockManagement.java,37
hadoop,org.apache.hadoop.hdfs.server.namenode.ha,TestStateTransitionFailure,0,0,1,1,29,2,0,0,-1.0,0,4,/Users/eashraf/hadoop/hadoop-hdfs-project/hadoop-hdfs/src/test/java/org/apache/hadoop/hdfs/server/namenode/ha/TestStateTransitionFailure.java,32
hadoop,org.apache.hadoop.hdfs.server.namenode.ha,TestBootstrapStandby,3,0,8,7,98,10,0,0,0.0,0,11,/Users/eashraf/hadoop/hadoop-hdfs-project/hadoop-hdfs/src/test/java/org/apache/hadoop/hdfs/server/namenode/ha/TestBootstrapStandby.java,47
hadoop,org.apache.hadoop.hdfs.server.namenode.ha,TestDNFencing,9,0,14,9,341,19,0,0,0.14285714285714285,0,21,/Users/eashraf/hadoop/hadoop-hdfs-project/hadoop-hdfs/src/test/java/org/apache/hadoop/hdfs/server/namenode/ha/TestDNFencing.java,69
hadoop,org.apache.hadoop.hdfs.server.namenode.ha,TestDNFencing.RandomDeleterPolicy,0,0,0,0,13,0,0,0,-1.0,0,0,/Users/eashraf/hadoop/hadoop-hdfs-project/hadoop-hdfs/src/test/java/org/apache/hadoop/hdfs/server/namenode/ha/TestDNFencing.java,620
hadoop,org.apache.hadoop.hdfs.server.namenode.ha,TestDFSUpgradeWithHA,2,0,18,10,456,45,0,0,0.0,0,16,/Users/eashraf/hadoop/hadoop-hdfs-project/hadoop-hdfs/src/test/java/org/apache/hadoop/hdfs/server/namenode/ha/TestDFSUpgradeWithHA.java,59
hadoop,org.apache.hadoop.hdfs.server.namenode.ha,TestHAMetrics,1,0,1,1,57,1,0,0,0.0,0,9,/Users/eashraf/hadoop/hadoop-hdfs-project/hadoop-hdfs/src/test/java/org/apache/hadoop/hdfs/server/namenode/ha/TestHAMetrics.java,40
hadoop,org.apache.hadoop.hdfs.server.namenode.ha,TestXAttrsWithHA,11,0,3,3,51,4,0,0,0.0,0,10,/Users/eashraf/hadoop/hadoop-hdfs-project/hadoop-hdfs/src/test/java/org/apache/hadoop/hdfs/server/namenode/ha/TestXAttrsWithHA.java,42
hadoop,org.apache.hadoop.hdfs.server.namenode.ha,TestFailoverWithBlockTokensEnabled,4,0,10,7,96,14,0,0,0.3,0,17,/Users/eashraf/hadoop/hadoop-hdfs-project/hadoop-hdfs/src/test/java/org/apache/hadoop/hdfs/server/namenode/ha/TestFailoverWithBlockTokensEnabled.java,54
hadoop,org.apache.hadoop.hdfs.server.namenode.ha,TestHAAppend,1,0,2,1,61,6,0,0,0.0,0,12,/Users/eashraf/hadoop/hadoop-hdfs-project/hadoop-hdfs/src/test/java/org/apache/hadoop/hdfs/server/namenode/ha/TestHAAppend.java,38
hadoop,org.apache.hadoop.hdfs.server.namenode.ha,TestStandbyCheckpoints,8,0,15,12,244,25,0,0,0.13333333333333333,0,14,/Users/eashraf/hadoop/hadoop-hdfs-project/hadoop-hdfs/src/test/java/org/apache/hadoop/hdfs/server/namenode/ha/TestStandbyCheckpoints.java,64
hadoop,org.apache.hadoop.hdfs.server.namenode.ha,TestStandbyCheckpoints.SlowCodec,0,0,0,0,11,0,0,0,-1.0,0,0,/Users/eashraf/hadoop/hadoop-hdfs-project/hadoop-hdfs/src/test/java/org/apache/hadoop/hdfs/server/namenode/ha/TestStandbyCheckpoints.java,458
hadoop,org.apache.hadoop.hdfs.server.namenode.ha,TestRetryCacheWithHA,52,0,29,26,970,40,0,0,0.0,0,29,/Users/eashraf/hadoop/hadoop-hdfs-project/hadoop-hdfs/src/test/java/org/apache/hadoop/hdfs/server/namenode/ha/TestRetryCacheWithHA.java,90
hadoop,org.apache.hadoop.hdfs.server.namenode.ha,TestRetryCacheWithHA.DummyRetryInvocationHandler,1,0,0,0,18,0,0,0,-1.0,0,0,/Users/eashraf/hadoop/hadoop-hdfs-project/hadoop-hdfs/src/test/java/org/apache/hadoop/hdfs/server/namenode/ha/TestRetryCacheWithHA.java,102
hadoop,org.apache.hadoop.hdfs.server.namenode.ha,TestRetryCacheWithHA.AtMostOnceOp,2,0,0,0,12,0,0,0,-1.0,0,1,/Users/eashraf/hadoop/hadoop-hdfs-project/hadoop-hdfs/src/test/java/org/apache/hadoop/hdfs/server/namenode/ha/TestRetryCacheWithHA.java,214
hadoop,org.apache.hadoop.hdfs.server.namenode.ha,TestRetryCacheWithHA.CreateSnapshotOp,3,0,0,0,35,0,0,0,-1.0,0,0,/Users/eashraf/hadoop/hadoop-hdfs-project/hadoop-hdfs/src/test/java/org/apache/hadoop/hdfs/server/namenode/ha/TestRetryCacheWithHA.java,229
hadoop,org.apache.hadoop.hdfs.server.namenode.ha,TestRetryCacheWithHA.DeleteSnapshotOp,2,0,0,0,38,0,0,0,-1.0,0,0,/Users/eashraf/hadoop/hadoop-hdfs-project/hadoop-hdfs/src/test/java/org/apache/hadoop/hdfs/server/namenode/ha/TestRetryCacheWithHA.java,273
hadoop,org.apache.hadoop.hdfs.server.namenode.ha,TestRetryCacheWithHA.RenameSnapshotOp,3,0,0,0,40,0,0,0,-1.0,0,0,/Users/eashraf/hadoop/hadoop-hdfs-project/hadoop-hdfs/src/test/java/org/apache/hadoop/hdfs/server/namenode/ha/TestRetryCacheWithHA.java,321
hadoop,org.apache.hadoop.hdfs.server.namenode.ha,TestRetryCacheWithHA.CreateOp,2,0,0,0,37,0,0,0,-1.0,0,3,/Users/eashraf/hadoop/hadoop-hdfs-project/hadoop-hdfs/src/test/java/org/apache/hadoop/hdfs/server/namenode/ha/TestRetryCacheWithHA.java,372
hadoop,org.apache.hadoop.hdfs.server.namenode.ha,TestRetryCacheWithHA.AppendOp,2,0,0,0,33,0,0,0,-1.0,0,2,/Users/eashraf/hadoop/hadoop-hdfs-project/hadoop-hdfs/src/test/java/org/apache/hadoop/hdfs/server/namenode/ha/TestRetryCacheWithHA.java,421
hadoop,org.apache.hadoop.hdfs.server.namenode.ha,TestRetryCacheWithHA.RenameOp,3,0,0,0,34,0,0,0,-1.0,0,0,/Users/eashraf/hadoop/hadoop-hdfs-project/hadoop-hdfs/src/test/java/org/apache/hadoop/hdfs/server/namenode/ha/TestRetryCacheWithHA.java,466
hadoop,org.apache.hadoop.hdfs.server.namenode.ha,TestRetryCacheWithHA.Rename2Op,2,0,0,0,33,0,0,0,-1.0,0,0,/Users/eashraf/hadoop/hadoop-hdfs-project/hadoop-hdfs/src/test/java/org/apache/hadoop/hdfs/server/namenode/ha/TestRetryCacheWithHA.java,509
hadoop,org.apache.hadoop.hdfs.server.namenode.ha,TestRetryCacheWithHA.ConcatOp,3,0,0,0,42,0,0,0,-1.0,0,1,/Users/eashraf/hadoop/hadoop-hdfs-project/hadoop-hdfs/src/test/java/org/apache/hadoop/hdfs/server/namenode/ha/TestRetryCacheWithHA.java,550
hadoop,org.apache.hadoop.hdfs.server.namenode.ha,TestRetryCacheWithHA.DeleteOp,2,0,0,0,32,0,0,0,-1.0,0,0,/Users/eashraf/hadoop/hadoop-hdfs-project/hadoop-hdfs/src/test/java/org/apache/hadoop/hdfs/server/namenode/ha/TestRetryCacheWithHA.java,602
hadoop,org.apache.hadoop.hdfs.server.namenode.ha,TestRetryCacheWithHA.CreateSymlinkOp,2,0,0,0,37,0,0,0,-1.0,0,0,/Users/eashraf/hadoop/hadoop-hdfs-project/hadoop-hdfs/src/test/java/org/apache/hadoop/hdfs/server/namenode/ha/TestRetryCacheWithHA.java,642
hadoop,org.apache.hadoop.hdfs.server.namenode.ha,TestRetryCacheWithHA.UpdatePipelineOp,5,0,0,0,50,0,0,0,-1.0,0,4,/Users/eashraf/hadoop/hadoop-hdfs-project/hadoop-hdfs/src/test/java/org/apache/hadoop/hdfs/server/namenode/ha/TestRetryCacheWithHA.java,687
hadoop,org.apache.hadoop.hdfs.server.namenode.ha,TestRetryCacheWithHA.AddCacheDirectiveInfoOp,2,0,0,0,30,0,0,0,-1.0,0,2,/Users/eashraf/hadoop/hadoop-hdfs-project/hadoop-hdfs/src/test/java/org/apache/hadoop/hdfs/server/namenode/ha/TestRetryCacheWithHA.java,762
hadoop,org.apache.hadoop.hdfs.server.namenode.ha,TestRetryCacheWithHA.ModifyCacheDirectiveInfoOp,3,0,0,0,36,0,0,0,-1.0,0,2,/Users/eashraf/hadoop/hadoop-hdfs-project/hadoop-hdfs/src/test/java/org/apache/hadoop/hdfs/server/namenode/ha/TestRetryCacheWithHA.java,806
hadoop,org.apache.hadoop.hdfs.server.namenode.ha,TestRetryCacheWithHA.RemoveCacheDirectiveInfoOp,2,0,0,0,31,0,0,0,-1.0,0,2,/Users/eashraf/hadoop/hadoop-hdfs-project/hadoop-hdfs/src/test/java/org/apache/hadoop/hdfs/server/namenode/ha/TestRetryCacheWithHA.java,861
hadoop,org.apache.hadoop.hdfs.server.namenode.ha,TestRetryCacheWithHA.AddCachePoolOp,1,0,0,0,28,0,0,0,-1.0,0,0,/Users/eashraf/hadoop/hadoop-hdfs-project/hadoop-hdfs/src/test/java/org/apache/hadoop/hdfs/server/namenode/ha/TestRetryCacheWithHA.java,909
hadoop,org.apache.hadoop.hdfs.server.namenode.ha,TestRetryCacheWithHA.ModifyCachePoolOp,1,0,0,0,29,0,0,0,-1.0,0,0,/Users/eashraf/hadoop/hadoop-hdfs-project/hadoop-hdfs/src/test/java/org/apache/hadoop/hdfs/server/namenode/ha/TestRetryCacheWithHA.java,945
hadoop,org.apache.hadoop.hdfs.server.namenode.ha,TestRetryCacheWithHA.RemoveCachePoolOp,1,0,0,0,29,0,0,0,-1.0,0,0,/Users/eashraf/hadoop/hadoop-hdfs-project/hadoop-hdfs/src/test/java/org/apache/hadoop/hdfs/server/namenode/ha/TestRetryCacheWithHA.java,982
hadoop,org.apache.hadoop.hdfs.server.namenode.ha,TestRetryCacheWithHA.SetXAttrOp,1,0,0,0,33,0,0,0,-1.0,0,1,/Users/eashraf/hadoop/hadoop-hdfs-project/hadoop-hdfs/src/test/java/org/apache/hadoop/hdfs/server/namenode/ha/TestRetryCacheWithHA.java,1019
hadoop,org.apache.hadoop.hdfs.server.namenode.ha,TestRetryCacheWithHA.RemoveXAttrOp,1,0,0,0,34,0,0,0,-1.0,0,1,/Users/eashraf/hadoop/hadoop-hdfs-project/hadoop-hdfs/src/test/java/org/apache/hadoop/hdfs/server/namenode/ha/TestRetryCacheWithHA.java,1061
hadoop,org.apache.hadoop.hdfs.server.namenode.ha,TestQuotasWithHA,10,0,3,3,72,4,0,0,0.0,0,14,/Users/eashraf/hadoop/hadoop-hdfs-project/hadoop-hdfs/src/test/java/org/apache/hadoop/hdfs/server/namenode/ha/TestQuotasWithHA.java,41
hadoop,org.apache.hadoop.hdfs.server.namenode.ha,TestDNFencingWithReplication,5,0,1,1,84,3,0,0,0.0,0,8,/Users/eashraf/hadoop/hadoop-hdfs-project/hadoop-hdfs/src/test/java/org/apache/hadoop/hdfs/server/namenode/ha/TestDNFencingWithReplication.java,43
hadoop,org.apache.hadoop.hdfs.server.namenode.ha,TestDNFencingWithReplication.ReplicationToggler,2,0,0,0,38,0,0,0,-1.0,0,2,/Users/eashraf/hadoop/hadoop-hdfs-project/hadoop-hdfs/src/test/java/org/apache/hadoop/hdfs/server/namenode/ha/TestDNFencingWithReplication.java,63
hadoop,org.apache.hadoop.hdfs.server.namenode.ha,TestInitializeSharedEdits,4,0,9,6,90,11,0,0,0.2222222222222222,0,13,/Users/eashraf/hadoop/hadoop-hdfs-project/hadoop-hdfs/src/test/java/org/apache/hadoop/hdfs/server/namenode/ha/TestInitializeSharedEdits.java,51
hadoop,org.apache.hadoop.hdfs.server.namenode.ha,TestGetGroupsWithHA,1,0,3,2,16,4,0,0,0.6666666666666666,0,3,/Users/eashraf/hadoop/hadoop-hdfs-project/hadoop-hdfs/src/test/java/org/apache/hadoop/hdfs/server/namenode/ha/TestGetGroupsWithHA.java,32
hadoop,org.apache.hadoop.hdfs.server.namenode.ha,TestStandbyIsHot,4,0,4,3,116,8,0,0,0.0,0,16,/Users/eashraf/hadoop/hadoop-hdfs-project/hadoop-hdfs/src/test/java/org/apache/hadoop/hdfs/server/namenode/ha/TestStandbyIsHot.java,48
hadoop,org.apache.hadoop.hdfs.server.namenode.ha,TestFailureToReadEdits,11,0,8,7,181,14,0,0,0.25,0,12,/Users/eashraf/hadoop/hadoop-hdfs-project/hadoop-hdfs/src/test/java/org/apache/hadoop/hdfs/server/namenode/ha/TestFailureToReadEdits.java,62
hadoop,org.apache.hadoop.hdfs.server.namenode.ha,TestFailureToReadEdits.TestType,0,0,0,0,1,0,0,0,-1.0,0,0,/Users/eashraf/hadoop/hadoop-hdfs-project/hadoop-hdfs/src/test/java/org/apache/hadoop/hdfs/server/namenode/ha/TestFailureToReadEdits.java,77
hadoop,org.apache.hadoop.hdfs.server.namenode.ha,TestFailureToReadEdits.LimitedEditLogAnswer,1,0,0,0,32,0,0,0,-1.0,0,0,/Users/eashraf/hadoop/hadoop-hdfs-project/hadoop-hdfs/src/test/java/org/apache/hadoop/hdfs/server/namenode/ha/TestFailureToReadEdits.java,307
hadoop,org.apache.hadoop.hdfs.server.namenode.ha,TestBootstrapStandbyWithQJM,3,0,4,4,51,6,0,0,0.0,0,9,/Users/eashraf/hadoop/hadoop-hdfs-project/hadoop-hdfs/src/test/java/org/apache/hadoop/hdfs/server/namenode/ha/TestBootstrapStandbyWithQJM.java,38
hadoop,org.apache.hadoop.hdfs.server.namenode.ha,TestHASafeMode,6,0,27,22,453,35,0,0,0.0,0,23,/Users/eashraf/hadoop/hadoop-hdfs-project/hadoop-hdfs/src/test/java/org/apache/hadoop/hdfs/server/namenode/ha/TestHASafeMode.java,75
hadoop,org.apache.hadoop.hdfs.server.namenode.ha,TestLossyRetryInvocationHandler,0,0,1,1,21,2,0,0,-1.0,0,4,/Users/eashraf/hadoop/hadoop-hdfs-project/hadoop-hdfs/src/test/java/org/apache/hadoop/hdfs/server/namenode/ha/TestLossyRetryInvocationHandler.java,27
hadoop,org.apache.hadoop.hdfs.server.namenode.ha,TestEditLogTailer,4,0,7,4,73,11,0,0,0.42857142857142855,1,12,/Users/eashraf/hadoop/hadoop-hdfs-project/hadoop-hdfs/src/test/java/org/apache/hadoop/hdfs/server/namenode/ha/TestEditLogTailer.java,46
hadoop,org.apache.hadoop.hdfs.server.namenode.ha,TestHAStateTransitions,6,0,19,13,384,26,0,0,0.3157894736842105,0,14,/Users/eashraf/hadoop/hadoop-hdfs-project/hadoop-hdfs/src/test/java/org/apache/hadoop/hdfs/server/namenode/ha/TestHAStateTransitions.java,61
hadoop,org.apache.hadoop.hdfs.server.namenode.ha,TestDelegationTokensWithHA,9,0,17,15,275,25,0,0,0.0,0,22,/Users/eashraf/hadoop/hadoop-hdfs-project/hadoop-hdfs/src/test/java/org/apache/hadoop/hdfs/server/namenode/ha/TestDelegationTokensWithHA.java,69
hadoop,org.apache.hadoop.hdfs.server.namenode.ha,TestDelegationTokensWithHA.EditLogTailerForTest,0,0,0,0,18,0,0,1,-1.0,0,0,/Users/eashraf/hadoop/hadoop-hdfs-project/hadoop-hdfs/src/test/java/org/apache/hadoop/hdfs/server/namenode/ha/TestDelegationTokensWithHA.java,162
hadoop,org.apache.hadoop.hdfs.server.namenode.ha,TestDelegationTokensWithHA.TokenTestAction,0,0,0,0,1,0,0,0,-1.0,0,0,/Users/eashraf/hadoop/hadoop-hdfs-project/hadoop-hdfs/src/test/java/org/apache/hadoop/hdfs/server/namenode/ha/TestDelegationTokensWithHA.java,468
hadoop,org.apache.hadoop.hdfs.server.namenode.ha,TestFailureOfSharedDir,0,0,4,4,95,8,0,0,-1.0,0,11,/Users/eashraf/hadoop/hadoop-hdfs-project/hadoop-hdfs/src/test/java/org/apache/hadoop/hdfs/server/namenode/ha/TestFailureOfSharedDir.java,50
hadoop,org.apache.hadoop.hdfs.server.namenode.ha,HAStressTestHarness,4,0,10,10,90,15,0,0,0.0,2,8,/Users/eashraf/hadoop/hadoop-hdfs-project/hadoop-hdfs/src/test/java/org/apache/hadoop/hdfs/server/namenode/ha/HAStressTestHarness.java,35
hadoop,org.apache.hadoop.hdfs.server.namenode.ha,TestNNHealthCheck,0,0,1,1,27,2,0,0,-1.0,0,6,/Users/eashraf/hadoop/hadoop-hdfs-project/hadoop-hdfs/src/test/java/org/apache/hadoop/hdfs/server/namenode/ha/TestNNHealthCheck.java,34
hadoop,org.apache.hadoop.hdfs.server.namenode.ha,TestEditLogsDuringFailover,2,0,6,3,99,9,0,0,0.3333333333333333,0,11,/Users/eashraf/hadoop/hadoop-hdfs-project/hadoop-hdfs/src/test/java/org/apache/hadoop/hdfs/server/namenode/ha/TestEditLogsDuringFailover.java,49
hadoop,org.apache.hadoop.hdfs.server.namenode.ha,TestPipelinesFailover,9,0,14,10,325,19,0,0,0.14285714285714285,0,23,/Users/eashraf/hadoop/hadoop-hdfs-project/hadoop-hdfs/src/test/java/org/apache/hadoop/hdfs/server/namenode/ha/TestPipelinesFailover.java,64
hadoop,org.apache.hadoop.hdfs.server.namenode.ha,TestPipelinesFailover.TestScenario,0,0,0,0,14,0,0,0,-1.0,0,0,/Users/eashraf/hadoop/hadoop-hdfs-project/hadoop-hdfs/src/test/java/org/apache/hadoop/hdfs/server/namenode/ha/TestPipelinesFailover.java,84
hadoop,org.apache.hadoop.hdfs.server.namenode.ha,TestPipelinesFailover.MethodToTestIdempotence,0,0,0,0,1,0,0,0,-1.0,0,0,/Users/eashraf/hadoop/hadoop-hdfs-project/hadoop-hdfs/src/test/java/org/apache/hadoop/hdfs/server/namenode/ha/TestPipelinesFailover.java,103
hadoop,org.apache.hadoop.hdfs.server.namenode.ha,TestPipelinesFailover.PipelineTestThread,3,0,0,0,33,0,0,0,-1.0,0,2,/Users/eashraf/hadoop/hadoop-hdfs-project/hadoop-hdfs/src/test/java/org/apache/hadoop/hdfs/server/namenode/ha/TestPipelinesFailover.java,487
hadoop,org.apache.hadoop.hdfs.server.namenode.ha,TestHAConfiguration,1,0,5,4,55,5,0,0,0.4,0,7,/Users/eashraf/hadoop/hadoop-hdfs-project/hadoop-hdfs/src/test/java/org/apache/hadoop/hdfs/server/namenode/ha/TestHAConfiguration.java,40
hadoop,org.apache.hadoop.hdfs.server.namenode.ha,ConfiguredFailoverProxyProvider,8,2,6,6,89,12,0,1,0.3333333333333333,0,8,/Users/eashraf/hadoop/hadoop-hdfs-project/hadoop-hdfs/src/main/java/org/apache/hadoop/hdfs/server/namenode/ha/ConfiguredFailoverProxyProvider.java,44
hadoop,org.apache.hadoop.hdfs.server.namenode.ha,ConfiguredFailoverProxyProvider.AddressRpcProxyPair,2,2,0,0,10,0,0,0,-1.0,0,0,/Users/eashraf/hadoop/hadoop-hdfs-project/hadoop-hdfs/src/main/java/org/apache/hadoop/hdfs/server/namenode/ha/ConfiguredFailoverProxyProvider.java,139
hadoop,org.apache.hadoop.hdfs.server.namenode.ha,IPFailoverProxyProvider,4,0,6,6,59,9,0,1,0.5,0,7,/Users/eashraf/hadoop/hadoop-hdfs-project/hadoop-hdfs/src/main/java/org/apache/hadoop/hdfs/server/namenode/ha/IPFailoverProxyProvider.java,37
hadoop,org.apache.hadoop.hdfs.server.namenode.ha,WrappedFailoverProxyProvider,1,0,6,6,33,6,0,1,0.3333333333333333,0,1,/Users/eashraf/hadoop/hadoop-hdfs-project/hadoop-hdfs/src/main/java/org/apache/hadoop/hdfs/server/namenode/ha/WrappedFailoverProxyProvider.java,33
hadoop,org.apache.hadoop.hdfs.server.namenode.ha,StandbyCheckpointer,15,0,13,6,237,17,0,0,0.15384615384615385,3,9,/Users/eashraf/hadoop/hadoop-hdfs-project/hadoop-hdfs/src/main/java/org/apache/hadoop/hdfs/server/namenode/ha/StandbyCheckpointer.java,55
hadoop,org.apache.hadoop.hdfs.server.namenode.ha,StandbyCheckpointer.CheckpointerThread,2,0,0,0,96,0,0,0,-1.0,0,0,/Users/eashraf/hadoop/hadoop-hdfs-project/hadoop-hdfs/src/main/java/org/apache/hadoop/hdfs/server/namenode/ha/StandbyCheckpointer.java,260
hadoop,org.apache.hadoop.hdfs.server.namenode.ha,EditLogTailer,13,1,13,7,220,19,1,0,0.0,5,12,/Users/eashraf/hadoop/hadoop-hdfs-project/hadoop-hdfs/src/main/java/org/apache/hadoop/hdfs/server/namenode/ha/EditLogTailer.java,54
hadoop,org.apache.hadoop.hdfs.server.namenode.ha,EditLogTailer.EditLogTailerThread,1,0,0,0,56,0,0,0,-1.0,0,0,/Users/eashraf/hadoop/hadoop-hdfs-project/hadoop-hdfs/src/main/java/org/apache/hadoop/hdfs/server/namenode/ha/EditLogTailer.java,280
hadoop,org.apache.hadoop.hdfs.server.namenode.ha,StandbyState,0,0,7,7,44,9,0,1,-1.0,0,3,/Users/eashraf/hadoop/hadoop-hdfs-project/hadoop-hdfs/src/main/java/org/apache/hadoop/hdfs/server/namenode/ha/StandbyState.java,29
hadoop,org.apache.hadoop.hdfs.server.namenode.ha,HAContext,0,0,11,7,49,11,0,0,-1.0,7,1,/Users/eashraf/hadoop/hadoop-hdfs-project/hadoop-hdfs/src/main/java/org/apache/hadoop/hdfs/server/namenode/ha/HAContext.java,27
hadoop,org.apache.hadoop.hdfs.server.namenode.ha,AbstractNNFailoverProxyProvider,1,0,2,2,15,2,3,0,1.0,2,0,/Users/eashraf/hadoop/hadoop-hdfs-project/hadoop-hdfs/src/main/java/org/apache/hadoop/hdfs/server/namenode/ha/AbstractNNFailoverProxyProvider.java,26
hadoop,org.apache.hadoop.hdfs.server.namenode.ha,BootstrapStandby,17,0,12,5,176,26,0,0,0.0,5,19,/Users/eashraf/hadoop/hadoop-hdfs-project/hadoop-hdfs/src/main/java/org/apache/hadoop/hdfs/server/namenode/ha/BootstrapStandby.java,63
hadoop,org.apache.hadoop.hdfs.server.namenode.ha,ActiveState,0,0,6,6,37,7,0,1,-1.0,0,3,/Users/eashraf/hadoop/hadoop-hdfs-project/hadoop-hdfs/src/main/java/org/apache/hadoop/hdfs/server/namenode/ha/ActiveState.java,28
hadoop,org.apache.hadoop.hdfs.server.namenode.ha,HAState,2,0,13,11,102,14,2,0,0.38461538461538464,5,2,/Users/eashraf/hadoop/hadoop-hdfs-project/hadoop-hdfs/src/main/java/org/apache/hadoop/hdfs/server/namenode/ha/HAState.java,27
hadoop,org.apache.hadoop.hdfs.server.namenode.startupprogress,TestStartupProgress,1,0,11,11,277,18,0,0,0.0,0,5,/Users/eashraf/hadoop/hadoop-hdfs-project/hadoop-hdfs/src/test/java/org/apache/hadoop/hdfs/server/namenode/startupprogress/TestStartupProgress.java,39
hadoop,org.apache.hadoop.hdfs.server.namenode.startupprogress,StartupProgressTestHelper,0,0,3,3,70,4,0,0,-1.0,0,3,/Users/eashraf/hadoop/hadoop-hdfs-project/hadoop-hdfs/src/test/java/org/apache/hadoop/hdfs/server/namenode/startupprogress/StartupProgressTestHelper.java,23
hadoop,org.apache.hadoop.hdfs.server.namenode.startupprogress,TestStartupProgressMetrics,2,0,4,4,74,4,0,0,0.0,0,3,/Users/eashraf/hadoop/hadoop-hdfs-project/hadoop-hdfs/src/test/java/org/apache/hadoop/hdfs/server/namenode/startupprogress/TestStartupProgressMetrics.java,30
hadoop,org.apache.hadoop.hdfs.server.namenode.startupprogress,Phase,2,0,3,2,40,3,0,0,0.0,19,0,/Users/eashraf/hadoop/hadoop-hdfs-project/hadoop-hdfs/src/main/java/org/apache/hadoop/hdfs/server/namenode/startupprogress/Phase.java,21
hadoop,org.apache.hadoop.hdfs.server.namenode.startupprogress,Status,0,0,0,0,13,0,0,0,-1.0,5,0,/Users/eashraf/hadoop/hadoop-hdfs-project/hadoop-hdfs/src/main/java/org/apache/hadoop/hdfs/server/namenode/startupprogress/Status.java,21
hadoop,org.apache.hadoop.hdfs.server.namenode.startupprogress,AbstractTracking,2,0,1,0,15,1,2,0,0.0,1,0,/Users/eashraf/hadoop/hadoop-hdfs-project/hadoop-hdfs/src/main/java/org/apache/hadoop/hdfs/server/namenode/startupprogress/AbstractTracking.java,21
hadoop,org.apache.hadoop.hdfs.server.namenode.startupprogress,StepType,2,0,3,2,46,3,0,0,0.0,13,0,/Users/eashraf/hadoop/hadoop-hdfs-project/hadoop-hdfs/src/main/java/org/apache/hadoop/hdfs/server/namenode/startupprogress/StepType.java,21
hadoop,org.apache.hadoop.hdfs.server.namenode.startupprogress,StepTracking,2,0,1,1,14,1,0,1,0.0,2,0,/Users/eashraf/hadoop/hadoop-hdfs-project/hadoop-hdfs/src/main/java/org/apache/hadoop/hdfs/server/namenode/startupprogress/StepTracking.java,23
hadoop,org.apache.hadoop.hdfs.server.namenode.startupprogress,StartupProgressMetrics,2,0,5,3,58,6,0,0,0.4,2,7,/Users/eashraf/hadoop/hadoop-hdfs-project/hadoop-hdfs/src/main/java/org/apache/hadoop/hdfs/server/namenode/startupprogress/StartupProgressMetrics.java,31
hadoop,org.apache.hadoop.hdfs.server.namenode.startupprogress,StartupProgress,1,0,16,14,174,30,0,0,0.25,12,6,/Users/eashraf/hadoop/hadoop-hdfs-project/hadoop-hdfs/src/main/java/org/apache/hadoop/hdfs/server/namenode/startupprogress/StartupProgress.java,29
hadoop,org.apache.hadoop.hdfs.server.namenode.startupprogress,StartupProgress.Counter,0,0,0,0,9,0,0,0,-1.0,0,0,/Users/eashraf/hadoop/hadoop-hdfs-project/hadoop-hdfs/src/main/java/org/apache/hadoop/hdfs/server/namenode/startupprogress/StartupProgress.java,55
hadoop,org.apache.hadoop.hdfs.server.namenode.startupprogress,PhaseTracking,3,0,1,1,18,2,0,1,0.0,2,0,/Users/eashraf/hadoop/hadoop-hdfs-project/hadoop-hdfs/src/main/java/org/apache/hadoop/hdfs/server/namenode/startupprogress/PhaseTracking.java,25
hadoop,org.apache.hadoop.hdfs.server.namenode.startupprogress,Step,5,0,11,11,86,12,0,0,0.0,6,1,/Users/eashraf/hadoop/hadoop-hdfs-project/hadoop-hdfs/src/main/java/org/apache/hadoop/hdfs/server/namenode/startupprogress/Step.java,26
hadoop,org.apache.hadoop.hdfs.server.namenode.startupprogress,StartupProgressView,1,0,20,15,232,33,0,0,0.15,4,8,/Users/eashraf/hadoop/hadoop-hdfs-project/hadoop-hdfs/src/main/java/org/apache/hadoop/hdfs/server/namenode/startupprogress/StartupProgressView.java,27
hadoop,org.apache.hadoop.hdfs.server.common,TestGetUriFromString,9,0,3,3,54,3,0,0,0.0,0,1,/Users/eashraf/hadoop/hadoop-hdfs-project/hadoop-hdfs/src/test/java/org/apache/hadoop/hdfs/server/common/TestGetUriFromString.java,30
hadoop,org.apache.hadoop.hdfs.server.common,StorageAdapter,0,0,1,1,13,1,0,0,-1.0,0,1,/Users/eashraf/hadoop/hadoop-hdfs-project/hadoop-hdfs/src/test/java/org/apache/hadoop/hdfs/server/common/StorageAdapter.java,23
hadoop,org.apache.hadoop.hdfs.server.common,TestJspHelper,4,0,15,10,295,21,0,0,0.26666666666666666,0,16,/Users/eashraf/hadoop/hadoop-hdfs-project/hadoop-hdfs/src/test/java/org/apache/hadoop/hdfs/server/common/TestJspHelper.java,53
hadoop,org.apache.hadoop.hdfs.server.common,TestJspHelper.DummySecretManager,0,0,0,0,11,0,0,0,-1.0,0,0,/Users/eashraf/hadoop/hadoop-hdfs-project/hadoop-hdfs/src/test/java/org/apache/hadoop/hdfs/server/common/TestJspHelper.java,64
hadoop,org.apache.hadoop.hdfs.server.common,Storage,24,13,31,25,727,63,0,1,0.3548387096774194,40,7,/Users/eashraf/hadoop/hadoop-hdfs-project/hadoop-hdfs/src/main/java/org/apache/hadoop/hdfs/server/common/Storage.java,50
hadoop,org.apache.hadoop.hdfs.server.common,Storage.StorageState,0,0,0,0,1,0,0,0,-1.0,0,0,/Users/eashraf/hadoop/hadoop-hdfs-project/hadoop-hdfs/src/main/java/org/apache/hadoop/hdfs/server/common/Storage.java,97
hadoop,org.apache.hadoop.hdfs.server.common,Storage.StorageDirType,0,0,0,0,7,0,0,0,-1.0,0,0,/Users/eashraf/hadoop/hadoop-hdfs-project/hadoop-hdfs/src/main/java/org/apache/hadoop/hdfs/server/common/Storage.java,110
hadoop,org.apache.hadoop.hdfs.server.common,Storage.DirIterator,4,0,0,0,44,0,0,0,-1.0,0,0,/Users/eashraf/hadoop/hadoop-hdfs-project/hadoop-hdfs/src/main/java/org/apache/hadoop/hdfs/server/common/Storage.java,123
hadoop,org.apache.hadoop.hdfs.server.common,Storage.StorageDirectory,5,0,0,0,344,0,0,0,-1.0,0,2,/Users/eashraf/hadoop/hadoop-hdfs-project/hadoop-hdfs/src/main/java/org/apache/hadoop/hdfs/server/common/Storage.java,254
hadoop,org.apache.hadoop.hdfs.server.common,Storage.FormatConfirmable,0,0,0,0,14,0,0,0,-1.0,0,0,/Users/eashraf/hadoop/hadoop-hdfs-project/hadoop-hdfs/src/main/java/org/apache/hadoop/hdfs/server/common/Storage.java,922
hadoop,org.apache.hadoop.hdfs.server.common,Util,1,0,3,3,59,6,0,0,0.0,9,0,/Users/eashraf/hadoop/hadoop-hdfs-project/hadoop-hdfs/src/main/java/org/apache/hadoop/hdfs/server/common/Util.java,32
hadoop,org.apache.hadoop.hdfs.server.common,StorageInfo,6,4,26,19,180,34,1,0,0.15384615384615385,34,6,/Users/eashraf/hadoop/hadoop-hdfs-project/hadoop-hdfs/src/main/java/org/apache/hadoop/hdfs/server/common/StorageInfo.java,40
hadoop,org.apache.hadoop.hdfs.server.common,StorageErrorReporter,0,0,1,1,10,1,0,0,-1.0,4,0,/Users/eashraf/hadoop/hadoop-hdfs-project/hadoop-hdfs/src/main/java/org/apache/hadoop/hdfs/server/common/StorageErrorReporter.java,25
hadoop,org.apache.hadoop.hdfs.server.common,InconsistentFSStateException,1,0,3,2,20,3,0,0,0.6666666666666666,1,1,/Users/eashraf/hadoop/hadoop-hdfs-project/hadoop-hdfs/src/main/java/org/apache/hadoop/hdfs/server/common/InconsistentFSStateException.java,27
hadoop,org.apache.hadoop.hdfs.server.common,IncorrectVersionException,1,0,4,4,18,4,0,0,1.0,3,0,/Users/eashraf/hadoop/hadoop-hdfs-project/hadoop-hdfs/src/main/java/org/apache/hadoop/hdfs/server/common/IncorrectVersionException.java,26
hadoop,org.apache.hadoop.hdfs.server.common,JspHelper,4,3,10,6,147,31,0,0,0.2,11,14,/Users/eashraf/hadoop/hadoop-hdfs-project/hadoop-hdfs/src/main/java/org/apache/hadoop/hdfs/server/common/JspHelper.java,51
hadoop,org.apache.hadoop.hdfs.server.common,GenerationStamp,2,2,1,1,19,1,0,0,0.0,14,0,/Users/eashraf/hadoop/hadoop-hdfs-project/hadoop-hdfs/src/main/java/org/apache/hadoop/hdfs/server/common/GenerationStamp.java,23
hadoop,org.apache.hadoop.hdfs.server.common,HdfsServerConstants,19,9,1,0,195,1,0,0,0.0,31,0,/Users/eashraf/hadoop/hadoop-hdfs-project/hadoop-hdfs/src/main/java/org/apache/hadoop/hdfs/server/common/HdfsServerConstants.java,32
hadoop,org.apache.hadoop.hdfs.server.common,HdfsServerConstants.NodeType,0,0,0,0,4,0,0,0,-1.0,0,0,/Users/eashraf/hadoop/hadoop-hdfs-project/hadoop-hdfs/src/main/java/org/apache/hadoop/hdfs/server/common/HdfsServerConstants.java,42
hadoop,org.apache.hadoop.hdfs.server.common,HdfsServerConstants.RollingUpgradeStartupOption,1,0,0,0,30,0,0,0,-1.0,0,0,/Users/eashraf/hadoop/hadoop-hdfs-project/hadoop-hdfs/src/main/java/org/apache/hadoop/hdfs/server/common/HdfsServerConstants.java,51
hadoop,org.apache.hadoop.hdfs.server.common,HdfsServerConstants.StartupOption,7,0,0,0,77,0,0,0,-1.0,0,0,/Users/eashraf/hadoop/hadoop-hdfs-project/hadoop-hdfs/src/main/java/org/apache/hadoop/hdfs/server/common/HdfsServerConstants.java,95
hadoop,org.apache.hadoop.hdfs.server.common,HdfsServerConstants.NamenodeRole,1,0,0,0,11,0,0,0,-1.0,0,0,/Users/eashraf/hadoop/hadoop-hdfs-project/hadoop-hdfs/src/main/java/org/apache/hadoop/hdfs/server/common/HdfsServerConstants.java,229
hadoop,org.apache.hadoop.hdfs.server.common,HdfsServerConstants.ReplicaState,1,0,0,0,41,0,0,0,-1.0,0,0,/Users/eashraf/hadoop/hadoop-hdfs-project/hadoop-hdfs/src/main/java/org/apache/hadoop/hdfs/server/common/HdfsServerConstants.java,246
hadoop,org.apache.hadoop.hdfs.server.common,HdfsServerConstants.BlockUCState,0,0,0,0,16,0,0,0,-1.0,0,0,/Users/eashraf/hadoop/hadoop-hdfs-project/hadoop-hdfs/src/main/java/org/apache/hadoop/hdfs/server/common/HdfsServerConstants.java,286
hadoop,org.apache.hadoop.hdfs.server.balancer,TestBalancerWithSaslDataTransfer,1,0,3,3,12,3,0,0,0.0,0,1,/Users/eashraf/hadoop/hadoop-hdfs-project/hadoop-hdfs/src/test/java/org/apache/hadoop/hdfs/server/balancer/TestBalancerWithSaslDataTransfer.java,23
hadoop,org.apache.hadoop.hdfs.server.balancer,TestBalancer,21,0,49,26,871,105,0,0,0.08163265306122448,4,21,/Users/eashraf/hadoop/hadoop-hdfs-project/hadoop-hdfs/src/test/java/org/apache/hadoop/hdfs/server/balancer/TestBalancer.java,72
hadoop,org.apache.hadoop.hdfs.server.balancer,TestBalancer.NewNodeInfo,2,0,0,0,17,0,0,0,-1.0,0,0,/Users/eashraf/hadoop/hadoop-hdfs-project/hadoop-hdfs/src/test/java/org/apache/hadoop/hdfs/server/balancer/TestBalancer.java,430
hadoop,org.apache.hadoop.hdfs.server.balancer,TestBalancer.HostNameBasedNodes,1,0,0,0,23,0,0,0,-1.0,0,0,/Users/eashraf/hadoop/hadoop-hdfs-project/hadoop-hdfs/src/test/java/org/apache/hadoop/hdfs/server/balancer/TestBalancer.java,452
hadoop,org.apache.hadoop.hdfs.server.balancer,TestBalancer.PortNumberBasedNodes,3,0,0,0,25,0,0,0,-1.0,0,0,/Users/eashraf/hadoop/hadoop-hdfs-project/hadoop-hdfs/src/test/java/org/apache/hadoop/hdfs/server/balancer/TestBalancer.java,483
hadoop,org.apache.hadoop.hdfs.server.balancer,TestBalancerWithMultipleNameNodes,11,0,10,2,246,28,0,0,0.0,0,15,/Users/eashraf/hadoop/hadoop-hdfs-project/hadoop-hdfs/src/test/java/org/apache/hadoop/hdfs/server/balancer/TestBalancerWithMultipleNameNodes.java,49
hadoop,org.apache.hadoop.hdfs.server.balancer,TestBalancerWithMultipleNameNodes.Suite,4,0,0,0,18,0,0,0,-1.0,0,3,/Users/eashraf/hadoop/hadoop-hdfs-project/hadoop-hdfs/src/test/java/org/apache/hadoop/hdfs/server/balancer/TestBalancerWithMultipleNameNodes.java,73
hadoop,org.apache.hadoop.hdfs.server.balancer,TestBalancerWithHANameNodes,2,0,1,1,49,1,0,0,0.0,0,12,/Users/eashraf/hadoop/hadoop-hdfs-project/hadoop-hdfs/src/test/java/org/apache/hadoop/hdfs/server/balancer/TestBalancerWithHANameNodes.java,39
hadoop,org.apache.hadoop.hdfs.server.balancer,TestBalancerWithEncryptedTransfer,1,0,4,4,16,4,0,0,0.0,0,2,/Users/eashraf/hadoop/hadoop-hdfs-project/hadoop-hdfs/src/test/java/org/apache/hadoop/hdfs/server/balancer/TestBalancerWithEncryptedTransfer.java,26
hadoop,org.apache.hadoop.hdfs.server.balancer,TestBalancerWithNodeGroup,15,0,9,3,210,19,0,0,0.0,0,15,/Users/eashraf/hadoop/hadoop-hdfs-project/hadoop-hdfs/src/test/java/org/apache/hadoop/hdfs/server/balancer/TestBalancerWithNodeGroup.java,53
hadoop,org.apache.hadoop.hdfs.server.balancer,Matcher,3,3,7,7,45,7,0,0,-1.0,3,2,/Users/eashraf/hadoop/hadoop-hdfs-project/hadoop-hdfs/src/main/java/org/apache/hadoop/hdfs/server/balancer/Matcher.java,23
hadoop,org.apache.hadoop.hdfs.server.balancer,BalancingPolicy,5,0,8,1,108,12,2,0,0.625,2,4,/Users/eashraf/hadoop/hadoop-hdfs-project/hadoop-hdfs/src/main/java/org/apache/hadoop/hdfs/server/balancer/BalancingPolicy.java,27
hadoop,org.apache.hadoop.hdfs.server.balancer,BalancingPolicy.Node,1,0,0,0,29,0,0,1,-1.0,0,0,/Users/eashraf/hadoop/hadoop-hdfs-project/hadoop-hdfs/src/main/java/org/apache/hadoop/hdfs/server/balancer/BalancingPolicy.java,90
hadoop,org.apache.hadoop.hdfs.server.balancer,BalancingPolicy.Pool,1,0,0,0,29,0,0,1,-1.0,0,0,/Users/eashraf/hadoop/hadoop-hdfs-project/hadoop-hdfs/src/main/java/org/apache/hadoop/hdfs/server/balancer/BalancingPolicy.java,125
hadoop,org.apache.hadoop.hdfs.server.balancer,MovedBlocks,8,0,5,4,91,6,1,0,0.0,2,2,/Users/eashraf/hadoop/hadoop-hdfs-project/hadoop-hdfs/src/main/java/org/apache/hadoop/hdfs/server/balancer/MovedBlocks.java,28
hadoop,org.apache.hadoop.hdfs.server.balancer,MovedBlocks.Locations,2,0,0,0,45,0,0,0,-1.0,0,1,/Users/eashraf/hadoop/hadoop-hdfs-project/hadoop-hdfs/src/main/java/org/apache/hadoop/hdfs/server/balancer/MovedBlocks.java,39
hadoop,org.apache.hadoop.hdfs.server.balancer,NameNodeConnector,16,1,15,13,154,24,0,0,0.13333333333333333,6,13,/Users/eashraf/hadoop/hadoop-hdfs-project/hadoop-hdfs/src/main/java/org/apache/hadoop/hdfs/server/balancer/NameNodeConnector.java,56
hadoop,org.apache.hadoop.hdfs.server.balancer,KeyManager,10,0,5,5,115,12,0,0,0.0,1,9,/Users/eashraf/hadoop/hadoop-hdfs-project/hadoop-hdfs/src/main/java/org/apache/hadoop/hdfs/server/balancer/KeyManager.java,41
hadoop,org.apache.hadoop.hdfs.server.balancer,KeyManager.BlockKeyUpdater,2,0,0,0,39,0,0,0,-1.0,0,1,/Users/eashraf/hadoop/hadoop-hdfs-project/hadoop-hdfs/src/main/java/org/apache/hadoop/hdfs/server/balancer/KeyManager.java,133
hadoop,org.apache.hadoop.hdfs.server.balancer,Balancer,22,0,22,1,474,60,0,0,0.18181818181818182,4,15,/Users/eashraf/hadoop/hadoop-hdfs-project/hadoop-hdfs/src/main/java/org/apache/hadoop/hdfs/server/balancer/Balancer.java,63
hadoop,org.apache.hadoop.hdfs.server.balancer,Balancer.Result,4,0,0,0,15,0,0,0,-1.0,0,1,/Users/eashraf/hadoop/hadoop-hdfs-project/hadoop-hdfs/src/main/java/org/apache/hadoop/hdfs/server/balancer/Balancer.java,475
hadoop,org.apache.hadoop.hdfs.server.balancer,Balancer.Parameters,6,0,0,0,18,0,0,0,-1.0,0,2,/Users/eashraf/hadoop/hadoop-hdfs-project/hadoop-hdfs/src/main/java/org/apache/hadoop/hdfs/server/balancer/Balancer.java,633
hadoop,org.apache.hadoop.hdfs.server.balancer,Balancer.Cli,0,0,0,0,105,0,0,0,-1.0,0,1,/Users/eashraf/hadoop/hadoop-hdfs-project/hadoop-hdfs/src/main/java/org/apache/hadoop/hdfs/server/balancer/Balancer.java,666
hadoop,org.apache.hadoop.hdfs.server.balancer,Dispatcher,42,0,23,14,871,48,0,0,0.17391304347826086,3,13,/Users/eashraf/hadoop/hadoop-hdfs-project/hadoop-hdfs/src/main/java/org/apache/hadoop/hdfs/server/balancer/Dispatcher.java,81
hadoop,org.apache.hadoop.hdfs.server.balancer,Dispatcher.GlobalBlockMap,1,0,0,0,24,0,0,0,-1.0,0,0,/Users/eashraf/hadoop/hadoop-hdfs-project/hadoop-hdfs/src/main/java/org/apache/hadoop/hdfs/server/balancer/Dispatcher.java,122
hadoop,org.apache.hadoop.hdfs.server.balancer,Dispatcher.StorageGroupMap,1,0,0,0,23,0,0,0,-1.0,0,0,/Users/eashraf/hadoop/hadoop-hdfs-project/hadoop-hdfs/src/main/java/org/apache/hadoop/hdfs/server/balancer/Dispatcher.java,148
hadoop,org.apache.hadoop.hdfs.server.balancer,Dispatcher.PendingMove,4,0,0,0,165,0,0,0,-1.0,0,2,/Users/eashraf/hadoop/hadoop-hdfs-project/hadoop-hdfs/src/main/java/org/apache/hadoop/hdfs/server/balancer/Dispatcher.java,178
hadoop,org.apache.hadoop.hdfs.server.balancer,Dispatcher.DBlock,0,0,0,0,8,0,0,1,-1.0,0,1,/Users/eashraf/hadoop/hadoop-hdfs-project/hadoop-hdfs/src/main/java/org/apache/hadoop/hdfs/server/balancer/Dispatcher.java,374
hadoop,org.apache.hadoop.hdfs.server.balancer,Dispatcher.Task,2,0,0,0,14,0,0,0,-1.0,0,0,/Users/eashraf/hadoop/hadoop-hdfs-project/hadoop-hdfs/src/main/java/org/apache/hadoop/hdfs/server/balancer/Dispatcher.java,381
hadoop,org.apache.hadoop.hdfs.server.balancer,Dispatcher.DDatanode,10,0,0,0,155,0,0,0,-1.0,0,2,/Users/eashraf/hadoop/hadoop-hdfs-project/hadoop-hdfs/src/main/java/org/apache/hadoop/hdfs/server/balancer/Dispatcher.java,396
hadoop,org.apache.hadoop.hdfs.server.balancer,Dispatcher.StorageGroup,3,0,0,0,75,0,0,0,-1.0,0,1,/Users/eashraf/hadoop/hadoop-hdfs-project/hadoop-hdfs/src/main/java/org/apache/hadoop/hdfs/server/balancer/Dispatcher.java,399
hadoop,org.apache.hadoop.hdfs.server.balancer,Dispatcher.Source,5,0,0,0,165,0,0,0,-1.0,0,0,/Users/eashraf/hadoop/hadoop-hdfs-project/hadoop-hdfs/src/main/java/org/apache/hadoop/hdfs/server/balancer/Dispatcher.java,558
hadoop,org.apache.hadoop.hdfs.server.balancer,Dispatcher.Util,0,0,0,0,52,0,0,0,-1.0,0,0,/Users/eashraf/hadoop/hadoop-hdfs-project/hadoop-hdfs/src/main/java/org/apache/hadoop/hdfs/server/balancer/Dispatcher.java,1046
hadoop,org.apache.hadoop.hdfs.server.balancer,ExitStatus,1,0,2,1,14,2,0,0,0.0,11,0,/Users/eashraf/hadoop/hadoop-hdfs-project/hadoop-hdfs/src/main/java/org/apache/hadoop/hdfs/server/balancer/ExitStatus.java,20
hadoop,org.apache.hadoop.hdfs.server.blockmanagement,TestNodeCount,6,0,5,1,93,12,0,0,0.0,0,14,/Users/eashraf/hadoop/hadoop-hdfs-project/hadoop-hdfs/src/test/java/org/apache/hadoop/hdfs/server/blockmanagement/TestNodeCount.java,38
hadoop,org.apache.hadoop.hdfs.server.blockmanagement,TestDatanodeManager,2,1,3,3,144,14,0,0,0.6666666666666666,0,12,/Users/eashraf/hadoop/hadoop-hdfs-project/hadoop-hdfs/src/test/java/org/apache/hadoop/hdfs/server/blockmanagement/TestDatanodeManager.java,50
hadoop,org.apache.hadoop.hdfs.server.blockmanagement,TestDatanodeManager.MyResolver,0,0,0,0,12,0,0,0,-1.0,0,0,/Users/eashraf/hadoop/hadoop-hdfs-project/hadoop-hdfs/src/test/java/org/apache/hadoop/hdfs/server/blockmanagement/TestDatanodeManager.java,202
hadoop,org.apache.hadoop.hdfs.server.blockmanagement,TestComputeInvalidateWork,6,0,5,5,103,11,0,0,0.0,0,15,/Users/eashraf/hadoop/hadoop-hdfs-project/hadoop-hdfs/src/test/java/org/apache/hadoop/hdfs/server/blockmanagement/TestComputeInvalidateWork.java,46
hadoop,org.apache.hadoop.hdfs.server.blockmanagement,TestBlockManager,8,0,29,12,378,54,0,0,0.13793103448275862,0,23,/Users/eashraf/hadoop/hadoop-hdfs-project/hadoop-hdfs/src/test/java/org/apache/hadoop/hdfs/server/blockmanagement/TestBlockManager.java,67
hadoop,org.apache.hadoop.hdfs.server.blockmanagement,TestRBWBlockInvalidation,1,0,3,2,124,14,0,0,0.0,0,16,/Users/eashraf/hadoop/hadoop-hdfs-project/hadoop-hdfs/src/test/java/org/apache/hadoop/hdfs/server/blockmanagement/TestRBWBlockInvalidation.java,52
hadoop,org.apache.hadoop.hdfs.server.blockmanagement,TestSequentialBlockId,5,0,4,4,95,5,0,0,0.75,0,10,/Users/eashraf/hadoop/hadoop-hdfs-project/hadoop-hdfs/src/test/java/org/apache/hadoop/hdfs/server/blockmanagement/TestSequentialBlockId.java,41
hadoop,org.apache.hadoop.hdfs.server.blockmanagement,TestCachedBlocksList,1,1,4,2,81,13,0,0,0.5,0,2,/Users/eashraf/hadoop/hadoop-hdfs-project/hadoop-hdfs/src/test/java/org/apache/hadoop/hdfs/server/blockmanagement/TestCachedBlocksList.java,33
hadoop,org.apache.hadoop.hdfs.server.blockmanagement,TestUnderReplicatedBlocks,0,0,2,2,62,2,0,0,-1.0,0,12,/Users/eashraf/hadoop/hadoop-hdfs-project/hadoop-hdfs/src/test/java/org/apache/hadoop/hdfs/server/blockmanagement/TestUnderReplicatedBlocks.java,38
hadoop,org.apache.hadoop.hdfs.server.blockmanagement,TestBlockInfo,1,0,3,3,81,9,0,0,1.0,0,4,/Users/eashraf/hadoop/hadoop-hdfs-project/hadoop-hdfs/src/test/java/org/apache/hadoop/hdfs/server/blockmanagement/TestBlockInfo.java,38
hadoop,org.apache.hadoop.hdfs.server.blockmanagement,TestReplicationPolicyWithNodeGroup,19,0,28,15,472,53,0,0,0.0,0,18,/Users/eashraf/hadoop/hadoop-hdfs-project/hadoop-hdfs/src/test/java/org/apache/hadoop/hdfs/server/blockmanagement/TestReplicationPolicyWithNodeGroup.java,52
hadoop,org.apache.hadoop.hdfs.server.blockmanagement,TestBlockTokenWithDFS,6,0,12,5,335,33,0,0,0.25,0,29,/Users/eashraf/hadoop/hadoop-hdfs-project/hadoop-hdfs/src/test/java/org/apache/hadoop/hdfs/server/blockmanagement/TestBlockTokenWithDFS.java,68
hadoop,org.apache.hadoop.hdfs.server.blockmanagement,TestPendingReplication,3,0,3,3,172,18,0,0,0.6666666666666666,0,19,/Users/eashraf/hadoop/hadoop-hdfs-project/hadoop-hdfs/src/test/java/org/apache/hadoop/hdfs/server/blockmanagement/TestPendingReplication.java,46
hadoop,org.apache.hadoop.hdfs.server.blockmanagement,TestNameNodePrunesMissingStorages,1,0,3,2,48,5,0,0,0.0,0,11,/Users/eashraf/hadoop/hadoop-hdfs-project/hadoop-hdfs/src/test/java/org/apache/hadoop/hdfs/server/blockmanagement/TestNameNodePrunesMissingStorages.java,43
hadoop,org.apache.hadoop.hdfs.server.blockmanagement,TestReplicationPolicyConsiderLoad,6,0,3,3,76,8,0,0,0.0,0,16,/Users/eashraf/hadoop/hadoop-hdfs-project/hadoop-hdfs/src/test/java/org/apache/hadoop/hdfs/server/blockmanagement/TestReplicationPolicyConsiderLoad.java,50
hadoop,org.apache.hadoop.hdfs.server.blockmanagement,TestOverReplicatedBlocks,2,0,3,3,123,10,0,0,1.0,0,19,/Users/eashraf/hadoop/hadoop-hdfs-project/hadoop-hdfs/src/test/java/org/apache/hadoop/hdfs/server/blockmanagement/TestOverReplicatedBlocks.java,47
hadoop,org.apache.hadoop.hdfs.server.blockmanagement,TestBlocksWithNotEnoughRacks,1,1,10,9,262,14,0,0,0.0,0,13,/Users/eashraf/hadoop/hadoop-hdfs-project/hadoop-hdfs/src/test/java/org/apache/hadoop/hdfs/server/blockmanagement/TestBlocksWithNotEnoughRacks.java,46
hadoop,org.apache.hadoop.hdfs.server.blockmanagement,TestDatanodeDescriptor,0,0,2,2,43,3,0,0,-1.0,0,7,/Users/eashraf/hadoop/hadoop-hdfs-project/hadoop-hdfs/src/test/java/org/apache/hadoop/hdfs/server/blockmanagement/TestDatanodeDescriptor.java,32
hadoop,org.apache.hadoop.hdfs.server.blockmanagement,TestBlockInfoUnderConstruction,0,0,1,1,45,1,0,0,-1.0,0,5,/Users/eashraf/hadoop/hadoop-hdfs-project/hadoop-hdfs/src/test/java/org/apache/hadoop/hdfs/server/blockmanagement/TestBlockInfoUnderConstruction.java,28
hadoop,org.apache.hadoop.hdfs.server.blockmanagement,TestPendingDataNodeMessages,5,0,1,1,22,1,0,0,0.0,0,6,/Users/eashraf/hadoop/hadoop-hdfs-project/hadoop-hdfs/src/test/java/org/apache/hadoop/hdfs/server/blockmanagement/TestPendingDataNodeMessages.java,35
hadoop,org.apache.hadoop.hdfs.server.blockmanagement,TestUnderReplicatedBlockQueues,0,0,3,1,58,5,0,0,-1.0,0,2,/Users/eashraf/hadoop/hadoop-hdfs-project/hadoop-hdfs/src/test/java/org/apache/hadoop/hdfs/server/blockmanagement/TestUnderReplicatedBlockQueues.java,29
hadoop,org.apache.hadoop.hdfs.server.blockmanagement,TestHost2NodesMap,2,0,4,4,47,6,0,0,0.0,0,3,/Users/eashraf/hadoop/hadoop-hdfs-project/hadoop-hdfs/src/test/java/org/apache/hadoop/hdfs/server/blockmanagement/TestHost2NodesMap.java,30
hadoop,org.apache.hadoop.hdfs.server.blockmanagement,TestHeartbeatHandling,0,0,2,2,150,4,0,0,-1.0,0,17,/Users/eashraf/hadoop/hadoop-hdfs-project/hadoop-hdfs/src/test/java/org/apache/hadoop/hdfs/server/blockmanagement/TestHeartbeatHandling.java,43
hadoop,org.apache.hadoop.hdfs.server.blockmanagement,TestPendingInvalidateBlock,5,0,5,4,97,13,0,0,0.0,0,10,/Users/eashraf/hadoop/hadoop-hdfs-project/hadoop-hdfs/src/test/java/org/apache/hadoop/hdfs/server/blockmanagement/TestPendingInvalidateBlock.java,40
hadoop,org.apache.hadoop.hdfs.server.blockmanagement,TestHostFileManager,0,0,4,3,91,4,0,0,-1.0,0,7,/Users/eashraf/hadoop/hadoop-hdfs-project/hadoop-hdfs/src/test/java/org/apache/hadoop/hdfs/server/blockmanagement/TestHostFileManager.java,35
hadoop,org.apache.hadoop.hdfs.server.blockmanagement,TestCorruptReplicaInfo,2,0,4,1,53,7,0,0,0.0,0,4,/Users/eashraf/hadoop/hadoop-hdfs-project/hadoop-hdfs/src/test/java/org/apache/hadoop/hdfs/server/blockmanagement/TestCorruptReplicaInfo.java,40
hadoop,org.apache.hadoop.hdfs.server.blockmanagement,TestReplicationPolicy,11,1,38,26,729,60,0,0,0.07894736842105263,1,30,/Users/eashraf/hadoop/hadoop-hdfs-project/hadoop-hdfs/src/test/java/org/apache/hadoop/hdfs/server/blockmanagement/TestReplicationPolicy.java,74
hadoop,org.apache.hadoop.hdfs.server.blockmanagement,BlockManagerTestUtil,0,0,24,23,207,33,0,0,-1.0,25,14,/Users/eashraf/hadoop/hadoop-hdfs-project/hadoop-hdfs/src/test/java/org/apache/hadoop/hdfs/server/blockmanagement/BlockManagerTestUtil.java,38
hadoop,org.apache.hadoop.hdfs.server.blockmanagement,BlockPlacementPolicyDefault,10,0,24,4,564,115,1,1,0.125,1,18,/Users/eashraf/hadoop/hadoop-hdfs-project/hadoop-hdfs/src/main/java/org/apache/hadoop/hdfs/server/blockmanagement/BlockPlacementPolicyDefault.java,41
hadoop,org.apache.hadoop.hdfs.server.blockmanagement,InvalidateBlocks,5,0,12,0,142,26,0,0,0.0,3,9,/Users/eashraf/hadoop/hadoop-hdfs-project/hadoop-hdfs/src/main/java/org/apache/hadoop/hdfs/server/blockmanagement/InvalidateBlocks.java,41
hadoop,org.apache.hadoop.hdfs.server.blockmanagement,DatanodeStorageInfo,16,1,42,16,264,56,0,0,0.07142857142857142,37,6,/Users/eashraf/hadoop/hadoop-hdfs-project/hadoop-hdfs/src/main/java/org/apache/hadoop/hdfs/server/blockmanagement/DatanodeStorageInfo.java,32
hadoop,org.apache.hadoop.hdfs.server.blockmanagement,DatanodeStorageInfo.BlockIterator,1,0,0,0,20,0,0,0,-1.0,0,1,/Users/eashraf/hadoop/hadoop-hdfs-project/hadoop-hdfs/src/main/java/org/apache/hadoop/hdfs/server/blockmanagement/DatanodeStorageInfo.java,80
hadoop,org.apache.hadoop.hdfs.server.blockmanagement,DatanodeStorageInfo.AddBlockResult,0,0,0,0,1,0,0,0,-1.0,0,0,/Users/eashraf/hadoop/hadoop-hdfs-project/hadoop-hdfs/src/main/java/org/apache/hadoop/hdfs/server/blockmanagement/DatanodeStorageInfo.java,362
hadoop,org.apache.hadoop.hdfs.server.blockmanagement,HostFileManager,5,0,9,0,121,13,0,0,0.0,2,2,/Users/eashraf/hadoop/hadoop-hdfs-project/hadoop-hdfs/src/main/java/org/apache/hadoop/hdfs/server/blockmanagement/HostFileManager.java,44
hadoop,org.apache.hadoop.hdfs.server.blockmanagement,HostFileManager.HostSet,2,0,0,0,57,0,0,0,-1.0,0,0,/Users/eashraf/hadoop/hadoop-hdfs-project/hadoop-hdfs/src/main/java/org/apache/hadoop/hdfs/server/blockmanagement/HostFileManager.java,138
hadoop,org.apache.hadoop.hdfs.server.blockmanagement,BlockCollection,0,0,11,11,51,11,0,0,-1.0,10,3,/Users/eashraf/hadoop/hadoop-hdfs-project/hadoop-hdfs/src/main/java/org/apache/hadoop/hdfs/server/blockmanagement/BlockCollection.java,25
hadoop,org.apache.hadoop.hdfs.server.blockmanagement,BlockPlacementStatus,0,0,2,2,12,2,1,0,-1.0,3,0,/Users/eashraf/hadoop/hadoop-hdfs-project/hadoop-hdfs/src/main/java/org/apache/hadoop/hdfs/server/blockmanagement/BlockPlacementStatus.java,23
hadoop,org.apache.hadoop.hdfs.server.blockmanagement,FSClusterStats,0,0,4,4,25,4,0,0,-1.0,4,0,/Users/eashraf/hadoop/hadoop-hdfs-project/hadoop-hdfs/src/main/java/org/apache/hadoop/hdfs/server/blockmanagement/FSClusterStats.java,22
hadoop,org.apache.hadoop.hdfs.server.blockmanagement,DatanodeStatistics,0,0,15,15,65,15,1,0,-1.0,2,0,/Users/eashraf/hadoop/hadoop-hdfs-project/hadoop-hdfs/src/main/java/org/apache/hadoop/hdfs/server/blockmanagement/DatanodeStatistics.java,22
hadoop,org.apache.hadoop.hdfs.server.blockmanagement,UnresolvedTopologyException,1,0,1,1,12,1,0,0,0.0,1,0,/Users/eashraf/hadoop/hadoop-hdfs-project/hadoop-hdfs/src/main/java/org/apache/hadoop/hdfs/server/blockmanagement/UnresolvedTopologyException.java,23
hadoop,org.apache.hadoop.hdfs.server.blockmanagement,HeartbeatManager,19,0,27,15,288,42,0,1,0.07407407407407407,6,12,/Users/eashraf/hadoop/hadoop-hdfs-project/hadoop-hdfs/src/main/java/org/apache/hadoop/hdfs/server/blockmanagement/HeartbeatManager.java,35
hadoop,org.apache.hadoop.hdfs.server.blockmanagement,HeartbeatManager.Monitor,2,0,0,0,34,0,0,0,-1.0,0,0,/Users/eashraf/hadoop/hadoop-hdfs-project/hadoop-hdfs/src/main/java/org/apache/hadoop/hdfs/server/blockmanagement/HeartbeatManager.java,347
hadoop,org.apache.hadoop.hdfs.server.blockmanagement,HeartbeatManager.Stats,10,0,0,0,53,0,0,0,-1.0,0,0,/Users/eashraf/hadoop/hadoop-hdfs-project/hadoop-hdfs/src/main/java/org/apache/hadoop/hdfs/server/blockmanagement/HeartbeatManager.java,380
hadoop,org.apache.hadoop.hdfs.server.blockmanagement,PendingReplicationBlocks,9,0,11,1,199,20,0,0,0.18181818181818182,2,4,/Users/eashraf/hadoop/hadoop-hdfs-project/hadoop-hdfs/src/main/java/org/apache/hadoop/hdfs/server/blockmanagement/PendingReplicationBlocks.java,35
hadoop,org.apache.hadoop.hdfs.server.blockmanagement,PendingReplicationBlocks.PendingBlockInfo,2,0,0,0,30,0,0,0,-1.0,0,0,/Users/eashraf/hadoop/hadoop-hdfs-project/hadoop-hdfs/src/main/java/org/apache/hadoop/hdfs/server/blockmanagement/PendingReplicationBlocks.java,168
hadoop,org.apache.hadoop.hdfs.server.blockmanagement,PendingReplicationBlocks.PendingReplicationMonitor,0,0,0,0,40,0,0,0,-1.0,0,0,/Users/eashraf/hadoop/hadoop-hdfs-project/hadoop-hdfs/src/main/java/org/apache/hadoop/hdfs/server/blockmanagement/PendingReplicationBlocks.java,214
hadoop,org.apache.hadoop.hdfs.server.blockmanagement,BlockInfoContiguous,4,1,30,15,286,52,1,0,0.13333333333333333,38,6,/Users/eashraf/hadoop/hadoop-hdfs-project/hadoop-hdfs/src/main/java/org/apache/hadoop/hdfs/server/blockmanagement/BlockInfoContiguous.java,27
hadoop,org.apache.hadoop.hdfs.server.blockmanagement,Host2NodesMap,3,0,7,2,187,30,0,0,0.0,6,2,/Users/eashraf/hadoop/hadoop-hdfs-project/hadoop-hdfs/src/main/java/org/apache/hadoop/hdfs/server/blockmanagement/Host2NodesMap.java,30
hadoop,org.apache.hadoop.hdfs.server.blockmanagement,CacheReplicationMonitor,17,0,15,5,516,81,0,0,0.0,1,17,/Users/eashraf/hadoop/hadoop-hdfs-project/hadoop-hdfs/src/main/java/org/apache/hadoop/hdfs/server/blockmanagement/CacheReplicationMonitor.java,60
hadoop,org.apache.hadoop.hdfs.server.blockmanagement,CorruptReplicasMap,1,0,10,0,152,29,0,0,0.0,3,4,/Users/eashraf/hadoop/hadoop-hdfs-project/hadoop-hdfs/src/main/java/org/apache/hadoop/hdfs/server/blockmanagement/CorruptReplicasMap.java,27
hadoop,org.apache.hadoop.hdfs.server.blockmanagement,CorruptReplicasMap.Reason,0,0,0,0,4,0,0,0,-1.0,0,0,/Users/eashraf/hadoop/hadoop-hdfs-project/hadoop-hdfs/src/main/java/org/apache/hadoop/hdfs/server/blockmanagement/CorruptReplicasMap.java,39
hadoop,org.apache.hadoop.hdfs.server.blockmanagement,DatanodeManager,30,0,75,36,1147,191,0,0,0.02666666666666667,21,21,/Users/eashraf/hadoop/hadoop-hdfs-project/hadoop-hdfs/src/main/java/org/apache/hadoop/hdfs/server/blockmanagement/DatanodeManager.java,58
hadoop,org.apache.hadoop.hdfs.server.blockmanagement,NumberReplicas,5,0,8,5,41,8,0,0,0.0,5,0,/Users/eashraf/hadoop/hadoop-hdfs-project/hadoop-hdfs/src/main/java/org/apache/hadoop/hdfs/server/blockmanagement/NumberReplicas.java,20
hadoop,org.apache.hadoop.hdfs.server.blockmanagement,BlockPlacementPolicy,2,0,9,6,128,16,1,0,0.5555555555555556,9,14,/Users/eashraf/hadoop/hadoop-hdfs-project/hadoop-hdfs/src/main/java/org/apache/hadoop/hdfs/server/blockmanagement/BlockPlacementPolicy.java,40
hadoop,org.apache.hadoop.hdfs.server.blockmanagement,BlockPlacementPolicy.NotEnoughReplicasException,1,0,0,0,6,0,0,0,-1.0,0,0,/Users/eashraf/hadoop/hadoop-hdfs-project/hadoop-hdfs/src/main/java/org/apache/hadoop/hdfs/server/blockmanagement/BlockPlacementPolicy.java,48
hadoop,org.apache.hadoop.hdfs.server.blockmanagement,BlockStoragePolicySuite,7,4,9,9,76,15,0,0,0.3333333333333333,35,6,/Users/eashraf/hadoop/hadoop-hdfs-project/hadoop-hdfs/src/main/java/org/apache/hadoop/hdfs/server/blockmanagement/BlockStoragePolicySuite.java,35
hadoop,org.apache.hadoop.hdfs.server.blockmanagement,BlockManager,58,7,137,73,2493,452,0,0,0.014598540145985401,43,43,/Users/eashraf/hadoop/hadoop-hdfs-project/hadoop-hdfs/src/main/java/org/apache/hadoop/hdfs/server/blockmanagement/BlockManager.java,93
hadoop,org.apache.hadoop.hdfs.server.blockmanagement,BlockManager.StatefulBlockInfo,3,0,0,0,13,0,0,0,-1.0,0,2,/Users/eashraf/hadoop/hadoop-hdfs-project/hadoop-hdfs/src/main/java/org/apache/hadoop/hdfs/server/blockmanagement/BlockManager.java,1702
hadoop,org.apache.hadoop.hdfs.server.blockmanagement,BlockManager.BlockToMarkCorrupt,4,0,0,0,39,0,0,0,-1.0,0,1,/Users/eashraf/hadoop/hadoop-hdfs-project/hadoop-hdfs/src/main/java/org/apache/hadoop/hdfs/server/blockmanagement/BlockManager.java,1721
hadoop,org.apache.hadoop.hdfs.server.blockmanagement,BlockManager.ReplicationMonitor,0,0,0,0,32,0,0,0,-1.0,0,0,/Users/eashraf/hadoop/hadoop-hdfs-project/hadoop-hdfs/src/main/java/org/apache/hadoop/hdfs/server/blockmanagement/BlockManager.java,3585
hadoop,org.apache.hadoop.hdfs.server.blockmanagement,BlockManager.ReplicationWork,8,0,0,0,29,0,0,0,-1.0,0,4,/Users/eashraf/hadoop/hadoop-hdfs-project/hadoop-hdfs/src/main/java/org/apache/hadoop/hdfs/server/blockmanagement/BlockManager.java,3673
hadoop,org.apache.hadoop.hdfs.server.blockmanagement,BlockManager.MisReplicationResult,0,0,0,0,22,0,0,0,-1.0,0,0,/Users/eashraf/hadoop/hadoop-hdfs-project/hadoop-hdfs/src/main/java/org/apache/hadoop/hdfs/server/blockmanagement/BlockManager.java,3718
hadoop,org.apache.hadoop.hdfs.server.blockmanagement,SequentialBlockIdGenerator,2,1,3,1,27,4,0,0,0.0,2,2,/Users/eashraf/hadoop/hadoop-hdfs-project/hadoop-hdfs/src/main/java/org/apache/hadoop/hdfs/server/blockmanagement/SequentialBlockIdGenerator.java,25
hadoop,org.apache.hadoop.hdfs.server.blockmanagement,BlockPlacementStatusDefault,2,0,3,3,17,4,0,1,0.0,0,0,/Users/eashraf/hadoop/hadoop-hdfs-project/hadoop-hdfs/src/main/java/org/apache/hadoop/hdfs/server/blockmanagement/BlockPlacementStatusDefault.java,20
hadoop,org.apache.hadoop.hdfs.server.blockmanagement,BlockPlacementPolicyWithNodeGroup,0,0,12,2,187,38,0,2,-1.0,0,13,/Users/eashraf/hadoop/hadoop-hdfs-project/hadoop-hdfs/src/main/java/org/apache/hadoop/hdfs/server/blockmanagement/BlockPlacementPolicyWithNodeGroup.java,32
hadoop,org.apache.hadoop.hdfs.server.blockmanagement,BlockInfoContiguousUnderConstruction,8,0,20,15,272,41,0,1,0.25,16,4,/Users/eashraf/hadoop/hadoop-hdfs-project/hadoop-hdfs/src/main/java/org/apache/hadoop/hdfs/server/blockmanagement/BlockInfoContiguousUnderConstruction.java,30
hadoop,org.apache.hadoop.hdfs.server.blockmanagement,BlockInfoContiguousUnderConstruction.ReplicaUnderConstruction,3,0,0,0,64,0,0,0,-1.0,0,1,/Users/eashraf/hadoop/hadoop-hdfs-project/hadoop-hdfs/src/main/java/org/apache/hadoop/hdfs/server/blockmanagement/BlockInfoContiguousUnderConstruction.java,62
hadoop,org.apache.hadoop.hdfs.server.blockmanagement,BlockIdManager,4,0,19,16,130,21,0,0,0.0,3,5,/Users/eashraf/hadoop/hadoop-hdfs-project/hadoop-hdfs/src/main/java/org/apache/hadoop/hdfs/server/blockmanagement/BlockIdManager.java,28
hadoop,org.apache.hadoop.hdfs.server.blockmanagement,DatanodeDescriptor,34,7,50,31,631,86,0,0,0.14,50,13,/Users/eashraf/hadoop/hadoop-hdfs-project/hadoop-hdfs/src/main/java/org/apache/hadoop/hdfs/server/blockmanagement/DatanodeDescriptor.java,51
hadoop,org.apache.hadoop.hdfs.server.blockmanagement,DatanodeDescriptor.BlockTargetPair,2,2,0,0,11,0,0,0,-1.0,0,2,/Users/eashraf/hadoop/hadoop-hdfs-project/hadoop-hdfs/src/main/java/org/apache/hadoop/hdfs/server/blockmanagement/DatanodeDescriptor.java,66
hadoop,org.apache.hadoop.hdfs.server.blockmanagement,DatanodeDescriptor.BlockQueue,1,0,0,0,40,0,0,0,-1.0,0,0,/Users/eashraf/hadoop/hadoop-hdfs-project/hadoop-hdfs/src/main/java/org/apache/hadoop/hdfs/server/blockmanagement/DatanodeDescriptor.java,79
hadoop,org.apache.hadoop.hdfs.server.blockmanagement,DatanodeDescriptor.CachedBlocksList,2,0,0,0,18,0,0,0,-1.0,0,1,/Users/eashraf/hadoop/hadoop-hdfs-project/hadoop-hdfs/src/main/java/org/apache/hadoop/hdfs/server/blockmanagement/DatanodeDescriptor.java,119
hadoop,org.apache.hadoop.hdfs.server.blockmanagement,DatanodeDescriptor.Type,0,0,0,0,1,0,0,0,-1.0,0,0,/Users/eashraf/hadoop/hadoop-hdfs-project/hadoop-hdfs/src/main/java/org/apache/hadoop/hdfs/server/blockmanagement/DatanodeDescriptor.java,123
hadoop,org.apache.hadoop.hdfs.server.blockmanagement,DatanodeDescriptor.BlockIterator,2,0,0,0,27,0,0,0,-1.0,0,0,/Users/eashraf/hadoop/hadoop-hdfs-project/hadoop-hdfs/src/main/java/org/apache/hadoop/hdfs/server/blockmanagement/DatanodeDescriptor.java,485
hadoop,org.apache.hadoop.hdfs.server.blockmanagement,DatanodeDescriptor.DecommissioningStatus,4,0,0,0,59,0,0,0,-1.0,0,0,/Users/eashraf/hadoop/hadoop-hdfs-project/hadoop-hdfs/src/main/java/org/apache/hadoop/hdfs/server/blockmanagement/DatanodeDescriptor.java,675
hadoop,org.apache.hadoop.hdfs.server.blockmanagement,OutOfV1GenerationStampsException,1,0,1,1,9,1,0,0,0.0,0,0,/Users/eashraf/hadoop/hadoop-hdfs-project/hadoop-hdfs/src/main/java/org/apache/hadoop/hdfs/server/blockmanagement/OutOfV1GenerationStampsException.java,25
hadoop,org.apache.hadoop.hdfs.server.blockmanagement,UnderReplicatedBlocks,11,0,15,2,330,46,0,0,0.13333333333333333,4,2,/Users/eashraf/hadoop/hadoop-hdfs-project/hadoop-hdfs/src/main/java/org/apache/hadoop/hdfs/server/blockmanagement/UnderReplicatedBlocks.java,27
hadoop,org.apache.hadoop.hdfs.server.blockmanagement,UnderReplicatedBlocks.BlockIterator,3,0,0,0,72,0,0,0,-1.0,0,0,/Users/eashraf/hadoop/hadoop-hdfs-project/hadoop-hdfs/src/main/java/org/apache/hadoop/hdfs/server/blockmanagement/UnderReplicatedBlocks.java,396
hadoop,org.apache.hadoop.hdfs.server.blockmanagement,DecommissionManager,6,0,1,0,72,1,0,0,0.0,1,2,/Users/eashraf/hadoop/hadoop-hdfs-project/hadoop-hdfs/src/main/java/org/apache/hadoop/hdfs/server/blockmanagement/DecommissionManager.java,28
hadoop,org.apache.hadoop.hdfs.server.blockmanagement,DecommissionManager.Monitor,3,0,0,0,60,0,0,0,-1.0,0,0,/Users/eashraf/hadoop/hadoop-hdfs-project/hadoop-hdfs/src/main/java/org/apache/hadoop/hdfs/server/blockmanagement/DecommissionManager.java,45
hadoop,org.apache.hadoop.hdfs.server.blockmanagement,PendingDataNodeMessages,5,0,7,1,94,15,0,0,0.0,2,3,/Users/eashraf/hadoop/hadoop-hdfs-project/hadoop-hdfs/src/main/java/org/apache/hadoop/hdfs/server/blockmanagement/PendingDataNodeMessages.java,30
hadoop,org.apache.hadoop.hdfs.server.blockmanagement,PendingDataNodeMessages.ReportedBlockInfo,3,0,0,0,22,0,0,0,-1.0,0,2,/Users/eashraf/hadoop/hadoop-hdfs-project/hadoop-hdfs/src/main/java/org/apache/hadoop/hdfs/server/blockmanagement/PendingDataNodeMessages.java,43
hadoop,org.apache.hadoop.hdfs.server.blockmanagement,BlocksMap,4,0,19,3,159,26,0,0,0.2631578947368421,1,7,/Users/eashraf/hadoop/hadoop-hdfs-project/hadoop-hdfs/src/main/java/org/apache/hadoop/hdfs/server/blockmanagement/BlocksMap.java,32
hadoop,org.apache.hadoop.hdfs.server.blockmanagement,BlocksMap.StorageIterator,2,0,0,0,16,0,0,0,-1.0,0,1,/Users/eashraf/hadoop/hadoop-hdfs-project/hadoop-hdfs/src/main/java/org/apache/hadoop/hdfs/server/blockmanagement/BlocksMap.java,38
hadoop,org.apache.hadoop.hdfs.protocol,TestExtendedBlock,5,0,3,2,21,3,0,0,0.0,0,1,/Users/eashraf/hadoop/hadoop-hdfs-project/hadoop-hdfs/src/test/java/org/apache/hadoop/hdfs/protocol/TestExtendedBlock.java,26
hadoop,org.apache.hadoop.hdfs.protocol,TestLayoutVersion,2,2,8,7,78,12,0,0,0.75,0,3,/Users/eashraf/hadoop/hadoop-hdfs-project/hadoop-hdfs/src/test/java/org/apache/hadoop/hdfs/protocol/TestLayoutVersion.java,33
hadoop,org.apache.hadoop.hdfs.protocol,TestAnnotations,0,0,1,1,11,2,0,0,-1.0,0,0,/Users/eashraf/hadoop/hadoop-hdfs-project/hadoop-hdfs/src/test/java/org/apache/hadoop/hdfs/protocol/TestAnnotations.java,28
hadoop,org.apache.hadoop.hdfs.protocol,AclException,1,0,1,1,13,1,0,0,0.0,3,0,/Users/eashraf/hadoop/hadoop-hdfs-project/hadoop-hdfs/src/main/java/org/apache/hadoop/hdfs/protocol/AclException.java,24
hadoop,org.apache.hadoop.hdfs.protocol,HdfsConstants,38,37,1,0,81,1,1,0,0.0,149,5,/Users/eashraf/hadoop/hadoop-hdfs-project/hadoop-hdfs/src/main/java/org/apache/hadoop/hdfs/protocol/HdfsConstants.java,33
hadoop,org.apache.hadoop.hdfs.protocol,HdfsConstants.SafeModeAction,0,0,0,0,1,0,0,0,-1.0,0,0,/Users/eashraf/hadoop/hadoop-hdfs-project/hadoop-hdfs/src/main/java/org/apache/hadoop/hdfs/protocol/HdfsConstants.java,84
hadoop,org.apache.hadoop.hdfs.protocol,HdfsConstants.RollingUpgradeAction,1,0,0,0,14,0,0,0,-1.0,0,0,/Users/eashraf/hadoop/hadoop-hdfs-project/hadoop-hdfs/src/main/java/org/apache/hadoop/hdfs/protocol/HdfsConstants.java,88
hadoop,org.apache.hadoop.hdfs.protocol,HdfsConstants.DatanodeReportType,0,0,0,0,1,0,0,0,-1.0,0,0,/Users/eashraf/hadoop/hadoop-hdfs-project/hadoop-hdfs/src/main/java/org/apache/hadoop/hdfs/protocol/HdfsConstants.java,107
hadoop,org.apache.hadoop.hdfs.protocol,FsPermissionExtension,4,0,7,7,42,7,0,0,0.42857142857142855,0,1,/Users/eashraf/hadoop/hadoop-hdfs-project/hadoop-hdfs/src/main/java/org/apache/hadoop/hdfs/protocol/FsPermissionExtension.java,23
hadoop,org.apache.hadoop.hdfs.protocol,CacheDirectiveInfo,14,2,9,8,245,16,0,0,0.0,26,1,/Users/eashraf/hadoop/hadoop-hdfs-project/hadoop-hdfs/src/main/java/org/apache/hadoop/hdfs/protocol/CacheDirectiveInfo.java,31
hadoop,org.apache.hadoop.hdfs.protocol,CacheDirectiveInfo.Builder,5,0,0,0,77,0,0,0,-1.0,0,1,/Users/eashraf/hadoop/hadoop-hdfs-project/hadoop-hdfs/src/main/java/org/apache/hadoop/hdfs/protocol/CacheDirectiveInfo.java,37
hadoop,org.apache.hadoop.hdfs.protocol,CacheDirectiveInfo.Expiration,4,2,0,0,81,0,0,0,-1.0,0,0,/Users/eashraf/hadoop/hadoop-hdfs-project/hadoop-hdfs/src/main/java/org/apache/hadoop/hdfs/protocol/CacheDirectiveInfo.java,132
hadoop,org.apache.hadoop.hdfs.protocol,SnapshotException,1,0,2,2,12,2,0,0,1.0,2,0,/Users/eashraf/hadoop/hadoop-hdfs-project/hadoop-hdfs/src/main/java/org/apache/hadoop/hdfs/protocol/SnapshotException.java,22
hadoop,org.apache.hadoop.hdfs.protocol,CacheDirectiveStats,10,0,7,6,122,7,0,0,0.0,5,0,/Users/eashraf/hadoop/hadoop-hdfs-project/hadoop-hdfs/src/main/java/org/apache/hadoop/hdfs/protocol/CacheDirectiveStats.java,23
hadoop,org.apache.hadoop.hdfs.protocol,CacheDirectiveStats.Builder,5,0,0,0,64,0,0,0,-1.0,0,0,/Users/eashraf/hadoop/hadoop-hdfs-project/hadoop-hdfs/src/main/java/org/apache/hadoop/hdfs/protocol/CacheDirectiveStats.java,29
hadoop,org.apache.hadoop.hdfs.protocol,FSLimitException,4,0,3,0,51,3,2,1,1.0,0,0,/Users/eashraf/hadoop/hadoop-hdfs-project/hadoop-hdfs/src/main/java/org/apache/hadoop/hdfs/protocol/FSLimitException.java,24
hadoop,org.apache.hadoop.hdfs.protocol,FSLimitException.PathComponentTooLongException,2,0,0,0,23,0,0,2,-1.0,0,0,/Users/eashraf/hadoop/hadoop-hdfs-project/hadoop-hdfs/src/main/java/org/apache/hadoop/hdfs/protocol/FSLimitException.java,43
hadoop,org.apache.hadoop.hdfs.protocol,FSLimitException.MaxDirectoryItemsExceededException,1,0,0,0,17,0,0,2,-1.0,0,0,/Users/eashraf/hadoop/hadoop-hdfs-project/hadoop-hdfs/src/main/java/org/apache/hadoop/hdfs/protocol/FSLimitException.java,77
hadoop,org.apache.hadoop.hdfs.protocol,DatanodeLocalInfo,3,0,5,5,41,5,0,0,0.0,3,0,/Users/eashraf/hadoop/hadoop-hdfs-project/hadoop-hdfs/src/main/java/org/apache/hadoop/hdfs/protocol/DatanodeLocalInfo.java,24
hadoop,org.apache.hadoop.hdfs.protocol,HdfsFileStatus,16,1,23,23,199,26,1,0,0.0,47,4,/Users/eashraf/hadoop/hadoop-hdfs-project/hadoop-hdfs/src/main/java/org/apache/hadoop/hdfs/protocol/HdfsFileStatus.java,30
hadoop,org.apache.hadoop.hdfs.protocol,QuotaExceededException,4,0,5,2,24,5,4,0,1.0,3,0,/Users/eashraf/hadoop/hadoop-hdfs-project/hadoop-hdfs/src/main/java/org/apache/hadoop/hdfs/protocol/QuotaExceededException.java,26
hadoop,org.apache.hadoop.hdfs.protocol,SnapshotAccessControlException,1,0,2,2,12,2,0,0,1.0,5,0,/Users/eashraf/hadoop/hadoop-hdfs-project/hadoop-hdfs/src/main/java/org/apache/hadoop/hdfs/protocol/SnapshotAccessControlException.java,22
hadoop,org.apache.hadoop.hdfs.protocol,CachePoolStats,10,0,7,6,67,7,0,0,0.0,3,0,/Users/eashraf/hadoop/hadoop-hdfs-project/hadoop-hdfs/src/main/java/org/apache/hadoop/hdfs/protocol/CachePoolStats.java,24
hadoop,org.apache.hadoop.hdfs.protocol,CachePoolStats.Builder,5,0,0,0,32,0,0,0,-1.0,0,0,/Users/eashraf/hadoop/hadoop-hdfs-project/hadoop-hdfs/src/main/java/org/apache/hadoop/hdfs/protocol/CachePoolStats.java,30
hadoop,org.apache.hadoop.hdfs.protocol,RecoveryInProgressException,1,0,1,1,9,1,0,0,0.0,1,0,/Users/eashraf/hadoop/hadoop-hdfs-project/hadoop-hdfs/src/main/java/org/apache/hadoop/hdfs/protocol/RecoveryInProgressException.java,25
hadoop,org.apache.hadoop.hdfs.protocol,DirectoryListing,2,0,5,5,53,8,0,0,0.0,14,1,/Users/eashraf/hadoop/hadoop-hdfs-project/hadoop-hdfs/src/main/java/org/apache/hadoop/hdfs/protocol/DirectoryListing.java,22
hadoop,org.apache.hadoop.hdfs.protocol,BlockLocalPathInfo,3,0,5,5,46,5,0,0,0.0,7,1,/Users/eashraf/hadoop/hadoop-hdfs-project/hadoop-hdfs/src/main/java/org/apache/hadoop/hdfs/protocol/BlockLocalPathInfo.java,23
hadoop,org.apache.hadoop.hdfs.protocol,BlockListAsLongs,7,0,21,11,231,32,0,0,0.14285714285714285,8,2,/Users/eashraf/hadoop/hadoop-hdfs-project/hadoop-hdfs/src/main/java/org/apache/hadoop/hdfs/protocol/BlockListAsLongs.java,30
hadoop,org.apache.hadoop.hdfs.protocol,BlockListAsLongs.BlockReportIterator,3,0,0,0,31,0,0,0,-1.0,0,1,/Users/eashraf/hadoop/hadoop-hdfs-project/hadoop-hdfs/src/main/java/org/apache/hadoop/hdfs/protocol/BlockListAsLongs.java,162
hadoop,org.apache.hadoop.hdfs.protocol,EncryptionZoneIterator,2,0,3,3,24,3,0,0,0.6666666666666666,0,2,/Users/eashraf/hadoop/hadoop-hdfs-project/hadoop-hdfs/src/main/java/org/apache/hadoop/hdfs/protocol/EncryptionZoneIterator.java,30
hadoop,org.apache.hadoop.hdfs.protocol,HdfsBlocksMetadata,4,0,5,5,58,5,0,0,0.0,3,0,/Users/eashraf/hadoop/hadoop-hdfs-project/hadoop-hdfs/src/main/java/org/apache/hadoop/hdfs/protocol/HdfsBlocksMetadata.java,29
hadoop,org.apache.hadoop.hdfs.protocol,CacheDirective,11,0,30,30,156,35,0,0,0.06666666666666667,2,6,/Users/eashraf/hadoop/hadoop-hdfs-project/hadoop-hdfs/src/main/java/org/apache/hadoop/hdfs/protocol/CacheDirective.java,34
hadoop,org.apache.hadoop.hdfs.protocol,QuotaByStorageTypeExceededException,2,0,4,4,22,5,0,1,0.75,1,1,/Users/eashraf/hadoop/hadoop-hdfs-project/hadoop-hdfs/src/main/java/org/apache/hadoop/hdfs/protocol/QuotaByStorageTypeExceededException.java,27
hadoop,org.apache.hadoop.hdfs.protocol,ClientProtocol,8,8,83,83,704,83,0,0,-1.0,30,30,/Users/eashraf/hadoop/hadoop-hdfs-project/hadoop-hdfs/src/main/java/org/apache/hadoop/hdfs/protocol/ClientProtocol.java,64
hadoop,org.apache.hadoop.hdfs.protocol,EncryptionZone,5,0,9,9,51,12,0,0,0.0,7,2,/Users/eashraf/hadoop/hadoop-hdfs-project/hadoop-hdfs/src/main/java/org/apache/hadoop/hdfs/protocol/EncryptionZone.java,27
hadoop,org.apache.hadoop.hdfs.protocol,CachePoolEntry,2,0,3,3,17,3,0,0,0.0,4,2,/Users/eashraf/hadoop/hadoop-hdfs-project/hadoop-hdfs/src/main/java/org/apache/hadoop/hdfs/protocol/CachePoolEntry.java,24
hadoop,org.apache.hadoop.hdfs.protocol,SnapshotInfo,9,0,8,8,59,8,0,0,0.0,0,0,/Users/eashraf/hadoop/hadoop-hdfs-project/hadoop-hdfs/src/main/java/org/apache/hadoop/hdfs/protocol/SnapshotInfo.java,25
hadoop,org.apache.hadoop.hdfs.protocol,SnapshotInfo.Bean,3,0,0,0,19,0,0,0,-1.0,0,0,/Users/eashraf/hadoop/hadoop-hdfs-project/hadoop-hdfs/src/main/java/org/apache/hadoop/hdfs/protocol/SnapshotInfo.java,84
hadoop,org.apache.hadoop.hdfs.protocol,DatanodeID,11,1,28,24,203,32,1,0,0.0,57,0,/Users/eashraf/hadoop/hadoop-hdfs-project/hadoop-hdfs/src/main/java/org/apache/hadoop/hdfs/protocol/DatanodeID.java,26
hadoop,org.apache.hadoop.hdfs.protocol,CachePoolIterator,2,0,3,3,24,3,0,0,0.6666666666666666,0,2,/Users/eashraf/hadoop/hadoop-hdfs-project/hadoop-hdfs/src/main/java/org/apache/hadoop/hdfs/protocol/CachePoolIterator.java,30
hadoop,org.apache.hadoop.hdfs.protocol,LastBlockWithStatus,2,0,3,3,17,3,0,0,0.0,7,2,/Users/eashraf/hadoop/hadoop-hdfs-project/hadoop-hdfs/src/main/java/org/apache/hadoop/hdfs/protocol/LastBlockWithStatus.java,23
hadoop,org.apache.hadoop.hdfs.protocol,CachePoolInfo,11,5,17,17,128,26,0,0,0.0,21,1,/Users/eashraf/hadoop/hadoop-hdfs-project/hadoop-hdfs/src/main/java/org/apache/hadoop/hdfs/protocol/CachePoolInfo.java,35
hadoop,org.apache.hadoop.hdfs.protocol,DatanodeInfoWithStorage,2,0,6,6,28,6,0,2,0.5,1,2,/Users/eashraf/hadoop/hadoop-hdfs-project/hadoop-hdfs/src/main/java/org/apache/hadoop/hdfs/protocol/DatanodeInfoWithStorage.java,25
hadoop,org.apache.hadoop.hdfs.protocol,DatanodeInfo,15,0,52,51,430,61,1,1,0.1346153846153846,97,8,/Users/eashraf/hadoop/hadoop-hdfs-project/hadoop-hdfs/src/main/java/org/apache/hadoop/hdfs/protocol/DatanodeInfo.java,37
hadoop,org.apache.hadoop.hdfs.protocol,DatanodeInfo.AdminStates,1,0,0,0,14,0,0,0,-1.0,0,0,/Users/eashraf/hadoop/hadoop-hdfs-project/hadoop-hdfs/src/main/java/org/apache/hadoop/hdfs/protocol/DatanodeInfo.java,59
hadoop,org.apache.hadoop.hdfs.protocol,HdfsLocatedFileStatus,1,0,3,3,33,3,0,1,0.0,2,5,/Users/eashraf/hadoop/hadoop-hdfs-project/hadoop-hdfs/src/main/java/org/apache/hadoop/hdfs/protocol/HdfsLocatedFileStatus.java,30
hadoop,org.apache.hadoop.hdfs.protocol,RollingUpgradeInfo,7,0,11,10,78,13,0,1,0.0,7,0,/Users/eashraf/hadoop/hadoop-hdfs-project/hadoop-hdfs/src/main/java/org/apache/hadoop/hdfs/protocol/RollingUpgradeInfo.java,25
hadoop,org.apache.hadoop.hdfs.protocol,RollingUpgradeInfo.Bean,4,0,0,0,24,0,0,0,-1.0,0,0,/Users/eashraf/hadoop/hadoop-hdfs-project/hadoop-hdfs/src/main/java/org/apache/hadoop/hdfs/protocol/RollingUpgradeInfo.java,98
hadoop,org.apache.hadoop.hdfs.protocol,LayoutVersion,7,1,5,4,152,13,0,0,0.8,27,0,/Users/eashraf/hadoop/hadoop-hdfs-project/hadoop-hdfs/src/main/java/org/apache/hadoop/hdfs/protocol/LayoutVersion.java,27
hadoop,org.apache.hadoop.hdfs.protocol,LayoutVersion.LayoutFeature,0,0,0,0,6,0,0,0,-1.0,0,0,/Users/eashraf/hadoop/hadoop-hdfs-project/hadoop-hdfs/src/main/java/org/apache/hadoop/hdfs/protocol/LayoutVersion.java,56
hadoop,org.apache.hadoop.hdfs.protocol,LayoutVersion.Feature,1,0,0,0,27,0,0,0,-1.0,0,0,/Users/eashraf/hadoop/hadoop-hdfs-project/hadoop-hdfs/src/main/java/org/apache/hadoop/hdfs/protocol/LayoutVersion.java,63
hadoop,org.apache.hadoop.hdfs.protocol,LayoutVersion.FeatureInfo,5,0,0,0,44,0,0,0,-1.0,0,0,/Users/eashraf/hadoop/hadoop-hdfs-project/hadoop-hdfs/src/main/java/org/apache/hadoop/hdfs/protocol/LayoutVersion.java,161
hadoop,org.apache.hadoop.hdfs.protocol,LayoutVersion.LayoutFeatureComparator,0,0,0,0,5,0,0,0,-1.0,0,0,/Users/eashraf/hadoop/hadoop-hdfs-project/hadoop-hdfs/src/main/java/org/apache/hadoop/hdfs/protocol/LayoutVersion.java,211
hadoop,org.apache.hadoop.hdfs.protocol,LocatedBlocks,6,0,15,15,131,24,0,0,0.2,53,2,/Users/eashraf/hadoop/hadoop-hdfs-project/hadoop-hdfs/src/main/java/org/apache/hadoop/hdfs/protocol/LocatedBlocks.java,28
hadoop,org.apache.hadoop.hdfs.protocol,BlockStoragePolicy,7,1,20,17,186,35,0,0,0.0,18,1,/Users/eashraf/hadoop/hadoop-hdfs-project/hadoop-hdfs/src/main/java/org/apache/hadoop/hdfs/protocol/BlockStoragePolicy.java,32
hadoop,org.apache.hadoop.hdfs.protocol,RollingUpgradeException,1,0,1,1,9,1,0,0,0.0,0,0,/Users/eashraf/hadoop/hadoop-hdfs-project/hadoop-hdfs/src/main/java/org/apache/hadoop/hdfs/protocol/RollingUpgradeException.java,25
hadoop,org.apache.hadoop.hdfs.protocol,CorruptFileBlocks,3,0,6,6,38,9,0,0,0.3333333333333333,5,0,/Users/eashraf/hadoop/hadoop-hdfs-project/hadoop-hdfs/src/main/java/org/apache/hadoop/hdfs/protocol/CorruptFileBlocks.java,22
hadoop,org.apache.hadoop.hdfs.protocol,DSQuotaExceededException,1,0,4,4,20,5,0,1,1.0,4,0,/Users/eashraf/hadoop/hadoop-hdfs-project/hadoop-hdfs/src/main/java/org/apache/hadoop/hdfs/protocol/DSQuotaExceededException.java,25
hadoop,org.apache.hadoop.hdfs.protocol,AlreadyBeingCreatedException,1,0,1,1,9,1,0,0,0.0,3,0,/Users/eashraf/hadoop/hadoop-hdfs-project/hadoop-hdfs/src/main/java/org/apache/hadoop/hdfs/protocol/AlreadyBeingCreatedException.java,26
hadoop,org.apache.hadoop.hdfs.protocol,LayoutFlags,0,0,3,2,25,5,0,0,-1.0,3,0,/Users/eashraf/hadoop/hadoop-hdfs-project/hadoop-hdfs/src/main/java/org/apache/hadoop/hdfs/protocol/LayoutFlags.java,31
hadoop,org.apache.hadoop.hdfs.protocol,FSConstants,0,0,0,0,5,0,0,1,-1.0,0,0,/Users/eashraf/hadoop/hadoop-hdfs-project/hadoop-hdfs/src/main/java/org/apache/hadoop/hdfs/protocol/FSConstants.java,20
hadoop,org.apache.hadoop.hdfs.protocol,CacheDirectiveIterator,4,0,4,3,70,7,0,0,0.5,0,3,/Users/eashraf/hadoop/hadoop-hdfs-project/hadoop-hdfs/src/main/java/org/apache/hadoop/hdfs/protocol/CacheDirectiveIterator.java,34
hadoop,org.apache.hadoop.hdfs.protocol,CacheDirectiveIterator.SingleEntry,1,0,0,0,21,0,0,0,-1.0,0,1,/Users/eashraf/hadoop/hadoop-hdfs-project/hadoop-hdfs/src/main/java/org/apache/hadoop/hdfs/protocol/CacheDirectiveIterator.java,61
hadoop,org.apache.hadoop.hdfs.protocol,RollingUpgradeStatus,1,0,5,5,28,7,1,0,0.0,5,0,/Users/eashraf/hadoop/hadoop-hdfs-project/hadoop-hdfs/src/main/java/org/apache/hadoop/hdfs/protocol/RollingUpgradeStatus.java,23
hadoop,org.apache.hadoop.hdfs.protocol,SnapshotDiffReport,9,0,6,6,156,7,0,0,0.0,9,1,/Users/eashraf/hadoop/hadoop-hdfs-project/hadoop-hdfs/src/main/java/org/apache/hadoop/hdfs/protocol/SnapshotDiffReport.java,29
hadoop,org.apache.hadoop.hdfs.protocol,SnapshotDiffReport.DiffType,1,0,0,0,26,0,0,0,-1.0,0,0,/Users/eashraf/hadoop/hadoop-hdfs-project/hadoop-hdfs/src/main/java/org/apache/hadoop/hdfs/protocol/SnapshotDiffReport.java,39
hadoop,org.apache.hadoop.hdfs.protocol,SnapshotDiffReport.DiffReportEntry,3,0,0,0,68,0,0,0,-1.0,0,1,/Users/eashraf/hadoop/hadoop-hdfs-project/hadoop-hdfs/src/main/java/org/apache/hadoop/hdfs/protocol/SnapshotDiffReport.java,74
hadoop,org.apache.hadoop.hdfs.protocol,UnresolvedPathException,5,0,4,4,48,6,0,0,0.5,3,1,/Users/eashraf/hadoop/hadoop-hdfs-project/hadoop-hdfs/src/main/java/org/apache/hadoop/hdfs/protocol/UnresolvedPathException.java,28
hadoop,org.apache.hadoop.hdfs.protocol,UnregisteredNodeException,1,0,3,3,20,3,0,0,1.0,0,4,/Users/eashraf/hadoop/hadoop-hdfs-project/hadoop-hdfs/src/main/java/org/apache/hadoop/hdfs/protocol/UnregisteredNodeException.java,28
hadoop,org.apache.hadoop.hdfs.protocol,NSQuotaExceededException,2,0,5,5,28,7,0,1,0.8,4,0,/Users/eashraf/hadoop/hadoop-hdfs-project/hadoop-hdfs/src/main/java/org/apache/hadoop/hdfs/protocol/NSQuotaExceededException.java,24
hadoop,org.apache.hadoop.hdfs.protocol,Block,8,5,32,30,157,37,0,0,0.25,104,1,/Users/eashraf/hadoop/hadoop-hdfs-project/hadoop-hdfs/src/main/java/org/apache/hadoop/hdfs/protocol/Block.java,29
hadoop,org.apache.hadoop.hdfs.protocol,CacheDirectiveEntry,2,0,3,3,17,3,0,0,0.0,8,2,/Users/eashraf/hadoop/hadoop-hdfs-project/hadoop-hdfs/src/main/java/org/apache/hadoop/hdfs/protocol/CacheDirectiveEntry.java,23
hadoop,org.apache.hadoop.hdfs.protocol,LocatedBlock,9,0,21,19,141,31,0,0,0.09523809523809523,64,6,/Users/eashraf/hadoop/hadoop-hdfs-project/hadoop-hdfs/src/main/java/org/apache/hadoop/hdfs/protocol/LocatedBlock.java,33
hadoop,org.apache.hadoop.hdfs.protocol,SnapshottableDirectoryStatus,12,1,9,8,152,13,0,0,0.0,12,4,/Users/eashraf/hadoop/hadoop-hdfs-project/hadoop-hdfs/src/main/java/org/apache/hadoop/hdfs/protocol/SnapshottableDirectoryStatus.java,30
hadoop,org.apache.hadoop.hdfs.protocol,SnapshottableDirectoryStatus.Bean,7,0,0,0,39,0,0,0,-1.0,0,0,/Users/eashraf/hadoop/hadoop-hdfs-project/hadoop-hdfs/src/main/java/org/apache/hadoop/hdfs/protocol/SnapshottableDirectoryStatus.java,171
hadoop,org.apache.hadoop.hdfs.protocol,ExtendedBlock,2,0,19,19,78,21,0,0,0.10526315789473684,116,1,/Users/eashraf/hadoop/hadoop-hdfs-project/hadoop-hdfs/src/main/java/org/apache/hadoop/hdfs/protocol/ExtendedBlock.java,23
hadoop,org.apache.hadoop.hdfs.protocol,ClientDatanodeProtocol,1,1,10,0,66,10,0,0,-1.0,8,7,/Users/eashraf/hadoop/hadoop-hdfs-project/hadoop-hdfs/src/main/java/org/apache/hadoop/hdfs/protocol/ClientDatanodeProtocol.java,34
hadoop,org.apache.hadoop.hdfs.protocol.datatransfer.sasl,TestSaslDataTransfer,9,2,11,9,111,13,0,1,0.0,0,12,/Users/eashraf/hadoop/hadoop-hdfs-project/hadoop-hdfs/src/test/java/org/apache/hadoop/hdfs/protocol/datatransfer/sasl/TestSaslDataTransfer.java,49
hadoop,org.apache.hadoop.hdfs.protocol.datatransfer.sasl,SaslDataTransferTestCase,5,0,3,2,52,4,1,0,0.0,0,7,/Users/eashraf/hadoop/hadoop-hdfs-project/hadoop-hdfs/src/test/java/org/apache/hadoop/hdfs/protocol/datatransfer/sasl/SaslDataTransferTestCase.java,47
hadoop,org.apache.hadoop.hdfs.protocol.datatransfer.sasl,SaslParticipant,5,0,11,9,137,17,0,0,0.18181818181818182,3,0,/Users/eashraf/hadoop/hadoop-hdfs-project/hadoop-hdfs/src/main/java/org/apache/hadoop/hdfs/protocol/datatransfer/sasl/SaslParticipant.java,34
hadoop,org.apache.hadoop.hdfs.protocol.datatransfer.sasl,SaslDataTransferClient,7,0,13,5,286,23,0,0,0.0,4,15,/Users/eashraf/hadoop/hadoop-hdfs-project/hadoop-hdfs/src/main/java/org/apache/hadoop/hdfs/protocol/datatransfer/sasl/SaslDataTransferClient.java,64
hadoop,org.apache.hadoop.hdfs.protocol.datatransfer.sasl,SaslDataTransferClient.SaslClientCallbackHandler,2,0,0,0,47,0,0,0,-1.0,0,0,/Users/eashraf/hadoop/hadoop-hdfs-project/hadoop-hdfs/src/main/java/org/apache/hadoop/hdfs/protocol/datatransfer/sasl/SaslDataTransferClient.java,318
hadoop,org.apache.hadoop.hdfs.protocol.datatransfer.sasl,SaslResponseWithNegotiatedCipherOption,2,0,1,1,8,1,0,0,0.0,2,1,/Users/eashraf/hadoop/hadoop-hdfs-project/hadoop-hdfs/src/main/java/org/apache/hadoop/hdfs/protocol/datatransfer/sasl/SaslResponseWithNegotiatedCipherOption.java,23
hadoop,org.apache.hadoop.hdfs.protocol.datatransfer.sasl,InvalidMagicNumberException,2,0,2,2,22,2,0,0,0.0,0,0,/Users/eashraf/hadoop/hadoop-hdfs-project/hadoop-hdfs/src/main/java/org/apache/hadoop/hdfs/protocol/datatransfer/sasl/InvalidMagicNumberException.java,26
hadoop,org.apache.hadoop.hdfs.protocol.datatransfer.sasl,SaslDataTransferServer,4,0,11,4,246,25,0,0,0.0,2,10,/Users/eashraf/hadoop/hadoop-hdfs-project/hadoop-hdfs/src/main/java/org/apache/hadoop/hdfs/protocol/datatransfer/sasl/SaslDataTransferServer.java,61
hadoop,org.apache.hadoop.hdfs.protocol.datatransfer.sasl,SaslDataTransferServer.PasswordFunction,0,0,0,0,12,0,0,0,-1.0,0,0,/Users/eashraf/hadoop/hadoop-hdfs-project/hadoop-hdfs/src/main/java/org/apache/hadoop/hdfs/protocol/datatransfer/sasl/SaslDataTransferServer.java,182
hadoop,org.apache.hadoop.hdfs.protocol.datatransfer.sasl,SaslDataTransferServer.SaslServerCallbackHandler,1,0,0,0,42,0,0,0,-1.0,0,0,/Users/eashraf/hadoop/hadoop-hdfs-project/hadoop-hdfs/src/main/java/org/apache/hadoop/hdfs/protocol/datatransfer/sasl/SaslDataTransferServer.java,200
hadoop,org.apache.hadoop.hdfs.protocol.datatransfer.sasl,DataTransferSaslUtil,3,2,19,18,340,49,0,0,0.7894736842105263,4,9,/Users/eashraf/hadoop/hadoop-hdfs-project/hadoop-hdfs/src/main/java/org/apache/hadoop/hdfs/protocol/datatransfer/sasl/DataTransferSaslUtil.java,65
hadoop,org.apache.hadoop.hdfs.protocol.datatransfer.sasl,DataEncryptionKeyFactory,0,0,1,0,11,1,0,0,-1.0,3,0,/Users/eashraf/hadoop/hadoop-hdfs-project/hadoop-hdfs/src/main/java/org/apache/hadoop/hdfs/protocol/datatransfer/sasl/DataEncryptionKeyFactory.java,25
hadoop,org.apache.hadoop.hdfs.protocol.datatransfer,TestPacketReceiver,2,0,4,1,48,4,0,0,0.0,0,3,/Users/eashraf/hadoop/hadoop-hdfs-project/hadoop-hdfs/src/test/java/org/apache/hadoop/hdfs/protocol/datatransfer/TestPacketReceiver.java,34
hadoop,org.apache.hadoop.hdfs.protocol.datatransfer,ReplaceDatanodeOnFailure,6,0,8,7,140,13,0,0,0.25,3,3,/Users/eashraf/hadoop/hadoop-hdfs-project/hadoop-hdfs/src/main/java/org/apache/hadoop/hdfs/protocol/datatransfer/ReplaceDatanodeOnFailure.java,27
hadoop,org.apache.hadoop.hdfs.protocol.datatransfer,ReplaceDatanodeOnFailure.Policy,1,0,0,0,23,0,0,0,-1.0,0,0,/Users/eashraf/hadoop/hadoop-hdfs-project/hadoop-hdfs/src/main/java/org/apache/hadoop/hdfs/protocol/datatransfer/ReplaceDatanodeOnFailure.java,33
hadoop,org.apache.hadoop.hdfs.protocol.datatransfer,ReplaceDatanodeOnFailure.Condition,3,0,0,0,46,0,0,0,-1.0,0,0,/Users/eashraf/hadoop/hadoop-hdfs-project/hadoop-hdfs/src/main/java/org/apache/hadoop/hdfs/protocol/datatransfer/ReplaceDatanodeOnFailure.java,55
hadoop,org.apache.hadoop.hdfs.protocol.datatransfer,IOStreamPair,2,2,1,1,11,1,0,0,0.0,4,0,/Users/eashraf/hadoop/hadoop-hdfs-project/hadoop-hdfs/src/main/java/org/apache/hadoop/hdfs/protocol/datatransfer/IOStreamPair.java,25
hadoop,org.apache.hadoop.hdfs.protocol.datatransfer,WhitelistBasedTrustedChannelResolver,12,8,3,3,67,5,0,1,0.0,0,2,/Users/eashraf/hadoop/hadoop-hdfs-project/hadoop-hdfs/src/main/java/org/apache/hadoop/hdfs/protocol/datatransfer/WhitelistBasedTrustedChannelResolver.java,28
hadoop,org.apache.hadoop.hdfs.protocol.datatransfer,DataTransferProtocol,2,2,9,9,87,9,2,0,-1.0,11,7,/Users/eashraf/hadoop/hadoop-hdfs-project/hadoop-hdfs/src/main/java/org/apache/hadoop/hdfs/protocol/datatransfer/DataTransferProtocol.java,35
hadoop,org.apache.hadoop.hdfs.protocol.datatransfer,Receiver,1,0,13,0,173,32,0,1,0.0,0,5,/Users/eashraf/hadoop/hadoop-hdfs-project/hadoop-hdfs/src/main/java/org/apache/hadoop/hdfs/protocol/datatransfer/Receiver.java,45
hadoop,org.apache.hadoop.hdfs.protocol.datatransfer,Op,2,1,4,2,31,4,0,0,0.0,5,0,/Users/eashraf/hadoop/hadoop-hdfs-project/hadoop-hdfs/src/main/java/org/apache/hadoop/hdfs/protocol/datatransfer/Op.java,27
hadoop,org.apache.hadoop.hdfs.protocol.datatransfer,PacketHeader,5,2,19,19,109,24,0,0,0.10526315789473684,9,0,/Users/eashraf/hadoop/hadoop-hdfs-project/hadoop-hdfs/src/main/java/org/apache/hadoop/hdfs/protocol/datatransfer/PacketHeader.java,35
hadoop,org.apache.hadoop.hdfs.protocol.datatransfer,DataTransferProtoUtil,0,0,11,7,62,18,0,0,-1.0,6,5,/Users/eashraf/hadoop/hadoop-hdfs-project/hadoop-hdfs/src/main/java/org/apache/hadoop/hdfs/protocol/datatransfer/DataTransferProtoUtil.java,45
hadoop,org.apache.hadoop.hdfs.protocol.datatransfer,BlockConstructionStage,1,0,1,1,19,2,0,0,0.0,11,0,/Users/eashraf/hadoop/hadoop-hdfs-project/hadoop-hdfs/src/main/java/org/apache/hadoop/hdfs/protocol/datatransfer/BlockConstructionStage.java,23
hadoop,org.apache.hadoop.hdfs.protocol.datatransfer,PipelineAck,9,1,18,18,177,25,0,0,0.4444444444444444,7,1,/Users/eashraf/hadoop/hadoop-hdfs-project/hadoop-hdfs/src/main/java/org/apache/hadoop/hdfs/protocol/datatransfer/PipelineAck.java,41
hadoop,org.apache.hadoop.hdfs.protocol.datatransfer,PipelineAck.ECN,2,0,0,0,12,0,0,0,-1.0,0,0,/Users/eashraf/hadoop/hadoop-hdfs-project/hadoop-hdfs/src/main/java/org/apache/hadoop/hdfs/protocol/datatransfer/PipelineAck.java,53
hadoop,org.apache.hadoop.hdfs.protocol.datatransfer,PipelineAck.StatusFormat,1,0,0,0,17,0,0,0,-1.0,0,1,/Users/eashraf/hadoop/hadoop-hdfs-project/hadoop-hdfs/src/main/java/org/apache/hadoop/hdfs/protocol/datatransfer/PipelineAck.java,74
hadoop,org.apache.hadoop.hdfs.protocol.datatransfer,Sender,1,0,13,10,92,20,0,1,0.0,1,11,/Users/eashraf/hadoop/hadoop-hdfs-project/hadoop-hdfs/src/main/java/org/apache/hadoop/hdfs/protocol/datatransfer/Sender.java,56
hadoop,org.apache.hadoop.hdfs.protocol.datatransfer,TrustedChannelResolver,1,0,5,5,36,5,1,0,0.6,4,3,/Users/eashraf/hadoop/hadoop-hdfs-project/hadoop-hdfs/src/main/java/org/apache/hadoop/hdfs/protocol/datatransfer/TrustedChannelResolver.java,27
hadoop,org.apache.hadoop.hdfs.protocol.datatransfer,PacketReceiver,8,0,15,8,169,28,0,0,0.0,3,3,/Users/eashraf/hadoop/hadoop-hdfs-project/hadoop-hdfs/src/main/java/org/apache/hadoop/hdfs/protocol/datatransfer/PacketReceiver.java,36
hadoop,org.apache.hadoop.hdfs.protocol.datatransfer,InvalidEncryptionKeyException,1,0,2,2,12,2,0,0,1.0,0,0,/Users/eashraf/hadoop/hadoop-hdfs-project/hadoop-hdfs/src/main/java/org/apache/hadoop/hdfs/protocol/datatransfer/InvalidEncryptionKeyException.java,25
hadoop,org.apache.hadoop.hdfs.shortcircuit,TestShortCircuitShm,2,1,3,3,56,10,0,0,0.6666666666666666,0,3,/Users/eashraf/hadoop/hadoop-hdfs-project/hadoop-hdfs/src/test/java/org/apache/hadoop/hdfs/shortcircuit/TestShortCircuitShm.java,38
hadoop,org.apache.hadoop.hdfs.shortcircuit,TestShortCircuitLocalRead,4,0,30,21,421,52,0,0,0.16666666666666666,0,28,/Users/eashraf/hadoop/hadoop-hdfs-project/hadoop-hdfs/src/test/java/org/apache/hadoop/hdfs/shortcircuit/TestShortCircuitLocalRead.java,71
hadoop,org.apache.hadoop.hdfs.shortcircuit,TestShortCircuitCache,7,0,29,27,386,46,0,0,0.6551724137931034,0,21,/Users/eashraf/hadoop/hadoop-hdfs-project/hadoop-hdfs/src/test/java/org/apache/hadoop/hdfs/shortcircuit/TestShortCircuitCache.java,74
hadoop,org.apache.hadoop.hdfs.shortcircuit,TestShortCircuitCache.TestFileDescriptorPair,2,0,0,0,32,0,0,0,-1.0,0,2,/Users/eashraf/hadoop/hadoop-hdfs-project/hadoop-hdfs/src/test/java/org/apache/hadoop/hdfs/shortcircuit/TestShortCircuitCache.java,77
hadoop,org.apache.hadoop.hdfs.shortcircuit,TestShortCircuitCache.SimpleReplicaCreator,3,0,0,0,19,0,0,0,-1.0,0,1,/Users/eashraf/hadoop/hadoop-hdfs-project/hadoop-hdfs/src/test/java/org/apache/hadoop/hdfs/shortcircuit/TestShortCircuitCache.java,117
hadoop,org.apache.hadoop.hdfs.shortcircuit,DomainSocketFactory,7,0,5,5,117,17,0,0,0.0,2,4,/Users/eashraf/hadoop/hadoop-hdfs-project/hadoop-hdfs/src/main/java/org/apache/hadoop/hdfs/shortcircuit/DomainSocketFactory.java,38
hadoop,org.apache.hadoop.hdfs.shortcircuit,DomainSocketFactory.PathState,2,0,0,0,13,0,0,0,-1.0,0,0,/Users/eashraf/hadoop/hadoop-hdfs-project/hadoop-hdfs/src/main/java/org/apache/hadoop/hdfs/shortcircuit/DomainSocketFactory.java,41
hadoop,org.apache.hadoop.hdfs.shortcircuit,DomainSocketFactory.PathInfo,3,0,0,0,18,0,0,0,-1.0,0,0,/Users/eashraf/hadoop/hadoop-hdfs-project/hadoop-hdfs/src/main/java/org/apache/hadoop/hdfs/shortcircuit/DomainSocketFactory.java,63
hadoop,org.apache.hadoop.hdfs.shortcircuit,ShortCircuitCache,19,1,24,11,746,97,0,0,0.125,8,14,/Users/eashraf/hadoop/hadoop-hdfs-project/hadoop-hdfs/src/main/java/org/apache/hadoop/hdfs/shortcircuit/ShortCircuitCache.java,63
hadoop,org.apache.hadoop.hdfs.shortcircuit,ShortCircuitCache.CacheCleaner,1,0,0,0,58,0,0,0,-1.0,0,0,/Users/eashraf/hadoop/hadoop-hdfs-project/hadoop-hdfs/src/main/java/org/apache/hadoop/hdfs/shortcircuit/ShortCircuitCache.java,74
hadoop,org.apache.hadoop.hdfs.shortcircuit,ShortCircuitCache.SlotReleaser,1,0,0,0,50,0,0,0,-1.0,0,0,/Users/eashraf/hadoop/hadoop-hdfs-project/hadoop-hdfs/src/main/java/org/apache/hadoop/hdfs/shortcircuit/ShortCircuitCache.java,167
hadoop,org.apache.hadoop.hdfs.shortcircuit,ShortCircuitCache.ShortCircuitReplicaCreator,0,0,0,0,7,0,0,0,-1.0,0,0,/Users/eashraf/hadoop/hadoop-hdfs-project/hadoop-hdfs/src/main/java/org/apache/hadoop/hdfs/shortcircuit/ShortCircuitCache.java,230
hadoop,org.apache.hadoop.hdfs.shortcircuit,ShortCircuitCache.CacheVisitor,0,0,0,0,3,0,0,0,-1.0,0,0,/Users/eashraf/hadoop/hadoop-hdfs-project/hadoop-hdfs/src/main/java/org/apache/hadoop/hdfs/shortcircuit/ShortCircuitCache.java,920
hadoop,org.apache.hadoop.hdfs.shortcircuit,ShortCircuitReplica,12,1,18,13,218,34,0,0,0.1111111111111111,9,7,/Users/eashraf/hadoop/hadoop-hdfs-project/hadoop-hdfs/src/main/java/org/apache/hadoop/hdfs/shortcircuit/ShortCircuitReplica.java,39
hadoop,org.apache.hadoop.hdfs.shortcircuit,DfsClientShmManager,14,3,7,6,310,11,0,0,0.2857142857142857,1,6,/Users/eashraf/hadoop/hadoop-hdfs-project/hadoop-hdfs/src/main/java/org/apache/hadoop/hdfs/shortcircuit/DfsClientShmManager.java,53
hadoop,org.apache.hadoop.hdfs.shortcircuit,DfsClientShmManager.EndpointShmManager,5,0,0,0,213,0,0,0,-1.0,0,1,/Users/eashraf/hadoop/hadoop-hdfs-project/hadoop-hdfs/src/main/java/org/apache/hadoop/hdfs/shortcircuit/DfsClientShmManager.java,68
hadoop,org.apache.hadoop.hdfs.shortcircuit,DfsClientShmManager.PerDatanodeVisitorInfo,3,3,0,0,10,0,0,0,-1.0,0,0,/Users/eashraf/hadoop/hadoop-hdfs-project/hadoop-hdfs/src/main/java/org/apache/hadoop/hdfs/shortcircuit/DfsClientShmManager.java,448
hadoop,org.apache.hadoop.hdfs.shortcircuit,DfsClientShmManager.Visitor,0,0,0,0,3,0,0,0,-1.0,0,0,/Users/eashraf/hadoop/hadoop-hdfs-project/hadoop-hdfs/src/main/java/org/apache/hadoop/hdfs/shortcircuit/DfsClientShmManager.java,462
hadoop,org.apache.hadoop.hdfs.shortcircuit,ShortCircuitShm,18,0,14,11,419,28,1,0,0.14285714285714285,3,4,/Users/eashraf/hadoop/hadoop-hdfs-project/hadoop-hdfs/src/main/java/org/apache/hadoop/hdfs/shortcircuit/ShortCircuitShm.java,45
hadoop,org.apache.hadoop.hdfs.shortcircuit,ShortCircuitShm.ShmId,3,0,0,0,40,0,0,0,-1.0,0,0,/Users/eashraf/hadoop/hadoop-hdfs-project/hadoop-hdfs/src/main/java/org/apache/hadoop/hdfs/shortcircuit/ShortCircuitShm.java,84
hadoop,org.apache.hadoop.hdfs.shortcircuit,ShortCircuitShm.SlotId,2,0,0,0,30,0,0,0,-1.0,0,0,/Users/eashraf/hadoop/hadoop-hdfs-project/hadoop-hdfs/src/main/java/org/apache/hadoop/hdfs/shortcircuit/ShortCircuitShm.java,150
hadoop,org.apache.hadoop.hdfs.shortcircuit,ShortCircuitShm.SlotIterator,1,0,0,0,21,0,0,0,-1.0,0,0,/Users/eashraf/hadoop/hadoop-hdfs-project/hadoop-hdfs/src/main/java/org/apache/hadoop/hdfs/shortcircuit/ShortCircuitShm.java,196
hadoop,org.apache.hadoop.hdfs.shortcircuit,ShortCircuitShm.Slot,4,0,0,0,143,0,0,0,-1.0,0,1,/Users/eashraf/hadoop/hadoop-hdfs-project/hadoop-hdfs/src/main/java/org/apache/hadoop/hdfs/shortcircuit/ShortCircuitShm.java,225
hadoop,org.apache.hadoop.hdfs.shortcircuit,ShortCircuitReplicaInfo,2,0,6,6,37,8,0,0,0.0,3,1,/Users/eashraf/hadoop/hadoop-hdfs-project/hadoop-hdfs/src/main/java/org/apache/hadoop/hdfs/shortcircuit/ShortCircuitReplicaInfo.java,22
hadoop,org.apache.hadoop.hdfs.shortcircuit,DfsClientShm,3,0,5,4,55,7,0,1,0.0,2,2,/Users/eashraf/hadoop/hadoop-hdfs-project/hadoop-hdfs/src/main/java/org/apache/hadoop/hdfs/shortcircuit/DfsClientShm.java,31
hadoop,org.apache.hadoop.hdfs.shortcircuit,ClientMmap,4,0,3,2,38,5,0,0,0.0,4,1,/Users/eashraf/hadoop/hadoop-hdfs-project/hadoop-hdfs/src/main/java/org/apache/hadoop/hdfs/shortcircuit/ClientMmap.java,28
hadoop,org.apache.hadoop.hdfs.qjournal,TestMiniJournalCluster,0,0,1,1,17,1,0,0,-1.0,0,5,/Users/eashraf/hadoop/hadoop-hdfs-project/hadoop-hdfs/src/test/java/org/apache/hadoop/hdfs/qjournal/TestMiniJournalCluster.java,33
hadoop,org.apache.hadoop.hdfs.qjournal,QJMTestUtil,2,2,8,8,98,17,0,0,0.625,4,12,/Users/eashraf/hadoop/hadoop-hdfs-project/hadoop-hdfs/src/test/java/org/apache/hadoop/hdfs/qjournal/QJMTestUtil.java,47
hadoop,org.apache.hadoop.hdfs.qjournal,MiniJournalCluster,10,0,13,11,153,23,0,0,0.0,12,6,/Users/eashraf/hadoop/hadoop-hdfs-project/hadoop-hdfs/src/test/java/org/apache/hadoop/hdfs/qjournal/MiniJournalCluster.java,39
hadoop,org.apache.hadoop.hdfs.qjournal,MiniJournalCluster.Builder,4,0,0,0,24,0,0,0,-1.0,0,1,/Users/eashraf/hadoop/hadoop-hdfs-project/hadoop-hdfs/src/test/java/org/apache/hadoop/hdfs/qjournal/MiniJournalCluster.java,40
hadoop,org.apache.hadoop.hdfs.qjournal,MiniJournalCluster.JNInfo,3,0,0,0,10,0,0,0,-1.0,0,1,/Users/eashraf/hadoop/hadoop-hdfs-project/hadoop-hdfs/src/test/java/org/apache/hadoop/hdfs/qjournal/MiniJournalCluster.java,70
hadoop,org.apache.hadoop.hdfs.qjournal,TestNNWithQJM,4,0,6,6,85,7,0,0,0.3333333333333333,0,10,/Users/eashraf/hadoop/hadoop-hdfs-project/hadoop-hdfs/src/test/java/org/apache/hadoop/hdfs/qjournal/TestNNWithQJM.java,41
hadoop,org.apache.hadoop.hdfs.qjournal,MiniQJMHACluster,12,1,6,4,80,7,0,0,0.0,8,7,/Users/eashraf/hadoop/hadoop-hdfs-project/hadoop-hdfs/src/test/java/org/apache/hadoop/hdfs/qjournal/MiniQJMHACluster.java,40
hadoop,org.apache.hadoop.hdfs.qjournal,MiniQJMHACluster.Builder,3,0,0,0,18,0,0,0,-1.0,0,2,/Users/eashraf/hadoop/hadoop-hdfs-project/hadoop-hdfs/src/test/java/org/apache/hadoop/hdfs/qjournal/MiniQJMHACluster.java,52
hadoop,org.apache.hadoop.hdfs.qjournal,TestSecureNNWithQJM,10,1,9,6,108,12,0,0,0.0,0,12,/Users/eashraf/hadoop/hadoop-hdfs-project/hadoop-hdfs/src/test/java/org/apache/hadoop/hdfs/qjournal/TestSecureNNWithQJM.java,64
hadoop,org.apache.hadoop.hdfs.qjournal.server,TestJournal,7,0,16,15,221,16,0,0,0.0,0,10,/Users/eashraf/hadoop/hadoop-hdfs-project/hadoop-hdfs/src/test/java/org/apache/hadoop/hdfs/qjournal/server/TestJournal.java,52
hadoop,org.apache.hadoop.hdfs.qjournal.server,TestJournalNode,7,0,10,8,182,11,0,0,0.0,0,17,/Users/eashraf/hadoop/hadoop-hdfs-project/hadoop-hdfs/src/test/java/org/apache/hadoop/hdfs/qjournal/server/TestJournalNode.java,60
hadoop,org.apache.hadoop.hdfs.qjournal.server,TestJournalNodeMXBean,4,0,3,3,43,4,0,0,0.0,0,3,/Users/eashraf/hadoop/hadoop-hdfs-project/hadoop-hdfs/src/test/java/org/apache/hadoop/hdfs/qjournal/server/TestJournalNodeMXBean.java,39
hadoop,org.apache.hadoop.hdfs.qjournal.server,GetJournalEditServlet,5,0,5,2,120,20,0,0,0.0,2,19,/Users/eashraf/hadoop/hadoop-hdfs-project/hadoop-hdfs/src/main/java/org/apache/hadoop/hdfs/qjournal/server/GetJournalEditServlet.java,57
hadoop,org.apache.hadoop.hdfs.qjournal.server,JournalMetrics,8,0,8,5,60,10,0,0,0.0,1,5,/Users/eashraf/hadoop/hadoop-hdfs-project/hadoop-hdfs/src/main/java/org/apache/hadoop/hdfs/qjournal/server/JournalMetrics.java,29
hadoop,org.apache.hadoop.hdfs.qjournal.server,Journal,17,2,45,17,604,102,0,0,0.06666666666666667,6,23,/Users/eashraf/hadoop/hadoop-hdfs-project/hadoop-hdfs/src/main/java/org/apache/hadoop/hdfs/qjournal/server/Journal.java,73
hadoop,org.apache.hadoop.hdfs.qjournal.server,JournalNodeRpcServer,3,0,25,20,93,26,0,0,0.0,1,16,/Users/eashraf/hadoop/hadoop-hdfs-project/hadoop-hdfs/src/main/java/org/apache/hadoop/hdfs/qjournal/server/JournalNodeRpcServer.java,50
hadoop,org.apache.hadoop.hdfs.qjournal.server,JNStorage,5,0,19,3,143,32,0,0,0.0,2,6,/Users/eashraf/hadoop/hadoop-hdfs-project/hadoop-hdfs/src/main/java/org/apache/hadoop/hdfs/qjournal/server/JNStorage.java,41
hadoop,org.apache.hadoop.hdfs.qjournal.server,JournalNode,9,1,26,21,195,36,0,1,0.07692307692307693,7,15,/Users/eashraf/hadoop/hadoop-hdfs-project/hadoop-hdfs/src/main/java/org/apache/hadoop/hdfs/qjournal/server/JournalNode.java,55
hadoop,org.apache.hadoop.hdfs.qjournal.server,JournalNode.ErrorReporter,0,0,0,0,6,0,0,0,-1.0,0,0,/Users/eashraf/hadoop/hadoop-hdfs-project/hadoop-hdfs/src/main/java/org/apache/hadoop/hdfs/qjournal/server/JournalNode.java,285
hadoop,org.apache.hadoop.hdfs.qjournal.server,JournalNodeHttpServer,4,1,8,3,60,9,0,0,0.25,2,9,/Users/eashraf/hadoop/hadoop-hdfs-project/hadoop-hdfs/src/main/java/org/apache/hadoop/hdfs/qjournal/server/JournalNodeHttpServer.java,34
hadoop,org.apache.hadoop.hdfs.qjournal.server,JournalFaultInjector,1,1,3,3,13,3,0,0,1.0,3,0,/Users/eashraf/hadoop/hadoop-hdfs-project/hadoop-hdfs/src/main/java/org/apache/hadoop/hdfs/qjournal/server/JournalFaultInjector.java,26
hadoop,org.apache.hadoop.hdfs.qjournal.server,JournalNodeMXBean,0,0,1,1,10,1,1,0,-1.0,0,0,/Users/eashraf/hadoop/hadoop-hdfs-project/hadoop-hdfs/src/main/java/org/apache/hadoop/hdfs/qjournal/server/JournalNodeMXBean.java,23
hadoop,org.apache.hadoop.hdfs.qjournal.client,TestQuorumJournalManager,6,0,36,25,504,47,0,0,0.05555555555555555,0,19,/Users/eashraf/hadoop/hadoop-hdfs-project/hadoop-hdfs/src/test/java/org/apache/hadoop/hdfs/qjournal/client/TestQuorumJournalManager.java,71
hadoop,org.apache.hadoop.hdfs.qjournal.client,TestQuorumJournalManagerUnit,4,0,12,7,104,13,0,0,0.16666666666666666,1,8,/Users/eashraf/hadoop/hadoop-hdfs-project/hadoop-hdfs/src/test/java/org/apache/hadoop/hdfs/qjournal/client/TestQuorumJournalManagerUnit.java,54
hadoop,org.apache.hadoop.hdfs.qjournal.client,TestQuorumCall,0,0,1,1,24,1,0,0,-1.0,0,1,/Users/eashraf/hadoop/hadoop-hdfs-project/hadoop-hdfs/src/test/java/org/apache/hadoop/hdfs/qjournal/client/TestQuorumCall.java,33
hadoop,org.apache.hadoop.hdfs.qjournal.client,TestQJMWithFaults,12,0,12,4,314,23,0,0,0.16666666666666666,0,16,/Users/eashraf/hadoop/hadoop-hdfs-project/hadoop-hdfs/src/test/java/org/apache/hadoop/hdfs/qjournal/client/TestQJMWithFaults.java,68
hadoop,org.apache.hadoop.hdfs.qjournal.client,TestQJMWithFaults.RandomFaultyChannel,3,0,0,0,38,0,0,2,-1.0,0,0,/Users/eashraf/hadoop/hadoop-hdfs-project/hadoop-hdfs/src/test/java/org/apache/hadoop/hdfs/qjournal/client/TestQJMWithFaults.java,336
hadoop,org.apache.hadoop.hdfs.qjournal.client,TestQJMWithFaults.InvocationCountingChannel,2,0,0,0,41,0,0,2,-1.0,0,0,/Users/eashraf/hadoop/hadoop-hdfs-project/hadoop-hdfs/src/test/java/org/apache/hadoop/hdfs/qjournal/client/TestQJMWithFaults.java,390
hadoop,org.apache.hadoop.hdfs.qjournal.client,TestQJMWithFaults.WrapEveryCall,1,0,0,0,26,0,0,0,-1.0,0,0,/Users/eashraf/hadoop/hadoop-hdfs-project/hadoop-hdfs/src/test/java/org/apache/hadoop/hdfs/qjournal/client/TestQJMWithFaults.java,453
hadoop,org.apache.hadoop.hdfs.qjournal.client,TestEpochsAreUnique,5,0,1,1,74,4,0,0,0.0,0,6,/Users/eashraf/hadoop/hadoop-hdfs-project/hadoop-hdfs/src/test/java/org/apache/hadoop/hdfs/qjournal/client/TestEpochsAreUnique.java,43
hadoop,org.apache.hadoop.hdfs.qjournal.client,TestEpochsAreUnique.FaultyLoggerFactory,0,0,0,0,9,0,0,1,-1.0,0,2,/Users/eashraf/hadoop/hadoop-hdfs-project/hadoop-hdfs/src/test/java/org/apache/hadoop/hdfs/qjournal/client/TestEpochsAreUnique.java,106
hadoop,org.apache.hadoop.hdfs.qjournal.client,TestEpochsAreUnique.SometimesFaulty,1,0,0,0,12,0,0,0,-1.0,0,0,/Users/eashraf/hadoop/hadoop-hdfs-project/hadoop-hdfs/src/test/java/org/apache/hadoop/hdfs/qjournal/client/TestEpochsAreUnique.java,123
hadoop,org.apache.hadoop.hdfs.qjournal.client,TestSegmentRecoveryComparator,0,0,2,1,18,2,0,0,-1.0,0,1,/Users/eashraf/hadoop/hadoop-hdfs-project/hadoop-hdfs/src/test/java/org/apache/hadoop/hdfs/qjournal/client/TestSegmentRecoveryComparator.java,34
hadoop,org.apache.hadoop.hdfs.qjournal.client,TestIPCLoggerChannel,10,0,6,5,81,8,0,0,0.0,0,7,/Users/eashraf/hadoop/hadoop-hdfs-project/hadoop-hdfs/src/test/java/org/apache/hadoop/hdfs/qjournal/client/TestIPCLoggerChannel.java,45
hadoop,org.apache.hadoop.hdfs.qjournal.client,LoggerTooFarBehindException,1,0,0,0,3,0,0,0,-1.0,1,0,/Users/eashraf/hadoop/hadoop-hdfs-project/hadoop-hdfs/src/main/java/org/apache/hadoop/hdfs/qjournal/client/LoggerTooFarBehindException.java,22
hadoop,org.apache.hadoop.hdfs.qjournal.client,IPCLoggerChannelMetrics,5,0,10,6,82,17,0,0,0.0,1,6,/Users/eashraf/hadoop/hadoop-hdfs-project/hadoop-hdfs/src/main/java/org/apache/hadoop/hdfs/qjournal/client/IPCLoggerChannelMetrics.java,34
hadoop,org.apache.hadoop.hdfs.qjournal.client,QuorumCall,5,0,15,9,167,34,0,0,0.2,4,3,/Users/eashraf/hadoop/hadoop-hdfs-project/hadoop-hdfs/src/main/java/org/apache/hadoop/hdfs/qjournal/client/QuorumCall.java,36
hadoop,org.apache.hadoop.hdfs.qjournal.client,QuorumJournalManager,25,0,27,19,368,56,0,0,0.0,10,19,/Users/eashraf/hadoop/hadoop-hdfs-project/hadoop-hdfs/src/main/java/org/apache/hadoop/hdfs/qjournal/client/QuorumJournalManager.java,62
hadoop,org.apache.hadoop.hdfs.qjournal.client,AsyncLoggerSet,4,0,31,16,252,55,0,0,0.0,3,4,/Users/eashraf/hadoop/hadoop-hdfs-project/hadoop-hdfs/src/main/java/org/apache/hadoop/hdfs/qjournal/client/AsyncLoggerSet.java,43
hadoop,org.apache.hadoop.hdfs.qjournal.client,QuorumOutputStream,4,0,10,9,64,12,0,0,0.2,1,6,/Users/eashraf/hadoop/hadoop-hdfs-project/hadoop-hdfs/src/main/java/org/apache/hadoop/hdfs/qjournal/client/QuorumOutputStream.java,27
hadoop,org.apache.hadoop.hdfs.qjournal.client,IPCLoggerChannel,22,0,68,53,467,85,2,1,0.029411764705882353,7,18,/Users/eashraf/hadoop/hadoop-hdfs-project/hadoop-hdfs/src/main/java/org/apache/hadoop/hdfs/qjournal/client/IPCLoggerChannel.java,68
hadoop,org.apache.hadoop.hdfs.qjournal.client,QuorumException,1,0,2,1,45,7,0,0,1.0,1,1,/Users/eashraf/hadoop/hadoop-hdfs-project/hadoop-hdfs/src/main/java/org/apache/hadoop/hdfs/qjournal/client/QuorumException.java,28
hadoop,org.apache.hadoop.hdfs.qjournal.client,AsyncLogger,0,0,23,23,89,23,2,0,-1.0,9,2,/Users/eashraf/hadoop/hadoop-hdfs-project/hadoop-hdfs/src/main/java/org/apache/hadoop/hdfs/qjournal/client/AsyncLogger.java,36
hadoop,org.apache.hadoop.hdfs.qjournal.client,AsyncLogger.Factory,0,0,0,0,3,0,0,0,-1.0,0,0,/Users/eashraf/hadoop/hadoop-hdfs-project/hadoop-hdfs/src/main/java/org/apache/hadoop/hdfs/qjournal/client/AsyncLogger.java,50
hadoop,org.apache.hadoop.hdfs.qjournal.client,SegmentRecoveryComparator,1,0,1,1,31,6,0,0,0.0,1,0,/Users/eashraf/hadoop/hadoop-hdfs-project/hadoop-hdfs/src/main/java/org/apache/hadoop/hdfs/qjournal/client/SegmentRecoveryComparator.java,30
hadoop,org.apache.hadoop.fs.contract.hdfs,TestHDFSContractCreate,0,0,3,2,11,3,0,0,-1.0,0,2,/Users/eashraf/hadoop/hadoop-hdfs-project/hadoop-hdfs/src/test/java/org/apache/hadoop/fs/contract/hdfs/TestHDFSContractCreate.java,29
hadoop,org.apache.hadoop.fs.contract.hdfs,TestHDFSContractMkdir,0,0,3,2,14,3,0,0,-1.0,0,2,/Users/eashraf/hadoop/hadoop-hdfs-project/hadoop-hdfs/src/test/java/org/apache/hadoop/fs/contract/hdfs/TestHDFSContractMkdir.java,29
hadoop,org.apache.hadoop.fs.contract.hdfs,TestHDFSContractAppend,0,0,4,3,20,4,0,0,-1.0,0,3,/Users/eashraf/hadoop/hadoop-hdfs-project/hadoop-hdfs/src/test/java/org/apache/hadoop/fs/contract/hdfs/TestHDFSContractAppend.java,27
hadoop,org.apache.hadoop.fs.contract.hdfs,TestHDFSContractSeek,0,0,3,2,14,3,0,0,-1.0,0,2,/Users/eashraf/hadoop/hadoop-hdfs-project/hadoop-hdfs/src/test/java/org/apache/hadoop/fs/contract/hdfs/TestHDFSContractSeek.java,29
hadoop,org.apache.hadoop.fs.contract.hdfs,TestHDFSContractRename,0,0,3,2,11,3,0,0,-1.0,0,2,/Users/eashraf/hadoop/hadoop-hdfs-project/hadoop-hdfs/src/test/java/org/apache/hadoop/fs/contract/hdfs/TestHDFSContractRename.java,29
hadoop,org.apache.hadoop.fs.contract.hdfs,TestHDFSContractOpen,0,0,3,2,14,3,0,0,-1.0,0,2,/Users/eashraf/hadoop/hadoop-hdfs-project/hadoop-hdfs/src/test/java/org/apache/hadoop/fs/contract/hdfs/TestHDFSContractOpen.java,29
hadoop,org.apache.hadoop.fs.contract.hdfs,TestHDFSContractRootDirectory,0,0,3,2,14,3,0,0,-1.0,0,2,/Users/eashraf/hadoop/hadoop-hdfs-project/hadoop-hdfs/src/test/java/org/apache/hadoop/fs/contract/hdfs/TestHDFSContractRootDirectory.java,29
hadoop,org.apache.hadoop.fs.contract.hdfs,HDFSContract,3,2,8,8,42,9,0,0,0.5,9,7,/Users/eashraf/hadoop/hadoop-hdfs-project/hadoop-hdfs/src/test/java/org/apache/hadoop/fs/contract/hdfs/HDFSContract.java,34
hadoop,org.apache.hadoop.fs.contract.hdfs,TestHDFSContractDelete,0,0,3,2,14,3,0,0,-1.0,0,2,/Users/eashraf/hadoop/hadoop-hdfs-project/hadoop-hdfs/src/test/java/org/apache/hadoop/fs/contract/hdfs/TestHDFSContractDelete.java,29
hadoop,org.apache.hadoop.fs.contract.hdfs,TestHDFSContractConcat,0,0,3,2,15,3,0,0,-1.0,0,2,/Users/eashraf/hadoop/hadoop-hdfs-project/hadoop-hdfs/src/test/java/org/apache/hadoop/fs/contract/hdfs/TestHDFSContractConcat.java,29
hadoop,org.apache.hadoop.contrib.bkjournal,TestBookKeeperJournalManager,7,0,27,24,678,62,0,0,0.0,0,8,/Users/eashraf/hadoop/hadoop-hdfs-project/hadoop-hdfs/src/contrib/bkjournal/src/test/java/org/apache/hadoop/contrib/bkjournal/TestBookKeeperJournalManager.java,62
hadoop,org.apache.hadoop.contrib.bkjournal,TestBookKeeperJournalManager.ThreadStatus,0,0,0,0,1,0,0,0,-1.0,0,0,/Users/eashraf/hadoop/hadoop-hdfs-project/hadoop-hdfs/src/contrib/bkjournal/src/test/java/org/apache/hadoop/contrib/bkjournal/TestBookKeeperJournalManager.java,756
hadoop,org.apache.hadoop.contrib.bkjournal,TestBookKeeperSpeculativeRead,5,0,8,6,90,12,0,0,0.25,0,8,/Users/eashraf/hadoop/hadoop-hdfs-project/hadoop-hdfs/src/contrib/bkjournal/src/test/java/org/apache/hadoop/contrib/bkjournal/TestBookKeeperSpeculativeRead.java,45
hadoop,org.apache.hadoop.contrib.bkjournal,BKJMUtil,5,0,10,2,122,23,0,0,0.3,6,2,/Users/eashraf/hadoop/hadoop-hdfs-project/hadoop-hdfs/src/contrib/bkjournal/src/test/java/org/apache/hadoop/contrib/bkjournal/BKJMUtil.java,46
hadoop,org.apache.hadoop.contrib.bkjournal,TestBookKeeperConfiguration,11,0,9,7,98,15,0,0,0.2222222222222222,0,3,/Users/eashraf/hadoop/hadoop-hdfs-project/hadoop-hdfs/src/contrib/bkjournal/src/test/java/org/apache/hadoop/contrib/bkjournal/TestBookKeeperConfiguration.java,48
hadoop,org.apache.hadoop.contrib.bkjournal,TestCurrentInprogress,9,0,9,8,94,14,0,0,0.2222222222222222,0,1,/Users/eashraf/hadoop/hadoop-hdfs-project/hadoop-hdfs/src/contrib/bkjournal/src/test/java/org/apache/hadoop/contrib/bkjournal/TestCurrentInprogress.java,43
hadoop,org.apache.hadoop.contrib.bkjournal,TestBookKeeperAsHASharedDir,4,0,10,8,230,17,0,0,0.6,0,15,/Users/eashraf/hadoop/hadoop-hdfs-project/hadoop-hdfs/src/contrib/bkjournal/src/test/java/org/apache/hadoop/contrib/bkjournal/TestBookKeeperAsHASharedDir.java,60
hadoop,org.apache.hadoop.contrib.bkjournal,TestBookKeeperEditLogStreams,3,0,3,3,46,3,0,0,0.6666666666666666,0,3,/Users/eashraf/hadoop/hadoop-hdfs-project/hadoop-hdfs/src/contrib/bkjournal/src/test/java/org/apache/hadoop/contrib/bkjournal/TestBookKeeperEditLogStreams.java,36
hadoop,org.apache.hadoop.contrib.bkjournal,TestBookKeeperHACheckpoints,3,0,4,4,32,5,0,0,0.5,0,5,/Users/eashraf/hadoop/hadoop-hdfs-project/hadoop-hdfs/src/contrib/bkjournal/src/test/java/org/apache/hadoop/contrib/bkjournal/TestBookKeeperHACheckpoints.java,30
hadoop,org.apache.hadoop.contrib.bkjournal,TestBootstrapStandbyWithBKJM,2,0,7,6,82,14,0,0,0.42857142857142855,0,12,/Users/eashraf/hadoop/hadoop-hdfs-project/hadoop-hdfs/src/contrib/bkjournal/src/test/java/org/apache/hadoop/contrib/bkjournal/TestBootstrapStandbyWithBKJM.java,47
hadoop,org.apache.hadoop.contrib.bkjournal,EditLogLedgerMetadata,8,1,16,4,153,24,0,0,0.0,3,1,/Users/eashraf/hadoop/hadoop-hdfs-project/hadoop-hdfs/src/contrib/bkjournal/src/main/java/org/apache/hadoop/contrib/bkjournal/EditLogLedgerMetadata.java,36
hadoop,org.apache.hadoop.contrib.bkjournal,BookKeeperEditLogInputStream,12,0,15,12,173,18,0,0,0.13333333333333333,1,3,/Users/eashraf/hadoop/hadoop-hdfs-project/hadoop-hdfs/src/contrib/bkjournal/src/main/java/org/apache/hadoop/contrib/bkjournal/BookKeeperEditLogInputStream.java,36
hadoop,org.apache.hadoop.contrib.bkjournal,BookKeeperEditLogInputStream.LedgerInputStream,4,0,0,0,80,0,0,0,-1.0,0,0,/Users/eashraf/hadoop/hadoop-hdfs-project/hadoop-hdfs/src/contrib/bkjournal/src/main/java/org/apache/hadoop/contrib/bkjournal/BookKeeperEditLogInputStream.java,176
hadoop,org.apache.hadoop.contrib.bkjournal,BookKeeperEditLogOutputStream,8,0,10,8,105,16,0,0,0.3,0,4,/Users/eashraf/hadoop/hadoop-hdfs-project/hadoop-hdfs/src/contrib/bkjournal/src/main/java/org/apache/hadoop/contrib/bkjournal/BookKeeperEditLogOutputStream.java,39
hadoop,org.apache.hadoop.contrib.bkjournal,CurrentInprogress,5,0,5,0,103,10,0,0,0.0,2,0,/Users/eashraf/hadoop/hadoop-hdfs-project/hadoop-hdfs/src/contrib/bkjournal/src/main/java/org/apache/hadoop/contrib/bkjournal/CurrentInprogress.java,36
hadoop,org.apache.hadoop.contrib.bkjournal,MaxTxId,4,0,4,0,63,9,0,0,0.0,1,0,/Users/eashraf/hadoop/hadoop-hdfs-project/hadoop-hdfs/src/contrib/bkjournal/src/main/java/org/apache/hadoop/contrib/bkjournal/MaxTxId.java,34
hadoop,org.apache.hadoop.contrib.bkjournal,BookKeeperJournalManager,41,19,28,18,593,74,0,0,0.2857142857142857,5,11,/Users/eashraf/hadoop/hadoop-hdfs-project/hadoop-hdfs/src/contrib/bkjournal/src/main/java/org/apache/hadoop/contrib/bkjournal/BookKeeperJournalManager.java,66
hadoop,org.apache.hadoop.contrib.bkjournal,BookKeeperJournalManager.ZkConnectionWatcher,0,0,0,0,10,0,0,0,-1.0,0,0,/Users/eashraf/hadoop/hadoop-hdfs-project/hadoop-hdfs/src/contrib/bkjournal/src/main/java/org/apache/hadoop/contrib/bkjournal/BookKeeperJournalManager.java,874
hadoop,org.apache.hadoop.contrib.bkjournal,BookKeeperJournalManager.SegmentEmptyException,0,0,0,0,2,0,0,0,-1.0,0,0,/Users/eashraf/hadoop/hadoop-hdfs-project/hadoop-hdfs/src/contrib/bkjournal/src/main/java/org/apache/hadoop/contrib/bkjournal/BookKeeperJournalManager.java,885
hadoop,org.apache.hadoop.hdfs.tools.snapshot,SnapshotDiff,0,0,3,2,51,8,0,0,-1.0,0,6,/Users/eashraf/hadoop/hadoop-hdfs-project/hadoop-hdfs/src/main/java/org/apache/hadoop/hdfs/tools/snapshot/SnapshotDiff.java,32
hadoop,org.apache.hadoop.hdfs.tools.snapshot,LsSnapshottableDir,0,0,2,2,32,4,0,0,-1.0,0,4,/Users/eashraf/hadoop/hadoop-hdfs-project/hadoop-hdfs/src/main/java/org/apache/hadoop/hdfs/tools/snapshot/LsSnapshottableDir.java,31
hadoop,org.apache.hadoop.hdfs.net,DomainPeer,4,0,16,16,60,16,0,1,0.3125,6,1,/Users/eashraf/hadoop/hadoop-hdfs-project/hadoop-hdfs/src/main/java/org/apache/hadoop/hdfs/net/DomainPeer.java,28
hadoop,org.apache.hadoop.hdfs.net,PeerServer,0,0,4,4,23,4,2,0,-1.0,1,1,/Users/eashraf/hadoop/hadoop-hdfs-project/hadoop-hdfs/src/main/java/org/apache/hadoop/hdfs/net/PeerServer.java,25
hadoop,org.apache.hadoop.hdfs.net,DomainPeerServer,2,0,8,7,46,10,0,1,0.25,1,3,/Users/eashraf/hadoop/hadoop-hdfs-project/hadoop-hdfs/src/main/java/org/apache/hadoop/hdfs/net/DomainPeerServer.java,29
hadoop,org.apache.hadoop.hdfs.net,NioInetPeer,4,0,16,15,71,16,0,1,0.1875,1,2,/Users/eashraf/hadoop/hadoop-hdfs-project/hadoop-hdfs/src/main/java/org/apache/hadoop/hdfs/net/NioInetPeer.java,30
hadoop,org.apache.hadoop.hdfs.net,EncryptedPeer,4,0,16,16,79,16,0,1,0.125,0,2,/Users/eashraf/hadoop/hadoop-hdfs-project/hadoop-hdfs/src/main/java/org/apache/hadoop/hdfs/net/EncryptedPeer.java,29
hadoop,org.apache.hadoop.hdfs.net,BasicInetPeer,4,0,16,16,59,16,0,1,0.3125,1,0,/Users/eashraf/hadoop/hadoop-hdfs-project/hadoop-hdfs/src/main/java/org/apache/hadoop/hdfs/net/BasicInetPeer.java,28
hadoop,org.apache.hadoop.hdfs.net,Peer,0,0,14,14,64,14,4,0,-1.0,23,0,/Users/eashraf/hadoop/hadoop-hdfs-project/hadoop-hdfs/src/main/java/org/apache/hadoop/hdfs/net/Peer.java,28
hadoop,org.apache.hadoop.hdfs.net,TcpPeerServer,2,0,10,10,85,14,0,1,0.0,6,9,/Users/eashraf/hadoop/hadoop-hdfs-project/hadoop-hdfs/src/main/java/org/apache/hadoop/hdfs/net/TcpPeerServer.java,40
hadoop,org.apache.hadoop.hdfs.security.token.delegation,DelegationTokenSecretManager,6,3,18,16,322,36,0,0,0.6111111111111112,8,10,/Users/eashraf/hadoop/hadoop-hdfs-project/hadoop-hdfs/src/main/java/org/apache/hadoop/hdfs/security/token/delegation/DelegationTokenSecretManager.java,57
hadoop,org.apache.hadoop.hdfs.security.token.delegation,DelegationTokenSecretManager.SecretManagerState,3,3,0,0,10,0,0,0,-1.0,0,0,/Users/eashraf/hadoop/hadoop-hdfs-project/hadoop-hdfs/src/main/java/org/apache/hadoop/hdfs/security/token/delegation/DelegationTokenSecretManager.java,179
hadoop,org.apache.hadoop.hdfs.security.token.delegation,DelegationTokenSecretManager.SerializerCompat,0,0,0,0,87,0,0,0,-1.0,0,2,/Users/eashraf/hadoop/hadoop-hdfs-project/hadoop-hdfs/src/main/java/org/apache/hadoop/hdfs/security/token/delegation/DelegationTokenSecretManager.java,415
hadoop,org.apache.hadoop.hdfs.security.token.delegation,DelegationTokenIdentifier,1,1,5,5,57,6,1,0,0.6,23,4,/Users/eashraf/hadoop/hadoop-hdfs-project/hadoop-hdfs/src/main/java/org/apache/hadoop/hdfs/security/token/delegation/DelegationTokenIdentifier.java,32
hadoop,org.apache.hadoop.hdfs.security.token.delegation,DelegationTokenIdentifier.WebHdfsDelegationTokenIdentifier,0,0,0,0,8,0,0,1,-1.0,0,1,/Users/eashraf/hadoop/hadoop-hdfs-project/hadoop-hdfs/src/main/java/org/apache/hadoop/hdfs/security/token/delegation/DelegationTokenIdentifier.java,81
hadoop,org.apache.hadoop.hdfs.security.token.delegation,DelegationTokenIdentifier.SWebHdfsDelegationTokenIdentifier,0,0,0,0,8,0,0,0,-1.0,0,1,/Users/eashraf/hadoop/hadoop-hdfs-project/hadoop-hdfs/src/main/java/org/apache/hadoop/hdfs/security/token/delegation/DelegationTokenIdentifier.java,92
hadoop,org.apache.hadoop.hdfs.security.token.delegation,DelegationTokenSelector,1,1,2,2,26,3,0,0,1.0,2,6,/Users/eashraf/hadoop/hadoop-hdfs-project/hadoop-hdfs/src/main/java/org/apache/hadoop/hdfs/security/token/delegation/DelegationTokenSelector.java,32
hadoop,org.apache.hadoop.hdfs.server.datanode.metrics,FSDatasetMBean,0,0,14,11,74,14,0,0,-1.0,0,0,/Users/eashraf/hadoop/hadoop-hdfs-project/hadoop-hdfs/src/main/java/org/apache/hadoop/hdfs/server/datanode/metrics/FSDatasetMBean.java,24
hadoop,org.apache.hadoop.hdfs.server.datanode.metrics,DataNodeMetrics,56,0,47,47,263,57,0,0,0.8085106382978723,2,10,/Users/eashraf/hadoop/hadoop-hdfs-project/hadoop-hdfs/src/main/java/org/apache/hadoop/hdfs/server/datanode/metrics/DataNodeMetrics.java,36
hadoop,org.apache.hadoop.hdfs.server.datanode.web,URLDispatcher,3,0,2,0,24,3,0,0,0.0,0,3,/Users/eashraf/hadoop/hadoop-hdfs-project/hadoop-hdfs/src/main/java/org/apache/hadoop/hdfs/server/datanode/web/URLDispatcher.java,32
hadoop,org.apache.hadoop.hdfs.server.datanode.web,DatanodeHttpServer,11,0,9,6,100,16,0,0,0.2222222222222222,2,7,/Users/eashraf/hadoop/hadoop-hdfs-project/hadoop-hdfs/src/main/java/org/apache/hadoop/hdfs/server/datanode/web/DatanodeHttpServer.java,53
hadoop,org.apache.hadoop.hdfs.server.datanode.web,SimpleHttpProxyHandler,6,0,7,4,92,12,0,0,0.2857142857142857,1,1,/Users/eashraf/hadoop/hadoop-hdfs-project/hadoop-hdfs/src/main/java/org/apache/hadoop/hdfs/server/datanode/web/SimpleHttpProxyHandler.java,46
hadoop,org.apache.hadoop.hdfs.server.datanode.web,SimpleHttpProxyHandler.Forwarder,2,0,0,0,29,0,0,0,-1.0,0,0,/Users/eashraf/hadoop/hadoop-hdfs-project/hadoop-hdfs/src/main/java/org/apache/hadoop/hdfs/server/datanode/web/SimpleHttpProxyHandler.java,62
hadoop,org.apache.hadoop.hdfs.server.namenode.top.metrics,TopMetrics,2,1,6,5,51,9,0,0,0.0,2,6,/Users/eashraf/hadoop/hadoop-hdfs-project/hadoop-hdfs/src/main/java/org/apache/hadoop/hdfs/server/namenode/top/metrics/TopMetrics.java,40
hadoop,org.apache.hadoop.hdfs.server.namenode.top,TopConf,3,3,1,1,28,3,0,0,0.0,3,2,/Users/eashraf/hadoop/hadoop-hdfs-project/hadoop-hdfs/src/main/java/org/apache/hadoop/hdfs/server/namenode/top/TopConf.java,28
hadoop,org.apache.hadoop.hdfs.server.namenode.top,TopAuditLogger,2,1,3,3,40,5,0,0,0.6666666666666666,0,3,/Users/eashraf/hadoop/hadoop-hdfs-project/hadoop-hdfs/src/main/java/org/apache/hadoop/hdfs/server/namenode/top/TopAuditLogger.java,32
hadoop,org.apache.hadoop.hdfs.server.protocol,StorageBlockReport,2,0,3,3,17,3,0,0,0.0,11,1,/Users/eashraf/hadoop/hadoop-hdfs-project/hadoop-hdfs/src/main/java/org/apache/hadoop/hdfs/server/protocol/StorageBlockReport.java,21
hadoop,org.apache.hadoop.hdfs.server.protocol,FinalizeCommand,1,0,3,2,16,3,0,2,0.6666666666666666,1,1,/Users/eashraf/hadoop/hadoop-hdfs-project/hadoop-hdfs/src/main/java/org/apache/hadoop/hdfs/server/protocol/FinalizeCommand.java,23
hadoop,org.apache.hadoop.hdfs.server.protocol,InterDatanodeProtocol,2,2,2,0,19,2,0,0,-1.0,8,3,/Users/eashraf/hadoop/hadoop-hdfs-project/hadoop-hdfs/src/main/java/org/apache/hadoop/hdfs/server/protocol/InterDatanodeProtocol.java,31
hadoop,org.apache.hadoop.hdfs.server.protocol,DatanodeStorageReport,2,0,3,3,17,3,0,0,0.0,8,2,/Users/eashraf/hadoop/hadoop-hdfs-project/hadoop-hdfs/src/main/java/org/apache/hadoop/hdfs/server/protocol/DatanodeStorageReport.java,22
hadoop,org.apache.hadoop.hdfs.server.protocol,DisallowedDatanodeException,1,0,2,2,15,2,0,0,1.0,0,1,/Users/eashraf/hadoop/hadoop-hdfs-project/hadoop-hdfs/src/main/java/org/apache/hadoop/hdfs/server/protocol/DisallowedDatanodeException.java,28
hadoop,org.apache.hadoop.hdfs.server.protocol,FenceResponse,3,0,4,4,22,4,0,0,0.0,2,0,/Users/eashraf/hadoop/hadoop-hdfs-project/hadoop-hdfs/src/main/java/org/apache/hadoop/hdfs/server/protocol/FenceResponse.java,22
hadoop,org.apache.hadoop.hdfs.server.protocol,RemoteEditLogManifest,1,0,5,4,34,8,0,0,0.4,10,1,/Users/eashraf/hadoop/hadoop-hdfs-project/hadoop-hdfs/src/main/java/org/apache/hadoop/hdfs/server/protocol/RemoteEditLogManifest.java,26
hadoop,org.apache.hadoop.hdfs.server.protocol,RemoteEditLog,4,1,11,11,56,14,0,0,0.18181818181818182,9,1,/Users/eashraf/hadoop/hadoop-hdfs-project/hadoop-hdfs/src/main/java/org/apache/hadoop/hdfs/server/protocol/RemoteEditLog.java,25
hadoop,org.apache.hadoop.hdfs.server.protocol,NodeRegistration,0,0,4,4,19,4,2,0,-1.0,2,0,/Users/eashraf/hadoop/hadoop-hdfs-project/hadoop-hdfs/src/main/java/org/apache/hadoop/hdfs/server/protocol/NodeRegistration.java,23
hadoop,org.apache.hadoop.hdfs.server.protocol,VolumeFailureSummary,3,0,4,4,40,4,0,0,0.0,14,0,/Users/eashraf/hadoop/hadoop-hdfs-project/hadoop-hdfs/src/main/java/org/apache/hadoop/hdfs/server/protocol/VolumeFailureSummary.java,20
hadoop,org.apache.hadoop.hdfs.server.protocol,StorageReport,7,1,7,7,38,7,0,0,0.0,20,1,/Users/eashraf/hadoop/hadoop-hdfs-project/hadoop-hdfs/src/main/java/org/apache/hadoop/hdfs/server/protocol/StorageReport.java,20
hadoop,org.apache.hadoop.hdfs.server.protocol,NamenodeCommand,0,0,1,1,8,1,1,1,-1.0,6,0,/Users/eashraf/hadoop/hadoop-hdfs-project/hadoop-hdfs/src/main/java/org/apache/hadoop/hdfs/server/protocol/NamenodeCommand.java,23
hadoop,org.apache.hadoop.hdfs.server.protocol,NamenodeRegistration,3,0,8,8,38,8,0,1,0.375,14,2,/Users/eashraf/hadoop/hadoop-hdfs-project/hadoop-hdfs/src/main/java/org/apache/hadoop/hdfs/server/protocol/NamenodeRegistration.java,27
hadoop,org.apache.hadoop.hdfs.server.protocol,NNHAStatusHeartbeat,2,0,3,3,14,3,0,0,0.0,5,1,/Users/eashraf/hadoop/hadoop-hdfs-project/hadoop-hdfs/src/main/java/org/apache/hadoop/hdfs/server/protocol/NNHAStatusHeartbeat.java,25
hadoop,org.apache.hadoop.hdfs.server.protocol,StorageReceivedDeletedBlocks,2,0,5,5,24,5,0,0,0.0,8,2,/Users/eashraf/hadoop/hadoop-hdfs-project/hadoop-hdfs/src/main/java/org/apache/hadoop/hdfs/server/protocol/StorageReceivedDeletedBlocks.java,21
hadoop,org.apache.hadoop.hdfs.server.protocol,ReceivedDeletedBlockInfo,4,0,12,12,66,13,0,0,0.25,11,1,/Users/eashraf/hadoop/hadoop-hdfs-project/hadoop-hdfs/src/main/java/org/apache/hadoop/hdfs/server/protocol/ReceivedDeletedBlockInfo.java,23
hadoop,org.apache.hadoop.hdfs.server.protocol,ReceivedDeletedBlockInfo.BlockStatus,1,0,0,0,16,0,0,0,-1.0,0,0,/Users/eashraf/hadoop/hadoop-hdfs-project/hadoop-hdfs/src/main/java/org/apache/hadoop/hdfs/server/protocol/ReceivedDeletedBlockInfo.java,31
hadoop,org.apache.hadoop.hdfs.server.protocol,BalancerBandwidthCommand,2,0,3,2,28,3,0,2,0.6666666666666666,1,1,/Users/eashraf/hadoop/hadoop-hdfs-project/hadoop-hdfs/src/main/java/org/apache/hadoop/hdfs/server/protocol/BalancerBandwidthCommand.java,28
hadoop,org.apache.hadoop.hdfs.server.protocol,JournalProtocol,1,1,3,3,35,3,0,0,-1.0,3,3,/Users/eashraf/hadoop/hadoop-hdfs-project/hadoop-hdfs/src/main/java/org/apache/hadoop/hdfs/server/protocol/JournalProtocol.java,26
hadoop,org.apache.hadoop.hdfs.server.protocol,KeyUpdateCommand,1,0,3,2,13,3,0,2,0.6666666666666666,1,2,/Users/eashraf/hadoop/hadoop-hdfs-project/hadoop-hdfs/src/main/java/org/apache/hadoop/hdfs/server/protocol/KeyUpdateCommand.java,24
hadoop,org.apache.hadoop.hdfs.server.protocol,DatanodeStorage,4,0,10,10,73,13,0,0,0.0,30,1,/Users/eashraf/hadoop/hadoop-hdfs-project/hadoop-hdfs/src/main/java/org/apache/hadoop/hdfs/server/protocol/DatanodeStorage.java,24
hadoop,org.apache.hadoop.hdfs.server.protocol,DatanodeStorage.State,0,0,0,0,7,0,0,0,-1.0,0,0,/Users/eashraf/hadoop/hadoop-hdfs-project/hadoop-hdfs/src/main/java/org/apache/hadoop/hdfs/server/protocol/DatanodeStorage.java,28
hadoop,org.apache.hadoop.hdfs.server.protocol,ServerCommand,1,0,3,3,31,3,2,0,0.0,0,0,/Users/eashraf/hadoop/hadoop-hdfs-project/hadoop-hdfs/src/main/java/org/apache/hadoop/hdfs/server/protocol/ServerCommand.java,23
hadoop,org.apache.hadoop.hdfs.server.protocol,DatanodeRegistration,3,0,11,11,44,11,0,1,0.36363636363636365,40,4,/Users/eashraf/hadoop/hadoop-hdfs-project/hadoop-hdfs/src/main/java/org/apache/hadoop/hdfs/server/protocol/DatanodeRegistration.java,28
hadoop,org.apache.hadoop.hdfs.server.protocol,JournalInfo,3,0,7,7,38,8,0,0,0.0,6,0,/Users/eashraf/hadoop/hadoop-hdfs-project/hadoop-hdfs/src/main/java/org/apache/hadoop/hdfs/server/protocol/JournalInfo.java,22
hadoop,org.apache.hadoop.hdfs.server.protocol,CheckpointCommand,2,0,4,4,28,4,0,2,0.5,2,2,/Users/eashraf/hadoop/hadoop-hdfs-project/hadoop-hdfs/src/main/java/org/apache/hadoop/hdfs/server/protocol/CheckpointCommand.java,24
hadoop,org.apache.hadoop.hdfs.server.protocol,BlockIdCommand,2,0,3,3,21,3,0,2,0.0,1,0,/Users/eashraf/hadoop/hadoop-hdfs-project/hadoop-hdfs/src/main/java/org/apache/hadoop/hdfs/server/protocol/BlockIdCommand.java,23
hadoop,org.apache.hadoop.hdfs.server.protocol,ReplicaRecoveryInfo,1,0,4,4,19,4,0,0,0.75,6,0,/Users/eashraf/hadoop/hadoop-hdfs-project/hadoop-hdfs/src/main/java/org/apache/hadoop/hdfs/server/protocol/ReplicaRecoveryInfo.java,26
hadoop,org.apache.hadoop.hdfs.server.protocol,NamenodeProtocol,6,4,11,11,85,11,1,0,-1.0,15,8,/Users/eashraf/hadoop/hadoop-hdfs-project/hadoop-hdfs/src/main/java/org/apache/hadoop/hdfs/server/protocol/NamenodeProtocol.java,32
hadoop,org.apache.hadoop.hdfs.server.protocol,BlocksWithLocations,5,0,2,2,75,2,0,0,0.0,4,2,/Users/eashraf/hadoop/hadoop-hdfs-project/hadoop-hdfs/src/main/java/org/apache/hadoop/hdfs/server/protocol/BlocksWithLocations.java,25
hadoop,org.apache.hadoop.hdfs.server.protocol,BlocksWithLocations.BlockWithLocations,4,0,0,0,57,0,0,0,-1.0,0,2,/Users/eashraf/hadoop/hadoop-hdfs-project/hadoop-hdfs/src/main/java/org/apache/hadoop/hdfs/server/protocol/BlocksWithLocations.java,32
hadoop,org.apache.hadoop.hdfs.server.protocol,RegisterCommand,1,1,1,1,9,1,0,2,0.0,3,2,/Users/eashraf/hadoop/hadoop-hdfs-project/hadoop-hdfs/src/main/java/org/apache/hadoop/hdfs/server/protocol/RegisterCommand.java,23
hadoop,org.apache.hadoop.hdfs.server.protocol,FencedException,1,0,1,1,9,1,0,0,0.0,0,0,/Users/eashraf/hadoop/hadoop-hdfs-project/hadoop-hdfs/src/main/java/org/apache/hadoop/hdfs/server/protocol/FencedException.java,22
hadoop,org.apache.hadoop.hdfs.server.protocol,BlockCommand,9,1,8,8,70,9,0,2,0.0,5,4,/Users/eashraf/hadoop/hadoop-hdfs-project/hadoop-hdfs/src/main/java/org/apache/hadoop/hdfs/server/protocol/BlockCommand.java,30
hadoop,org.apache.hadoop.hdfs.server.protocol,DatanodeProtocol,16,1,9,9,80,9,1,0,-1.0,18,12,/Users/eashraf/hadoop/hadoop-hdfs-project/hadoop-hdfs/src/main/java/org/apache/hadoop/hdfs/server/protocol/DatanodeProtocol.java,33
hadoop,org.apache.hadoop.hdfs.server.protocol,NamespaceInfo,3,0,8,8,38,9,0,0,0.25,51,4,/Users/eashraf/hadoop/hadoop-hdfs-project/hadoop-hdfs/src/main/java/org/apache/hadoop/hdfs/server/protocol/NamespaceInfo.java,32
hadoop,org.apache.hadoop.hdfs.server.protocol,BlockRecoveryCommand,3,0,6,6,76,6,0,2,0.5,3,2,/Users/eashraf/hadoop/hadoop-hdfs-project/hadoop-hdfs/src/main/java/org/apache/hadoop/hdfs/server/protocol/BlockRecoveryCommand.java,32
hadoop,org.apache.hadoop.hdfs.server.protocol,BlockRecoveryCommand.RecoveringBlock,2,0,0,0,35,0,0,0,-1.0,0,1,/Users/eashraf/hadoop/hadoop-hdfs-project/hadoop-hdfs/src/main/java/org/apache/hadoop/hdfs/server/protocol/BlockRecoveryCommand.java,47
hadoop,org.apache.hadoop.hdfs.server.protocol,HeartbeatResponse,3,0,4,4,25,4,0,0,0.0,5,3,/Users/eashraf/hadoop/hadoop-hdfs-project/hadoop-hdfs/src/main/java/org/apache/hadoop/hdfs/server/protocol/HeartbeatResponse.java,24
hadoop,org.apache.hadoop.hdfs.server.protocol,NamenodeProtocols,0,0,0,0,5,0,0,1,-1.0,33,0,/Users/eashraf/hadoop/hadoop-hdfs-project/hadoop-hdfs/src/main/java/org/apache/hadoop/hdfs/server/protocol/NamenodeProtocols.java,31
hadoop,org.apache.hadoop.hdfs.server.protocol,DatanodeCommand,0,0,1,0,8,1,7,1,-1.0,11,0,/Users/eashraf/hadoop/hadoop-hdfs-project/hadoop-hdfs/src/main/java/org/apache/hadoop/hdfs/server/protocol/DatanodeCommand.java,23
hadoop,org.apache.hadoop.hdfs.inotify,EventBatch,2,0,3,3,17,3,0,0,0.0,3,1,/Users/eashraf/hadoop/hadoop-hdfs-project/hadoop-hdfs/src/main/java/org/apache/hadoop/hdfs/inotify/EventBatch.java,23
hadoop,org.apache.hadoop.hdfs.inotify,Event,60,0,2,2,410,2,6,0,0.0,4,1,/Users/eashraf/hadoop/hadoop-hdfs-project/hadoop-hdfs/src/main/java/org/apache/hadoop/hdfs/inotify/Event.java,29
hadoop,org.apache.hadoop.hdfs.inotify,Event.EventType,0,0,0,0,1,0,0,0,-1.0,0,0,/Users/eashraf/hadoop/hadoop-hdfs-project/hadoop-hdfs/src/main/java/org/apache/hadoop/hdfs/inotify/Event.java,37
hadoop,org.apache.hadoop.hdfs.inotify,Event.CloseEvent,3,0,0,0,29,0,0,1,-1.0,0,0,/Users/eashraf/hadoop/hadoop-hdfs-project/hadoop-hdfs/src/main/java/org/apache/hadoop/hdfs/inotify/Event.java,51
hadoop,org.apache.hadoop.hdfs.inotify,Event.CreateEvent,20,0,0,0,123,0,0,1,-1.0,0,1,/Users/eashraf/hadoop/hadoop-hdfs-project/hadoop-hdfs/src/main/java/org/apache/hadoop/hdfs/inotify/Event.java,86
hadoop,org.apache.hadoop.hdfs.inotify,Event.INodeType,0,0,0,0,1,0,0,0,-1.0,0,0,/Users/eashraf/hadoop/hadoop-hdfs-project/hadoop-hdfs/src/main/java/org/apache/hadoop/hdfs/inotify/Event.java,91
hadoop,org.apache.hadoop.hdfs.inotify,Event.Builder,10,0,0,0,55,0,0,0,-1.0,0,1,/Users/eashraf/hadoop/hadoop-hdfs-project/hadoop-hdfs/src/main/java/org/apache/hadoop/hdfs/inotify/Event.java,106
hadoop,org.apache.hadoop.hdfs.inotify,Event.MetadataUpdateEvent,22,0,0,0,130,0,0,1,-1.0,0,1,/Users/eashraf/hadoop/hadoop-hdfs-project/hadoop-hdfs/src/main/java/org/apache/hadoop/hdfs/inotify/Event.java,237
hadoop,org.apache.hadoop.hdfs.inotify,Event.MetadataType,0,0,0,0,1,0,0,0,-1.0,0,0,/Users/eashraf/hadoop/hadoop-hdfs-project/hadoop-hdfs/src/main/java/org/apache/hadoop/hdfs/inotify/Event.java,247
hadoop,org.apache.hadoop.hdfs.inotify,Event.Builder,11,0,0,0,60,0,0,0,-1.0,0,1,/Users/eashraf/hadoop/hadoop-hdfs-project/hadoop-hdfs/src/main/java/org/apache/hadoop/hdfs/inotify/Event.java,263
hadoop,org.apache.hadoop.hdfs.inotify,Event.RenameEvent,6,0,0,0,46,0,0,1,-1.0,0,0,/Users/eashraf/hadoop/hadoop-hdfs-project/hadoop-hdfs/src/main/java/org/apache/hadoop/hdfs/inotify/Event.java,405
hadoop,org.apache.hadoop.hdfs.inotify,Event.Builder,3,0,0,0,20,0,0,0,-1.0,0,0,/Users/eashraf/hadoop/hadoop-hdfs-project/hadoop-hdfs/src/main/java/org/apache/hadoop/hdfs/inotify/Event.java,413
hadoop,org.apache.hadoop.hdfs.inotify,Event.AppendEvent,4,0,0,0,33,0,0,1,-1.0,0,0,/Users/eashraf/hadoop/hadoop-hdfs-project/hadoop-hdfs/src/main/java/org/apache/hadoop/hdfs/inotify/Event.java,461
hadoop,org.apache.hadoop.hdfs.inotify,Event.Builder,2,0,0,0,15,0,0,0,-1.0,0,0,/Users/eashraf/hadoop/hadoop-hdfs-project/hadoop-hdfs/src/main/java/org/apache/hadoop/hdfs/inotify/Event.java,468
hadoop,org.apache.hadoop.hdfs.inotify,Event.UnlinkEvent,4,0,0,0,36,0,0,1,-1.0,0,0,/Users/eashraf/hadoop/hadoop-hdfs-project/hadoop-hdfs/src/main/java/org/apache/hadoop/hdfs/inotify/Event.java,502
hadoop,org.apache.hadoop.hdfs.inotify,Event.Builder,2,0,0,0,15,0,0,0,-1.0,0,0,/Users/eashraf/hadoop/hadoop-hdfs-project/hadoop-hdfs/src/main/java/org/apache/hadoop/hdfs/inotify/Event.java,509
hadoop,org.apache.hadoop.hdfs.inotify,MissingEventsException,3,0,5,5,20,5,0,0,0.4,0,0,/Users/eashraf/hadoop/hadoop-hdfs-project/hadoop-hdfs/src/main/java/org/apache/hadoop/hdfs/inotify/MissingEventsException.java,24
hadoop,org.apache.hadoop.hdfs.inotify,EventBatchList,4,0,5,5,27,5,0,0,0.0,2,0,/Users/eashraf/hadoop/hadoop-hdfs-project/hadoop-hdfs/src/main/java/org/apache/hadoop/hdfs/inotify/EventBatchList.java,25
hadoop,org.apache.hadoop.hdfs.qjournal.protocolPB,QJournalProtocolServerSideTranslatorPB,3,0,22,20,199,22,0,1,0.09090909090909091,1,5,/Users/eashraf/hadoop/hadoop-hdfs-project/hadoop-hdfs/src/main/java/org/apache/hadoop/hdfs/qjournal/protocolPB/QJournalProtocolServerSideTranslatorPB.java,77
hadoop,org.apache.hadoop.hdfs.qjournal.protocolPB,QJournalProtocolTranslatorPB,2,0,24,22,192,25,0,0,0.0,0,8,/Users/eashraf/hadoop/hadoop-hdfs-project/hadoop-hdfs/src/main/java/org/apache/hadoop/hdfs/qjournal/protocolPB/QJournalProtocolTranslatorPB.java,71
hadoop,org.apache.hadoop.hdfs.qjournal.protocolPB,QJournalProtocolPB,0,0,0,0,5,0,1,0,-1.0,3,1,/Users/eashraf/hadoop/hadoop-hdfs-project/hadoop-hdfs/src/main/java/org/apache/hadoop/hdfs/qjournal/protocolPB/QJournalProtocolPB.java,26
hadoop,org.apache.hadoop.hdfs.qjournal.protocol,QJournalProtocol,1,1,19,19,73,19,0,0,-1.0,4,4,/Users/eashraf/hadoop/hadoop-hdfs-project/hadoop-hdfs/src/main/java/org/apache/hadoop/hdfs/qjournal/protocol/QJournalProtocol.java,38
hadoop,org.apache.hadoop.hdfs.qjournal.protocol,RequestInfo,4,0,8,8,33,8,0,0,0.0,4,1,/Users/eashraf/hadoop/hadoop-hdfs-project/hadoop-hdfs/src/main/java/org/apache/hadoop/hdfs/qjournal/protocol/RequestInfo.java,23
hadoop,org.apache.hadoop.hdfs.qjournal.protocol,JournalNotFormattedException,1,0,1,1,9,1,0,0,0.0,0,0,/Users/eashraf/hadoop/hadoop-hdfs-project/hadoop-hdfs/src/main/java/org/apache/hadoop/hdfs/qjournal/protocol/JournalNotFormattedException.java,23
hadoop,org.apache.hadoop.hdfs.qjournal.protocol,JournalOutOfSyncException,1,0,1,1,6,1,0,0,0.0,1,0,/Users/eashraf/hadoop/hadoop-hdfs-project/hadoop-hdfs/src/main/java/org/apache/hadoop/hdfs/qjournal/protocol/JournalOutOfSyncException.java,24
hadoop,org.apache.hadoop.hdfs.client,HdfsAdmin,1,0,23,23,204,24,0,0,0.0,6,8,/Users/eashraf/hadoop/hadoop-hdfs-project/hadoop-hdfs/src/main/java/org/apache/hadoop/hdfs/client/HdfsAdmin.java,44
hadoop,org.apache.hadoop.hdfs.client,BlockReportOptions,2,0,3,2,27,3,0,0,0.0,4,0,/Users/eashraf/hadoop/hadoop-hdfs-project/hadoop-hdfs/src/main/java/org/apache/hadoop/hdfs/client/BlockReportOptions.java,23
hadoop,org.apache.hadoop.hdfs.client,BlockReportOptions.Factory,1,0,0,0,12,0,0,0,-1.0,0,0,/Users/eashraf/hadoop/hadoop-hdfs-project/hadoop-hdfs/src/main/java/org/apache/hadoop/hdfs/client/BlockReportOptions.java,39
hadoop,org.apache.hadoop.hdfs.client,HdfsDataOutputStream,0,0,6,6,50,8,0,0,-1.0,15,3,/Users/eashraf/hadoop/hadoop-hdfs-project/hadoop-hdfs/src/main/java/org/apache/hadoop/hdfs/client/HdfsDataOutputStream.java,33
hadoop,org.apache.hadoop.hdfs.client,HdfsDataOutputStream.SyncFlag,0,0,0,0,7,0,0,0,-1.0,0,0,/Users/eashraf/hadoop/hadoop-hdfs-project/hadoop-hdfs/src/main/java/org/apache/hadoop/hdfs/client/HdfsDataOutputStream.java,98
hadoop,org.apache.hadoop.hdfs.client,HdfsUtils,1,0,1,1,41,4,0,0,0.0,1,7,/Users/eashraf/hadoop/hadoop-hdfs-project/hadoop-hdfs/src/main/java/org/apache/hadoop/hdfs/client/HdfsUtils.java,36
hadoop,org.apache.hadoop.hdfs.client,HdfsDataInputStream,0,0,10,9,59,11,0,0,-1.0,10,2,/Users/eashraf/hadoop/hadoop-hdfs-project/hadoop-hdfs/src/main/java/org/apache/hadoop/hdfs/client/HdfsDataInputStream.java,35
